#!ascii label  , from subject sub-027S6002 vox2ras=TkReg
1344
39716  -46.847  -25.470  56.646 0.0000000000
35827  -32.419  -29.253  66.057 0.0000000000
44379  -47.093  -19.711  43.138 0.0000000000
39898  -44.249  -25.720  45.068 0.0000000000
38842  -51.401  -27.456  47.628 0.0000000000
35866  -40.864  -28.730  63.526 0.0000000000
35030  -32.733  -30.841  55.111 0.0000000000
37832  -37.966  -27.542  48.987 0.0000000000
31720  -26.545  -34.664  66.155 0.0000000000
51398  -55.713  -11.800  48.662 0.0000000000
31048  -25.911  -34.876  55.192 0.0000000000
97929  -45.245  -25.373  51.299 0.0000000000
38862  -47.481  -26.665  46.577 0.0000000000
38803  -49.667  -27.063  52.551 0.0000000000
36788  -44.777  -27.560  60.889 0.0000000000
35019  -41.402  -30.089  56.902 0.0000000000
37778  -42.915  -27.266  54.163 0.0000000000
39854  -40.742  -25.536  47.515 0.0000000000
50574  -58.950  -13.918  45.438 0.0000000000
32509  -30.941  -33.243  66.625 0.0000000000
31801  -26.669  -34.538  60.478 0.0000000000
118017  -30.694  -33.102  61.710 0.0000000000
117130  -47.846  -23.167  46.273 0.0000000000
35832  -37.433  -28.515  66.255 0.0000000000
34093  -33.657  -31.084  60.872 0.0000000000
34978  -37.874  -30.556  59.325 0.0000000000
35992  -36.194  -30.066  51.931 0.0000000000
30946  -23.059  -35.393  67.314 0.0000000000
109598  -53.897  -22.604  50.584 0.0000000000
45099  -52.466  -19.291  47.922 0.0000000000
49532  -53.546  -13.980  50.680 0.0000000000
48595  -51.787  -15.780  45.131 0.0000000000
107712  -53.232  -14.370  41.629 0.0000000000
31015  -22.805  -35.517  61.428 0.0000000000
114383  -28.790  -31.437  55.867 0.0000000000
39758  -45.522  -25.563  54.160 0.0000000000
39796  -47.190  -25.767  52.003 0.0000000000
39760  -47.832  -25.603  54.676 0.0000000000
38685  -45.959  -26.528  59.324 0.0000000000
36824  -43.493  -27.994  57.132 0.0000000000
38742  -44.486  -26.112  55.674 0.0000000000
39792  -43.792  -25.635  52.200 0.0000000000
44401  -45.299  -20.190  39.333 0.0000000000
45978  -46.724  -18.707  40.634 0.0000000000
34055  -31.326  -31.710  66.375 0.0000000000
112776  -30.879  -32.940  64.018 0.0000000000
34074  -31.293  -32.214  63.568 0.0000000000
105036  -45.332  -27.335  44.204 0.0000000000
37855  -49.758  -27.640  46.549 0.0000000000
37886  -49.112  -27.748  44.694 0.0000000000
39885  -49.522  -26.706  45.577 0.0000000000
40754  -47.399  -24.886  44.844 0.0000000000
40736  -49.327  -25.082  47.525 0.0000000000
35847  -39.275  -28.334  65.185 0.0000000000
34934  -37.646  -29.840  62.346 0.0000000000
111291  -39.708  -29.838  61.665 0.0000000000
35996  -39.864  -28.777  53.114 0.0000000000
35056  -38.568  -30.279  54.480 0.0000000000
36019  -37.030  -29.366  51.145 0.0000000000
97922  -42.195  -24.864  46.934 0.0000000000
43382  -53.344  -21.111  49.206 0.0000000000
48568  -53.187  -15.328  47.627 0.0000000000
49562  -53.209  -14.181  46.359 0.0000000000
49605  -51.773  -14.636  42.579 0.0000000000
50569  -54.035  -13.351  43.783 0.0000000000
48629  -57.464  -16.273  42.902 0.0000000000
30959  -24.542  -34.750  66.781 0.0000000000
30985  -22.468  -35.565  64.263 0.0000000000
31745  -24.731  -34.486  64.039 0.0000000000
118173  -26.085  -34.773  57.485 0.0000000000
31037  -24.592  -35.132  57.878 0.0000000000
30288  -24.357  -35.492  55.083 0.0000000000
34142  -33.580  -31.418  57.534 0.0000000000
99389  -31.516  -31.589  58.484 0.0000000000
35028  -30.630  -30.853  55.124 0.0000000000
97923  -44.141  -24.985  48.173 0.0000000000
39868  -45.510  -25.596  46.337 0.0000000000
98677  -45.945  -25.408  49.160 0.0000000000
38832  -48.208  -26.700  49.023 0.0000000000
37826  -50.507  -28.011  50.373 0.0000000000
35895  -42.789  -28.368  61.917 0.0000000000
34967  -41.473  -29.649  60.082 0.0000000000
35931  -42.802  -29.230  58.740 0.0000000000
35967  -41.868  -28.741  55.603 0.0000000000
37814  -40.522  -27.425  51.468 0.0000000000
38838  -39.545  -26.417  48.580 0.0000000000
38823  -41.514  -26.382  50.799 0.0000000000
97927  -43.032  -25.061  49.142 0.0000000000
106129  -56.965  -12.134  46.493 0.0000000000
52222  -59.149  -10.506  46.303 0.0000000000
115816  -29.327  -34.658  66.422 0.0000000000
31761  -26.307  -34.451  63.305 0.0000000000
104969  -29.373  -34.143  64.023 0.0000000000
31803  -28.882  -34.154  60.710 0.0000000000
31831  -28.045  -33.889  58.024 0.0000000000
37874  -47.987  -28.224  44.287 0.0000000000
41585  -46.187  -23.324  44.026 0.0000000000
43444  -47.998  -21.205  45.141 0.0000000000
35829  -34.881  -28.658  66.197 0.0000000000
34915  -33.197  -30.333  63.047 0.0000000000
35876  -35.620  -29.272  63.604 0.0000000000
34963  -35.886  -30.490  60.311 0.0000000000
35014  -35.681  -30.815  56.849 0.0000000000
35005  -39.457  -30.571  58.090 0.0000000000
103739  -37.173  -30.555  56.127 0.0000000000
99754  -34.250  -30.367  54.015 0.0000000000
38702  -49.318  -25.224  58.523 0.0000000000
36717  -33.839  -27.824  68.745 0.0000000000
37594  -38.480  -27.429  67.159 0.0000000000
37604  -40.417  -27.278  66.498 0.0000000000
108004  -50.568  -25.851  55.905 0.0000000000
37796  -51.688  -27.146  53.166 0.0000000000
38818  -51.737  -27.089  51.408 0.0000000000
40702  -53.750  -24.493  52.966 0.0000000000
40722  -50.968  -25.499  50.196 0.0000000000
42422  -50.789  -22.803  49.252 0.0000000000
43433  -50.060  -21.058  46.892 0.0000000000
45122  -49.501  -19.667  45.579 0.0000000000
46739  -53.842  -17.378  48.724 0.0000000000
46747  -51.999  -17.493  46.752 0.0000000000
46768  -49.474  -17.678  44.228 0.0000000000
99642  -49.214  -16.800  41.809 0.0000000000
50602  -55.457  -13.611  42.551 0.0000000000
30215  -21.179  -35.673  64.489 0.0000000000
30264  -20.643  -36.338  58.194 0.0000000000
110314  -24.130  -34.872  60.923 0.0000000000
30267  -23.003  -35.593  58.483 0.0000000000
34103  -31.619  -31.796  61.615 0.0000000000
33374  -29.666  -32.228  58.518 0.0000000000
109643  -27.538  -33.474  55.356 0.0000000000
32633  -26.709  -33.618  52.104 0.0000000000
39734  -46.525  -25.381  55.739 0.0000000000
117019  -47.244  -25.591  54.199 0.0000000000
39735  -47.620  -25.462  56.023 0.0000000000
38712  -46.347  -25.781  57.926 0.0000000000
38727  -44.559  -26.416  57.152 0.0000000000
39715  -45.871  -25.544  56.562 0.0000000000
39732  -45.053  -25.738  54.913 0.0000000000
100558  -46.180  -20.797  42.499 0.0000000000
44377  -45.931  -20.048  41.836 0.0000000000
45180  -46.222  -19.130  40.302 0.0000000000
45171  -46.900  -18.880  41.983 0.0000000000
35826  -31.692  -29.714  66.277 0.0000000000
34061  -31.268  -31.462  65.421 0.0000000000
34896  -32.038  -30.005  64.916 0.0000000000
38890  -44.107  -26.636  44.361 0.0000000000
38891  -45.033  -26.355  44.797 0.0000000000
37856  -50.686  -27.563  46.886 0.0000000000
37866  -50.116  -27.347  46.092 0.0000000000
38854  -50.608  -27.165  46.289 0.0000000000
39869  -49.034  -25.848  46.040 0.0000000000
39859  -50.323  -26.417  46.905 0.0000000000
35865  -40.139  -28.938  63.838 0.0000000000
34919  -39.789  -29.644  63.242 0.0000000000
34906  -40.396  -29.400  63.250 0.0000000000
36873  -38.852  -28.212  50.863 0.0000000000
36008  -38.044  -29.244  51.778 0.0000000000
117770  -37.470  -28.594  50.379 0.0000000000
36889  -36.321  -28.156  48.968 0.0000000000
98445  -42.890  -25.037  46.190 0.0000000000
100868  -42.066  -25.473  45.109 0.0000000000
39897  -43.388  -25.780  44.787 0.0000000000
50537  -53.509  -13.511  47.852 0.0000000000
50545  -54.187  -12.866  46.652 0.0000000000
115711  -53.573  -13.566  45.174 0.0000000000
51407  -55.095  -12.365  46.569 0.0000000000
31706  -25.923  -34.836  66.899 0.0000000000
31732  -24.646  -34.477  64.955 0.0000000000
31746  -25.595  -34.410  64.586 0.0000000000
31039  -26.496  -34.629  56.990 0.0000000000
31043  -25.591  -34.911  56.736 0.0000000000
30289  -25.069  -35.142  55.163 0.0000000000
30307  -24.821  -35.775  53.515 0.0000000000
31062  -25.303  -35.353  53.538 0.0000000000
34171  -32.889  -31.238  55.893 0.0000000000
110327  -32.082  -31.356  56.575 0.0000000000
34170  -32.036  -31.068  55.592 0.0000000000
116150  -44.508  -25.092  48.977 0.0000000000
39846  -45.285  -25.222  48.294 0.0000000000
39837  -45.826  -25.350  50.022 0.0000000000
38801  -48.050  -26.342  51.713 0.0000000000
115792  -47.615  -26.121  50.610 0.0000000000
38816  -48.899  -26.881  51.357 0.0000000000
37836  -49.770  -27.854  49.718 0.0000000000
37816  -49.678  -27.554  50.875 0.0000000000
35906  -43.482  -28.048  61.578 0.0000000000
105412  -43.000  -29.194  60.228 0.0000000000
35923  -43.450  -28.757  59.955 0.0000000000
37764  -43.324  -27.584  55.524 0.0000000000
36829  -42.854  -28.315  55.915 0.0000000000
37777  -42.364  -27.780  54.362 0.0000000000
36846  -41.310  -28.204  53.605 0.0000000000
37805  -41.542  -27.506  52.522 0.0000000000
37825  -40.876  -26.915  50.972 0.0000000000
37806  -42.027  -26.842  52.097 0.0000000000
39812  -44.552  -25.475  51.959 0.0000000000
39825  -43.547  -25.291  50.637 0.0000000000
111744  -44.238  -25.187  49.900 0.0000000000
97926  -43.740  -25.048  49.076 0.0000000000
31737  -30.329  -34.157  66.443 0.0000000000
31750  -29.668  -34.290  65.080 0.0000000000
31751  -30.336  -33.924  65.484 0.0000000000
32554  -30.738  -33.236  62.477 0.0000000000
31778  -30.309  -33.696  62.712 0.0000000000
31804  -29.514  -33.770  60.927 0.0000000000
31816  -28.432  -34.006  59.753 0.0000000000
32584  -28.808  -33.592  59.285 0.0000000000
38861  -46.357  -25.960  46.646 0.0000000000
38892  -46.852  -27.080  44.961 0.0000000000
105788  -47.194  -26.733  45.824 0.0000000000
38893  -48.881  -27.429  43.906 0.0000000000
38920  -48.039  -28.252  42.981 0.0000000000
38919  -47.199  -27.758  42.555 0.0000000000
106747  -47.746  -23.960  45.894 0.0000000000
41575  -46.717  -23.898  44.687 0.0000000000
41576  -47.166  -22.576  45.159 0.0000000000
42513  -46.868  -22.143  44.540 0.0000000000
42487  -47.744  -21.942  45.541 0.0000000000
35830  -35.717  -28.514  66.386 0.0000000000
35860  -35.270  -29.052  64.538 0.0000000000
35845  -36.241  -28.856  65.050 0.0000000000
34965  -37.705  -30.397  60.695 0.0000000000
97385  -36.955  -29.906  61.836 0.0000000000
108350  -36.735  -30.603  59.849 0.0000000000
34990  -36.190  -30.802  58.992 0.0000000000
34991  -36.935  -30.613  58.670 0.0000000000
99260  -41.442  -30.126  58.824 0.0000000000
34981  -40.797  -30.122  59.198 0.0000000000
110091  -40.432  -30.477  57.263 0.0000000000
35077  -37.683  -30.333  53.540 0.0000000000
35055  -37.947  -30.434  54.848 0.0000000000
98611  -36.421  -30.472  54.130 0.0000000000
35053  -35.649  -30.477  54.474 0.0000000000
38850  -40.336  -25.869  48.129 0.0000000000
36733  -39.796  -27.585  66.668 0.0000000000
37629  -43.364  -26.619  63.151 0.0000000000
38730  -49.952  -25.660  56.694 0.0000000000
38747  -52.198  -26.061  54.846 0.0000000000
105443  -52.493  -26.554  53.796 0.0000000000
37808  -51.600  -27.285  52.403 0.0000000000
38804  -52.495  -26.705  52.855 0.0000000000
41526  -53.460  -23.788  51.624 0.0000000000
40712  -52.027  -25.414  51.623 0.0000000000
41535  -51.785  -23.617  50.559 0.0000000000
41544  -50.400  -23.678  49.576 0.0000000000
118149  -51.726  -23.015  50.024 0.0000000000
43399  -52.723  -20.536  48.683 0.0000000000
43416  -51.125  -21.115  47.947 0.0000000000
100581  -51.331  -20.379  47.785 0.0000000000
44323  -50.270  -20.392  46.654 0.0000000000
45111  -51.202  -19.170  46.816 0.0000000000
109315  -53.766  -16.413  49.346 0.0000000000
48581  -52.596  -15.609  46.388 0.0000000000
46749  -52.847  -16.815  47.418 0.0000000000
47651  -51.569  -16.590  45.539 0.0000000000
97974  -50.245  -17.844  45.333 0.0000000000
47662  -50.482  -16.816  44.513 0.0000000000
46781  -49.386  -17.215  43.311 0.0000000000
48613  -50.473  -16.274  43.901 0.0000000000
49622  -52.473  -14.385  42.092 0.0000000000
48650  -51.054  -15.274  41.358 0.0000000000
111240  -51.545  -15.337  40.816 0.0000000000
51436  -57.565  -12.927  45.087 0.0000000000
51452  -56.273  -13.041  43.913 0.0000000000
50572  -57.209  -13.163  44.212 0.0000000000
31005  -22.471  -35.527  62.482 0.0000000000
30233  -21.765  -35.637  62.578 0.0000000000
30255  -21.942  -35.594  61.125 0.0000000000
99210  -20.894  -35.854  59.940 0.0000000000
30260  -21.707  -35.672  60.198 0.0000000000
31775  -26.221  -34.458  62.391 0.0000000000
31774  -25.321  -34.510  62.382 0.0000000000
31800  -25.682  -34.587  60.846 0.0000000000
31036  -23.767  -35.421  58.051 0.0000000000
29462  -22.455  -37.108  54.501 0.0000000000
34930  -33.468  -30.510  62.287 0.0000000000
34082  -32.045  -31.396  62.005 0.0000000000
98499  -32.739  -31.358  61.079 0.0000000000
97684  -29.962  -31.462  57.239 0.0000000000
34128  -30.566  -31.815  58.810 0.0000000000
33394  -29.191  -31.751  57.040 0.0000000000
32610  -28.236  -32.817  56.686 0.0000000000
32615  -28.140  -32.455  56.017 0.0000000000
31850  -26.246  -34.234  52.274 0.0000000000
39813  -45.526  -25.532  52.199 0.0000000000
39814  -46.236  -25.551  51.483 0.0000000000
39795  -46.365  -25.592  52.352 0.0000000000
39777  -47.858  -25.993  53.137 0.0000000000
38783  -48.807  -26.523  53.045 0.0000000000
37682  -45.553  -27.252  60.554 0.0000000000
36805  -43.767  -28.205  58.875 0.0000000000
109690  -44.287  -27.464  58.503 0.0000000000
37765  -43.877  -26.958  55.986 0.0000000000
38761  -43.560  -26.592  54.462 0.0000000000
38780  -43.400  -26.406  53.676 0.0000000000
38781  -44.042  -26.058  53.981 0.0000000000
39774  -44.493  -25.742  53.436 0.0000000000
45986  -47.484  -18.443  39.625 0.0000000000
116228  -31.302  -32.353  66.516 0.0000000000
109497  -30.816  -32.996  65.272 0.0000000000
106307  -30.863  -32.705  65.176 0.0000000000
100228  -31.021  -32.560  63.716 0.0000000000
33323  -31.218  -32.492  63.040 0.0000000000
38853  -48.768  -27.340  47.357 0.0000000000
38878  -48.319  -27.365  45.831 0.0000000000
37865  -49.513  -27.576  45.850 0.0000000000
37887  -49.399  -27.407  45.039 0.0000000000
39900  -48.624  -26.686  44.208 0.0000000000
112270  -47.701  -25.774  44.282 0.0000000000
39884  -48.767  -26.007  45.302 0.0000000000
40747  -48.295  -24.985  45.934 0.0000000000
41555  -48.586  -24.195  47.102 0.0000000000
100031  -38.082  -28.666  65.708 0.0000000000
35862  -37.664  -29.427  64.059 0.0000000000
35863  -38.577  -29.228  64.333 0.0000000000
34935  -38.703  -29.888  61.960 0.0000000000
97939  -39.124  -30.130  60.887 0.0000000000
35965  -40.505  -29.342  54.591 0.0000000000
35037  -39.697  -30.365  55.747 0.0000000000
35978  -38.990  -29.678  53.530 0.0000000000
35994  -37.813  -29.738  52.377 0.0000000000
36006  -36.707  -29.710  51.456 0.0000000000
36016  -35.054  -29.007  50.578 0.0000000000
36869  -35.724  -28.734  50.115 0.0000000000
39855  -41.365  -25.220  47.255 0.0000000000
39879  -41.364  -25.342  45.229 0.0000000000
42411  -54.780  -22.046  50.969 0.0000000000
42425  -53.486  -21.890  49.881 0.0000000000
43383  -54.907  -21.000  50.199 0.0000000000
44306  -54.465  -20.010  49.389 0.0000000000
45090  -53.757  -19.563  48.929 0.0000000000
50518  -53.517  -13.517  50.631 0.0000000000
116619  -53.753  -15.249  48.951 0.0000000000
49546  -53.377  -14.117  48.311 0.0000000000
49552  -53.238  -14.402  47.428 0.0000000000
48596  -52.342  -15.291  45.523 0.0000000000
48614  -51.535  -15.477  44.399 0.0000000000
49587  -52.614  -14.403  44.066 0.0000000000
49607  -53.276  -13.898  43.439 0.0000000000
50588  -54.007  -13.594  42.759 0.0000000000
109770  -59.510  -14.549  44.948 0.0000000000
49609  -58.249  -14.911  43.798 0.0000000000
113562  -58.375  -16.093  43.651 0.0000000000
30947  -23.851  -35.183  67.070 0.0000000000
30976  -22.496  -35.575  65.123 0.0000000000
30970  -23.862  -34.760  65.345 0.0000000000
30978  -23.890  -34.714  64.430 0.0000000000
31006  -23.412  -35.195  62.104 0.0000000000
31814  -26.570  -34.586  59.548 0.0000000000
31026  -25.061  -34.934  59.350 0.0000000000
31038  -25.372  -34.940  57.640 0.0000000000
106305  -24.724  -35.151  57.032 0.0000000000
107162  -23.632  -35.762  54.941 0.0000000000
29471  -23.523  -37.667  53.435 0.0000000000
114040  -23.880  -36.964  53.061 0.0000000000
34129  -33.809  -31.336  58.885 0.0000000000
34117  -32.743  -31.533  60.119 0.0000000000
98811  -33.114  -31.446  58.365 0.0000000000
34156  -30.979  -31.412  56.929 0.0000000000
99921  -29.276  -31.128  55.622 0.0000000000
39866  -43.767  -25.108  46.396 0.0000000000
39882  -45.076  -25.707  45.611 0.0000000000
39858  -45.448  -25.369  47.136 0.0000000000
97451  -46.166  -25.651  47.634 0.0000000000
39847  -46.962  -26.081  48.089 0.0000000000
39828  -46.455  -25.566  50.577 0.0000000000
39839  -47.346  -26.009  49.489 0.0000000000
38840  -47.944  -26.667  48.140 0.0000000000
106366  -48.795  -27.275  48.159 0.0000000000
37837  -50.403  -28.242  48.515 0.0000000000
109122  -51.164  -28.262  48.436 0.0000000000
35881  -41.406  -28.874  63.033 0.0000000000
34938  -41.222  -29.456  62.189 0.0000000000
35904  -42.324  -29.396  61.070 0.0000000000
34969  -42.478  -29.580  59.770 0.0000000000
35939  -42.149  -29.577  57.549 0.0000000000
36804  -43.208  -28.758  58.342 0.0000000000
35950  -42.586  -29.091  57.090 0.0000000000
35958  -41.533  -29.322  55.872 0.0000000000
35980  -40.883  -28.659  54.121 0.0000000000
36855  -40.359  -28.289  52.699 0.0000000000
37823  -39.431  -27.728  50.766 0.0000000000
37845  -38.725  -27.031  48.769 0.0000000000
37824  -40.202  -27.206  50.648 0.0000000000
38830  -40.706  -26.114  49.552 0.0000000000
39833  -40.916  -25.715  48.794 0.0000000000
38813  -42.499  -26.173  51.683 0.0000000000
39823  -41.962  -25.677  50.239 0.0000000000
39844  -41.599  -25.411  48.560 0.0000000000
39856  -42.737  -24.952  47.790 0.0000000000
97921  -43.176  -24.937  47.051 0.0000000000
51408  -56.079  -12.136  46.521 0.0000000000
115166  -57.551  -11.185  47.656 0.0000000000
52221  -58.219  -11.001  47.184 0.0000000000
50546  -58.692  -12.010  45.719 0.0000000000
50556  -59.202  -13.307  45.244 0.0000000000
49573  -60.088  -14.373  44.655 0.0000000000
103161  -28.538  -34.781  66.363 0.0000000000
31747  -26.630  -34.437  64.659 0.0000000000
31748  -27.640  -34.495  64.701 0.0000000000
113381  -27.796  -34.430  63.313 0.0000000000
31776  -27.957  -34.457  62.594 0.0000000000
115153  -30.260  -33.683  63.574 0.0000000000
31777  -28.874  -34.369  62.341 0.0000000000
118296  -27.556  -34.504  60.519 0.0000000000
108864  -27.183  -34.504  59.212 0.0000000000
31825  -27.415  -34.428  58.624 0.0000000000
31833  -26.944  -34.441  56.455 0.0000000000
38875  -45.735  -26.390  45.183 0.0000000000
37884  -46.631  -27.853  44.146 0.0000000000
37885  -48.835  -28.078  44.401 0.0000000000
43468  -46.420  -21.357  43.275 0.0000000000
44363  -47.237  -20.192  43.729 0.0000000000
107203  -33.892  -28.898  65.971 0.0000000000
35857  -32.746  -29.666  64.560 0.0000000000
35859  -34.226  -29.236  64.428 0.0000000000
35875  -34.698  -29.346  63.663 0.0000000000
34931  -34.470  -30.180  62.052 0.0000000000
35877  -36.639  -29.431  63.601 0.0000000000
34932  -35.470  -29.831  61.944 0.0000000000
34962  -34.739  -30.695  60.487 0.0000000000
34130  -34.526  -31.227  58.527 0.0000000000
34143  -34.507  -31.297  57.677 0.0000000000
34173  -34.428  -31.175  56.292 0.0000000000
34966  -40.920  -29.555  60.663 0.0000000000
34980  -40.015  -30.243  59.232 0.0000000000
98274  -39.242  -30.420  59.152 0.0000000000
35016  -39.246  -30.530  56.511 0.0000000000
103030  -38.727  -30.580  57.386 0.0000000000
35004  -37.956  -30.513  57.836 0.0000000000
97820  -36.129  -30.642  56.140 0.0000000000
97729  -34.954  -30.643  55.088 0.0000000000
38848  -38.104  -26.589  47.509 0.0000000000
39687  -47.324  -25.751  58.289 0.0000000000
39703  -48.164  -25.608  57.743 0.0000000000
30948  -24.647  -35.082  67.724 0.0000000000
30951  -28.353  -35.063  68.195 0.0000000000
31709  -29.023  -34.784  67.382 0.0000000000
31711  -30.237  -34.215  68.535 0.0000000000
34882  -31.216  -30.985  67.166 0.0000000000
101337  -31.275  -30.073  66.846 0.0000000000
35817  -32.032  -28.891  66.825 0.0000000000
36739  -33.061  -28.683  66.628 0.0000000000
36729  -34.587  -28.131  67.884 0.0000000000
36741  -35.385  -28.325  67.119 0.0000000000
35818  -36.720  -28.106  67.155 0.0000000000
36720  -37.088  -27.352  68.013 0.0000000000
35819  -37.474  -28.186  66.777 0.0000000000
36743  -38.881  -28.066  66.290 0.0000000000
35835  -39.577  -27.987  65.332 0.0000000000
36751  -39.888  -27.740  65.122 0.0000000000
35850  -41.042  -28.093  63.739 0.0000000000
35868  -42.337  -27.762  63.089 0.0000000000
36769  -43.705  -27.062  62.537 0.0000000000
38686  -46.785  -26.330  59.566 0.0000000000
39736  -48.741  -25.712  56.147 0.0000000000
38743  -49.331  -25.926  55.350 0.0000000000
38764  -50.164  -26.500  54.340 0.0000000000
38717  -51.022  -25.664  56.067 0.0000000000
38765  -50.892  -26.696  54.274 0.0000000000
37794  -50.389  -27.128  52.925 0.0000000000
116529  -50.783  -27.704  51.644 0.0000000000
98945  -51.449  -27.516  50.575 0.0000000000
38835  -51.733  -27.595  48.970 0.0000000000
39815  -52.518  -25.853  52.349 0.0000000000
108491  -51.420  -26.124  50.811 0.0000000000
39841  -50.870  -26.160  49.076 0.0000000000
39840  -50.039  -25.353  48.717 0.0000000000
41551  -49.498  -23.568  48.605 0.0000000000
42458  -49.308  -22.414  47.651 0.0000000000
42443  -51.286  -22.114  48.861 0.0000000000
42459  -50.114  -22.026  47.902 0.0000000000
42476  -48.847  -22.107  46.870 0.0000000000
43431  -49.054  -21.027  46.059 0.0000000000
98465  -49.309  -20.392  45.797 0.0000000000
45133  -48.314  -19.604  44.552 0.0000000000
46730  -54.783  -18.490  49.877 0.0000000000
45889  -53.638  -18.000  48.531 0.0000000000
47629  -53.728  -16.604  48.595 0.0000000000
46738  -53.257  -17.415  48.002 0.0000000000
45887  -51.978  -18.800  47.284 0.0000000000
45897  -50.669  -18.807  46.199 0.0000000000
104027  -49.661  -18.998  45.434 0.0000000000
45920  -48.528  -18.767  44.128 0.0000000000
45951  -48.131  -17.973  42.460 0.0000000000
45966  -48.116  -17.781  41.559 0.0000000000
109710  -48.450  -17.458  40.312 0.0000000000
48640  -50.669  -15.427  42.233 0.0000000000
47709  -49.644  -16.442  41.021 0.0000000000
46840  -49.254  -17.409  39.750 0.0000000000
51434  -55.698  -12.736  44.642 0.0000000000
50589  -54.891  -13.280  43.156 0.0000000000
50601  -54.728  -13.722  42.268 0.0000000000
48643  -56.594  -14.891  42.404 0.0000000000
48654  -55.075  -14.774  41.576 0.0000000000
48652  -53.292  -15.759  40.688 0.0000000000
30216  -21.853  -35.659  64.589 0.0000000000
31760  -25.561  -34.446  63.669 0.0000000000
31773  -24.674  -34.625  62.339 0.0000000000
31016  -23.430  -35.247  60.682 0.0000000000
31025  -24.216  -35.069  59.568 0.0000000000
31030  -23.635  -35.399  58.996 0.0000000000
30262  -22.862  -35.617  59.321 0.0000000000
30265  -21.568  -35.994  58.667 0.0000000000
34914  -32.133  -30.888  63.179 0.0000000000
33336  -31.455  -32.062  62.435 0.0000000000
101584  -31.283  -32.420  61.981 0.0000000000
116439  -32.029  -31.633  60.048 0.0000000000
33363  -30.681  -32.032  59.909 0.0000000000
32586  -30.190  -32.703  60.266 0.0000000000
32596  -28.564  -33.502  58.428 0.0000000000
32609  -27.813  -33.612  56.738 0.0000000000
31836  -26.774  -34.515  55.591 0.0000000000
34181  -28.964  -30.925  54.422 0.0000000000
34180  -28.353  -31.228  54.281 0.0000000000
33402  -27.543  -32.269  54.455 0.0000000000
32617  -27.301  -33.205  54.490 0.0000000000
31840  -26.874  -34.045  54.180 0.0000000000
31056  -25.904  -34.965  54.234 0.0000000000
39701  -46.276  -25.602  57.199 0.0000000000
38711  -45.443  -25.869  57.422 0.0000000000
116363  -46.359  -20.232  42.475 0.0000000000
45157  -46.639  -19.626  42.399 0.0000000000
45170  -46.385  -19.161  41.349 0.0000000000
45158  -47.281  -19.079  42.686 0.0000000000
111714  -32.049  -29.728  65.592 0.0000000000
34895  -31.634  -30.365  65.485 0.0000000000
37857  -51.238  -27.689  47.469 0.0000000000
38855  -51.128  -27.259  46.964 0.0000000000
39850  -50.950  -26.585  47.778 0.0000000000
103962  -40.372  -28.669  63.833 0.0000000000
35880  -40.629  -29.126  63.402 0.0000000000
36872  -38.212  -28.317  50.474 0.0000000000
39881  -43.554  -25.340  45.556 0.0000000000
39880  -42.739  -25.364  45.330 0.0000000000
51390  -54.719  -12.049  48.902 0.0000000000
51397  -54.693  -12.345  47.720 0.0000000000
31719  -25.620  -34.540  66.043 0.0000000000
99517  -26.130  -34.459  65.379 0.0000000000
31044  -26.226  -34.737  56.142 0.0000000000
109515  -25.490  -34.944  55.868 0.0000000000
31055  -25.217  -35.158  54.361 0.0000000000
35029  -31.992  -30.730  54.822 0.0000000000
97928  -45.101  -25.263  50.401 0.0000000000
97925  -45.147  -25.217  49.455 0.0000000000
38802  -48.875  -26.735  52.182 0.0000000000
38817  -49.655  -27.375  51.778 0.0000000000
36780  -43.997  -27.826  61.165 0.0000000000
35915  -43.479  -28.543  60.652 0.0000000000
36787  -44.028  -28.096  60.433 0.0000000000
36836  -42.743  -27.945  55.035 0.0000000000
37792  -42.295  -27.522  53.644 0.0000000000
37791  -41.717  -27.801  53.249 0.0000000000
99158  -42.167  -27.214  52.863 0.0000000000
39826  -44.399  -25.276  50.950 0.0000000000
32508  -30.598  -33.807  67.185 0.0000000000
32522  -30.714  -33.467  65.952 0.0000000000
32564  -30.621  -33.296  61.984 0.0000000000
32553  -30.224  -33.623  62.038 0.0000000000
32563  -30.144  -33.458  61.446 0.0000000000
32573  -29.117  -33.650  60.196 0.0000000000
32574  -29.811  -33.302  60.623 0.0000000000
38910  -48.500  -27.812  43.495 0.0000000000
105867  -47.266  -23.760  45.338 0.0000000000
41568  -47.574  -22.860  45.807 0.0000000000
42488  -48.192  -22.246  46.197 0.0000000000
35831  -36.484  -28.585  66.076 0.0000000000
35846  -37.198  -28.815  65.449 0.0000000000
100142  -37.630  -30.568  59.883 0.0000000000
34977  -37.043  -30.589  59.304 0.0000000000
111785  -37.637  -30.568  58.980 0.0000000000
35007  -41.590  -30.070  57.551 0.0000000000
34995  -41.187  -30.395  58.137 0.0000000000
35006  -41.011  -30.442  57.453 0.0000000000
35091  -36.500  -30.219  52.751 0.0000000000
35076  -36.870  -30.414  53.500 0.0000000000
35075  -35.881  -30.320  53.577 0.0000000000
35090  -35.550  -30.142  52.697 0.0000000000
39853  -40.179  -25.635  47.369 0.0000000000
38786  -52.597  -26.642  53.269 0.0000000000
41537  -54.499  -22.568  51.063 0.0000000000
41527  -54.304  -23.076  51.666 0.0000000000
112985  -53.941  -23.084  51.154 0.0000000000
41536  -53.033  -23.386  50.848 0.0000000000
42424  -52.529  -22.665  50.131 0.0000000000
45089  -52.996  -19.789  48.522 0.0000000000
44312  -52.111  -20.029  48.189 0.0000000000
44324  -50.860  -19.949  47.140 0.0000000000
45098  -51.636  -19.579  47.525 0.0000000000
49525  -53.456  -14.009  50.732 0.0000000000
48505  -53.252  -14.942  50.418 0.0000000000
98577  -53.661  -16.321  49.778 0.0000000000
103500  -53.538  -15.141  49.909 0.0000000000
47652  -52.144  -16.102  45.922 0.0000000000
46758  -50.826  -17.177  45.236 0.0000000000
47663  -51.061  -16.207  44.676 0.0000000000
49633  -52.473  -14.692  41.318 0.0000000000
49632  -51.805  -14.935  41.099 0.0000000000
48651  -52.359  -15.295  40.743 0.0000000000
50554  -58.351  -12.934  45.548 0.0000000000
50573  -58.133  -13.539  44.930 0.0000000000
30956  -22.398  -35.552  66.659 0.0000000000
30245  -22.035  -35.587  61.928 0.0000000000
30256  -22.611  -35.543  60.295 0.0000000000
31788  -26.445  -34.498  61.442 0.0000000000
34946  -33.596  -30.779  61.564 0.0000000000
34092  -32.722  -31.230  61.435 0.0000000000
34105  -33.249  -31.359  60.521 0.0000000000
34155  -29.409  -31.328  56.388 0.0000000000
34154  -28.602  -31.911  56.462 0.0000000000
33399  -28.248  -31.824  55.620 0.0000000000
39776  -45.980  -25.533  53.215 0.0000000000
99038  -47.098  -25.650  53.560 0.0000000000
39778  -48.193  -25.902  53.836 0.0000000000
37700  -45.433  -27.280  59.839 0.0000000000
37699  -44.490  -27.660  59.411 0.0000000000
37717  -44.978  -26.814  59.024 0.0000000000
38728  -44.990  -25.888  56.518 0.0000000000
108135  -44.362  -26.423  56.430 0.0000000000
38741  -43.769  -26.741  55.224 0.0000000000
38762  -44.257  -26.121  54.752 0.0000000000
39757  -44.743  -25.768  54.144 0.0000000000
39775  -45.139  -25.614  53.563 0.0000000000
39794  -44.974  -25.582  52.853 0.0000000000
44393  -44.801  -20.740  39.715 0.0000000000
45979  -47.365  -18.270  40.435 0.0000000000
33300  -31.172  -32.434  65.920 0.0000000000
34067  -31.261  -31.841  64.427 0.0000000000
33311  -30.962  -32.479  64.345 0.0000000000
38863  -48.662  -27.390  46.475 0.0000000000
38864  -50.028  -27.130  45.786 0.0000000000
37877  -49.632  -27.325  45.577 0.0000000000
113033  -49.675  -27.003  45.403 0.0000000000
38894  -49.175  -27.389  44.448 0.0000000000
38879  -49.360  -26.962  45.014 0.0000000000
39901  -48.886  -26.614  44.694 0.0000000000
40741  -49.280  -25.590  46.711 0.0000000000
40740  -48.626  -24.936  46.455 0.0000000000
41569  -48.120  -24.045  46.425 0.0000000000
113854  -38.712  -28.732  65.092 0.0000000000
99719  -39.287  -28.895  64.439 0.0000000000
34918  -39.029  -29.859  63.056 0.0000000000
34936  -39.536  -29.819  62.556 0.0000000000
35979  -40.185  -29.044  53.783 0.0000000000
35964  -39.667  -29.658  54.178 0.0000000000
102845  -39.534  -29.279  53.488 0.0000000000
106180  -38.360  -29.364  52.417 0.0000000000
36007  -37.376  -29.515  51.627 0.0000000000
35993  -37.043  -29.966  52.101 0.0000000000
36018  -36.520  -29.410  50.966 0.0000000000
36870  -36.408  -28.876  50.396 0.0000000000
39864  -41.449  -25.103  46.551 0.0000000000
39865  -41.958  -25.098  45.904 0.0000000000
115117  -55.102  -21.374  50.765 0.0000000000
42426  -54.507  -21.846  50.431 0.0000000000
44298  -55.383  -19.582  50.164 0.0000000000
44296  -55.136  -20.284  50.016 0.0000000000
118294  -54.892  -19.787  49.779 0.0000000000
45091  -54.535  -19.274  49.437 0.0000000000
51376  -54.147  -12.162  49.632 0.0000000000
99042  -53.863  -12.692  49.553 0.0000000000
49538  -53.641  -13.497  49.757 0.0000000000
50531  -53.623  -13.439  48.835 0.0000000000
50544  -53.515  -13.504  46.889 0.0000000000
48597  -52.820  -14.769  45.932 0.0000000000
49571  -52.706  -14.519  45.041 0.0000000000
112865  -53.237  -14.028  45.468 0.0000000000
98822  -54.128  -13.225  44.870 0.0000000000
49588  -53.328  -13.798  44.539 0.0000000000
49589  -59.671  -15.341  44.622 0.0000000000
48631  -59.086  -15.906  44.313 0.0000000000
30958  -23.860  -34.941  66.217 0.0000000000
30987  -23.985  -34.762  63.507 0.0000000000
30997  -23.270  -35.220  62.984 0.0000000000
30998  -24.076  -34.843  62.626 0.0000000000
31824  -26.656  -34.607  58.740 0.0000000000
31027  -25.871  -34.735  59.045 0.0000000000
31033  -26.013  -34.776  58.205 0.0000000000
31047  -24.756  -35.296  56.059 0.0000000000
30280  -23.928  -35.736  55.808 0.0000000000
30299  -23.852  -35.823  54.241 0.0000000000
99512  -24.174  -36.113  53.425 0.0000000000
29473  -24.488  -36.765  52.706 0.0000000000
109662  -31.060  -31.084  55.971 0.0000000000
117614  -30.269  -31.200  56.485 0.0000000000
98553  -30.015  -30.963  55.789 0.0000000000
97920  -43.994  -25.024  47.233 0.0000000000
39867  -44.690  -25.235  46.556 0.0000000000
39857  -44.717  -25.099  47.466 0.0000000000
117203  -46.195  -25.569  48.431 0.0000000000
101678  -46.720  -25.752  48.963 0.0000000000
110717  -47.272  -25.860  51.102 0.0000000000
110754  -48.011  -26.409  50.077 0.0000000000
39829  -47.200  -25.853  50.273 0.0000000000
39848  -47.411  -26.193  48.752 0.0000000000
101317  -50.867  -28.277  49.322 0.0000000000
98511  -42.040  -28.667  62.452 0.0000000000
35894  -42.208  -29.068  61.718 0.0000000000
35922  -42.919  -29.263  59.497 0.0000000000
35921  -42.432  -29.625  59.096 0.0000000000
117166  -42.003  -29.893  58.791 0.0000000000
35930  -42.293  -29.573  58.391 0.0000000000
36815  -43.702  -28.170  57.959 0.0000000000
36828  -42.369  -28.523  55.717 0.0000000000
36822  -42.463  -28.842  56.408 0.0000000000
35959  -42.079  -29.067  56.202 0.0000000000
35949  -42.210  -29.366  56.753 0.0000000000
35966  -41.293  -28.845  55.021 0.0000000000
37804  -40.810  -27.722  52.257 0.0000000000
36862  -40.021  -27.950  51.992 0.0000000000
37813  -39.869  -27.691  51.279 0.0000000000
37834  -39.528  -27.242  49.979 0.0000000000
38822  -40.817  -26.559  50.319 0.0000000000
38831  -41.314  -26.015  50.068 0.0000000000
38799  -43.377  -26.032  52.813 0.0000000000
38798  -42.660  -26.475  52.441 0.0000000000
38814  -43.151  -25.823  51.979 0.0000000000
39836  -43.290  -25.166  49.810 0.0000000000
39824  -42.731  -25.407  50.437 0.0000000000
39835  -42.497  -25.272  49.631 0.0000000000
39845  -42.380  -25.158  48.694 0.0000000000
110977  -43.466  -24.938  47.740 0.0000000000
51410  -58.543  -11.292  46.432 0.0000000000
51421  -59.069  -11.736  45.518 0.0000000000
51422  -59.361  -12.925  44.883 0.0000000000
50557  -59.806  -13.805  44.677 0.0000000000
100139  -28.118  -34.667  65.520 0.0000000000
31735  -29.091  -34.658  65.677 0.0000000000
105196  -28.203  -34.370  63.985 0.0000000000
31763  -28.657  -34.375  63.199 0.0000000000
32536  -30.676  -33.220  64.837 0.0000000000
116274  -30.646  -33.271  64.048 0.0000000000
98386  -29.687  -34.063  62.138 0.0000000000
31790  -28.978  -34.332  61.519 0.0000000000
106109  -28.131  -34.498  61.756 0.0000000000
98424  -28.246  -34.531  60.951 0.0000000000
99657  -27.320  -34.458  59.874 0.0000000000
31802  -28.080  -34.355  60.175 0.0000000000
31826  -28.128  -34.096  58.753 0.0000000000
31830  -27.555  -34.245  57.997 0.0000000000
105861  -27.138  -34.324  57.264 0.0000000000
37875  -49.012  -27.904  45.119 0.0000000000
40753  -46.963  -24.902  44.379 0.0000000000
42511  -45.774  -22.803  43.374 0.0000000000
43455  -47.377  -21.693  44.807 0.0000000000
43469  -46.913  -21.521  44.087 0.0000000000
108117  -46.977  -20.890  43.677 0.0000000000
44346  -47.495  -20.869  44.362 0.0000000000
35843  -34.547  -28.983  65.292 0.0000000000
35891  -35.079  -29.579  62.831 0.0000000000
34917  -37.550  -29.684  63.204 0.0000000000
35893  -36.807  -29.680  62.663 0.0000000000
34949  -36.257  -30.026  61.245 0.0000000000
34948  -35.280  -30.275  61.097 0.0000000000
34107  -35.182  -30.800  59.666 0.0000000000
34144  -35.365  -31.043  57.570 0.0000000000
34131  -35.134  -31.121  58.191 0.0000000000
34159  -34.874  -31.215  56.868 0.0000000000
109905  -41.657  -29.610  60.713 0.0000000000
34952  -41.346  -29.517  61.372 0.0000000000
115940  -40.380  -30.330  58.914 0.0000000000
97935  -40.346  -29.878  59.817 0.0000000000
34993  -39.152  -30.490  58.663 0.0000000000
35057  -39.308  -30.159  54.823 0.0000000000
35036  -38.720  -30.431  55.497 0.0000000000
35035  -37.864  -30.515  55.606 0.0000000000
35015  -38.261  -30.576  56.382 0.0000000000
103445  -37.623  -30.613  57.081 0.0000000000
102391  -36.607  -30.643  56.937 0.0000000000
114546  -36.533  -30.574  55.527 0.0000000000
99143  -34.840  -30.431  54.308 0.0000000000
35033  -35.790  -30.627  55.352 0.0000000000
35052  -34.093  -30.638  54.733 0.0000000000
114628  -39.289  -26.995  49.239 0.0000000000
38837  -38.820  -26.536  47.977 0.0000000000
30936  -24.428  -35.302  68.597 0.0000000000
31699  -29.174  -34.965  68.767 0.0000000000
102745  -31.017  -31.702  67.744 0.0000000000
36728  -33.478  -28.198  67.705 0.0000000000
118232  -36.105  -28.195  67.467 0.0000000000
36719  -36.406  -27.806  67.938 0.0000000000
37586  -37.767  -26.964  67.723 0.0000000000
36721  -37.740  -27.501  67.375 0.0000000000
36731  -37.265  -27.834  67.297 0.0000000000
36732  -38.190  -27.961  66.853 0.0000000000
35820  -38.193  -28.319  66.363 0.0000000000
100120  -39.434  -27.854  66.131 0.0000000000
36744  -39.893  -27.641  65.973 0.0000000000
36753  -41.151  -27.358  64.218 0.0000000000
36760  -41.805  -27.608  63.537 0.0000000000
112423  -42.085  -27.025  63.774 0.0000000000
36762  -43.379  -26.895  62.868 0.0000000000
37641  -43.808  -26.656  62.684 0.0000000000
38700  -46.576  -26.008  58.810 0.0000000000
38714  -49.003  -25.505  58.121 0.0000000000
39717  -47.955  -25.547  56.862 0.0000000000
38729  -49.118  -25.601  57.043 0.0000000000
101031  -49.748  -25.856  56.075 0.0000000000
38744  -50.262  -26.198  55.104 0.0000000000
105533  -49.659  -26.214  54.666 0.0000000000
37779  -51.960  -26.783  53.792 0.0000000000
38766  -51.588  -26.562  54.382 0.0000000000
117873  -51.456  -26.888  53.792 0.0000000000
37795  -51.004  -27.072  53.416 0.0000000000
98872  -50.441  -27.521  52.130 0.0000000000
37807  -51.066  -27.315  52.653 0.0000000000
37809  -51.924  -27.054  52.283 0.0000000000
37818  -51.489  -27.383  51.619 0.0000000000
37828  -51.585  -27.707  49.608 0.0000000000
38826  -51.670  -27.191  50.177 0.0000000000
40715  -54.164  -23.436  52.465 0.0000000000
39798  -53.408  -25.526  53.180 0.0000000000
39816  -53.359  -25.258  52.807 0.0000000000
40723  -51.451  -24.815  50.899 0.0000000000
39842  -51.604  -26.831  49.501 0.0000000000
40731  -50.305  -24.858  49.617 0.0000000000
41552  -50.023  -23.128  48.969 0.0000000000
41543  -49.749  -24.172  49.096 0.0000000000
41556  -48.989  -23.596  48.001 0.0000000000
42441  -49.677  -22.748  48.339 0.0000000000
43381  -52.311  -21.814  49.282 0.0000000000
43397  -50.851  -21.728  48.213 0.0000000000
43415  -50.429  -21.382  47.573 0.0000000000
43414  -49.689  -21.661  47.247 0.0000000000
43432  -49.384  -21.319  46.587 0.0000000000
44335  -49.965  -20.087  46.007 0.0000000000
44348  -48.787  -19.978  45.282 0.0000000000
47607  -54.159  -17.182  49.997 0.0000000000
46720  -54.514  -17.834  49.967 0.0000000000
46729  -54.264  -17.857  49.413 0.0000000000
45881  -54.278  -18.346  49.266 0.0000000000
48553  -53.465  -15.098  48.362 0.0000000000
48554  -53.721  -15.985  48.859 0.0000000000
48569  -53.453  -15.996  48.154 0.0000000000
112646  -52.422  -17.022  46.874 0.0000000000
46748  -52.568  -17.509  47.382 0.0000000000
45899  -52.122  -18.054  47.228 0.0000000000
45898  -51.397  -18.202  46.660 0.0000000000
46769  -50.064  -17.426  44.754 0.0000000000
45908  -49.634  -18.263  45.002 0.0000000000
45921  -49.073  -18.333  44.450 0.0000000000
45935  -48.258  -18.358  43.311 0.0000000000
45936  -48.857  -17.957  43.760 0.0000000000
46799  -49.106  -17.130  42.527 0.0000000000
46798  -48.637  -17.370  42.050 0.0000000000
47698  -48.724  -17.190  41.061 0.0000000000
49586  -51.780  -14.886  43.647 0.0000000000
108950  -51.038  -15.581  43.799 0.0000000000
48628  -51.146  -15.166  42.916 0.0000000000
109847  -50.376  -15.809  41.010 0.0000000000
47699  -50.232  -15.805  41.579 0.0000000000
46826  -49.003  -17.081  40.319 0.0000000000
51399  -56.951  -11.635  47.530 0.0000000000
51418  -56.353  -12.437  45.600 0.0000000000
50571  -55.501  -13.054  43.769 0.0000000000
50590  -55.865  -13.279  43.120 0.0000000000
48630  -57.553  -15.180  43.038 0.0000000000
49608  -57.162  -14.258  43.062 0.0000000000
48642  -55.746  -15.276  41.829 0.0000000000
118100  -54.542  -14.832  41.323 0.0000000000
30244  -21.388  -35.638  61.912 0.0000000000
30224  -21.681  -35.666  63.163 0.0000000000
30253  -20.210  -35.969  60.542 0.0000000000
97416  -20.776  -36.189  59.101 0.0000000000
116387  -26.236  -34.439  64.015 0.0000000000
31799  -24.860  -34.622  61.224 0.0000000000
31786  -24.915  -34.574  61.870 0.0000000000
31007  -24.233  -34.803  61.769 0.0000000000
31032  -25.220  -34.940  58.480 0.0000000000
31031  -24.414  -35.135  58.722 0.0000000000
30272  -23.033  -35.594  57.726 0.0000000000
30266  -22.376  -35.792  58.794 0.0000000000
30271  -22.255  -35.851  57.890 0.0000000000
34905  -32.893  -29.989  63.781 0.0000000000
101006  -31.886  -31.565  61.670 0.0000000000
34081  -31.746  -31.612  62.618 0.0000000000
34091  -31.405  -32.124  62.124 0.0000000000
33353  -31.367  -32.082  61.367 0.0000000000
106469  -32.353  -31.589  59.114 0.0000000000
33352  -30.845  -32.349  60.832 0.0000000000
33362  -29.963  -32.490  59.348 0.0000000000
32597  -29.228  -32.974  58.906 0.0000000000
32614  -27.857  -33.209  56.001 0.0000000000
32607  -28.297  -33.312  57.530 0.0000000000
31834  -27.436  -34.024  55.975 0.0000000000
31837  -27.197  -34.083  55.036 0.0000000000
35046  -28.791  -30.817  53.762 0.0000000000
34189  -28.202  -31.154  53.522 0.0000000000
32630  -27.067  -33.005  52.581 0.0000000000
33409  -27.314  -32.443  53.584 0.0000000000
32625  -26.938  -33.414  53.491 0.0000000000
31847  -26.457  -34.099  53.320 0.0000000000
31063  -25.894  -34.824  53.184 0.0000000000
101460  -26.334  -34.506  53.968 0.0000000000
98695  -45.930  -25.440  54.933 0.0000000000
111629  -46.398  -25.501  54.154 0.0000000000
39759  -46.857  -25.398  54.835 0.0000000000
116920  -47.411  -25.432  55.328 0.0000000000
38699  -45.640  -26.182  58.431 0.0000000000
39733  -45.443  -25.608  55.742 0.0000000000
43481  -45.567  -20.944  41.885 0.0000000000
44387  -45.278  -20.381  41.156 0.0000000000
44394  -45.185  -20.167  40.224 0.0000000000
45179  -45.679  -19.615  39.798 0.0000000000
45169  -45.670  -19.652  40.810 0.0000000000
45965  -47.038  -18.524  41.265 0.0000000000
34886  -31.395  -30.672  66.233 0.0000000000
34903  -31.491  -30.828  64.628 0.0000000000
34068  -31.570  -31.334  63.761 0.0000000000
39870  -49.958  -26.629  46.130 0.0000000000
39849  -49.993  -25.610  47.838 0.0000000000
100624  -39.656  -28.567  64.478 0.0000000000
35864  -39.817  -29.214  63.823 0.0000000000
34937  -40.289  -29.696  62.453 0.0000000000
36854  -39.515  -28.526  52.412 0.0000000000
35995  -38.991  -29.126  52.901 0.0000000000
36009  -38.718  -28.859  52.064 0.0000000000
36020  -37.622  -28.995  51.056 0.0000000000
36871  -36.988  -28.985  50.679 0.0000000000
36882  -36.903  -28.442  49.869 0.0000000000
39896  -42.561  -25.787  44.632 0.0000000000
50532  -53.998  -12.644  49.006 0.0000000000
50538  -53.960  -12.774  48.341 0.0000000000
105996  -53.865  -12.981  47.461 0.0000000000
50552  -53.792  -13.455  45.843 0.0000000000
50553  -54.561  -12.816  45.711 0.0000000000
51433  -54.903  -12.775  44.962 0.0000000000
116341  -25.152  -34.578  66.558 0.0000000000
31718  -24.680  -34.510  65.912 0.0000000000
31733  -25.314  -34.429  65.376 0.0000000000
30300  -24.654  -35.501  54.274 0.0000000000
98359  -25.062  -36.099  52.819 0.0000000000
34157  -33.178  -31.415  56.723 0.0000000000
117423  -31.401  -30.883  55.213 0.0000000000
38782  -47.992  -26.194  52.503 0.0000000000
38815  -48.098  -26.460  50.926 0.0000000000
38825  -48.861  -27.047  50.469 0.0000000000
38833  -48.774  -27.155  49.630 0.0000000000
35905  -42.952  -28.907  61.076 0.0000000000
116930  -43.489  -28.344  61.105 0.0000000000
35932  -43.312  -28.790  59.199 0.0000000000
37748  -43.397  -27.815  56.314 0.0000000000
36823  -42.913  -28.518  56.715 0.0000000000
36835  -42.022  -28.201  54.908 0.0000000000
36834  -41.475  -28.331  54.330 0.0000000000
36847  -41.842  -27.903  54.020 0.0000000000
37815  -41.330  -27.055  51.653 0.0000000000
38812  -41.953  -26.513  51.411 0.0000000000
39811  -43.728  -25.446  51.489 0.0000000000
31722  -29.835  -34.517  66.907 0.0000000000
31736  -29.851  -34.450  65.987 0.0000000000
32545  -30.800  -33.162  63.288 0.0000000000
31791  -29.606  -33.921  61.475 0.0000000000
38876  -46.073  -26.167  45.777 0.0000000000
38877  -48.212  -27.626  45.081 0.0000000000
37902  -48.965  -27.912  44.046 0.0000000000
40746  -47.847  -24.962  45.392 0.0000000000
117003  -46.893  -23.243  45.047 0.0000000000
42500  -46.619  -22.875  44.629 0.0000000000
42512  -46.348  -22.255  43.892 0.0000000000
35844  -35.509  -28.761  65.576 0.0000000000
103649  -36.118  -29.124  64.255 0.0000000000
34950  -37.747  -30.090  61.490 0.0000000000
98698  -37.110  -30.190  61.140 0.0000000000
34964  -36.892  -30.424  60.501 0.0000000000
118212  -35.689  -30.850  59.245 0.0000000000
35002  -35.981  -30.878  58.256 0.0000000000
99070  -36.104  -30.769  57.513 0.0000000000
34982  -41.497  -29.866  59.488 0.0000000000
99059  -41.025  -29.706  59.756 0.0000000000
34994  -40.714  -30.397  58.624 0.0000000000
103948  -40.397  -30.590  57.975 0.0000000000
114585  -38.000  -30.406  54.122 0.0000000000
35054  -37.255  -30.500  54.289 0.0000000000
35034  -37.211  -30.514  55.198 0.0000000000
99183  -36.467  -30.541  54.828 0.0000000000
116813  -35.302  -30.371  53.971 0.0000000000
37583  -34.135  -27.306  69.372 0.0000000000
37587  -38.677  -26.904  67.334 0.0000000000
97784  -39.085  -27.804  66.726 0.0000000000
105158  -39.322  -27.256  67.107 0.0000000000
37628  -42.742  -26.573  63.698 0.0000000000
39688  -49.333  -25.008  58.743 0.0000000000
38715  -49.641  -25.350  57.558 0.0000000000
38703  -49.729  -25.058  57.908 0.0000000000
38716  -50.318  -25.413  56.874 0.0000000000
38767  -52.167  -26.413  54.380 0.0000000000
37797  -52.152  -27.081  52.869 0.0000000000
38819  -52.195  -26.653  52.342 0.0000000000
41528  -54.623  -22.541  51.880 0.0000000000
40714  -53.707  -24.077  52.429 0.0000000000
40713  -52.992  -24.824  52.069 0.0000000000
40724  -52.397  -24.269  51.345 0.0000000000
41534  -50.880  -24.237  50.236 0.0000000000
41545  -51.155  -23.285  49.873 0.0000000000
116271  -52.391  -21.170  48.768 0.0000000000
44304  -51.869  -20.808  48.328 0.0000000000
44311  -50.651  -20.739  47.337 0.0000000000
45110  -50.487  -19.634  46.418 0.0000000000
116658  -54.456  -16.974  50.569 0.0000000000
47617  -53.966  -17.043  49.234 0.0000000000
47639  -52.933  -15.980  47.362 0.0000000000
47638  -52.487  -16.417  46.704 0.0000000000
47637  -52.066  -16.857  46.255 0.0000000000
46759  -51.428  -17.363  46.067 0.0000000000
46782  -49.979  -16.984  43.988 0.0000000000
47674  -49.987  -16.475  43.208 0.0000000000
48641  -51.262  -14.986  42.137 0.0000000000
49621  -51.779  -14.736  41.721 0.0000000000
48662  -50.927  -15.721  40.706 0.0000000000
51419  -57.458  -12.420  45.794 0.0000000000
51435  -56.725  -12.770  44.828 0.0000000000
50591  -56.752  -13.493  43.345 0.0000000000
47691  -56.884  -17.117  42.618 0.0000000000
106578  -56.445  -15.970  42.311 0.0000000000
30204  -21.382  -35.649  65.418 0.0000000000
30996  -22.380  -35.559  63.348 0.0000000000
116340  -22.083  -35.613  62.991 0.0000000000
30254  -21.115  -35.645  60.901 0.0000000000
113376  -21.429  -35.857  59.475 0.0000000000
31787  -25.569  -34.516  61.689 0.0000000000
105507  -24.810  -34.817  60.300 0.0000000000
117960  -24.113  -35.366  57.343 0.0000000000
31041  -23.523  -35.623  57.188 0.0000000000
30286  -21.866  -36.730  55.464 0.0000000000
29454  -21.869  -37.412  54.996 0.0000000000
28662  -22.382  -37.980  54.413 0.0000000000
28663  -23.010  -38.394  53.908 0.0000000000
34929  -32.484  -30.930  62.429 0.0000000000
116730  -32.863  -30.863  61.983 0.0000000000
34104  -32.261  -31.503  60.913 0.0000000000
34140  -30.772  -31.567  57.836 0.0000000000
34139  -30.032  -31.705  58.045 0.0000000000
33386  -29.392  -31.964  57.732 0.0000000000
33373  -28.970  -32.740  58.078 0.0000000000
33385  -28.759  -32.386  57.270 0.0000000000
32629  -26.658  -33.652  52.739 0.0000000000
98861  -47.078  -25.677  52.810 0.0000000000
36796  -44.715  -27.734  60.195 0.0000000000
36795  -43.939  -28.260  59.710 0.0000000000
37731  -44.138  -27.320  57.590 0.0000000000
38710  -44.783  -26.571  58.049 0.0000000000
37749  -43.984  -27.148  56.761 0.0000000000
104204  -43.260  -27.285  54.857 0.0000000000
37793  -42.761  -26.795  53.275 0.0000000000
38800  -43.879  -25.921  53.341 0.0000000000
39793  -44.177  -25.689  52.763 0.0000000000
45186  -45.804  -19.789  39.103 0.0000000000
33292  -31.190  -32.775  66.723 0.0000000000
32523  -31.033  -32.984  65.949 0.0000000000
32537  -30.850  -32.773  64.396 0.0000000000
105262  -30.986  -32.276  65.059 0.0000000000
32546  -30.996  -32.713  63.511 0.0000000000
32555  -31.066  -32.812  62.801 0.0000000000
32565  -30.828  -33.043  61.979 0.0000000000
38852  -47.742  -26.673  47.329 0.0000000000
37864  -48.917  -27.677  45.743 0.0000000000
37876  -49.264  -27.613  45.287 0.0000000000
39913  -48.010  -26.732  43.663 0.0000000000
39883  -48.206  -25.828  44.758 0.0000000000
41562  -48.174  -23.039  46.784 0.0000000000
112516  -37.892  -29.088  64.916 0.0000000000
35878  -38.414  -29.626  63.569 0.0000000000
35879  -39.228  -29.449  63.770 0.0000000000
111813  -38.277  -29.836  62.852 0.0000000000
97940  -38.375  -30.252  61.031 0.0000000000
34979  -38.517  -30.497  59.542 0.0000000000
35039  -41.188  -29.958  56.231 0.0000000000
35038  -40.507  -30.214  55.962 0.0000000000
35058  -40.130  -29.991  55.085 0.0000000000
35079  -38.987  -30.011  54.101 0.0000000000
35977  -38.401  -29.706  52.976 0.0000000000
35078  -38.391  -30.117  53.647 0.0000000000
35093  -37.970  -30.059  53.044 0.0000000000
116177  -35.450  -29.514  51.116 0.0000000000
36005  -36.057  -29.774  51.244 0.0000000000
36017  -35.923  -29.316  50.741 0.0000000000
100906  -35.087  -28.635  49.879 0.0000000000
36881  -36.200  -28.508  49.723 0.0000000000
98047  -40.667  -25.334  46.763 0.0000000000
98774  -41.049  -25.147  45.973 0.0000000000
39878  -40.674  -25.258  45.409 0.0000000000
42397  -54.737  -22.225  51.333 0.0000000000
117022  -54.526  -22.339  50.815 0.0000000000
113217  -54.192  -21.334  49.763 0.0000000000
43384  -55.514  -20.799  50.327 0.0000000000
44295  -54.384  -20.685  49.513 0.0000000000
44305  -53.651  -20.277  49.027 0.0000000000
45100  -53.173  -19.188  48.352 0.0000000000
49533  -53.738  -14.006  50.293 0.0000000000
49539  -53.650  -14.422  49.763 0.0000000000
49547  -53.654  -14.465  49.151 0.0000000000
48582  -52.997  -15.069  46.826 0.0000000000
48615  -52.125  -15.053  44.644 0.0000000000
49606  -52.498  -14.312  43.043 0.0000000000
102136  -53.248  -14.062  42.454 0.0000000000
49610  -58.787  -14.543  44.883 0.0000000000
111926  -58.950  -15.219  44.536 0.0000000000
30957  -23.142  -35.383  66.457 0.0000000000
30969  -23.187  -35.341  65.653 0.0000000000
30977  -23.193  -35.284  64.803 0.0000000000
30986  -23.223  -35.231  63.887 0.0000000000
31813  -25.774  -34.712  59.934 0.0000000000
31042  -24.061  -35.557  56.635 0.0000000000
30306  -23.540  -36.646  53.694 0.0000000000
34106  -34.163  -31.090  60.104 0.0000000000
34118  -33.630  -31.347  59.705 0.0000000000
98070  -33.162  -31.482  59.233 0.0000000000
98812  -32.269  -31.505  58.173 0.0000000000
107347  -32.655  -31.459  57.471 0.0000000000
34141  -31.709  -31.485  57.556 0.0000000000
116520  -44.272  -25.350  45.819 0.0000000000
38851  -46.907  -26.118  47.248 0.0000000000
39827  -45.758  -25.399  50.764 0.0000000000
39838  -46.567  -25.608  49.757 0.0000000000
37846  -49.920  -27.963  47.571 0.0000000000
38841  -49.301  -27.633  48.734 0.0000000000
37847  -50.982  -28.125  47.741 0.0000000000
37848  -51.606  -27.934  48.087 0.0000000000
102047  -41.030  -29.162  63.146 0.0000000000
34921  -41.459  -29.211  62.484 0.0000000000
34939  -41.770  -29.425  61.465 0.0000000000
34953  -42.077  -29.597  60.734 0.0000000000
35914  -42.479  -29.470  60.464 0.0000000000
34968  -41.997  -29.749  60.067 0.0000000000
34983  -42.002  -29.873  59.335 0.0000000000
34996  -41.767  -29.950  58.224 0.0000000000
35940  -42.663  -29.156  57.918 0.0000000000
35938  -41.865  -29.776  57.018 0.0000000000
35957  -40.876  -29.689  55.457 0.0000000000
36845  -40.643  -28.496  53.347 0.0000000000
36861  -39.245  -28.253  51.521 0.0000000000
37822  -38.914  -27.802  50.353 0.0000000000
37833  -38.593  -27.545  49.666 0.0000000000
38829  -39.941  -26.602  49.349 0.0000000000
37835  -40.260  -26.764  49.940 0.0000000000
38839  -40.259  -26.075  48.913 0.0000000000
38824  -42.246  -25.901  50.982 0.0000000000
39810  -42.956  -25.602  51.217 0.0000000000
39834  -41.614  -25.562  49.378 0.0000000000
98313  -41.153  -25.519  48.017 0.0000000000
97848  -41.904  -25.118  47.871 0.0000000000
97924  -43.255  -24.983  48.439 0.0000000000
100416  -55.858  -11.975  47.575 0.0000000000
105377  -56.458  -11.483  48.375 0.0000000000
51409  -57.864  -11.700  46.882 0.0000000000
51420  -58.306  -12.165  45.954 0.0000000000
50555  -58.789  -13.157  45.470 0.0000000000
52235  -59.788  -10.572  46.402 0.0000000000
52223  -59.047  -10.948  45.948 0.0000000000
49572  -59.436  -14.184  45.075 0.0000000000
49590  -60.345  -14.969  44.623 0.0000000000
49612  -60.866  -14.759  44.290 0.0000000000
49611  -61.046  -15.513  44.096 0.0000000000
31721  -27.549  -34.757  66.246 0.0000000000
31734  -27.099  -34.558  65.434 0.0000000000
31749  -28.703  -34.517  64.816 0.0000000000
31762  -27.121  -34.458  63.844 0.0000000000
103033  -27.089  -34.469  62.921 0.0000000000
98147  -27.200  -34.455  62.048 0.0000000000
31789  -27.387  -34.534  61.188 0.0000000000
106107  -30.232  -33.706  64.522 0.0000000000
31764  -29.624  -34.162  62.967 0.0000000000
31815  -27.831  -34.372  59.365 0.0000000000
31829  -26.813  -34.571  57.879 0.0000000000
35049  -31.835  -30.528  54.162 0.0000000000
99745  -45.875  -26.928  44.606 0.0000000000
37901  -48.267  -28.389  43.558 0.0000000000
40760  -46.356  -24.428  43.994 0.0000000000
42527  -45.922  -22.037  43.194 0.0000000000
43482  -45.785  -21.550  42.583 0.0000000000
44378  -46.666  -20.396  43.070 0.0000000000
35828  -33.105  -29.109  65.799 0.0000000000
35841  -32.626  -29.453  65.319 0.0000000000
35842  -33.512  -29.199  65.082 0.0000000000
35858  -33.460  -29.492  64.313 0.0000000000
104184  -33.794  -29.629  63.689 0.0000000000
34916  -34.149  -29.884  62.930 0.0000000000
34947  -34.447  -30.567  61.240 0.0000000000
35861  -36.940  -29.178  64.569 0.0000000000
35892  -35.973  -29.482  62.780 0.0000000000
34933  -36.278  -29.711  62.092 0.0000000000
113879  -34.924  -30.174  61.577 0.0000000000
34119  -34.442  -31.148  59.295 0.0000000000
34120  -35.305  -31.041  58.886 0.0000000000
34158  -34.070  -31.399  56.853 0.0000000000
34172  -33.738  -31.257  56.108 0.0000000000
35031  -33.512  -30.961  55.354 0.0000000000
34920  -40.934  -29.372  62.943 0.0000000000
101860  -40.892  -29.604  61.824 0.0000000000
34951  -40.407  -29.687  61.443 0.0000000000
97938  -39.984  -29.794  60.668 0.0000000000
97936  -39.389  -30.249  59.884 0.0000000000
34992  -38.422  -30.527  58.946 0.0000000000
35017  -40.093  -30.421  56.627 0.0000000000
104733  -39.753  -30.529  57.343 0.0000000000
97975  -38.607  -30.510  58.272 0.0000000000
99869  -37.785  -30.530  58.473 0.0000000000
35003  -37.006  -30.609  57.861 0.0000000000
35013  -35.150  -30.864  56.027 0.0000000000
35032  -34.314  -30.972  55.586 0.0000000000
35051  -33.301  -30.652  54.712 0.0000000000
99054  -40.227  -25.182  45.987 0.0000000000
39702  -47.116  -25.603  57.443 0.0000000000
38713  -48.269  -25.699  58.527 0.0000000000
104386  -23.784  -35.288  68.004 0.0000000000
111506  -25.131  -34.735  67.138 0.0000000000
31707  -26.991  -34.893  66.999 0.0000000000
30950  -27.448  -35.041  67.895 0.0000000000
31710  -29.761  -34.551  68.078 0.0000000000
31723  -30.208  -34.281  67.396 0.0000000000
32493  -30.845  -33.274  67.444 0.0000000000
32477  -30.557  -33.387  68.474 0.0000000000
34049  -31.288  -32.094  67.020 0.0000000000
36727  -32.457  -28.295  67.613 0.0000000000
36740  -34.218  -28.474  66.878 0.0000000000
36742  -36.261  -28.355  66.890 0.0000000000
112179  -36.907  -28.351  66.691 0.0000000000
35833  -38.793  -28.328  65.794 0.0000000000
35834  -39.253  -28.075  65.780 0.0000000000
35848  -39.943  -28.318  64.447 0.0000000000
35849  -40.415  -28.082  64.215 0.0000000000
36745  -40.431  -27.357  65.746 0.0000000000
36752  -40.439  -27.435  64.923 0.0000000000
35867  -41.520  -28.329  63.337 0.0000000000
101071  -41.963  -28.348  62.927 0.0000000000
35882  -42.627  -27.972  62.583 0.0000000000
36761  -42.796  -27.092  63.257 0.0000000000
36768  -43.104  -27.274  62.782 0.0000000000
35883  -43.369  -27.616  62.261 0.0000000000
36774  -44.087  -27.350  61.950 0.0000000000
36781  -44.744  -27.255  61.500 0.0000000000
113985  -44.684  -26.937  61.863 0.0000000000
109909  -48.328  -25.637  55.352 0.0000000000
39761  -48.853  -25.910  54.613 0.0000000000
38763  -49.423  -26.384  53.895 0.0000000000
38784  -49.738  -26.803  53.196 0.0000000000
39705  -50.781  -25.253  56.669 0.0000000000
38731  -51.715  -25.793  55.443 0.0000000000
107592  -51.280  -25.945  55.485 0.0000000000
38745  -51.104  -26.268  55.044 0.0000000000
38785  -50.300  -26.795  53.668 0.0000000000
107463  -50.439  -27.771  51.277 0.0000000000
118189  -50.851  -27.959  50.744 0.0000000000
100542  -51.115  -27.571  51.940 0.0000000000
37817  -51.113  -27.773  51.142 0.0000000000
37827  -51.244  -28.000  50.082 0.0000000000
37838  -51.503  -28.059  48.978 0.0000000000
38834  -51.579  -27.234  48.368 0.0000000000
38805  -53.041  -26.239  53.258 0.0000000000
39797  -52.956  -26.202  52.910 0.0000000000
115437  -51.847  -26.555  51.555 0.0000000000
40733  -49.463  -24.574  48.341 0.0000000000
42457  -48.581  -22.967  47.388 0.0000000000
42423  -51.600  -22.583  49.567 0.0000000000
43398  -51.635  -21.462  48.543 0.0000000000
42442  -50.477  -22.391  48.560 0.0000000000
99937  -48.787  -21.586  46.289 0.0000000000
43445  -48.441  -21.459  45.769 0.0000000000
44322  -49.706  -20.717  46.313 0.0000000000
44334  -48.637  -20.763  45.502 0.0000000000
44347  -48.158  -20.430  44.871 0.0000000000
44364  -47.720  -20.050  44.291 0.0000000000
45148  -47.756  -19.293  43.610 0.0000000000
45882  -54.931  -18.918  49.839 0.0000000000
45880  -53.708  -18.775  48.746 0.0000000000
48538  -53.662  -15.381  49.398 0.0000000000
47628  -53.432  -16.668  48.053 0.0000000000
45888  -52.857  -18.363  47.908 0.0000000000
45123  -50.077  -19.325  45.845 0.0000000000
104345  -50.730  -17.948  45.906 0.0000000000
45909  -50.147  -18.541  45.619 0.0000000000
45134  -49.004  -19.058  45.006 0.0000000000
100237  -47.544  -18.404  42.002 0.0000000000
46780  -48.701  -17.636  42.921 0.0000000000
105488  -47.604  -18.105  41.182 0.0000000000
46811  -48.042  -17.756  40.707 0.0000000000
46825  -47.941  -17.824  39.964 0.0000000000
48627  -50.509  -15.761  43.095 0.0000000000
47689  -50.082  -16.022  42.404 0.0000000000
116815  -49.715  -16.279  41.835 0.0000000000
46839  -48.562  -17.602  39.816 0.0000000000
51417  -55.419  -12.470  45.605 0.0000000000
50570  -54.837  -13.019  44.174 0.0000000000
103268  -53.955  -13.962  41.928 0.0000000000
50592  -57.715  -13.886  43.915 0.0000000000
50603  -56.253  -13.859  42.607 0.0000000000
49624  -55.526  -14.243  42.000 0.0000000000
49623  -54.609  -14.275  41.701 0.0000000000
49635  -53.951  -14.507  41.320 0.0000000000
49634  -53.253  -14.884  40.956 0.0000000000
30968  -22.488  -35.570  65.900 0.0000000000
30205  -22.007  -35.643  65.436 0.0000000000
110534  -21.901  -35.660  63.788 0.0000000000
30252  -19.257  -36.535  60.120 0.0000000000
30259  -20.056  -36.336  59.581 0.0000000000
31759  -24.851  -34.550  63.076 0.0000000000
109264  -25.652  -34.470  62.969 0.0000000000
113409  -23.605  -35.140  61.374 0.0000000000
31017  -23.985  -35.005  60.252 0.0000000000
31024  -23.429  -35.265  59.834 0.0000000000
30261  -22.112  -35.748  59.468 0.0000000000
30270  -21.294  -36.183  57.583 0.0000000000
29463  -22.948  -37.381  53.990 0.0000000000
34904  -32.110  -30.395  64.102 0.0000000000
33324  -31.503  -31.961  63.128 0.0000000000
33335  -31.223  -32.537  62.459 0.0000000000
33345  -30.983  -32.675  61.608 0.0000000000
97422  -31.944  -31.621  60.887 0.0000000000
106505  -31.420  -31.683  59.479 0.0000000000
33364  -31.379  -31.790  60.489 0.0000000000
32575  -30.470  -32.976  61.109 0.0000000000
32585  -29.498  -33.133  59.759 0.0000000000
32606  -27.709  -33.954  57.403 0.0000000000
114492  -27.381  -34.075  56.779 0.0000000000
105814  -31.245  -30.689  54.555 0.0000000000
35047  -29.527  -30.657  53.989 0.0000000000
34169  -29.627  -30.887  54.917 0.0000000000
34168  -28.678  -31.238  55.104 0.0000000000
34179  -27.762  -31.680  54.001 0.0000000000
33403  -27.945  -31.719  54.821 0.0000000000
33398  -27.760  -32.571  55.265 0.0000000000
31839  -26.522  -34.530  54.740 0.0000000000
31853  -26.742  -34.057  51.496 0.0000000000
34075  -31.600  -31.775  63.126 0.0000000000
34976  -36.135  -30.705  59.530 0.0000000000
35018  -40.806  -30.321  56.737 0.0000000000
35092  -37.372  -30.194  52.842 0.0000000000
35948  -41.751  -29.615  56.504 0.0000000000
36814  -43.060  -28.675  57.499 0.0000000000
36856  -41.096  -28.046  52.955 0.0000000000
36860  -38.431  -28.688  51.279 0.0000000000
37780  -52.208  -26.898  53.339 0.0000000000
38687  -47.159  -26.330  59.980 0.0000000000
38746  -51.735  -26.177  54.956 0.0000000000
45082  -55.244  -19.560  50.011 0.0000000000
45934  -47.751  -18.595  42.854 0.0000000000
47688  -49.569  -16.640  42.517 0.0000000000
48523  -53.564  -16.261  50.052 0.0000000000
97937  -38.469  -30.426  60.266 0.0000000000
98779  -39.928  -30.459  58.678 0.0000000000
102100  -33.914  -31.340  58.200 0.0000000000
108472  -53.436  -12.751  50.100 0.0000000000
112354  -40.792  -29.528  62.634 0.0000000000
