#!ascii label  , from subject sub-027S6002 vox2ras=TkReg
1455
43440  -42.388  -21.716  44.412 0.0000000000
52297  -55.222  -11.338  39.906 0.0000000000
49641  -47.540  -14.408  40.455 0.0000000000
30965  -15.037  -36.193  65.388 0.0000000000
43346  -39.983  -22.105  50.987 0.0000000000
36750  -28.354  -28.582  65.154 0.0000000000
37626  -35.593  -27.568  64.295 0.0000000000
39684  -40.915  -26.325  58.055 0.0000000000
106613  -43.775  -23.252  56.066 0.0000000000
34087  -23.015  -32.330  60.650 0.0000000000
32520  -26.694  -33.606  65.570 0.0000000000
116120  -26.469  -30.412  59.494 0.0000000000
102586  -31.198  -28.074  59.735 0.0000000000
37696  -36.077  -27.685  59.233 0.0000000000
42393  -46.394  -22.802  51.273 0.0000000000
44303  -48.591  -20.577  48.232 0.0000000000
53097  -50.231  -10.416  40.893 0.0000000000
46797  -43.846  -17.517  42.257 0.0000000000
107642  -52.758  -11.008  34.439 0.0000000000
29381  -11.903  -38.240  66.147 0.0000000000
44230  -44.182  -21.752  54.336 0.0000000000
42435  -41.298  -22.557  48.168 0.0000000000
106302  -27.438  -26.549  58.677 0.0000000000
38609  -30.250  -27.167  64.393 0.0000000000
48550  -49.074  -15.887  47.728 0.0000000000
55670  -58.891  -7.118  30.658 0.0000000000
38724  -38.983  -26.967  56.719 0.0000000000
38740  -40.150  -26.225  55.652 0.0000000000
97346  -25.495  -32.024  60.003 0.0000000000
108177  -34.357  -28.013  57.748 0.0000000000
99630  -36.640  -27.522  57.055 0.0000000000
38696  -38.800  -27.203  59.035 0.0000000000
42455  -44.597  -22.627  47.587 0.0000000000
42420  -47.930  -22.416  49.486 0.0000000000
44320  -45.577  -21.104  46.165 0.0000000000
53964  -52.817  -9.850  40.296 0.0000000000
52258  -54.551  -11.101  42.865 0.0000000000
106072  -58.188  -10.685  39.424 0.0000000000
112635  -13.444  -36.746  61.839 0.0000000000
29383  -13.277  -37.640  65.385 0.0000000000
42350  -41.940  -22.663  53.566 0.0000000000
43294  -43.805  -22.159  54.804 0.0000000000
44265  -42.847  -21.874  52.479 0.0000000000
97525  -43.227  -21.748  51.716 0.0000000000
43374  -40.267  -21.934  50.082 0.0000000000
34060  -28.608  -31.558  65.229 0.0000000000
32491  -28.479  -33.310  67.533 0.0000000000
114438  -28.804  -31.360  68.915 0.0000000000
36725  -28.690  -28.405  67.408 0.0000000000
39710  -26.317  -26.117  55.980 0.0000000000
100530  -27.876  -26.038  57.109 0.0000000000
37664  -33.647  -28.053  61.466 0.0000000000
37662  -30.761  -27.781  61.243 0.0000000000
37635  -32.481  -27.720  63.662 0.0000000000
38591  -32.119  -27.064  66.104 0.0000000000
31772  -18.413  -34.484  62.344 0.0000000000
99371  -20.366  -33.914  65.898 0.0000000000
98443  -20.329  -33.809  69.187 0.0000000000
48638  -45.523  -15.805  41.952 0.0000000000
47649  -46.548  -16.821  45.033 0.0000000000
49584  -47.703  -14.896  44.293 0.0000000000
55694  -60.506  -7.388  29.916 0.0000000000
30170  -14.397  -36.271  69.303 0.0000000000
102365  -43.074  -25.136  60.035 0.0000000000
41415  -44.856  -23.619  59.392 0.0000000000
40623  -42.936  -25.243  57.465 0.0000000000
40677  -41.812  -24.961  54.332 0.0000000000
33317  -22.611  -32.854  63.639 0.0000000000
98591  -24.337  -33.750  65.882 0.0000000000
33320  -24.911  -33.053  63.200 0.0000000000
34080  -27.089  -32.184  62.415 0.0000000000
35890  -27.474  -29.307  62.066 0.0000000000
37723  -29.359  -26.899  57.148 0.0000000000
36811  -31.513  -28.147  57.572 0.0000000000
111287  -33.468  -28.397  59.327 0.0000000000
111776  -35.675  -27.886  61.521 0.0000000000
37669  -38.443  -27.370  61.479 0.0000000000
103446  -41.028  -26.266  60.605 0.0000000000
33359  -20.793  -33.085  59.055 0.0000000000
43306  -48.289  -21.915  54.445 0.0000000000
107551  -51.862  -21.912  54.991 0.0000000000
42375  -49.807  -22.854  52.702 0.0000000000
43353  -50.574  -21.964  51.175 0.0000000000
50618  -48.754  -12.535  40.788 0.0000000000
50585  -49.739  -14.023  43.517 0.0000000000
51460  -52.379  -12.424  42.459 0.0000000000
26024  -7.660  -41.868  70.431 0.0000000000
111051  -42.889  -19.583  43.725 0.0000000000
47734  -42.752  -16.384  39.037 0.0000000000
111169  -45.166  -11.990  40.042 0.0000000000
53136  -47.111  -10.629  38.862 0.0000000000
52310  -49.429  -11.636  38.721 0.0000000000
51514  -52.157  -12.734  37.615 0.0000000000
52331  -53.986  -11.787  37.306 0.0000000000
52352  -50.754  -12.010  35.271 0.0000000000
30168  -13.148  -37.064  70.240 0.0000000000
28564  -11.312  -38.672  69.675 0.0000000000
27717  -9.132  -39.679  70.678 0.0000000000
45800  -48.536  -19.205  57.946 0.0000000000
43252  -45.747  -22.468  57.583 0.0000000000
105067  -46.029  -21.731  56.569 0.0000000000
45045  -47.012  -21.317  55.433 0.0000000000
116823  -44.773  -21.829  52.993 0.0000000000
42406  -43.870  -22.370  49.822 0.0000000000
42486  -42.343  -22.589  45.987 0.0000000000
32472  -26.112  -34.189  68.419 0.0000000000
37689  -26.174  -27.855  59.231 0.0000000000
98467  -27.345  -27.610  61.477 0.0000000000
108658  -28.608  -26.335  58.789 0.0000000000
38638  -28.308  -26.757  62.063 0.0000000000
38607  -28.472  -27.733  64.675 0.0000000000
38559  -29.743  -27.680  66.857 0.0000000000
30994  -15.507  -35.885  62.259 0.0000000000
31770  -16.831  -35.093  62.234 0.0000000000
100071  -16.862  -35.268  65.835 0.0000000000
45894  -45.912  -18.730  46.086 0.0000000000
45886  -48.209  -18.118  47.754 0.0000000000
46719  -50.589  -17.395  49.453 0.0000000000
50535  -49.731  -13.766  47.284 0.0000000000
53161  -56.019  -10.919  36.249 0.0000000000
101082  -57.809  -10.543  35.125 0.0000000000
54017  -59.269  -10.203  33.963 0.0000000000
54849  -56.923  -8.745  31.848 0.0000000000
54033  -61.444  -9.426  32.640 0.0000000000
102111  -37.754  -27.239  55.907 0.0000000000
38738  -38.810  -26.613  55.052 0.0000000000
37762  -37.873  -26.969  55.080 0.0000000000
37744  -35.429  -27.695  56.179 0.0000000000
37746  -37.226  -27.406  56.415 0.0000000000
37730  -38.281  -27.199  57.383 0.0000000000
43428  -43.625  -22.228  46.009 0.0000000000
43411  -44.937  -22.369  46.888 0.0000000000
44333  -44.180  -21.138  45.350 0.0000000000
53119  -53.429  -10.589  40.025 0.0000000000
53942  -54.625  -9.510  41.202 0.0000000000
53954  -55.105  -9.480  41.072 0.0000000000
53955  -56.761  -9.517  41.243 0.0000000000
53122  -56.713  -10.454  40.359 0.0000000000
101751  -14.461  -36.816  64.116 0.0000000000
30209  -13.638  -37.311  64.069 0.0000000000
30201  -14.573  -36.761  65.710 0.0000000000
42371  -40.726  -22.453  52.133 0.0000000000
43321  -42.492  -22.156  53.157 0.0000000000
43347  -40.964  -21.952  51.414 0.0000000000
43348  -41.773  -21.747  51.659 0.0000000000
43363  -40.094  -21.946  50.722 0.0000000000
113829  -22.463  -33.470  67.812 0.0000000000
34893  -28.602  -30.494  65.071 0.0000000000
117668  -28.810  -31.256  66.578 0.0000000000
34885  -28.694  -30.366  66.665 0.0000000000
100590  -28.748  -29.291  68.318 0.0000000000
107858  -28.412  -28.570  66.784 0.0000000000
37651  -34.620  -27.906  62.954 0.0000000000
111686  -32.977  -27.832  63.016 0.0000000000
37637  -34.347  -27.836  63.706 0.0000000000
37613  -33.797  -27.280  65.339 0.0000000000
32531  -21.603  -33.399  64.535 0.0000000000
98311  -21.187  -33.628  66.107 0.0000000000
32486  -21.679  -33.605  67.886 0.0000000000
45010  -50.033  -21.127  57.003 0.0000000000
48649  -46.469  -15.376  41.278 0.0000000000
48626  -46.481  -15.658  43.359 0.0000000000
49618  -47.762  -14.810  42.501 0.0000000000
39675  -41.771  -25.941  59.306 0.0000000000
40594  -43.116  -25.205  59.136 0.0000000000
39685  -41.816  -25.991  58.267 0.0000000000
39756  -41.057  -25.456  54.648 0.0000000000
39773  -40.303  -25.293  53.664 0.0000000000
40701  -40.611  -23.969  52.762 0.0000000000
33330  -22.825  -32.452  62.419 0.0000000000
33319  -23.952  -32.888  63.078 0.0000000000
98095  -24.132  -32.586  61.598 0.0000000000
34960  -26.377  -31.377  59.755 0.0000000000
34089  -26.054  -32.485  61.299 0.0000000000
34945  -27.172  -31.324  61.337 0.0000000000
34928  -27.737  -31.153  62.441 0.0000000000
35903  -27.329  -30.043  61.143 0.0000000000
37739  -30.399  -27.601  56.226 0.0000000000
37713  -35.666  -27.668  58.514 0.0000000000
36794  -33.993  -28.244  58.597 0.0000000000
104727  -35.279  -27.822  59.306 0.0000000000
97931  -35.171  -27.903  60.807 0.0000000000
97930  -36.057  -27.831  60.768 0.0000000000
99004  -36.944  -27.709  61.701 0.0000000000
37680  -37.486  -27.551  60.282 0.0000000000
38698  -40.297  -26.652  58.668 0.0000000000
38670  -39.829  -26.945  60.132 0.0000000000
39663  -41.119  -26.338  59.853 0.0000000000
39664  -41.721  -25.790  60.354 0.0000000000
33360  -21.510  -32.819  59.572 0.0000000000
42373  -47.365  -22.700  52.604 0.0000000000
42352  -48.518  -22.608  53.781 0.0000000000
97834  -47.733  -22.904  51.731 0.0000000000
43396  -48.235  -21.397  48.442 0.0000000000
43368  -49.207  -22.111  50.289 0.0000000000
117385  -49.612  -21.431  50.004 0.0000000000
44285  -50.198  -20.930  50.102 0.0000000000
45080  -49.822  -19.751  49.158 0.0000000000
52271  -49.601  -11.250  41.041 0.0000000000
50608  -50.324  -12.881  41.359 0.0000000000
52264  -51.916  -11.791  41.720 0.0000000000
53057  -55.942  -10.419  44.012 0.0000000000
53111  -45.698  -10.947  39.201 0.0000000000
53154  -44.814  -11.275  37.997 0.0000000000
98854  -47.454  -12.705  37.292 0.0000000000
51511  -49.350  -13.049  37.443 0.0000000000
108905  -50.577  -12.802  38.104 0.0000000000
51530  -50.002  -13.088  36.657 0.0000000000
51545  -51.208  -12.312  35.961 0.0000000000
29386  -11.758  -38.245  65.093 0.0000000000
28573  -10.612  -39.051  66.307 0.0000000000
30892  -14.201  -35.938  71.178 0.0000000000
30169  -13.736  -36.560  69.769 0.0000000000
30158  -13.560  -36.477  71.598 0.0000000000
29355  -11.684  -38.267  71.606 0.0000000000
28552  -10.496  -39.118  72.507 0.0000000000
28562  -10.009  -39.311  69.916 0.0000000000
107629  -9.716  -39.650  72.225 0.0000000000
107918  -9.110  -40.221  71.984 0.0000000000
41442  -44.420  -24.076  57.783 0.0000000000
42275  -45.368  -23.085  58.969 0.0000000000
42303  -45.185  -22.777  57.032 0.0000000000
44206  -43.862  -22.047  54.588 0.0000000000
44184  -44.854  -21.952  55.863 0.0000000000
45018  -45.105  -21.790  55.603 0.0000000000
111306  -46.578  -21.261  55.880 0.0000000000
44208  -45.707  -21.370  54.819 0.0000000000
100324  -45.704  -21.544  54.181 0.0000000000
44268  -44.292  -21.734  53.259 0.0000000000
43376  -42.294  -22.094  49.715 0.0000000000
43377  -43.079  -21.967  50.191 0.0000000000
42417  -42.627  -22.584  48.747 0.0000000000
106068  -42.930  -22.760  48.029 0.0000000000
42452  -41.848  -22.701  47.303 0.0000000000
32504  -25.993  -33.765  66.101 0.0000000000
32471  -25.535  -33.900  67.733 0.0000000000
103256  -26.631  -33.905  67.717 0.0000000000
40615  -26.756  -26.448  57.248 0.0000000000
113837  -26.201  -26.636  57.150 0.0000000000
38678  -26.789  -27.142  58.778 0.0000000000
37661  -27.131  -27.960  61.285 0.0000000000
38665  -27.170  -27.250  60.020 0.0000000000
105977  -30.465  -27.818  58.546 0.0000000000
38695  -29.329  -26.861  58.145 0.0000000000
114480  -29.571  -27.123  59.047 0.0000000000
37633  -30.953  -27.498  63.042 0.0000000000
38655  -29.124  -26.880  61.535 0.0000000000
38623  -29.293  -27.190  63.269 0.0000000000
114932  -28.153  -27.627  63.095 0.0000000000
111174  -28.788  -27.288  64.656 0.0000000000
38572  -28.813  -27.656  65.452 0.0000000000
38589  -30.202  -27.076  65.307 0.0000000000
38627  -38.719  -26.917  63.497 0.0000000000
31784  -17.560  -34.778  61.725 0.0000000000
31757  -17.539  -34.912  63.589 0.0000000000
31742  -16.916  -35.147  64.030 0.0000000000
98081  -20.188  -33.715  70.223 0.0000000000
45950  -43.410  -18.223  42.855 0.0000000000
45919  -44.274  -18.890  44.676 0.0000000000
46767  -44.562  -18.094  44.312 0.0000000000
47636  -47.533  -16.474  46.132 0.0000000000
46746  -47.328  -17.281  46.468 0.0000000000
46737  -48.315  -17.192  47.522 0.0000000000
46728  -49.471  -17.820  48.610 0.0000000000
47616  -49.450  -16.368  48.349 0.0000000000
51431  -50.848  -13.121  45.201 0.0000000000
50550  -49.461  -13.865  45.247 0.0000000000
51405  -50.522  -13.009  46.851 0.0000000000
52341  -53.749  -11.523  36.330 0.0000000000
52343  -55.419  -11.246  36.866 0.0000000000
52356  -54.337  -11.054  35.752 0.0000000000
53186  -56.383  -10.548  34.905 0.0000000000
53201  -56.313  -10.296  33.987 0.0000000000
53188  -58.580  -10.362  34.592 0.0000000000
53202  -57.378  -10.201  33.649 0.0000000000
55669  -57.519  -7.061  30.636 0.0000000000
55667  -55.834  -7.472  30.921 0.0000000000
54861  -58.469  -7.769  31.172 0.0000000000
54032  -59.528  -9.549  32.383 0.0000000000
54040  -60.205  -8.855  31.556 0.0000000000
54863  -61.170  -8.233  31.233 0.0000000000
111764  -62.410  -8.550  30.388 0.0000000000
105865  -40.194  -26.558  57.908 0.0000000000
39698  -40.658  -26.445  57.148 0.0000000000
38725  -39.954  -26.586  56.486 0.0000000000
38739  -39.609  -26.217  55.000 0.0000000000
34099  -23.841  -32.215  60.095 0.0000000000
99047  -34.752  -27.869  56.737 0.0000000000
37727  -35.242  -27.711  57.714 0.0000000000
37714  -36.445  -27.535  58.515 0.0000000000
37697  -37.347  -27.505  59.407 0.0000000000
105648  -37.695  -27.266  58.023 0.0000000000
38708  -38.976  -26.934  57.598 0.0000000000
97735  -45.387  -22.706  49.895 0.0000000000
98057  -46.862  -22.816  50.354 0.0000000000
42440  -46.747  -22.497  48.773 0.0000000000
43395  -47.043  -21.934  48.082 0.0000000000
44309  -47.004  -21.019  46.954 0.0000000000
53950  -51.478  -9.932  40.608 0.0000000000
53072  -52.105  -10.557  41.785 0.0000000000
53940  -52.779  -9.525  41.247 0.0000000000
53075  -54.889  -10.097  42.197 0.0000000000
53142  -58.936  -10.091  38.820 0.0000000000
101670  -12.870  -37.683  64.060 0.0000000000
29375  -12.688  -38.066  66.486 0.0000000000
42325  -42.583  -23.044  54.965 0.0000000000
42315  -43.787  -22.763  55.762 0.0000000000
42334  -42.920  -22.370  54.530 0.0000000000
44228  -43.365  -21.941  53.912 0.0000000000
44253  -43.533  -21.848  53.344 0.0000000000
44267  -43.509  -21.790  52.824 0.0000000000
44275  -42.586  -21.775  52.179 0.0000000000
105424  -41.716  -21.836  50.472 0.0000000000
43392  -40.740  -22.345  49.101 0.0000000000
33290  -27.903  -32.968  65.454 0.0000000000
32490  -27.980  -33.661  67.432 0.0000000000
105429  -28.580  -32.724  66.810 0.0000000000
33283  -28.715  -32.572  67.703 0.0000000000
106033  -28.866  -29.661  69.198 0.0000000000
40633  -26.972  -25.800  56.102 0.0000000000
40617  -27.507  -26.296  57.814 0.0000000000
37676  -32.325  -28.273  60.726 0.0000000000
37674  -30.584  -27.748  60.314 0.0000000000
37663  -31.770  -27.975  61.595 0.0000000000
37648  -31.686  -27.750  62.586 0.0000000000
37622  -31.846  -27.506  64.194 0.0000000000
38610  -31.114  -27.217  64.726 0.0000000000
37612  -32.844  -27.302  65.262 0.0000000000
32561  -19.646  -33.897  61.103 0.0000000000
101456  -19.684  -34.000  62.927 0.0000000000
32514  -19.627  -34.192  65.704 0.0000000000
98866  -19.242  -34.515  67.110 0.0000000000
32484  -19.946  -34.121  67.348 0.0000000000
47697  -44.489  -16.563  41.567 0.0000000000
47672  -44.931  -17.118  43.325 0.0000000000
48610  -45.917  -16.141  43.698 0.0000000000
48594  -46.998  -16.016  44.812 0.0000000000
48580  -48.257  -14.994  46.440 0.0000000000
54010  -51.032  -10.080  33.037 0.0000000000
53198  -53.231  -10.512  33.804 0.0000000000
54026  -52.351  -9.566  32.589 0.0000000000
55681  -57.944  -6.782  30.227 0.0000000000
55682  -59.141  -6.934  30.231 0.0000000000
98226  -58.018  -6.840  29.737 0.0000000000
54872  -58.804  -7.017  29.418 0.0000000000
30942  -16.043  -35.901  67.340 0.0000000000
30941  -15.267  -36.360  67.194 0.0000000000
41405  -44.707  -23.473  60.271 0.0000000000
40595  -43.737  -24.730  59.506 0.0000000000
40608  -43.774  -24.759  58.538 0.0000000000
40643  -43.314  -24.744  56.781 0.0000000000
39714  -41.923  -25.666  56.667 0.0000000000
40641  -42.389  -25.258  55.762 0.0000000000
40660  -42.760  -24.213  55.295 0.0000000000
41504  -41.753  -23.503  53.768 0.0000000000
41516  -40.834  -23.025  52.588 0.0000000000
33297  -22.355  -32.958  64.929 0.0000000000
32502  -23.617  -33.575  66.342 0.0000000000
33306  -23.547  -33.261  64.474 0.0000000000
112393  -25.206  -33.657  64.642 0.0000000000
32534  -25.949  -33.512  64.297 0.0000000000
33344  -25.071  -32.664  61.466 0.0000000000
33308  -25.990  -33.044  63.422 0.0000000000
103406  -27.333  -33.068  64.511 0.0000000000
34066  -28.332  -32.079  64.578 0.0000000000
112057  -28.427  -31.178  64.566 0.0000000000
117162  -28.296  -29.316  64.286 0.0000000000
37724  -30.042  -27.542  57.048 0.0000000000
36801  -31.690  -28.295  58.248 0.0000000000
36813  -32.963  -28.363  57.711 0.0000000000
36802  -32.421  -28.455  58.377 0.0000000000
36793  -32.614  -28.533  59.179 0.0000000000
117718  -33.870  -28.075  60.823 0.0000000000
37665  -34.968  -27.959  61.629 0.0000000000
98827  -36.119  -27.692  62.936 0.0000000000
38625  -36.887  -27.160  64.140 0.0000000000
37653  -36.895  -27.629  62.511 0.0000000000
38641  -38.220  -27.300  62.854 0.0000000000
38643  -39.694  -26.711  62.322 0.0000000000
37681  -38.335  -27.407  60.577 0.0000000000
38658  -39.864  -26.806  61.493 0.0000000000
39650  -40.429  -26.342  61.927 0.0000000000
39640  -41.612  -25.352  62.111 0.0000000000
33349  -20.774  -33.383  60.570 0.0000000000
44209  -48.772  -21.297  55.537 0.0000000000
107874  -49.829  -21.907  54.892 0.0000000000
42337  -50.189  -22.501  54.249 0.0000000000
102727  -51.407  -22.654  53.160 0.0000000000
42395  -48.557  -22.856  51.446 0.0000000000
97981  -50.132  -22.609  51.753 0.0000000000
49642  -48.187  -13.967  40.555 0.0000000000
49619  -48.688  -14.547  42.032 0.0000000000
50607  -49.683  -13.569  41.284 0.0000000000
50587  -51.298  -13.186  43.545 0.0000000000
51432  -52.223  -12.276  44.535 0.0000000000
100125  -53.155  -11.859  42.603 0.0000000000
52245  -52.966  -11.861  44.274 0.0000000000
44360  -41.004  -21.011  42.800 0.0000000000
44362  -42.294  -20.346  43.896 0.0000000000
115849  -41.362  -19.268  42.263 0.0000000000
97543  -41.784  -18.728  42.029 0.0000000000
46809  -42.812  -17.675  41.189 0.0000000000
46824  -43.325  -17.326  40.829 0.0000000000
47724  -44.322  -16.240  39.912 0.0000000000
98026  -45.001  -15.650  39.729 0.0000000000
49654  -45.700  -14.539  39.439 0.0000000000
115981  -46.892  -13.628  40.030 0.0000000000
52277  -46.725  -11.587  40.368 0.0000000000
53093  -47.074  -10.845  39.973 0.0000000000
53114  -48.427  -10.611  39.556 0.0000000000
52329  -46.143  -11.816  37.627 0.0000000000
116758  -47.942  -11.268  38.598 0.0000000000
104954  -49.876  -10.799  39.658 0.0000000000
53140  -50.720  -11.042  39.252 0.0000000000
52294  -52.185  -11.707  39.192 0.0000000000
51490  -53.638  -12.185  39.381 0.0000000000
52313  -54.742  -12.038  39.264 0.0000000000
51515  -53.447  -12.412  37.889 0.0000000000
51546  -52.033  -12.111  36.036 0.0000000000
52365  -51.886  -11.353  34.603 0.0000000000
53195  -50.744  -10.585  33.540 0.0000000000
99615  -13.904  -37.223  67.150 0.0000000000
29371  -13.287  -37.737  67.680 0.0000000000
29370  -12.664  -38.138  67.674 0.0000000000
29356  -12.437  -37.621  71.623 0.0000000000
29361  -11.982  -38.278  69.983 0.0000000000
28566  -11.416  -38.643  68.616 0.0000000000
101933  -10.668  -38.901  68.170 0.0000000000
27725  -9.433  -39.553  68.148 0.0000000000
27720  -8.472  -40.089  69.317 0.0000000000
26891  -8.073  -40.897  70.852 0.0000000000
45824  -49.124  -20.477  56.937 0.0000000000
44148  -46.503  -21.294  59.240 0.0000000000
43269  -45.273  -22.378  56.581 0.0000000000
43270  -45.964  -22.198  57.218 0.0000000000
45008  -47.972  -20.858  57.550 0.0000000000
45821  -48.674  -20.460  56.947 0.0000000000
45829  -48.220  -20.861  56.139 0.0000000000
44232  -47.138  -21.425  54.870 0.0000000000
43323  -46.065  -21.724  53.449 0.0000000000
42372  -45.954  -22.494  52.139 0.0000000000
43335  -44.240  -21.848  52.571 0.0000000000
43367  -44.327  -22.304  51.102 0.0000000000
42391  -45.032  -22.588  50.854 0.0000000000
105676  -44.142  -22.696  48.185 0.0000000000
42474  -43.615  -22.576  46.741 0.0000000000
116784  -42.419  -22.146  44.848 0.0000000000
111993  -38.393  -22.437  49.529 0.0000000000
43390  -38.817  -22.268  48.826 0.0000000000
43409  -39.313  -22.308  48.179 0.0000000000
42450  -39.956  -22.409  47.282 0.0000000000
42470  -39.575  -22.540  46.308 0.0000000000
42498  -40.282  -22.646  44.681 0.0000000000
114500  -40.909  -22.435  44.302 0.0000000000
43466  -40.651  -21.777  43.150 0.0000000000
106906  -27.432  -33.879  67.804 0.0000000000
35929  -25.983  -29.587  58.011 0.0000000000
37722  -25.880  -27.876  57.651 0.0000000000
36791  -26.330  -28.772  59.427 0.0000000000
36778  -27.013  -28.322  61.017 0.0000000000
36773  -27.170  -28.755  62.163 0.0000000000
36758  -28.111  -28.486  63.362 0.0000000000
39711  -28.228  -25.822  56.407 0.0000000000
39683  -28.143  -26.071  58.133 0.0000000000
39682  -28.206  -25.984  59.054 0.0000000000
38668  -29.792  -27.200  60.012 0.0000000000
116731  -28.423  -26.427  60.225 0.0000000000
39649  -27.648  -26.702  60.714 0.0000000000
99395  -27.475  -27.202  61.640 0.0000000000
38621  -27.983  -27.822  63.011 0.0000000000
37610  -28.492  -28.238  65.194 0.0000000000
37601  -28.638  -28.164  65.865 0.0000000000
105420  -28.756  -28.119  66.830 0.0000000000
30229  -14.164  -36.677  62.412 0.0000000000
30982  -15.054  -36.290  63.687 0.0000000000
31796  -16.697  -34.969  60.369 0.0000000000
31782  -16.025  -35.449  60.791 0.0000000000
31769  -16.140  -35.545  61.747 0.0000000000
30984  -16.276  -35.524  63.615 0.0000000000
30966  -15.713  -35.856  65.074 0.0000000000
31703  -16.591  -35.144  67.500 0.0000000000
32466  -18.896  -34.220  68.896 0.0000000000
45107  -44.584  -20.245  45.389 0.0000000000
104787  -46.005  -20.260  46.283 0.0000000000
45097  -47.529  -19.590  47.285 0.0000000000
46757  -46.447  -17.536  45.579 0.0000000000
45885  -47.535  -18.579  47.324 0.0000000000
45877  -48.121  -19.111  47.864 0.0000000000
45879  -49.849  -18.720  48.942 0.0000000000
49585  -48.380  -14.627  43.753 0.0000000000
49560  -48.712  -14.332  46.243 0.0000000000
49550  -48.897  -14.606  46.960 0.0000000000
52314  -55.815  -11.724  38.935 0.0000000000
52335  -57.352  -11.169  38.308 0.0000000000
53157  -58.516  -10.547  37.827 0.0000000000
53171  -54.918  -10.683  35.224 0.0000000000
53173  -56.580  -10.752  35.648 0.0000000000
98235  -58.768  -10.337  36.888 0.0000000000
53989  -59.765  -9.420  36.566 0.0000000000
53997  -60.658  -8.855  35.537 0.0000000000
54848  -56.031  -8.790  31.956 0.0000000000
54031  -58.465  -9.554  32.400 0.0000000000
54018  -60.831  -9.548  33.715 0.0000000000
54868  -61.890  -8.136  30.708 0.0000000000
37745  -36.288  -27.514  56.111 0.0000000000
98680  -37.099  -27.357  55.561 0.0000000000
44331  -43.069  -21.647  44.760 0.0000000000
43442  -43.649  -21.765  45.356 0.0000000000
53120  -54.360  -10.438  40.203 0.0000000000
53098  -54.549  -9.635  40.678 0.0000000000
118186  -55.067  -9.603  40.826 0.0000000000
107332  -56.078  -9.679  41.343 0.0000000000
53099  -55.908  -9.862  40.895 0.0000000000
53100  -56.933  -9.723  40.833 0.0000000000
117690  -55.883  -10.737  40.318 0.0000000000
30210  -14.639  -36.609  64.958 0.0000000000
42390  -40.532  -22.215  51.534 0.0000000000
43333  -41.325  -22.048  52.077 0.0000000000
43362  -39.512  -22.155  50.489 0.0000000000
103956  -23.039  -33.518  68.234 0.0000000000
32487  -23.093  -33.445  67.293 0.0000000000
35840  -28.372  -29.334  64.992 0.0000000000
105034  -28.599  -29.837  65.881 0.0000000000
35825  -28.387  -29.300  66.797 0.0000000000
98437  -28.256  -28.935  65.952 0.0000000000
37638  -35.297  -27.788  63.510 0.0000000000
37625  -34.890  -27.677  64.370 0.0000000000
104868  -22.226  -33.414  67.114 0.0000000000
49640  -46.892  -14.891  40.442 0.0000000000
49617  -47.092  -14.970  41.987 0.0000000000
49629  -47.347  -14.896  41.077 0.0000000000
39772  -39.488  -25.715  53.438 0.0000000000
33343  -23.050  -32.305  61.633 0.0000000000
34975  -26.026  -30.958  59.042 0.0000000000
34961  -26.925  -31.284  60.569 0.0000000000
35913  -26.886  -30.270  60.155 0.0000000000
98776  -35.700  -27.808  60.017 0.0000000000
37679  -36.600  -27.631  59.962 0.0000000000
37667  -36.849  -27.737  60.881 0.0000000000
38684  -40.434  -26.694  59.537 0.0000000000
39674  -41.049  -26.315  58.944 0.0000000000
33350  -22.257  -32.651  60.120 0.0000000000
33342  -22.104  -32.556  61.178 0.0000000000
97386  -46.849  -22.804  51.956 0.0000000000
43380  -49.050  -21.613  49.596 0.0000000000
44292  -48.856  -21.056  48.925 0.0000000000
44293  -49.599  -20.743  49.428 0.0000000000
45079  -49.210  -20.203  48.711 0.0000000000
53082  -49.909  -10.621  41.008 0.0000000000
52272  -50.286  -10.916  41.304 0.0000000000
52273  -51.122  -10.737  41.531 0.0000000000
53056  -55.163  -10.797  44.905 0.0000000000
112895  -45.050  -11.164  38.719 0.0000000000
51543  -49.467  -12.598  35.712 0.0000000000
51544  -50.403  -12.561  35.885 0.0000000000
28579  -11.180  -38.745  65.765 0.0000000000
28574  -11.328  -38.659  66.702 0.0000000000
30885  -13.878  -35.929  72.247 0.0000000000
28555  -10.053  -39.254  71.617 0.0000000000
27711  -9.704  -40.054  72.450 0.0000000000
41463  -43.927  -24.066  56.808 0.0000000000
41443  -44.944  -23.318  57.608 0.0000000000
42302  -44.506  -23.189  56.661 0.0000000000
104537  -44.357  -21.878  55.054 0.0000000000
44207  -44.944  -21.563  54.902 0.0000000000
104238  -44.957  -21.520  54.410 0.0000000000
98024  -44.375  -21.648  53.816 0.0000000000
43393  -41.727  -22.463  48.944 0.0000000000
42436  -42.191  -22.683  48.083 0.0000000000
42451  -40.935  -22.584  47.289 0.0000000000
32505  -26.762  -33.690  66.289 0.0000000000
99297  -26.258  -33.792  66.910 0.0000000000
40600  -26.786  -26.683  58.042 0.0000000000
38694  -26.623  -26.829  58.170 0.0000000000
39670  -26.887  -26.816  58.489 0.0000000000
39661  -27.471  -26.835  59.377 0.0000000000
115870  -30.076  -27.587  58.829 0.0000000000
37690  -30.387  -27.736  59.349 0.0000000000
101809  -30.186  -27.261  63.563 0.0000000000
38624  -30.099  -27.352  62.718 0.0000000000
38608  -29.367  -27.084  64.106 0.0000000000
117696  -29.493  -27.061  64.790 0.0000000000
38628  -39.479  -26.542  63.190 0.0000000000
31717  -18.335  -34.690  66.236 0.0000000000
46779  -43.993  -18.133  43.632 0.0000000000
112482  -44.569  -17.663  43.680 0.0000000000
48565  -47.989  -15.831  46.633 0.0000000000
47626  -47.863  -16.770  46.881 0.0000000000
47627  -48.471  -16.300  47.285 0.0000000000
47615  -48.863  -16.729  47.938 0.0000000000
102792  -51.502  -12.357  46.356 0.0000000000
51415  -50.852  -12.852  46.150 0.0000000000
52355  -53.471  -11.269  35.299 0.0000000000
110261  -55.850  -9.845  33.236 0.0000000000
116172  -56.646  -9.914  33.209 0.0000000000
109948  -58.175  -7.113  30.684 0.0000000000
54862  -59.440  -7.906  31.063 0.0000000000
102352  -60.323  -7.920  30.928 0.0000000000
38709  -39.719  -26.740  57.352 0.0000000000
38760  -39.173  -26.211  54.276 0.0000000000
111153  -34.832  -27.770  55.731 0.0000000000
98775  -35.743  -27.613  56.936 0.0000000000
37728  -36.108  -27.537  57.768 0.0000000000
104483  -36.915  -27.404  57.868 0.0000000000
37715  -37.173  -27.442  58.619 0.0000000000
38697  -39.440  -26.845  58.292 0.0000000000
42438  -44.830  -22.669  48.394 0.0000000000
42439  -45.740  -22.645  48.786 0.0000000000
42456  -45.578  -22.423  47.622 0.0000000000
43430  -45.699  -21.801  46.737 0.0000000000
43412  -46.540  -21.760  47.280 0.0000000000
43413  -47.351  -21.339  47.496 0.0000000000
44321  -46.379  -21.081  46.544 0.0000000000
53963  -51.872  -9.956  40.083 0.0000000000
53939  -51.846  -9.789  41.121 0.0000000000
53951  -52.351  -9.707  40.663 0.0000000000
53076  -55.829  -9.900  42.368 0.0000000000
53066  -56.220  -10.192  43.066 0.0000000000
53921  -56.635  -9.704  42.676 0.0000000000
53124  -58.731  -9.817  39.841 0.0000000000
116935  -59.034  -9.172  40.160 0.0000000000
29388  -13.299  -37.539  64.668 0.0000000000
29387  -12.642  -37.845  64.839 0.0000000000
105482  -13.185  -37.828  66.074 0.0000000000
42333  -42.196  -22.826  54.324 0.0000000000
43303  -42.644  -22.211  53.936 0.0000000000
117803  -42.898  -21.918  52.916 0.0000000000
43322  -42.969  -22.011  53.649 0.0000000000
44252  -43.302  -21.870  53.095 0.0000000000
44266  -43.194  -21.812  52.704 0.0000000000
43364  -41.025  -21.840  50.884 0.0000000000
43375  -41.254  -22.051  49.871 0.0000000000
43391  -39.664  -22.176  49.177 0.0000000000
33299  -28.378  -32.423  65.331 0.0000000000
33291  -28.261  -32.853  66.044 0.0000000000
34054  -28.720  -31.987  66.089 0.0000000000
34041  -28.738  -31.608  68.003 0.0000000000
34048  -28.766  -31.886  67.045 0.0000000000
35815  -28.511  -28.882  67.535 0.0000000000
114541  -28.824  -28.663  68.018 0.0000000000
40634  -27.333  -25.953  56.636 0.0000000000
40616  -27.173  -26.383  57.546 0.0000000000
113054  -32.795  -28.096  61.526 0.0000000000
101864  -32.279  -27.742  62.995 0.0000000000
37634  -31.726  -27.606  63.394 0.0000000000
37623  -32.651  -27.577  64.449 0.0000000000
32562  -20.463  -33.642  61.246 0.0000000000
98097  -20.403  -33.834  62.721 0.0000000000
99760  -20.127  -33.916  65.096 0.0000000000
32498  -19.801  -34.206  66.508 0.0000000000
32499  -20.566  -33.884  66.729 0.0000000000
32467  -20.952  -33.759  68.480 0.0000000000
48637  -44.866  -16.154  42.018 0.0000000000
47673  -45.364  -16.468  43.083 0.0000000000
47687  -45.170  -16.187  42.498 0.0000000000
49583  -47.079  -15.263  43.875 0.0000000000
48611  -46.669  -15.771  44.119 0.0000000000
48612  -47.318  -15.331  44.643 0.0000000000
48579  -47.660  -15.536  45.645 0.0000000000
49569  -47.886  -14.861  45.116 0.0000000000
54011  -51.930  -10.049  33.110 0.0000000000
114776  -56.568  -6.631  30.029 0.0000000000
55692  -57.204  -6.687  29.912 0.0000000000
109729  -15.614  -36.063  67.890 0.0000000000
31672  -14.929  -35.617  72.139 0.0000000000
40588  -43.562  -24.544  60.396 0.0000000000
40607  -43.101  -25.235  58.256 0.0000000000
40624  -43.627  -24.746  57.602 0.0000000000
38726  -40.756  -26.178  56.241 0.0000000000
110187  -41.271  -26.030  56.693 0.0000000000
39713  -41.514  -25.768  55.986 0.0000000000
39731  -41.749  -25.456  55.118 0.0000000000
40659  -42.329  -24.872  54.889 0.0000000000
41477  -42.251  -23.985  54.404 0.0000000000
40689  -41.676  -24.336  53.853 0.0000000000
33298  -22.997  -32.981  65.120 0.0000000000
33307  -24.190  -33.288  63.799 0.0000000000
32533  -25.107  -33.496  63.938 0.0000000000
117294  -24.592  -32.481  60.999 0.0000000000
33351  -25.373  -32.417  60.736 0.0000000000
33334  -26.275  -32.562  62.099 0.0000000000
33321  -27.055  -32.631  63.226 0.0000000000
33309  -26.844  -33.117  63.985 0.0000000000
33310  -27.870  -32.758  64.811 0.0000000000
33322  -27.783  -32.538  63.943 0.0000000000
34912  -27.927  -29.896  62.565 0.0000000000
34913  -28.141  -30.663  63.281 0.0000000000
34902  -28.400  -30.218  64.215 0.0000000000
35874  -28.124  -29.354  63.539 0.0000000000
37725  -30.890  -27.888  57.098 0.0000000000
37711  -31.014  -27.987  58.032 0.0000000000
98018  -33.650  -28.205  56.982 0.0000000000
36821  -32.640  -28.212  56.882 0.0000000000
37726  -33.631  -28.263  57.910 0.0000000000
37694  -34.392  -28.078  59.492 0.0000000000
36803  -33.192  -28.446  58.516 0.0000000000
37693  -32.868  -28.399  60.008 0.0000000000
112453  -33.705  -28.219  60.156 0.0000000000
37652  -35.315  -27.904  62.403 0.0000000000
37666  -36.208  -27.789  62.079 0.0000000000
37668  -37.632  -27.567  61.179 0.0000000000
37654  -37.755  -27.550  62.128 0.0000000000
112523  -38.534  -27.341  62.204 0.0000000000
38642  -38.977  -27.035  62.657 0.0000000000
38657  -39.157  -27.134  61.857 0.0000000000
37716  -37.940  -27.341  58.822 0.0000000000
37698  -38.171  -27.436  59.674 0.0000000000
38682  -39.043  -27.289  59.929 0.0000000000
38671  -40.520  -26.654  60.345 0.0000000000
114461  -40.015  -26.832  60.803 0.0000000000
38659  -40.546  -26.530  61.104 0.0000000000
39651  -41.201  -25.892  61.389 0.0000000000
39665  -42.343  -25.243  60.426 0.0000000000
39652  -41.985  -25.102  61.231 0.0000000000
40587  -42.850  -24.874  60.857 0.0000000000
108089  -22.361  -32.693  62.896 0.0000000000
44233  -48.579  -21.501  55.047 0.0000000000
44234  -49.293  -21.506  55.262 0.0000000000
43307  -49.053  -21.906  54.758 0.0000000000
99227  -48.844  -22.937  52.979 0.0000000000
42353  -49.450  -22.777  53.699 0.0000000000
42354  -50.455  -22.745  53.385 0.0000000000
97980  -47.242  -22.633  49.510 0.0000000000
116527  -48.023  -22.855  51.003 0.0000000000
42409  -48.597  -22.645  50.643 0.0000000000
99800  -49.974  -21.796  50.624 0.0000000000
42410  -49.406  -22.553  51.102 0.0000000000
116979  -50.020  -22.281  51.153 0.0000000000
42396  -51.139  -22.239  51.762 0.0000000000
101002  -51.415  -21.478  51.234 0.0000000000
44286  -51.461  -20.707  50.885 0.0000000000
50617  -48.193  -13.012  40.586 0.0000000000
50606  -48.929  -13.536  40.825 0.0000000000
51459  -51.603  -12.695  42.039 0.0000000000
50599  -50.908  -13.092  41.876 0.0000000000
107214  -51.732  -12.928  42.828 0.0000000000
50568  -51.461  -12.891  44.444 0.0000000000
51450  -51.997  -12.692  43.538 0.0000000000
108267  -53.105  -10.966  42.101 0.0000000000
52266  -53.766  -11.334  42.562 0.0000000000
52246  -53.538  -11.514  44.712 0.0000000000
109555  -7.237  -41.090  69.678 0.0000000000
26045  -6.647  -41.244  69.113 0.0000000000
26035  -6.781  -41.856  70.002 0.0000000000
111199  -41.516  -18.370  41.378 0.0000000000
45964  -42.297  -18.173  41.642 0.0000000000
46808  -42.003  -17.825  40.923 0.0000000000
47707  -42.714  -17.498  40.200 0.0000000000
111003  -43.020  -16.984  39.539 0.0000000000
111625  -43.661  -16.969  40.139 0.0000000000
47723  -43.581  -16.364  39.447 0.0000000000
48673  -44.186  -15.545  39.236 0.0000000000
101102  -45.055  -15.063  39.257 0.0000000000
48674  -45.761  -15.271  39.706 0.0000000000
112774  -45.001  -14.320  39.225 0.0000000000
50614  -45.647  -12.684  40.026 0.0000000000
50615  -46.617  -12.722  40.257 0.0000000000
51471  -45.844  -11.822  40.227 0.0000000000
53112  -46.679  -10.687  39.305 0.0000000000
53113  -47.540  -10.586  39.380 0.0000000000
53094  -47.924  -10.670  40.125 0.0000000000
51493  -48.885  -12.332  38.127 0.0000000000
52309  -47.927  -12.046  38.091 0.0000000000
105948  -48.523  -11.376  38.632 0.0000000000
53138  -49.069  -10.769  39.148 0.0000000000
53139  -50.020  -11.030  39.229 0.0000000000
52311  -50.397  -12.000  38.819 0.0000000000
51513  -51.350  -12.853  37.805 0.0000000000
51495  -51.078  -12.476  38.516 0.0000000000
97671  -51.805  -12.500  38.472 0.0000000000
52295  -53.164  -11.623  39.621 0.0000000000
51496  -52.738  -12.586  38.374 0.0000000000
51497  -53.552  -12.419  38.784 0.0000000000
117816  -52.842  -12.621  37.514 0.0000000000
52353  -51.582  -11.866  35.236 0.0000000000
28577  -9.882  -39.382  65.881 0.0000000000
30930  -15.014  -36.222  68.102 0.0000000000
30181  -14.564  -36.758  67.618 0.0000000000
30176  -14.471  -36.585  68.490 0.0000000000
29362  -13.291  -37.304  69.405 0.0000000000
29367  -13.369  -37.528  68.587 0.0000000000
29366  -12.784  -38.026  68.353 0.0000000000
106091  -12.886  -37.835  69.052 0.0000000000
30154  -13.090  -37.104  72.787 0.0000000000
28560  -11.447  -38.489  70.672 0.0000000000
29358  -12.159  -38.009  70.722 0.0000000000
29365  -12.215  -38.305  69.082 0.0000000000
28563  -10.688  -38.983  69.138 0.0000000000
27721  -9.155  -39.686  69.652 0.0000000000
110677  -9.139  -39.702  68.790 0.0000000000
26897  -7.843  -40.667  69.952 0.0000000000
27716  -8.471  -40.174  70.381 0.0000000000
26885  -9.206  -40.708  72.162 0.0000000000
45801  -48.063  -20.332  57.840 0.0000000000
45009  -49.130  -20.732  57.283 0.0000000000
113931  -48.734  -19.257  57.808 0.0000000000
101971  -45.152  -22.813  60.679 0.0000000000
42265  -45.252  -23.000  59.806 0.0000000000
42290  -45.724  -22.471  58.619 0.0000000000
42276  -45.618  -22.574  59.381 0.0000000000
43253  -46.145  -21.980  58.341 0.0000000000
43281  -43.737  -22.289  55.145 0.0000000000
43268  -44.664  -22.474  56.081 0.0000000000
43282  -44.139  -22.234  55.389 0.0000000000
44185  -45.447  -21.914  56.182 0.0000000000
44170  -45.315  -22.168  56.343 0.0000000000
44171  -45.884  -22.148  57.118 0.0000000000
44156  -46.535  -21.650  58.140 0.0000000000
45006  -46.644  -21.561  57.317 0.0000000000
115176  -47.350  -21.253  57.761 0.0000000000
45007  -47.325  -21.253  57.119 0.0000000000
45031  -46.950  -21.237  55.944 0.0000000000
45021  -47.904  -20.889  56.683 0.0000000000
45032  -47.843  -20.990  56.043 0.0000000000
45033  -48.289  -21.144  55.728 0.0000000000
45046  -47.738  -21.297  55.412 0.0000000000
44255  -45.053  -21.626  53.554 0.0000000000
44256  -46.594  -21.608  54.189 0.0000000000
43337  -46.456  -22.329  52.760 0.0000000000
43352  -45.062  -22.154  52.356 0.0000000000
43350  -43.558  -21.745  52.455 0.0000000000
43366  -43.662  -22.075  50.848 0.0000000000
42407  -44.486  -22.490  50.308 0.0000000000
42419  -44.728  -22.647  49.353 0.0000000000
98773  -44.050  -22.627  48.932 0.0000000000
102767  -42.310  -22.680  46.644 0.0000000000
42453  -42.784  -22.711  47.241 0.0000000000
42473  -42.945  -22.547  46.330 0.0000000000
42485  -41.900  -22.513  45.355 0.0000000000
109784  -38.103  -22.429  48.909 0.0000000000
113087  -37.609  -22.421  48.291 0.0000000000
43427  -38.912  -22.363  47.352 0.0000000000
42469  -38.495  -22.431  46.541 0.0000000000
113236  -38.987  -22.585  45.754 0.0000000000
42483  -39.609  -22.693  45.276 0.0000000000
42484  -40.399  -22.675  45.559 0.0000000000
42497  -39.363  -22.686  44.383 0.0000000000
43454  -41.148  -21.999  43.785 0.0000000000
32488  -23.992  -33.699  67.231 0.0000000000
32503  -24.510  -33.804  66.561 0.0000000000
32474  -28.035  -33.834  68.443 0.0000000000
102719  -26.324  -27.363  58.515 0.0000000000
100962  -26.108  -27.106  57.830 0.0000000000
37708  -26.097  -27.641  58.469 0.0000000000
100968  -26.161  -28.206  59.013 0.0000000000
36786  -26.632  -28.481  60.144 0.0000000000
102174  -26.392  -28.081  59.697 0.0000000000
38652  -27.098  -27.598  60.726 0.0000000000
36772  -27.201  -28.297  61.857 0.0000000000
37646  -27.257  -27.910  61.815 0.0000000000
36767  -27.690  -28.529  62.732 0.0000000000
37632  -27.668  -28.305  62.623 0.0000000000
39712  -28.672  -26.237  56.819 0.0000000000
39697  -28.617  -26.281  57.777 0.0000000000
118275  -28.171  -25.966  58.583 0.0000000000
38679  -28.193  -26.222  59.513 0.0000000000
38656  -29.927  -27.301  60.935 0.0000000000
38654  -28.186  -26.526  61.060 0.0000000000
38666  -27.881  -26.410  60.063 0.0000000000
115042  -27.702  -26.843  61.661 0.0000000000
117814  -28.441  -27.645  64.051 0.0000000000
38606  -28.313  -27.789  63.889 0.0000000000
37620  -28.390  -28.223  64.305 0.0000000000
37611  -28.573  -27.955  65.300 0.0000000000
38573  -29.619  -27.356  66.036 0.0000000000
37603  -29.005  -27.894  66.397 0.0000000000
38590  -31.210  -27.085  65.642 0.0000000000
113483  -31.268  -26.956  66.491 0.0000000000
38626  -37.759  -27.185  63.692 0.0000000000
30993  -14.951  -36.273  62.776 0.0000000000
32550  -18.996  -34.016  61.709 0.0000000000
31798  -18.176  -34.477  60.595 0.0000000000
31785  -18.295  -34.419  61.386 0.0000000000
31771  -17.577  -34.847  62.726 0.0000000000
98957  -17.239  -34.821  60.976 0.0000000000
31783  -16.731  -35.050  61.317 0.0000000000
31729  -16.986  -35.109  64.938 0.0000000000
30975  -16.365  -35.578  64.497 0.0000000000
30974  -15.669  -35.894  64.107 0.0000000000
30967  -16.458  -35.596  65.241 0.0000000000
30954  -16.187  -35.816  65.863 0.0000000000
103181  -20.112  -33.960  68.198 0.0000000000
99673  -19.249  -34.342  68.004 0.0000000000
117702  -19.583  -33.995  68.724 0.0000000000
44237  -51.827  -21.259  55.888 0.0000000000
45130  -43.088  -20.219  44.195 0.0000000000
115359  -43.596  -20.119  44.595 0.0000000000
45121  -45.281  -18.898  45.643 0.0000000000
112754  -45.070  -19.620  45.665 0.0000000000
45108  -45.611  -19.510  46.042 0.0000000000
45096  -46.833  -20.139  46.759 0.0000000000
45109  -46.271  -19.372  46.440 0.0000000000
47660  -45.850  -17.015  44.370 0.0000000000
47648  -45.972  -17.429  45.054 0.0000000000
46736  -47.688  -17.659  47.136 0.0000000000
45896  -46.918  -18.091  46.774 0.0000000000
45088  -49.355  -19.400  48.617 0.0000000000
45878  -48.937  -18.631  48.308 0.0000000000
45872  -50.589  -18.283  49.429 0.0000000000
46710  -51.182  -17.829  49.917 0.0000000000
49603  -49.179  -14.473  42.997 0.0000000000
107014  -48.338  -14.685  42.947 0.0000000000
50565  -49.069  -14.184  44.252 0.0000000000
50543  -49.926  -13.501  46.682 0.0000000000
116436  -48.944  -14.006  45.776 0.0000000000
49561  -49.206  -13.947  46.880 0.0000000000
49551  -49.442  -14.219  47.477 0.0000000000
51516  -54.262  -12.212  38.412 0.0000000000
52332  -54.863  -11.755  37.539 0.0000000000
52334  -56.521  -11.366  38.080 0.0000000000
52344  -56.274  -11.116  37.130 0.0000000000
53156  -57.780  -10.898  37.825 0.0000000000
53155  -57.115  -11.023  37.456 0.0000000000
53183  -53.742  -10.847  34.378 0.0000000000
53184  -54.635  -10.526  34.345 0.0000000000
101372  -57.036  -10.620  35.181 0.0000000000
116095  -57.296  -10.702  35.698 0.0000000000
53162  -58.066  -10.641  36.095 0.0000000000
112571  -59.022  -10.256  36.116 0.0000000000
53189  -59.445  -10.070  34.796 0.0000000000
54002  -60.214  -9.306  35.044 0.0000000000
54003  -60.776  -9.135  34.837 0.0000000000
54859  -56.481  -8.007  31.370 0.0000000000
54015  -57.373  -9.588  32.599 0.0000000000
100632  -60.589  -9.480  32.519 0.0000000000
114127  -61.433  -9.622  33.506 0.0000000000
55683  -60.043  -7.389  30.168 0.0000000000
55672  -60.812  -7.590  30.581 0.0000000000
55684  -60.904  -7.434  30.252 0.0000000000
37763  -38.475  -26.993  55.860 0.0000000000
37729  -37.484  -27.411  57.216 0.0000000000
37747  -38.051  -27.279  56.583 0.0000000000
42475  -44.254  -22.577  47.008 0.0000000000
104444  -44.301  -22.289  46.423 0.0000000000
43429  -44.955  -21.792  46.277 0.0000000000
44319  -44.828  -21.086  45.794 0.0000000000
53965  -53.762  -9.720  40.488 0.0000000000
54785  -56.650  -9.444  41.694 0.0000000000
54786  -57.493  -9.097  41.404 0.0000000000
53956  -57.608  -9.216  40.871 0.0000000000
53123  -57.785  -10.096  40.304 0.0000000000
52299  -57.319  -10.997  39.666 0.0000000000
30219  -13.941  -37.091  63.270 0.0000000000
30200  -13.996  -37.171  64.995 0.0000000000
30188  -13.828  -37.302  66.102 0.0000000000
42349  -41.579  -22.441  52.705 0.0000000000
102436  -42.124  -22.113  52.525 0.0000000000
43334  -41.952  -21.863  52.130 0.0000000000
43373  -39.525  -21.971  50.008 0.0000000000
32469  -22.330  -33.508  68.563 0.0000000000
34894  -28.848  -30.940  65.874 0.0000000000
34881  -28.746  -30.922  67.368 0.0000000000
34875  -28.712  -30.453  68.472 0.0000000000
101394  -28.599  -29.839  67.570 0.0000000000
97933  -34.305  -27.983  62.138 0.0000000000
97934  -33.348  -27.956  62.246 0.0000000000
37650  -33.833  -27.895  62.991 0.0000000000
37636  -33.382  -27.796  63.869 0.0000000000
117848  -33.349  -27.553  64.674 0.0000000000
37624  -34.058  -27.639  64.493 0.0000000000
37614  -34.569  -27.429  65.003 0.0000000000
32515  -20.962  -33.689  65.257 0.0000000000
32500  -21.406  -33.630  66.955 0.0000000000
103490  -45.608  -15.719  40.877 0.0000000000
48639  -46.373  -15.472  42.439 0.0000000000
49601  -47.026  -15.157  42.970 0.0000000000
49602  -47.661  -14.875  43.424 0.0000000000
39676  -42.412  -25.501  59.671 0.0000000000
39686  -42.477  -25.618  58.768 0.0000000000
115861  -42.549  -25.611  58.029 0.0000000000
39700  -42.234  -25.644  57.420 0.0000000000
39729  -40.338  -25.817  54.898 0.0000000000
39730  -40.914  -25.812  55.436 0.0000000000
39755  -40.531  -25.490  54.269 0.0000000000
40676  -41.096  -24.998  53.848 0.0000000000
114309  -40.721  -24.731  53.267 0.0000000000
110343  -23.347  -32.969  63.737 0.0000000000
33318  -23.093  -32.655  63.034 0.0000000000
33331  -23.614  -32.643  62.338 0.0000000000
33332  -24.690  -32.822  62.313 0.0000000000
34116  -25.540  -31.656  59.276 0.0000000000
34101  -26.250  -32.102  60.472 0.0000000000
34090  -26.815  -32.141  61.644 0.0000000000
34073  -27.856  -31.892  63.107 0.0000000000
97401  -27.280  -31.524  61.905 0.0000000000
107156  -27.519  -30.527  61.853 0.0000000000
37712  -34.823  -27.875  58.564 0.0000000000
37678  -34.419  -27.996  60.428 0.0000000000
37695  -34.992  -27.919  60.016 0.0000000000
113962  -36.343  -27.814  61.395 0.0000000000
38683  -39.651  -26.961  59.267 0.0000000000
103991  -21.453  -32.985  60.430 0.0000000000
43324  -47.806  -22.215  53.896 0.0000000000
42351  -47.951  -22.685  53.220 0.0000000000
42374  -48.264  -22.917  52.331 0.0000000000
43378  -47.617  -22.078  48.771 0.0000000000
42421  -48.515  -22.324  49.877 0.0000000000
43379  -48.374  -21.855  49.171 0.0000000000
43369  -50.781  -21.221  50.657 0.0000000000
44294  -50.210  -20.164  49.744 0.0000000000
51464  -48.884  -11.592  40.838 0.0000000000
51465  -49.527  -12.537  40.973 0.0000000000
101900  -50.170  -11.953  41.208 0.0000000000
51466  -50.969  -12.064  41.500 0.0000000000
116292  -54.396  -11.307  43.589 0.0000000000
107096  -54.994  -11.014  43.762 0.0000000000
54811  -60.896  -8.323  37.536 0.0000000000
48672  -43.302  -15.647  38.873 0.0000000000
53110  -44.795  -11.304  39.116 0.0000000000
52292  -45.204  -11.438  39.734 0.0000000000
52306  -45.680  -11.148  38.357 0.0000000000
51510  -48.389  -12.933  37.403 0.0000000000
51494  -49.777  -12.623  38.226 0.0000000000
51512  -50.103  -13.045  37.539 0.0000000000
100210  -50.756  -13.004  37.219 0.0000000000
98007  -51.573  -12.769  36.841 0.0000000000
103521  -50.803  -12.814  36.509 0.0000000000
28578  -10.497  -39.146  65.501 0.0000000000
30904  -14.264  -35.980  70.160 0.0000000000
30163  -13.626  -36.434  70.658 0.0000000000
29352  -11.809  -37.908  72.638 0.0000000000
29351  -11.197  -38.568  72.341 0.0000000000
28556  -10.913  -38.819  71.586 0.0000000000
28559  -10.601  -38.982  70.580 0.0000000000
28558  -9.740  -39.320  70.900 0.0000000000
27713  -9.300  -39.695  71.536 0.0000000000
27712  -8.711  -40.255  71.295 0.0000000000
41427  -44.934  -23.576  58.474 0.0000000000
42289  -45.393  -22.943  58.045 0.0000000000
44183  -44.134  -22.137  55.167 0.0000000000
45019  -45.839  -21.644  56.091 0.0000000000
97755  -46.545  -21.476  56.571 0.0000000000
45030  -45.814  -21.551  55.592 0.0000000000
45044  -46.253  -21.450  55.388 0.0000000000
44231  -46.208  -21.468  54.862 0.0000000000
117589  -45.526  -21.493  54.684 0.0000000000
43365  -42.385  -21.785  50.698 0.0000000000
105827  -43.055  -21.779  50.948 0.0000000000
42418  -43.231  -22.436  49.308 0.0000000000
42437  -43.446  -22.685  48.465 0.0000000000
42472  -41.586  -22.674  46.361 0.0000000000
98852  -25.115  -33.814  65.957 0.0000000000
99444  -25.346  -33.831  66.746 0.0000000000
32475  -28.745  -33.211  68.577 0.0000000000
101349  -26.647  -26.114  56.519 0.0000000000
39695  -26.379  -26.417  56.853 0.0000000000
99907  -26.537  -26.617  57.538 0.0000000000
116868  -26.372  -26.842  57.824 0.0000000000
113344  -26.610  -27.590  59.250 0.0000000000
104594  -26.413  -27.990  59.885 0.0000000000
38664  -26.815  -27.677  59.931 0.0000000000
37709  -29.791  -27.323  57.702 0.0000000000
38681  -29.922  -27.430  58.349 0.0000000000
37647  -30.863  -27.718  62.165 0.0000000000
38640  -30.008  -27.423  61.844 0.0000000000
38639  -29.206  -27.078  62.422 0.0000000000
116263  -27.938  -27.018  62.417 0.0000000000
38622  -28.517  -27.199  62.850 0.0000000000
104014  -28.637  -27.291  63.751 0.0000000000
38588  -29.249  -27.208  65.273 0.0000000000
32541  -18.969  -34.386  63.107 0.0000000000
31758  -18.258  -34.736  63.282 0.0000000000
31756  -16.839  -35.046  63.159 0.0000000000
117556  -17.234  -34.954  65.464 0.0000000000
100974  -17.008  -34.902  66.758 0.0000000000
115240  -20.862  -33.651  70.039 0.0000000000
45147  -43.451  -18.837  43.592 0.0000000000
45131  -43.619  -19.414  44.259 0.0000000000
45918  -43.971  -18.654  44.099 0.0000000000
45907  -44.921  -18.439  45.072 0.0000000000
47650  -47.162  -16.361  45.473 0.0000000000
47635  -46.982  -17.015  45.807 0.0000000000
46727  -48.805  -17.589  48.136 0.0000000000
105013  -49.301  -17.107  48.377 0.0000000000
47605  -49.869  -16.999  48.924 0.0000000000
50567  -50.759  -13.421  44.324 0.0000000000
50566  -49.984  -13.805  44.300 0.0000000000
98111  -50.262  -13.571  44.991 0.0000000000
115507  -50.364  -13.201  46.379 0.0000000000
52342  -54.580  -11.357  36.613 0.0000000000
52357  -55.158  -10.961  36.017 0.0000000000
53187  -57.120  -10.479  34.528 0.0000000000
53174  -58.762  -10.370  35.398 0.0000000000
114435  -57.840  -10.404  34.352 0.0000000000
53203  -58.353  -10.269  33.809 0.0000000000
102071  -56.301  -6.852  30.357 0.0000000000
55668  -56.805  -7.217  30.805 0.0000000000
54860  -57.472  -7.695  31.213 0.0000000000
54038  -57.915  -8.770  31.721 0.0000000000
54039  -58.996  -8.855  31.636 0.0000000000
111903  -61.142  -9.071  31.865 0.0000000000
55695  -61.493  -7.673  29.938 0.0000000000
55696  -62.285  -8.299  29.818 0.0000000000
106610  -39.347  -26.679  55.791 0.0000000000
39754  -39.892  -25.782  54.269 0.0000000000
34113  -23.074  -32.388  59.690 0.0000000000
34126  -24.753  -31.839  58.848 0.0000000000
34989  -25.895  -30.672  58.229 0.0000000000
37742  -33.070  -27.937  56.054 0.0000000000
117778  -36.729  -27.571  59.135 0.0000000000
99353  -38.496  -27.075  58.198 0.0000000000
98543  -45.933  -22.761  50.564 0.0000000000
98053  -46.345  -22.718  49.616 0.0000000000
43394  -46.363  -22.335  48.067 0.0000000000
113403  -47.660  -21.559  48.099 0.0000000000
44302  -47.935  -20.916  47.852 0.0000000000
53949  -50.772  -10.183  40.747 0.0000000000
53083  -50.600  -10.274  41.191 0.0000000000
53938  -51.133  -9.960  41.064 0.0000000000
53085  -52.133  -9.896  41.517 0.0000000000
53074  -53.874  -10.366  42.004 0.0000000000
53941  -53.770  -9.449  41.118 0.0000000000
53930  -54.297  -9.678  41.490 0.0000000000
53065  -55.483  -10.603  42.982 0.0000000000
54787  -58.495  -8.742  40.878 0.0000000000
53966  -59.408  -8.979  39.544 0.0000000000
29396  -13.143  -37.452  63.299 0.0000000000
29395  -12.337  -37.840  63.322 0.0000000000
98668  -12.057  -38.028  64.151 0.0000000000
29382  -12.581  -37.972  65.669 0.0000000000
104840  -43.157  -23.332  55.567 0.0000000000
42314  -43.555  -22.653  55.534 0.0000000000
42326  -43.213  -22.536  55.080 0.0000000000
107140  -43.492  -22.199  54.623 0.0000000000
43304  -43.262  -22.048  54.150 0.0000000000
44205  -43.600  -22.056  54.336 0.0000000000
44229  -43.681  -21.871  54.023 0.0000000000
44254  -44.002  -21.752  53.545 0.0000000000
44276  -43.192  -21.737  52.329 0.0000000000
43349  -42.494  -21.672  51.616 0.0000000000
117266  -41.827  -21.734  51.122 0.0000000000
43410  -40.323  -22.403  48.212 0.0000000000
32506  -27.514  -33.400  66.007 0.0000000000
32507  -28.110  -33.376  66.753 0.0000000000
40632  -26.711  -25.824  55.771 0.0000000000
117180  -27.131  -26.183  56.912 0.0000000000
40601  -27.058  -26.569  57.980 0.0000000000
37692  -31.959  -28.428  59.811 0.0000000000
37675  -31.435  -28.093  60.579 0.0000000000
37649  -32.488  -27.894  62.327 0.0000000000
37621  -31.043  -27.357  63.873 0.0000000000
38611  -31.979  -27.263  65.046 0.0000000000
38592  -33.115  -26.978  66.110 0.0000000000
32571  -19.399  -33.886  60.248 0.0000000000
118280  -19.167  -34.087  62.417 0.0000000000
32513  -18.997  -34.427  65.510 0.0000000000
32497  -19.054  -34.532  66.277 0.0000000000
32485  -20.764  -33.836  67.587 0.0000000000
47696  -44.095  -17.055  41.770 0.0000000000
111498  -44.235  -17.581  43.034 0.0000000000
47686  -44.672  -16.832  42.424 0.0000000000
104648  -45.511  -16.749  43.740 0.0000000000
116468  -45.840  -16.490  44.045 0.0000000000
48625  -45.769  -15.966  42.882 0.0000000000
48566  -48.672  -15.419  47.074 0.0000000000
53196  -51.564  -10.539  33.552 0.0000000000
53197  -52.395  -10.534  33.676 0.0000000000
54012  -52.815  -9.997  33.253 0.0000000000
110045  -53.529  -10.059  33.350 0.0000000000
55680  -57.085  -6.807  30.285 0.0000000000
55671  -59.739  -7.471  30.515 0.0000000000
112442  -58.598  -6.839  30.325 0.0000000000
112207  -58.690  -6.708  29.986 0.0000000000
55693  -59.423  -7.042  29.922 0.0000000000
55709  -57.175  -7.230  29.324 0.0000000000
54873  -59.884  -7.570  29.443 0.0000000000
102742  -15.528  -36.033  65.813 0.0000000000
30952  -15.124  -36.355  66.197 0.0000000000
30931  -15.546  -35.944  68.622 0.0000000000
30893  -15.029  -35.673  71.349 0.0000000000
41414  -44.224  -24.086  59.875 0.0000000000
41426  -44.401  -24.223  58.936 0.0000000000
41462  -43.435  -24.079  56.137 0.0000000000
39699  -41.471  -26.018  57.382 0.0000000000
40642  -42.663  -25.253  56.687 0.0000000000
112264  -42.995  -24.680  56.049 0.0000000000
117795  -43.102  -24.107  55.755 0.0000000000
40688  -41.232  -24.149  53.397 0.0000000000
41503  -41.304  -23.268  53.138 0.0000000000
115526  -40.260  -22.535  51.734 0.0000000000
32501  -22.733  -33.251  66.407 0.0000000000
32518  -23.771  -33.533  65.329 0.0000000000
32532  -24.411  -33.575  64.558 0.0000000000
97764  -24.762  -33.729  65.259 0.0000000000
32519  -25.780  -33.719  65.215 0.0000000000
34088  -23.821  -32.324  60.893 0.0000000000
100362  -25.551  -32.710  61.952 0.0000000000
33333  -25.640  -32.821  62.628 0.0000000000
32535  -26.679  -33.461  64.766 0.0000000000
32521  -27.354  -33.271  65.163 0.0000000000
99847  -28.230  -31.478  63.926 0.0000000000
35856  -28.230  -28.791  64.299 0.0000000000
37754  -29.911  -27.168  55.468 0.0000000000
37738  -29.762  -27.276  56.384 0.0000000000
37710  -30.333  -27.721  57.799 0.0000000000
37691  -31.191  -28.078  58.903 0.0000000000
36812  -32.170  -28.327  57.609 0.0000000000
36792  -31.889  -28.457  58.993 0.0000000000
114285  -31.568  -28.291  59.374 0.0000000000
37677  -33.195  -28.245  60.796 0.0000000000
97932  -34.394  -27.977  61.222 0.0000000000
37627  -36.163  -27.522  63.802 0.0000000000
37639  -36.880  -27.464  63.325 0.0000000000
37640  -37.504  -27.463  62.906 0.0000000000
38669  -39.232  -27.089  60.899 0.0000000000
39639  -40.886  -25.613  62.399 0.0000000000
32572  -20.139  -33.651  60.478 0.0000000000
105210  -20.925  -33.464  62.095 0.0000000000
33341  -21.225  -33.174  61.227 0.0000000000
117339  -50.009  -21.359  55.752 0.0000000000
42336  -49.488  -22.387  54.383 0.0000000000
43309  -51.512  -22.092  54.773 0.0000000000
42338  -51.193  -22.492  54.077 0.0000000000
42394  -47.298  -22.893  51.074 0.0000000000
98054  -49.185  -22.894  52.023 0.0000000000
42376  -50.766  -22.659  52.512 0.0000000000
42377  -51.773  -22.402  52.419 0.0000000000
108309  -47.924  -14.703  41.580 0.0000000000
49630  -48.563  -14.343  41.091 0.0000000000
49620  -49.583  -14.216  41.954 0.0000000000
49604  -49.998  -13.984  42.689 0.0000000000
50598  -50.254  -13.618  41.827 0.0000000000
112048  -50.633  -13.596  42.476 0.0000000000
50586  -50.549  -13.671  43.382 0.0000000000
51416  -51.599  -12.520  45.446 0.0000000000
52265  -52.628  -11.636  42.011 0.0000000000
52257  -53.725  -11.652  43.489 0.0000000000
51451  -52.792  -12.213  43.409 0.0000000000
102705  -7.044  -40.770  68.279 0.0000000000
44343  -41.887  -21.337  43.932 0.0000000000
44344  -42.746  -21.076  44.194 0.0000000000
44361  -41.657  -20.640  43.323 0.0000000000
45146  -42.056  -19.724  43.349 0.0000000000
45156  -41.908  -19.147  42.713 0.0000000000
45933  -42.695  -18.989  43.121 0.0000000000
45949  -42.539  -18.538  42.389 0.0000000000
46796  -43.097  -17.958  41.953 0.0000000000
46810  -43.527  -17.432  41.506 0.0000000000
101316  -43.946  -17.006  41.082 0.0000000000
47708  -44.377  -16.474  40.741 0.0000000000
48648  -44.848  -15.987  41.320 0.0000000000
48659  -44.919  -15.916  40.446 0.0000000000
48660  -45.586  -15.648  40.118 0.0000000000
48661  -46.215  -15.391  40.291 0.0000000000
49655  -46.426  -14.758  39.797 0.0000000000
50633  -45.358  -13.621  39.506 0.0000000000
50634  -46.316  -13.796  39.693 0.0000000000
49656  -46.998  -14.197  40.000 0.0000000000
50616  -47.460  -13.495  40.294 0.0000000000
51472  -47.417  -12.274  40.562 0.0000000000
52293  -46.157  -11.072  39.884 0.0000000000
52278  -47.559  -11.280  40.528 0.0000000000
51473  -48.125  -11.848  40.794 0.0000000000
52279  -48.383  -11.108  40.575 0.0000000000
53095  -48.814  -10.761  40.239 0.0000000000
53096  -49.702  -10.804  40.533 0.0000000000
52307  -46.602  -11.056  38.387 0.0000000000
52330  -47.003  -11.908  37.842 0.0000000000
52308  -47.403  -11.122  38.497 0.0000000000
53137  -47.980  -10.729  38.936 0.0000000000
53115  -49.353  -10.740  39.870 0.0000000000
53948  -50.280  -10.592  40.294 0.0000000000
53962  -51.053  -10.197  40.136 0.0000000000
53117  -51.387  -10.675  39.585 0.0000000000
52312  -51.252  -11.710  38.987 0.0000000000
53118  -52.385  -10.579  39.815 0.0000000000
52296  -54.127  -11.752  39.766 0.0000000000
51498  -54.083  -12.296  39.303 0.0000000000
51532  -53.243  -12.157  36.969 0.0000000000
51531  -52.493  -12.496  36.823 0.0000000000
52340  -52.942  -11.927  36.074 0.0000000000
52354  -52.473  -11.622  35.251 0.0000000000
53181  -51.297  -10.978  34.097 0.0000000000
30189  -14.589  -36.835  66.660 0.0000000000
30175  -13.858  -36.878  68.935 0.0000000000
108993  -13.925  -37.132  68.083 0.0000000000
29376  -13.315  -37.745  66.770 0.0000000000
109716  -12.853  -38.053  67.145 0.0000000000
29374  -12.126  -38.284  67.126 0.0000000000
30155  -13.485  -36.520  72.429 0.0000000000
30162  -13.043  -36.971  71.118 0.0000000000
29359  -12.685  -37.503  70.700 0.0000000000
98862  -12.651  -37.804  69.872 0.0000000000
29369  -12.131  -38.380  68.078 0.0000000000
28570  -11.392  -38.619  67.644 0.0000000000
28569  -10.666  -38.931  67.221 0.0000000000
101934  -9.903  -39.355  68.771 0.0000000000
26902  -7.626  -40.527  68.919 0.0000000000
26896  -7.536  -41.295  70.170 0.0000000000
44998  -49.565  -21.221  57.328 0.0000000000
104187  -49.578  -20.811  56.952 0.0000000000
43283  -44.674  -22.369  55.867 0.0000000000
44149  -46.930  -20.799  59.327 0.0000000000
44995  -47.625  -21.046  58.522 0.0000000000
45799  -48.331  -19.134  58.108 0.0000000000
45809  -47.951  -20.794  57.007 0.0000000000
118398  -48.577  -19.500  57.595 0.0000000000
45822  -48.894  -20.422  56.894 0.0000000000
45830  -48.880  -20.673  56.471 0.0000000000
45034  -48.944  -21.062  55.981 0.0000000000
45047  -48.232  -21.331  55.355 0.0000000000
109508  -47.885  -21.453  54.920 0.0000000000
43305  -47.437  -21.692  54.318 0.0000000000
101088  -47.074  -22.101  53.506 0.0000000000
116279  -43.887  -21.765  52.899 0.0000000000
105132  -43.904  -21.922  51.767 0.0000000000
43351  -44.639  -22.240  51.723 0.0000000000
42392  -45.491  -22.574  51.501 0.0000000000
42454  -43.688  -22.702  47.596 0.0000000000
43441  -42.883  -22.271  45.468 0.0000000000
42405  -39.321  -22.356  50.575 0.0000000000
104368  -39.062  -22.195  49.422 0.0000000000
43408  -38.367  -22.328  48.222 0.0000000000
42471  -40.597  -22.612  46.421 0.0000000000
111810  -41.128  -22.652  45.723 0.0000000000
42509  -39.372  -22.527  43.522 0.0000000000
112173  -41.080  -22.617  44.969 0.0000000000
42499  -41.703  -22.188  44.469 0.0000000000
115795  -24.748  -33.830  67.259 0.0000000000
32489  -27.299  -33.716  66.940 0.0000000000
111190  -25.707  -29.649  57.204 0.0000000000
35920  -26.175  -29.853  58.985 0.0000000000
35912  -26.590  -29.423  59.767 0.0000000000
35902  -26.961  -29.095  60.629 0.0000000000
36779  -27.161  -28.771  61.612 0.0000000000
37673  -26.784  -27.951  60.349 0.0000000000
35873  -27.770  -29.120  62.790 0.0000000000
35855  -27.925  -28.870  63.287 0.0000000000
36759  -28.361  -28.489  64.281 0.0000000000
40635  -27.807  -25.630  56.286 0.0000000000
39696  -28.027  -25.952  57.338 0.0000000000
40618  -28.091  -26.178  57.955 0.0000000000
40602  -28.068  -26.100  58.420 0.0000000000
39672  -27.775  -26.289  58.788 0.0000000000
38680  -28.995  -26.579  59.735 0.0000000000
38667  -29.101  -26.768  60.607 0.0000000000
39673  -28.052  -26.173  59.285 0.0000000000
117245  -27.644  -26.521  59.020 0.0000000000
39648  -27.464  -26.918  60.379 0.0000000000
112056  -27.486  -26.935  61.152 0.0000000000
38637  -27.704  -27.380  62.261 0.0000000000
38636  -27.513  -27.766  62.117 0.0000000000
37619  -28.162  -28.275  63.401 0.0000000000
36737  -28.474  -28.385  65.989 0.0000000000
36738  -28.628  -28.252  66.655 0.0000000000
37602  -28.670  -28.071  66.081 0.0000000000
37592  -28.825  -28.215  67.386 0.0000000000
104709  -30.554  -27.068  66.216 0.0000000000
38574  -30.283  -27.277  66.704 0.0000000000
30220  -14.580  -36.718  63.241 0.0000000000
104331  -15.036  -36.190  64.581 0.0000000000
102835  -17.760  -34.656  61.020 0.0000000000
31004  -15.367  -35.827  61.272 0.0000000000
30995  -16.197  -35.482  62.703 0.0000000000
30983  -15.591  -35.869  63.197 0.0000000000
30953  -15.780  -36.052  66.520 0.0000000000
31702  -16.492  -35.648  66.648 0.0000000000
32457  -19.505  -33.918  69.506 0.0000000000
44345  -43.381  -20.841  44.542 0.0000000000
45119  -43.893  -20.529  44.983 0.0000000000
45132  -44.071  -19.705  44.900 0.0000000000
114430  -45.275  -20.299  45.897 0.0000000000
44310  -47.517  -20.529  47.276 0.0000000000
45086  -48.156  -20.088  47.693 0.0000000000
47659  -45.086  -17.367  44.065 0.0000000000
46756  -45.342  -17.732  44.735 0.0000000000
46744  -45.734  -18.100  45.487 0.0000000000
113540  -46.810  -17.598  46.160 0.0000000000
46745  -46.371  -18.107  46.118 0.0000000000
45895  -46.461  -18.649  46.467 0.0000000000
45884  -46.834  -19.009  46.949 0.0000000000
45087  -48.773  -19.677  48.191 0.0000000000
45081  -50.551  -19.259  49.681 0.0000000000
111950  -48.324  -14.588  44.560 0.0000000000
49570  -48.604  -14.343  45.330 0.0000000000
49559  -48.130  -14.747  45.841 0.0000000000
48567  -49.274  -15.003  47.593 0.0000000000
48551  -49.611  -15.489  48.271 0.0000000000
48536  -49.969  -15.983  48.931 0.0000000000
52298  -56.338  -11.269  39.752 0.0000000000
52315  -56.883  -11.434  38.994 0.0000000000
52333  -55.672  -11.556  37.795 0.0000000000
52316  -57.641  -11.201  39.030 0.0000000000
53141  -58.132  -10.866  38.571 0.0000000000
115115  -59.291  -9.749  37.698 0.0000000000
53172  -55.756  -10.718  35.441 0.0000000000
53185  -55.544  -10.460  34.639 0.0000000000
100383  -57.019  -10.868  36.461 0.0000000000
110423  -57.869  -10.800  37.068 0.0000000000
53984  -59.983  -8.973  37.559 0.0000000000
54817  -60.580  -8.523  37.015 0.0000000000
54825  -60.573  -8.737  36.240 0.0000000000
53163  -59.611  -9.868  35.606 0.0000000000
53996  -60.274  -9.142  35.725 0.0000000000
54826  -60.614  -8.858  36.199 0.0000000000
54030  -56.374  -9.397  32.575 0.0000000000
54016  -58.094  -10.016  33.096 0.0000000000
98870  -58.966  -10.089  33.109 0.0000000000
105425  -59.963  -9.852  33.291 0.0000000000
113184  -61.453  -7.896  30.814 0.0000000000
55685  -61.939  -7.977  30.306 0.0000000000
30157  -13.102  -37.116  72.014 0.0000000000
30919  -14.875  -36.072  68.822 0.0000000000
32551  -19.905  -33.886  62.030 0.0000000000
34102  -26.778  -32.047  60.983 0.0000000000
36810  -25.793  -28.836  57.413 0.0000000000
38653  -27.343  -27.228  60.968 0.0000000000
39660  -27.030  -27.070  58.980 0.0000000000
39662  -27.692  -26.566  59.593 0.0000000000
39671  -27.472  -26.461  58.692 0.0000000000
42335  -48.941  -22.435  54.249 0.0000000000
42408  -47.806  -22.717  50.250 0.0000000000
43336  -45.532  -21.983  52.900 0.0000000000
43443  -44.266  -21.741  45.856 0.0000000000
44210  -49.464  -21.314  55.690 0.0000000000
44332  -43.656  -21.213  44.973 0.0000000000
45020  -47.280  -21.208  56.553 0.0000000000
45120  -44.667  -19.256  45.255 0.0000000000
45789  -48.273  -19.641  57.713 0.0000000000
45810  -48.357  -19.716  56.968 0.0000000000
45811  -48.683  -19.550  57.542 0.0000000000
45812  -48.790  -19.420  57.645 0.0000000000
45813  -48.924  -20.341  57.088 0.0000000000
45823  -49.161  -19.850  57.277 0.0000000000
46718  -50.064  -17.853  49.062 0.0000000000
47661  -46.276  -16.308  44.311 0.0000000000
49631  -49.175  -14.144  41.324 0.0000000000
49653  -44.245  -14.547  38.965 0.0000000000
50551  -50.157  -13.441  45.835 0.0000000000
50600  -51.176  -13.279  42.681 0.0000000000
51489  -53.051  -12.210  39.112 0.0000000000
53073  -52.828  -9.980  41.778 0.0000000000
53081  -49.232  -10.991  40.657 0.0000000000
53084  -51.395  -10.102  41.417 0.0000000000
53116  -50.574  -10.662  39.693 0.0000000000
53121  -55.132  -10.178  40.474 0.0000000000
53135  -46.395  -10.792  38.848 0.0000000000
53170  -54.213  -10.855  34.994 0.0000000000
53182  -51.992  -10.884  34.073 0.0000000000
53929  -53.465  -9.653  41.476 0.0000000000
53953  -54.183  -9.467  40.877 0.0000000000
54818  -60.601  -8.679  36.881 0.0000000000
55673  -61.410  -7.709  30.467 0.0000000000
97330  -22.239  -32.490  62.119 0.0000000000
99621  -60.184  -9.742  34.231 0.0000000000
99702  -49.356  -13.833  46.142 0.0000000000
100462  -20.840  -33.218  59.891 0.0000000000
104694  -38.959  -22.714  45.121 0.0000000000
104894  -47.959  -14.539  40.910 0.0000000000
109888  -55.076  -11.920  38.410 0.0000000000
114417  -26.787  -26.776  58.361 0.0000000000
115640  -26.422  -32.679  62.744 0.0000000000
116446  -26.941  -27.333  59.388 0.0000000000
116698  -27.445  -28.352  62.324 0.0000000000
117224  -10.678  -38.993  69.802 0.0000000000
