#!ascii label  , from subject sub-027S6002 vox2ras=TkReg
1249
75230  -54.011  17.576  28.173 0.0000000000
114684  -45.873  36.850  20.278 0.0000000000
81467  -48.913  28.408  30.982 0.0000000000
81012  -51.554  27.240  23.506 0.0000000000
85445  -51.253  35.608  15.996 0.0000000000
84859  -51.787  34.023  23.335 0.0000000000
83655  -51.378  32.349  21.285 0.0000000000
81011  -48.442  27.168  22.840 0.0000000000
76469  -49.563  19.356  41.083 0.0000000000
77216  -52.380  20.751  33.654 0.0000000000
88920  -49.509  42.113  25.101 0.0000000000
88018  -48.748  41.397  18.465 0.0000000000
84974  -48.678  33.700  14.684 0.0000000000
77912  -51.513  21.594  26.390 0.0000000000
84253  -45.684  33.224  25.912 0.0000000000
80959  -53.474  27.497  28.283 0.0000000000
104701  -55.716  21.181  22.643 0.0000000000
105297  -49.921  20.907  24.363 0.0000000000
77932  -44.073  22.019  23.764 0.0000000000
97859  -51.511  17.456  25.011 0.0000000000
83747  -52.408  32.459  15.827 0.0000000000
84325  -53.823  33.569  19.179 0.0000000000
83711  -51.300  32.206  18.307 0.0000000000
83117  -48.296  31.831  20.910 0.0000000000
98556  -51.324  21.447  38.389 0.0000000000
77840  -49.315  21.448  35.041 0.0000000000
114115  -47.287  42.265  27.499 0.0000000000
86392  -48.428  37.978  16.157 0.0000000000
78492  -49.065  22.353  27.730 0.0000000000
79987  -51.192  25.788  28.452 0.0000000000
86350  -42.760  36.869  22.613 0.0000000000
100678  -45.303  34.544  23.153 0.0000000000
82544  -52.469  31.080  23.982 0.0000000000
83050  -51.254  31.390  25.767 0.0000000000
80982  -52.911  28.224  26.236 0.0000000000
80007  -55.141  25.062  26.124 0.0000000000
79569  -53.986  24.016  23.877 0.0000000000
77953  -53.538  21.429  22.800 0.0000000000
79576  -51.339  24.036  22.734 0.0000000000
79557  -46.727  24.416  24.453 0.0000000000
85870  -48.548  36.356  18.175 0.0000000000
84879  -47.763  34.428  21.435 0.0000000000
84908  -51.660  34.763  19.317 0.0000000000
83658  -53.350  33.581  21.563 0.0000000000
82063  -52.058  30.009  22.556 0.0000000000
80496  -50.107  26.738  21.361 0.0000000000
107870  -49.664  29.862  21.779 0.0000000000
82048  -47.415  29.214  22.671 0.0000000000
76503  -51.646  19.608  38.428 0.0000000000
76526  -53.459  20.056  35.350 0.0000000000
75880  -54.632  18.604  30.878 0.0000000000
87392  -43.506  39.754  28.575 0.0000000000
87421  -44.675  39.392  25.638 0.0000000000
87448  -47.018  39.391  22.878 0.0000000000
87484  -49.039  39.600  19.795 0.0000000000
86933  -51.414  39.323  16.193 0.0000000000
85480  -51.490  36.356  14.387 0.0000000000
82655  -50.161  30.202  13.332 0.0000000000
83198  -47.529  30.582  13.506 0.0000000000
99007  -48.939  20.460  30.766 0.0000000000
76564  -52.128  19.579  29.641 0.0000000000
76591  -54.218  18.461  27.083 0.0000000000
81997  -46.478  29.516  27.773 0.0000000000
84839  -48.578  34.104  24.510 0.0000000000
82511  -48.704  30.634  26.289 0.0000000000
80956  -51.020  27.912  29.245 0.0000000000
79530  -53.639  25.394  27.889 0.0000000000
101299  -54.591  21.563  25.195 0.0000000000
105875  -55.389  17.588  25.379 0.0000000000
75959  -54.067  17.854  21.743 0.0000000000
75955  -50.643  18.497  21.333 0.0000000000
98877  -47.956  19.462  20.924 0.0000000000
79078  -48.940  24.106  23.631 0.0000000000
115834  -47.006  21.542  24.663 0.0000000000
77316  -44.833  20.669  21.491 0.0000000000
75201  -53.616  17.912  29.882 0.0000000000
75229  -51.869  17.790  27.613 0.0000000000
97864  -52.363  17.517  26.755 0.0000000000
82630  -50.954  31.061  15.521 0.0000000000
83144  -52.244  31.945  17.050 0.0000000000
83142  -50.601  31.687  16.835 0.0000000000
83709  -49.247  32.379  17.941 0.0000000000
80432  -51.476  26.889  31.518 0.0000000000
86352  -44.332  37.385  21.686 0.0000000000
82035  -52.115  30.045  24.232 0.0000000000
97424  -52.304  29.864  25.288 0.0000000000
80997  -52.391  28.141  25.225 0.0000000000
113298  -53.789  26.392  25.350 0.0000000000
80492  -52.314  26.054  24.131 0.0000000000
79577  -52.630  23.799  22.949 0.0000000000
80023  -51.589  25.574  23.290 0.0000000000
117172  -49.777  36.060  17.141 0.0000000000
84921  -49.509  34.682  18.390 0.0000000000
84935  -51.425  34.516  17.204 0.0000000000
83698  -53.162  33.039  20.014 0.0000000000
84318  -54.161  33.978  19.822 0.0000000000
83680  -53.253  33.277  20.784 0.0000000000
83102  -52.967  32.328  22.119 0.0000000000
83101  -52.013  31.860  21.828 0.0000000000
106962  -50.854  29.765  21.976 0.0000000000
83100  -50.793  31.637  21.646 0.0000000000
82570  -47.376  30.461  21.862 0.0000000000
77825  -52.285  21.443  35.782 0.0000000000
77816  -53.291  21.026  36.406 0.0000000000
77206  -53.439  20.728  34.555 0.0000000000
76539  -54.166  19.422  33.202 0.0000000000
76544  -54.078  19.644  32.566 0.0000000000
88409  -48.803  41.910  26.226 0.0000000000
87944  -45.591  40.489  26.469 0.0000000000
87950  -47.178  40.914  25.465 0.0000000000
87436  -46.017  39.363  23.753 0.0000000000
87967  -49.034  41.321  24.011 0.0000000000
88964  -48.845  42.091  20.048 0.0000000000
88467  -49.707  41.855  21.430 0.0000000000
88480  -49.829  41.479  19.465 0.0000000000
86913  -50.820  39.493  18.247 0.0000000000
88505  -50.879  40.472  17.302 0.0000000000
85461  -48.447  35.437  15.270 0.0000000000
85910  -50.385  37.147  14.557 0.0000000000
111443  -50.387  34.991  14.556 0.0000000000
100434  -50.262  33.181  14.271 0.0000000000
83761  -49.593  32.770  14.164 0.0000000000
82654  -49.354  30.047  13.112 0.0000000000
83775  -48.138  31.577  13.810 0.0000000000
78481  -45.319  23.072  29.801 0.0000000000
77876  -45.586  21.870  30.829 0.0000000000
77877  -46.375  21.670  30.570 0.0000000000
106377  -47.548  20.812  31.736 0.0000000000
102195  -47.825  21.414  29.726 0.0000000000
78500  -50.260  22.433  26.916 0.0000000000
77256  -50.423  20.603  28.350 0.0000000000
77264  -51.305  20.394  27.563 0.0000000000
76583  -52.578  19.519  28.278 0.0000000000
77273  -52.449  20.182  26.359 0.0000000000
83044  -44.587  31.956  26.774 0.0000000000
82504  -44.545  30.650  27.934 0.0000000000
82508  -45.884  30.876  27.048 0.0000000000
98746  -49.496  34.506  22.135 0.0000000000
84869  -48.176  34.450  23.080 0.0000000000
84840  -49.749  33.900  24.354 0.0000000000
82012  -51.876  30.234  26.382 0.0000000000
109753  -50.479  31.221  26.062 0.0000000000
82001  -51.040  29.175  26.928 0.0000000000
82000  -49.852  28.958  26.942 0.0000000000
80958  -52.740  27.411  29.052 0.0000000000
80945  -52.943  27.013  30.307 0.0000000000
109467  -54.341  26.767  29.100 0.0000000000
79073  -55.223  23.207  24.485 0.0000000000
79050  -55.216  23.502  26.007 0.0000000000
77940  -55.524  20.923  24.449 0.0000000000
76612  -55.246  19.260  24.620 0.0000000000
75949  -56.186  19.043  23.724 0.0000000000
75288  -54.578  17.535  23.165 0.0000000000
114877  -55.443  19.194  22.117 0.0000000000
114226  -51.806  20.729  23.803 0.0000000000
76625  -51.770  19.287  23.302 0.0000000000
76623  -49.832  19.245  23.176 0.0000000000
75954  -49.626  18.787  21.048 0.0000000000
76608  -48.984  19.608  23.752 0.0000000000
80495  -49.383  26.567  21.887 0.0000000000
80031  -49.694  25.474  22.154 0.0000000000
80021  -48.802  25.892  23.002 0.0000000000
78528  -44.916  22.595  24.504 0.0000000000
78530  -46.677  22.411  24.705 0.0000000000
77933  -45.352  21.307  24.043 0.0000000000
76619  -45.616  20.361  22.627 0.0000000000
77305  -44.915  21.064  22.952 0.0000000000
76636  -44.140  20.750  21.474 0.0000000000
75870  -51.907  18.384  32.300 0.0000000000
98749  -51.479  17.346  22.901 0.0000000000
99624  -52.344  33.884  15.557 0.0000000000
84936  -52.452  34.138  16.827 0.0000000000
112949  -53.264  33.172  17.422 0.0000000000
83713  -53.221  32.636  18.363 0.0000000000
98118  -51.372  32.449  19.048 0.0000000000
83677  -49.895  32.379  20.499 0.0000000000
83695  -49.616  32.570  19.613 0.0000000000
106119  -50.616  20.364  39.875 0.0000000000
105379  -49.669  20.635  37.724 0.0000000000
77204  -51.149  21.243  34.668 0.0000000000
115888  -48.467  42.517  25.765 0.0000000000
87522  -48.843  40.180  17.367 0.0000000000
102665  -47.403  34.815  15.428 0.0000000000
84366  -46.914  32.815  14.668 0.0000000000
77894  -48.037  22.086  28.653 0.0000000000
79527  -49.687  24.942  27.537 0.0000000000
79045  -51.026  23.841  26.629 0.0000000000
84837  -45.553  34.234  24.557 0.0000000000
84278  -52.298  32.765  24.231 0.0000000000
84269  -51.501  32.642  25.065 0.0000000000
83053  -51.852  31.784  25.111 0.0000000000
107772  -52.282  29.824  26.266 0.0000000000
81493  -53.414  27.784  27.423 0.0000000000
80961  -54.891  27.045  28.287 0.0000000000
80472  -54.651  26.208  26.454 0.0000000000
79559  -54.825  24.363  24.594 0.0000000000
79083  -54.599  23.204  23.413 0.0000000000
77318  -55.111  20.700  21.976 0.0000000000
104030  -53.590  22.776  22.609 0.0000000000
77952  -52.573  22.199  22.970 0.0000000000
78542  -50.597  22.656  23.528 0.0000000000
80015  -47.378  25.745  24.230 0.0000000000
81465  -46.601  28.503  31.021 0.0000000000
85867  -47.036  36.417  19.203 0.0000000000
85402  -46.531  35.294  20.109 0.0000000000
84919  -47.889  35.132  18.890 0.0000000000
84893  -50.013  34.473  20.378 0.0000000000
115672  -51.439  34.834  21.259 0.0000000000
84909  -52.869  34.883  19.075 0.0000000000
84895  -53.424  34.886  20.534 0.0000000000
84874  -52.891  34.120  22.295 0.0000000000
83631  -53.160  32.762  23.260 0.0000000000
82558  -52.806  30.990  22.895 0.0000000000
81549  -51.678  28.443  22.412 0.0000000000
80498  -51.118  26.446  22.546 0.0000000000
81037  -51.188  27.753  21.650 0.0000000000
81035  -49.941  27.396  21.341 0.0000000000
81547  -48.810  28.257  21.910 0.0000000000
83098  -48.727  31.272  21.329 0.0000000000
113600  -48.185  29.755  21.909 0.0000000000
76487  -52.466  20.765  39.411 0.0000000000
113612  -52.699  19.979  37.407 0.0000000000
76524  -52.061  19.393  35.544 0.0000000000
75864  -53.360  19.071  33.359 0.0000000000
98211  -53.981  18.303  30.913 0.0000000000
75188  -55.291  17.830  30.134 0.0000000000
86849  -42.352  38.522  26.834 0.0000000000
87414  -43.687  39.272  26.699 0.0000000000
109155  -42.662  38.296  25.177 0.0000000000
86879  -44.138  38.603  23.788 0.0000000000
98911  -44.741  38.480  22.889 0.0000000000
86904  -46.011  38.207  21.090 0.0000000000
88940  -49.778  42.687  23.644 0.0000000000
87978  -49.317  41.305  22.669 0.0000000000
87463  -48.554  40.244  21.333 0.0000000000
86906  -47.499  38.594  20.349 0.0000000000
86364  -48.605  37.975  19.120 0.0000000000
86370  -50.295  37.976  17.651 0.0000000000
86393  -52.028  37.792  15.298 0.0000000000
86945  -50.896  39.515  15.721 0.0000000000
86408  -51.590  38.063  14.733 0.0000000000
85911  -52.143  36.700  14.616 0.0000000000
84371  -51.881  33.576  14.626 0.0000000000
83180  -51.529  31.484  14.979 0.0000000000
81620  -48.831  28.437  13.871 0.0000000000
81631  -48.075  27.991  13.447 0.0000000000
83178  -46.872  31.246  14.014 0.0000000000
77213  -49.112  20.655  33.371 0.0000000000
77223  -50.982  19.934  32.328 0.0000000000
77888  -49.198  21.114  28.942 0.0000000000
77241  -50.600  19.807  30.553 0.0000000000
77232  -51.851  19.800  31.887 0.0000000000
76565  -53.378  19.316  29.997 0.0000000000
75911  -55.325  18.242  28.947 0.0000000000
75217  -55.401  17.859  28.651 0.0000000000
81471  -47.464  28.399  29.601 0.0000000000
100535  -46.438  34.474  22.215 0.0000000000
84854  -46.835  34.430  23.931 0.0000000000
101908  -47.437  33.635  25.328 0.0000000000
83624  -50.352  32.333  25.523 0.0000000000
83622  -48.441  32.508  25.589 0.0000000000
83046  -47.091  31.546  26.281 0.0000000000
82507  -47.208  29.876  27.195 0.0000000000
81488  -48.318  28.591  27.791 0.0000000000
80942  -49.871  28.167  29.908 0.0000000000
80934  -52.245  27.341  31.057 0.0000000000
79529  -51.719  25.494  27.861 0.0000000000
79541  -52.867  24.660  26.924 0.0000000000
79532  -54.662  25.427  27.545 0.0000000000
79048  -54.660  24.036  26.696 0.0000000000
106244  -52.945  21.664  25.621 0.0000000000
77281  -53.787  19.597  25.419 0.0000000000
75929  -55.508  18.088  26.229 0.0000000000
75244  -54.769  17.211  26.415 0.0000000000
75256  -54.185  17.322  25.462 0.0000000000
75273  -52.875  17.377  23.456 0.0000000000
107762  -52.053  17.300  20.933 0.0000000000
75947  -53.969  18.357  22.020 0.0000000000
75957  -52.533  18.126  21.242 0.0000000000
75338  -51.691  17.936  19.463 0.0000000000
75976  -50.476  18.297  19.173 0.0000000000
76655  -48.407  19.246  19.603 0.0000000000
103145  -50.481  24.795  22.388 0.0000000000
79566  -50.004  23.993  22.608 0.0000000000
78541  -49.809  22.935  23.780 0.0000000000
79558  -48.225  24.520  23.931 0.0000000000
78532  -48.433  22.669  24.419 0.0000000000
77291  -48.483  20.333  24.371 0.0000000000
76606  -47.036  19.833  23.635 0.0000000000
76638  -46.125  19.892  21.870 0.0000000000
75215  -53.808  17.676  29.075 0.0000000000
97724  -52.693  17.664  28.367 0.0000000000
111972  -52.918  17.492  27.628 0.0000000000
100149  -54.055  17.460  27.170 0.0000000000
82617  -50.379  31.149  15.870 0.0000000000
83157  -50.884  31.466  16.420 0.0000000000
83156  -50.147  31.382  16.300 0.0000000000
80422  -50.696  26.828  31.762 0.0000000000
80925  -50.943  27.683  31.682 0.0000000000
86359  -45.301  36.903  20.722 0.0000000000
85860  -44.234  36.322  21.402 0.0000000000
85863  -45.639  36.241  20.396 0.0000000000
80996  -51.881  27.932  24.302 0.0000000000
81521  -52.013  28.971  24.555 0.0000000000
80483  -52.146  27.069  24.541 0.0000000000
80491  -51.608  26.473  23.675 0.0000000000
85444  -50.348  35.818  16.731 0.0000000000
85431  -50.601  35.021  16.807 0.0000000000
83679  -52.144  32.807  20.733 0.0000000000
83656  -52.511  32.742  21.407 0.0000000000
76470  -50.784  19.388  41.028 0.0000000000
110467  -51.998  21.150  34.264 0.0000000000
77843  -53.073  21.274  35.223 0.0000000000
77205  -52.890  21.103  34.372 0.0000000000
77217  -53.483  20.509  33.879 0.0000000000
77225  -53.285  20.122  33.153 0.0000000000
88420  -49.154  41.845  25.813 0.0000000000
87951  -48.724  41.622  25.785 0.0000000000
98905  -48.289  41.357  25.123 0.0000000000
87956  -47.699  40.745  24.213 0.0000000000
97731  -49.543  41.695  24.730 0.0000000000
88491  -48.346  41.646  18.905 0.0000000000
88478  -47.999  41.692  19.406 0.0000000000
88479  -48.821  42.005  19.178 0.0000000000
88977  -49.600  41.778  19.901 0.0000000000
88493  -49.918  41.398  18.694 0.0000000000
88494  -50.378  40.837  18.241 0.0000000000
88503  -49.597  41.205  18.183 0.0000000000
84961  -48.584  34.455  15.040 0.0000000000
85478  -49.527  35.184  14.863 0.0000000000
84975  -49.658  34.176  14.565 0.0000000000
84369  -50.073  33.605  14.335 0.0000000000
84368  -49.247  33.254  14.363 0.0000000000
83776  -49.155  31.885  13.779 0.0000000000
83760  -48.733  32.458  14.135 0.0000000000
79026  -45.612  23.766  29.371 0.0000000000
101393  -45.975  22.999  29.367 0.0000000000
78475  -45.886  22.315  30.001 0.0000000000
78482  -46.391  22.470  29.478 0.0000000000
77878  -47.569  21.270  30.319 0.0000000000
77911  -50.873  22.011  26.661 0.0000000000
77905  -51.029  21.185  27.027 0.0000000000
77272  -51.688  20.698  26.755 0.0000000000
77913  -52.212  21.135  26.047 0.0000000000
84262  -44.990  33.470  25.731 0.0000000000
84252  -44.792  32.927  26.238 0.0000000000
83045  -45.595  31.602  26.664 0.0000000000
84871  -50.329  34.485  22.855 0.0000000000
84857  -50.050  34.235  23.686 0.0000000000
84841  -50.753  33.777  24.208 0.0000000000
81492  -52.665  28.480  27.048 0.0000000000
82011  -51.361  30.363  26.461 0.0000000000
81491  -52.559  28.033  27.503 0.0000000000
81490  -51.779  28.174  27.663 0.0000000000
116781  -53.500  27.112  29.437 0.0000000000
77954  -55.653  21.576  23.326 0.0000000000
78535  -55.414  22.491  24.677 0.0000000000
77955  -56.081  20.992  23.406 0.0000000000
77309  -56.161  20.234  23.617 0.0000000000
99911  -56.285  19.768  22.845 0.0000000000
100965  -56.117  19.201  22.270 0.0000000000
116652  -55.781  19.995  21.992 0.0000000000
77293  -50.426  20.280  24.172 0.0000000000
76610  -50.810  19.653  23.755 0.0000000000
76609  -50.007  19.656  23.801 0.0000000000
80490  -48.857  26.521  22.523 0.0000000000
80030  -49.323  25.981  22.349 0.0000000000
97810  -44.846  21.901  24.263 0.0000000000
117564  -45.486  21.755  24.402 0.0000000000
77949  -44.432  21.599  23.510 0.0000000000
77959  -44.083  21.417  22.501 0.0000000000
77948  -43.412  21.889  22.812 0.0000000000
75271  -50.895  17.459  24.076 0.0000000000
84354  -52.472  33.262  15.581 0.0000000000
84342  -52.939  33.309  16.654 0.0000000000
103729  -52.919  32.767  16.711 0.0000000000
83728  -52.263  32.087  17.672 0.0000000000
83729  -52.848  32.474  17.755 0.0000000000
83712  -52.431  32.365  18.656 0.0000000000
83696  -50.680  32.595  19.739 0.0000000000
99355  -50.391  32.515  18.877 0.0000000000
102236  -48.445  32.574  18.620 0.0000000000
76501  -49.349  20.032  38.064 0.0000000000
77841  -50.272  21.483  35.213 0.0000000000
77203  -50.197  21.208  34.454 0.0000000000
88918  -48.553  42.368  25.903 0.0000000000
111648  -47.503  35.686  15.700 0.0000000000
84960  -46.441  34.174  15.428 0.0000000000
85460  -46.316  34.960  15.902 0.0000000000
79973  -50.135  25.874  29.138 0.0000000000
79985  -49.395  25.428  28.191 0.0000000000
79986  -50.315  25.639  28.290 0.0000000000
79039  -50.151  24.142  27.060 0.0000000000
79528  -50.607  25.236  27.575 0.0000000000
86347  -42.328  36.987  23.168 0.0000000000
105483  -45.166  34.447  23.919 0.0000000000
111669  -52.293  32.093  24.510 0.0000000000
83629  -52.071  32.391  24.641 0.0000000000
101648  -52.242  31.558  24.697 0.0000000000
103046  -52.539  29.063  25.669 0.0000000000
82023  -52.193  30.409  25.691 0.0000000000
81513  -52.580  29.216  26.109 0.0000000000
81502  -52.548  28.803  26.691 0.0000000000
81503  -53.103  27.998  26.895 0.0000000000
80984  -54.616  26.978  27.008 0.0000000000
80983  -53.893  27.556  26.645 0.0000000000
80025  -53.836  24.925  24.193 0.0000000000
80017  -54.614  25.139  24.822 0.0000000000
80026  -54.419  24.442  24.314 0.0000000000
79571  -54.907  23.639  24.207 0.0000000000
79082  -54.184  23.498  23.458 0.0000000000
78550  -54.146  22.428  22.545 0.0000000000
79091  -54.035  23.072  22.820 0.0000000000
79089  -52.256  23.316  22.809 0.0000000000
78548  -51.948  22.937  22.824 0.0000000000
78543  -51.490  22.460  23.278 0.0000000000
79081  -51.059  23.145  22.969 0.0000000000
85869  -47.757  36.412  18.671 0.0000000000
85411  -47.351  35.723  18.918 0.0000000000
85420  -48.106  35.659  18.481 0.0000000000
84922  -50.358  34.515  18.690 0.0000000000
114004  -49.355  34.447  19.708 0.0000000000
108733  -50.322  34.457  19.584 0.0000000000
84881  -50.667  34.704  21.092 0.0000000000
99446  -51.413  34.804  20.404 0.0000000000
84938  -53.623  33.820  18.593 0.0000000000
84923  -52.630  34.349  18.024 0.0000000000
84924  -53.502  34.407  18.918 0.0000000000
84301  -53.620  34.031  21.007 0.0000000000
84896  -53.847  34.325  20.158 0.0000000000
84884  -53.403  34.382  21.184 0.0000000000
84883  -52.818  34.704  21.537 0.0000000000
84290  -53.271  33.701  22.109 0.0000000000
103306  -53.169  33.212  23.028 0.0000000000
83639  -53.268  33.118  22.507 0.0000000000
82574  -52.525  31.073  22.351 0.0000000000
83080  -53.059  31.729  22.672 0.0000000000
82049  -52.338  30.157  23.147 0.0000000000
81550  -51.965  29.355  22.617 0.0000000000
81559  -51.524  28.771  22.134 0.0000000000
109083  -50.072  28.870  21.613 0.0000000000
81548  -49.286  27.641  21.653 0.0000000000
83653  -49.272  31.864  20.996 0.0000000000
77166  -51.132  21.251  39.135 0.0000000000
77160  -52.094  20.973  40.048 0.0000000000
77800  -52.158  21.339  38.903 0.0000000000
77191  -53.405  20.621  35.625 0.0000000000
77183  -53.232  20.705  37.164 0.0000000000
76525  -53.090  19.811  35.961 0.0000000000
102118  -52.489  19.729  36.550 0.0000000000
113757  -52.881  19.521  34.814 0.0000000000
75857  -52.426  19.056  33.866 0.0000000000
75858  -53.290  19.516  33.977 0.0000000000
75873  -54.602  18.932  32.019 0.0000000000
75872  -54.329  18.767  32.292 0.0000000000
75879  -54.479  18.603  31.320 0.0000000000
75890  -55.040  17.951  30.682 0.0000000000
75891  -55.231  18.071  30.342 0.0000000000
109886  -43.280  39.867  29.411 0.0000000000
87391  -42.683  39.372  28.942 0.0000000000
86838  -42.248  38.698  27.615 0.0000000000
87404  -42.885  39.151  28.053 0.0000000000
88388  -46.330  42.258  27.900 0.0000000000
87934  -45.724  41.131  27.361 0.0000000000
87416  -45.104  39.760  25.951 0.0000000000
87407  -44.786  39.911  26.560 0.0000000000
87420  -44.044  39.285  25.983 0.0000000000
86858  -43.326  38.874  25.822 0.0000000000
86859  -44.039  39.054  25.309 0.0000000000
86867  -43.388  38.596  24.950 0.0000000000
86869  -44.741  39.163  24.737 0.0000000000
87437  -46.835  39.712  23.593 0.0000000000
105197  -45.562  38.984  23.193 0.0000000000
86890  -46.467  38.953  22.487 0.0000000000
117363  -45.557  38.265  21.666 0.0000000000
86898  -47.074  39.098  22.124 0.0000000000
87969  -50.383  41.852  23.623 0.0000000000
88958  -50.106  42.295  22.458 0.0000000000
87474  -49.341  40.504  20.094 0.0000000000
87986  -49.278  40.882  21.009 0.0000000000
87473  -48.738  39.986  20.513 0.0000000000
87472  -48.051  39.288  20.896 0.0000000000
86907  -48.341  39.109  20.105 0.0000000000
86910  -47.938  38.309  19.642 0.0000000000
99065  -49.467  39.236  19.419 0.0000000000
87524  -51.453  39.620  17.326 0.0000000000
86931  -50.992  38.915  17.807 0.0000000000
86932  -51.314  38.751  16.897 0.0000000000
86382  -51.019  37.593  16.544 0.0000000000
86946  -51.739  38.615  15.915 0.0000000000
86944  -49.422  38.890  16.097 0.0000000000
87541  -49.815  39.835  16.542 0.0000000000
85925  -51.240  37.197  14.374 0.0000000000
86425  -51.085  37.952  14.413 0.0000000000
85926  -51.626  37.017  14.364 0.0000000000
86427  -51.844  37.286  14.442 0.0000000000
85481  -51.814  36.260  14.355 0.0000000000
84978  -51.866  35.275  14.417 0.0000000000
83762  -50.582  32.495  14.309 0.0000000000
82637  -50.883  30.841  14.634 0.0000000000
102657  -50.644  30.178  14.736 0.0000000000
117497  -50.443  29.643  14.371 0.0000000000
82143  -50.144  29.362  13.881 0.0000000000
82653  -48.244  29.589  13.227 0.0000000000
114404  -49.121  29.025  13.139 0.0000000000
102377  -48.267  28.546  13.221 0.0000000000
81642  -47.170  28.025  13.029 0.0000000000
100576  -47.406  28.706  13.001 0.0000000000
77864  -47.171  20.949  32.559 0.0000000000
77229  -48.398  20.481  31.652 0.0000000000
77221  -48.865  20.451  32.499 0.0000000000
77230  -49.320  20.180  31.752 0.0000000000
77222  -49.927  20.128  32.723 0.0000000000
101009  -50.152  19.855  31.855 0.0000000000
78491  -48.285  22.728  28.064 0.0000000000
98573  -48.698  21.831  28.423 0.0000000000
77895  -49.433  21.531  28.156 0.0000000000
102815  -51.227  19.784  29.235 0.0000000000
77250  -50.504  20.176  29.030 0.0000000000
100353  -51.295  19.709  30.026 0.0000000000
77242  -51.595  19.708  30.965 0.0000000000
76556  -52.439  19.545  30.505 0.0000000000
76547  -52.752  19.544  31.433 0.0000000000
103235  -53.315  19.122  27.647 0.0000000000
76584  -53.792  18.850  28.586 0.0000000000
117857  -54.444  18.454  28.007 0.0000000000
75920  -55.453  17.999  27.926 0.0000000000
81996  -45.726  29.712  28.006 0.0000000000
81470  -46.427  28.619  29.305 0.0000000000
84891  -47.197  34.700  20.545 0.0000000000
84890  -46.219  34.927  20.796 0.0000000000
84878  -46.751  34.551  21.391 0.0000000000
84855  -47.871  34.493  23.950 0.0000000000
84838  -47.473  34.259  24.633 0.0000000000
84271  -47.033  34.010  25.140 0.0000000000
84272  -48.014  33.852  25.006 0.0000000000
103327  -51.346  32.210  25.342 0.0000000000
83625  -51.049  32.448  25.409 0.0000000000
112044  -50.806  31.990  25.651 0.0000000000
82512  -49.882  30.705  26.296 0.0000000000
83617  -50.198  31.742  25.785 0.0000000000
109402  -48.666  31.236  25.929 0.0000000000
83615  -48.058  31.745  25.895 0.0000000000
83047  -47.813  31.032  26.236 0.0000000000
82510  -47.708  30.457  26.623 0.0000000000
111441  -48.136  30.027  26.763 0.0000000000
81489  -50.616  28.179  27.886 0.0000000000
102842  -49.359  28.419  27.790 0.0000000000
81478  -50.034  28.057  28.855 0.0000000000
81477  -48.930  28.244  28.711 0.0000000000
80943  -50.992  28.054  30.209 0.0000000000
80933  -51.802  27.834  31.254 0.0000000000
80944  -51.936  27.865  30.516 0.0000000000
79976  -54.002  26.685  29.235 0.0000000000
109468  -53.231  26.847  29.828 0.0000000000
79988  -53.226  26.092  28.807 0.0000000000
109153  -52.584  25.266  27.627 0.0000000000
80463  -54.906  26.138  27.546 0.0000000000
79979  -54.938  26.437  28.233 0.0000000000
79544  -54.933  24.850  26.924 0.0000000000
78510  -54.934  22.917  25.764 0.0000000000
79049  -55.080  23.576  26.248 0.0000000000
78517  -55.013  22.558  25.712 0.0000000000
78516  -53.945  22.169  25.503 0.0000000000
112889  -53.639  21.305  25.324 0.0000000000
77921  -53.050  20.548  25.636 0.0000000000
77922  -53.977  20.577  25.074 0.0000000000
75259  -55.753  18.244  24.830 0.0000000000
75930  -55.481  18.290  25.431 0.0000000000
117384  -55.511  17.746  26.157 0.0000000000
75245  -55.315  17.422  26.644 0.0000000000
75257  -55.086  17.262  25.924 0.0000000000
75275  -54.737  17.402  24.749 0.0000000000
75287  -54.063  17.655  21.980 0.0000000000
98747  -53.722  17.382  22.878 0.0000000000
75286  -53.166  17.481  22.226 0.0000000000
110121  -52.624  17.416  21.658 0.0000000000
75306  -53.042  17.805  21.436 0.0000000000
77317  -54.373  20.576  22.439 0.0000000000
76627  -54.195  19.396  22.602 0.0000000000
77308  -53.358  20.285  23.084 0.0000000000
75945  -51.703  18.668  22.461 0.0000000000
75946  -52.799  18.545  22.271 0.0000000000
75956  -51.700  18.343  21.357 0.0000000000
75340  -52.297  17.800  20.186 0.0000000000
75969  -51.691  18.200  20.142 0.0000000000
75350  -51.182  18.068  19.275 0.0000000000
75968  -50.610  18.414  20.059 0.0000000000
76640  -48.711  19.226  21.894 0.0000000000
102546  -48.860  19.247  20.586 0.0000000000
76665  -47.630  19.354  19.122 0.0000000000
76654  -47.232  19.583  20.149 0.0000000000
81025  -50.920  26.898  21.527 0.0000000000
80033  -50.723  25.532  22.388 0.0000000000
80497  -50.434  26.192  21.749 0.0000000000
112445  -49.446  24.431  22.913 0.0000000000
79574  -49.873  24.739  22.292 0.0000000000
79079  -49.603  23.739  23.298 0.0000000000
79072  -49.062  23.317  24.046 0.0000000000
107410  -46.998  25.081  24.370 0.0000000000
111192  -47.441  24.653  24.267 0.0000000000
78531  -47.618  22.466  24.598 0.0000000000
77935  -48.170  21.544  24.655 0.0000000000
104084  -47.276  20.477  24.299 0.0000000000
76607  -47.888  19.787  23.800 0.0000000000
101361  -45.091  20.887  22.071 0.0000000000
76637  -45.391  20.333  21.576 0.0000000000
76653  -46.099  19.820  20.793 0.0000000000
75186  -53.429  18.250  30.502 0.0000000000
75200  -52.401  17.992  29.267 0.0000000000
75214  -51.581  18.041  28.417 0.0000000000
83166  -52.093  31.770  15.920 0.0000000000
115267  -52.400  32.211  16.494 0.0000000000
83158  -51.580  31.605  16.490 0.0000000000
83143  -51.508  31.698  16.948 0.0000000000
83727  -51.027  31.929  17.505 0.0000000000
83710  -50.197  32.314  18.088 0.0000000000
83726  -50.009  32.133  17.333 0.0000000000
80442  -50.986  26.376  30.436 0.0000000000
86351  -43.456  37.155  22.147 0.0000000000
85859  -43.558  36.368  21.793 0.0000000000
84876  -45.005  34.976  21.702 0.0000000000
103646  -52.219  30.619  24.912 0.0000000000
80470  -53.154  27.237  25.626 0.0000000000
80484  -53.080  26.364  24.807 0.0000000000
79568  -53.195  24.346  23.510 0.0000000000
80024  -52.677  25.182  23.831 0.0000000000
79567  -52.063  24.606  23.188 0.0000000000
107648  -51.179  24.857  22.723 0.0000000000
104309  -49.344  36.314  17.523 0.0000000000
85421  -48.819  35.521  17.918 0.0000000000
85430  -49.668  35.450  17.383 0.0000000000
113181  -50.242  34.749  17.778 0.0000000000
98367  -51.499  34.556  18.230 0.0000000000
83699  -53.899  33.506  19.415 0.0000000000
84925  -53.884  34.282  19.670 0.0000000000
114361  -53.910  33.726  20.119 0.0000000000
84312  -53.865  33.948  20.483 0.0000000000
83657  -53.232  33.337  21.474 0.0000000000
83103  -53.254  33.047  22.157 0.0000000000
82071  -51.536  29.379  22.192 0.0000000000
98837  -51.490  30.827  22.056 0.0000000000
82572  -50.235  30.766  21.876 0.0000000000
115084  -47.774  31.221  21.358 0.0000000000
99562  -51.613  19.600  40.438 0.0000000000
77814  -52.296  21.476  36.757 0.0000000000
77806  -52.182  21.438  37.843 0.0000000000
77826  -53.035  21.369  36.211 0.0000000000
77844  -53.271  21.106  35.716 0.0000000000
77207  -53.588  20.323  34.836 0.0000000000
75859  -53.951  19.512  33.655 0.0000000000
77218  -53.972  20.074  33.999 0.0000000000
76545  -54.344  19.304  32.639 0.0000000000
76549  -54.590  19.105  31.917 0.0000000000
116225  -43.948  40.243  28.645 0.0000000000
88408  -47.892  41.927  27.081 0.0000000000
87945  -46.710  41.306  26.871 0.0000000000
87946  -47.708  41.492  26.270 0.0000000000
87949  -45.895  40.210  25.610 0.0000000000
87423  -46.211  40.012  24.953 0.0000000000
87427  -45.687  39.469  24.491 0.0000000000
87428  -46.526  39.906  24.231 0.0000000000
87438  -47.668  40.415  23.285 0.0000000000
105586  -47.573  41.760  19.792 0.0000000000
99840  -49.637  42.020  21.282 0.0000000000
88966  -49.555  41.732  20.506 0.0000000000
88468  -49.609  41.659  20.263 0.0000000000
88005  -49.901  40.799  19.618 0.0000000000
87485  -49.649  39.971  19.429 0.0000000000
87486  -50.319  40.208  18.771 0.0000000000
88019  -51.062  40.426  17.376 0.0000000000
88030  -51.453  40.189  16.979 0.0000000000
85894  -48.368  37.253  15.696 0.0000000000
86405  -49.605  38.056  15.349 0.0000000000
85462  -49.442  36.228  15.028 0.0000000000
85479  -50.557  36.068  14.557 0.0000000000
102902  -51.155  35.363  14.414 0.0000000000
84977  -51.355  34.750  14.395 0.0000000000
84976  -50.649  34.422  14.423 0.0000000000
83200  -49.637  31.144  13.409 0.0000000000
83199  -48.708  30.853  13.394 0.0000000000
79960  -45.376  25.302  29.659 0.0000000000
79511  -45.304  24.483  29.484 0.0000000000
79025  -44.905  23.863  29.707 0.0000000000
78474  -45.215  22.532  30.413 0.0000000000
113611  -46.872  21.156  31.875 0.0000000000
77869  -47.100  21.310  31.057 0.0000000000
77228  -47.914  20.738  30.893 0.0000000000
77239  -48.280  20.963  30.101 0.0000000000
77903  -49.758  22.005  27.443 0.0000000000
77896  -50.085  21.218  27.908 0.0000000000
77263  -50.691  20.860  27.744 0.0000000000
76573  -51.845  19.670  28.817 0.0000000000
76582  -51.674  19.825  28.083 0.0000000000
77265  -52.181  19.825  27.343 0.0000000000
76590  -53.138  19.355  26.698 0.0000000000
83041  -44.143  31.311  27.563 0.0000000000
82505  -45.372  30.402  27.658 0.0000000000
82506  -46.242  30.194  27.428 0.0000000000
84880  -48.706  34.397  21.560 0.0000000000
98440  -48.453  34.387  22.235 0.0000000000
84870  -49.256  34.450  23.000 0.0000000000
84856  -48.980  34.384  23.865 0.0000000000
82514  -51.545  30.819  26.065 0.0000000000
83049  -50.881  31.560  25.831 0.0000000000
82513  -51.097  31.063  26.078 0.0000000000
109207  -50.730  30.803  26.291 0.0000000000
82010  -50.374  30.047  26.563 0.0000000000
81999  -49.116  29.805  26.671 0.0000000000
80957  -51.741  27.688  29.043 0.0000000000
116496  -52.422  27.538  30.377 0.0000000000
80444  -53.604  26.815  29.470 0.0000000000
79989  -54.117  25.960  28.657 0.0000000000
114182  -55.320  24.476  25.788 0.0000000000
109093  -55.458  24.005  25.969 0.0000000000
79059  -55.282  23.375  25.385 0.0000000000
78518  -55.235  22.647  25.411 0.0000000000
77939  -55.412  20.833  24.543 0.0000000000
77294  -55.265  20.186  24.456 0.0000000000
77295  -55.553  20.134  24.295 0.0000000000
75939  -55.853  18.954  24.196 0.0000000000
75277  -56.076  18.456  23.989 0.0000000000
105252  -55.334  17.647  24.114 0.0000000000
112120  -56.144  18.310  23.170 0.0000000000
101028  -55.087  17.857  22.003 0.0000000000
75948  -54.936  18.557  22.112 0.0000000000
106458  -52.567  21.068  23.399 0.0000000000
77307  -52.297  20.016  23.606 0.0000000000
76611  -51.349  20.033  23.956 0.0000000000
76624  -50.752  19.202  23.267 0.0000000000
75944  -50.677  18.757  22.459 0.0000000000
76641  -49.705  18.883  22.273 0.0000000000
113953  -49.069  19.209  22.955 0.0000000000
76622  -48.274  19.436  23.031 0.0000000000
103726  -49.864  26.069  21.762 0.0000000000
80022  -49.212  25.194  22.699 0.0000000000
79565  -48.899  24.728  23.301 0.0000000000
79068  -45.375  23.348  24.558 0.0000000000
79069  -46.425  23.448  24.590 0.0000000000
78529  -45.680  22.383  24.620 0.0000000000
99861  -46.079  21.672  24.526 0.0000000000
77934  -46.280  20.943  24.197 0.0000000000
77306  -46.359  20.235  23.631 0.0000000000
77290  -45.689  20.748  23.558 0.0000000000
77315  -44.442  21.146  21.899 0.0000000000
77314  -43.569  21.281  21.949 0.0000000000
75856  -51.455  18.604  33.601 0.0000000000
112537  -52.123  34.469  15.504 0.0000000000
84948  -52.756  33.724  16.749 0.0000000000
84343  -53.283  33.526  17.695 0.0000000000
84334  -53.500  33.330  18.216 0.0000000000
83736  -52.578  32.310  17.166 0.0000000000
83737  -53.149  32.825  17.670 0.0000000000
83730  -53.406  32.936  18.509 0.0000000000
110601  -53.456  32.778  19.045 0.0000000000
83697  -52.073  32.649  19.738 0.0000000000
83678  -50.986  32.580  20.641 0.0000000000
83676  -48.912  32.298  20.378 0.0000000000
101085  -49.391  32.557  18.742 0.0000000000
83694  -48.647  32.577  19.540 0.0000000000
76483  -50.007  19.772  40.305 0.0000000000
76502  -50.340  20.746  38.948 0.0000000000
77174  -50.380  21.157  38.116 0.0000000000
77805  -50.405  21.349  37.421 0.0000000000
77813  -51.128  21.506  37.065 0.0000000000
103250  -51.477  21.526  36.220 0.0000000000
88895  -48.019  42.502  26.961 0.0000000000
88904  -48.392  42.313  26.274 0.0000000000
88410  -49.022  41.938  26.009 0.0000000000
108009  -49.015  42.417  25.528 0.0000000000
88028  -48.797  40.909  17.902 0.0000000000
108376  -47.617  37.367  16.271 0.0000000000
85908  -48.334  36.404  15.440 0.0000000000
84367  -48.163  33.016  14.514 0.0000000000
84353  -47.527  33.737  15.027 0.0000000000
110673  -46.224  33.378  15.026 0.0000000000
79526  -48.874  24.577  27.736 0.0000000000
78499  -49.591  22.987  27.154 0.0000000000
78506  -50.315  23.206  26.795 0.0000000000
78507  -50.834  22.839  26.503 0.0000000000
113697  -51.472  23.211  26.305 0.0000000000
84825  -45.077  33.872  25.138 0.0000000000
84263  -45.689  33.635  25.499 0.0000000000
84281  -52.108  33.562  23.794 0.0000000000
84842  -51.494  33.661  24.057 0.0000000000
83628  -51.880  32.749  24.671 0.0000000000
83626  -51.647  32.268  25.095 0.0000000000
83051  -51.613  31.199  25.651 0.0000000000
82529  -52.183  31.042  25.002 0.0000000000
82520  -52.029  30.949  25.381 0.0000000000
82515  -51.993  30.530  26.070 0.0000000000
82013  -52.208  29.641  26.518 0.0000000000
80960  -54.330  27.292  28.355 0.0000000000
80970  -54.334  27.432  27.535 0.0000000000
80462  -54.841  26.487  27.340 0.0000000000
80473  -54.864  25.771  26.723 0.0000000000
80485  -54.389  25.920  25.515 0.0000000000
80006  -54.826  25.469  25.782 0.0000000000
80018  -55.089  24.809  25.298 0.0000000000
79560  -55.251  24.035  25.114 0.0000000000
79084  -55.009  23.067  23.762 0.0000000000
78552  -55.142  21.951  22.873 0.0000000000
117539  -55.639  20.758  22.122 0.0000000000
77962  -54.660  21.991  22.531 0.0000000000
77961  -54.422  21.600  22.398 0.0000000000
77960  -53.555  22.296  22.589 0.0000000000
79090  -53.203  23.204  22.718 0.0000000000
78549  -52.877  22.809  22.678 0.0000000000
77951  -51.759  21.585  23.612 0.0000000000
77950  -50.917  21.819  23.863 0.0000000000
77937  -50.479  21.155  24.215 0.0000000000
80489  -48.387  26.494  23.262 0.0000000000
80482  -47.759  26.430  23.903 0.0000000000
111939  -46.245  24.882  24.430 0.0000000000
79556  -45.836  24.243  24.431 0.0000000000
79067  -44.504  23.265  24.431 0.0000000000
105881  -44.219  22.511  24.179 0.0000000000
86362  -46.839  37.009  19.571 0.0000000000
85409  -46.146  35.858  19.992 0.0000000000
85410  -46.693  35.792  19.496 0.0000000000
107761  -47.363  35.086  19.567 0.0000000000
103626  -47.961  34.596  20.069 0.0000000000
84920  -48.682  34.869  18.509 0.0000000000
84906  -48.432  34.654  19.383 0.0000000000
102889  -48.307  34.452  20.817 0.0000000000
103961  -49.542  34.480  21.174 0.0000000000
98100  -50.684  34.686  21.888 0.0000000000
84872  -51.309  34.429  22.657 0.0000000000
84894  -52.954  35.139  19.959 0.0000000000
84882  -52.420  35.066  20.958 0.0000000000
84873  -52.187  34.326  22.470 0.0000000000
84860  -52.388  33.887  23.085 0.0000000000
84282  -52.743  33.497  23.208 0.0000000000
84283  -52.755  32.980  23.664 0.0000000000
83055  -52.657  31.933  23.936 0.0000000000
83081  -53.236  32.442  22.792 0.0000000000
83063  -53.054  31.782  23.225 0.0000000000
81536  -52.036  29.203  23.320 0.0000000000
81535  -51.770  28.169  23.400 0.0000000000
102416  -51.454  27.445  22.238 0.0000000000
81036  -50.568  27.261  21.324 0.0000000000
82070  -50.946  28.761  21.811 0.0000000000
81558  -50.504  27.933  21.421 0.0000000000
81024  -49.376  27.130  21.670 0.0000000000
81023  -48.738  27.594  22.171 0.0000000000
83654  -50.276  32.096  21.186 0.0000000000
83099  -49.706  31.429  21.494 0.0000000000
82571  -49.198  30.656  21.643 0.0000000000
113026  -48.299  30.537  21.596 0.0000000000
116676  -48.831  29.954  21.745 0.0000000000
82062  -49.020  29.073  21.761 0.0000000000
76484  -51.320  20.109  40.539 0.0000000000
76485  -51.935  20.319  40.254 0.0000000000
113803  -52.485  20.378  39.321 0.0000000000
77175  -53.021  20.947  38.071 0.0000000000
76496  -52.682  20.574  38.696 0.0000000000
76504  -52.480  20.085  38.434 0.0000000000
75850  -51.539  18.927  34.520 0.0000000000
75863  -52.264  18.616  33.097 0.0000000000
75871  -53.240  18.638  32.503 0.0000000000
75865  -54.221  18.974  33.085 0.0000000000
108812  -53.732  18.477  31.604 0.0000000000
115986  -53.241  18.383  31.045 0.0000000000
75187  -54.573  17.910  30.346 0.0000000000
75202  -54.891  17.626  29.763 0.0000000000
75216  -55.147  17.579  28.901 0.0000000000
87393  -44.051  39.952  28.062 0.0000000000
87933  -44.918  40.421  27.168 0.0000000000
87406  -44.302  39.724  27.182 0.0000000000
87405  -43.602  39.432  27.628 0.0000000000
86839  -42.964  39.042  27.221 0.0000000000
86857  -42.477  38.411  26.020 0.0000000000
86341  -41.865  37.852  25.325 0.0000000000
86344  -42.137  37.740  24.497 0.0000000000
86877  -42.626  37.725  23.743 0.0000000000
86878  -43.352  38.034  23.471 0.0000000000
86880  -45.114  39.104  23.791 0.0000000000
86888  -44.190  37.817  22.264 0.0000000000
86896  -44.893  38.065  21.972 0.0000000000
86357  -45.169  37.614  21.213 0.0000000000
86360  -45.862  37.464  20.596 0.0000000000
88431  -49.897  42.295  24.337 0.0000000000
87968  -50.021  41.747  24.153 0.0000000000
98331  -49.796  41.530  23.461 0.0000000000
87977  -48.573  40.850  22.955 0.0000000000
87987  -49.707  41.738  21.788 0.0000000000
87450  -48.399  40.537  22.123 0.0000000000
87462  -47.807  39.515  21.717 0.0000000000
86899  -47.024  38.806  21.193 0.0000000000
86905  -46.628  38.024  20.489 0.0000000000
86361  -47.125  37.747  19.864 0.0000000000
86363  -47.627  37.272  19.190 0.0000000000
86368  -48.443  37.151  18.560 0.0000000000
86912  -50.013  39.372  18.913 0.0000000000
86369  -49.333  37.899  18.475 0.0000000000
85871  -49.211  37.116  17.916 0.0000000000
117543  -49.914  37.070  17.300 0.0000000000
85895  -51.182  36.607  16.042 0.0000000000
87523  -50.019  40.516  17.231 0.0000000000
87542  -50.886  40.092  15.883 0.0000000000
87558  -51.378  40.035  15.115 0.0000000000
86406  -50.949  38.484  14.670 0.0000000000
86959  -51.247  39.402  15.000 0.0000000000
86947  -51.526  38.805  15.400 0.0000000000
85446  -52.250  36.568  15.123 0.0000000000
85463  -52.189  35.837  14.786 0.0000000000
84962  -52.111  35.015  14.708 0.0000000000
84979  -52.089  34.140  14.757 0.0000000000
83763  -52.170  32.916  15.086 0.0000000000
84370  -51.108  33.597  14.370 0.0000000000
114046  -51.547  32.560  14.683 0.0000000000
101148  -52.016  32.029  15.299 0.0000000000
82638  -51.194  30.976  15.179 0.0000000000
82121  -50.423  30.307  15.096 0.0000000000
114890  -49.745  29.429  13.279 0.0000000000
81632  -48.388  27.961  13.765 0.0000000000
83759  -47.523  32.150  14.316 0.0000000000
77839  -48.415  21.476  34.908 0.0000000000
77220  -47.956  20.573  32.469 0.0000000000
77212  -48.331  20.605  33.119 0.0000000000
77202  -49.211  21.105  34.240 0.0000000000
77214  -50.114  20.666  33.686 0.0000000000
112527  -51.114  20.384  33.196 0.0000000000
77224  -52.126  20.174  32.765 0.0000000000
77893  -47.619  21.869  29.187 0.0000000000
77887  -48.385  21.425  29.261 0.0000000000
77248  -49.054  20.776  29.784 0.0000000000
77255  -49.907  20.804  28.634 0.0000000000
77249  -49.807  20.443  29.396 0.0000000000
99545  -49.877  19.877  31.060 0.0000000000
77231  -50.823  19.794  31.418 0.0000000000
76543  -52.986  19.638  32.313 0.0000000000
76548  -54.052  19.503  31.768 0.0000000000
76558  -54.649  18.917  31.100 0.0000000000
76574  -52.985  19.409  29.152 0.0000000000
76575  -54.326  18.701  29.518 0.0000000000
76567  -55.066  18.324  30.371 0.0000000000
75912  -55.584  17.994  29.454 0.0000000000
75231  -55.221  17.491  27.913 0.0000000000
81464  -45.938  28.652  30.055 0.0000000000
100490  -46.786  28.459  30.099 0.0000000000
115745  -48.149  28.378  30.227 0.0000000000
85401  -45.842  35.523  20.486 0.0000000000
84868  -45.528  34.616  22.285 0.0000000000
99828  -47.416  34.391  22.215 0.0000000000
84853  -46.177  34.472  23.090 0.0000000000
115362  -45.921  34.440  23.932 0.0000000000
100703  -46.493  34.261  24.634 0.0000000000
84826  -46.088  33.958  25.136 0.0000000000
84264  -46.557  33.557  25.531 0.0000000000
84275  -51.236  33.416  24.578 0.0000000000
84274  -50.544  33.430  24.749 0.0000000000
84273  -49.310  33.459  24.887 0.0000000000
83623  -49.565  32.198  25.550 0.0000000000
84265  -48.321  33.300  25.293 0.0000000000
83614  -47.271  32.360  25.934 0.0000000000
98333  -46.364  32.033  26.267 0.0000000000
105821  -46.338  31.348  26.605 0.0000000000
82509  -46.875  30.755  26.782 0.0000000000
116495  -48.892  28.967  27.223 0.0000000000
81998  -48.080  29.323  27.197 0.0000000000
81487  -47.229  28.944  27.878 0.0000000000
101023  -47.848  28.379  28.663 0.0000000000
81472  -48.670  28.308  29.813 0.0000000000
80931  -49.924  28.147  30.989 0.0000000000
80926  -51.647  27.584  31.589 0.0000000000
80443  -52.143  26.928  31.226 0.0000000000
79974  -51.438  26.307  29.677 0.0000000000
105356  -52.731  26.958  30.702 0.0000000000
79975  -52.291  26.375  29.274 0.0000000000
114291  -52.061  23.868  26.431 0.0000000000
79046  -52.221  23.043  26.054 0.0000000000
80947  -54.686  27.030  28.862 0.0000000000
79978  -54.791  26.501  28.737 0.0000000000
79531  -54.449  25.477  27.872 0.0000000000
79543  -54.977  24.456  26.790 0.0000000000
114810  -54.718  24.853  27.178 0.0000000000
79542  -54.089  24.714  27.142 0.0000000000
79047  -53.332  23.726  26.365 0.0000000000
79057  -53.123  22.672  25.801 0.0000000000
78509  -52.167  22.102  25.908 0.0000000000
76599  -53.180  19.646  25.966 0.0000000000
76600  -54.083  18.670  26.098 0.0000000000
77282  -54.568  19.817  24.794 0.0000000000
76601  -54.778  18.810  25.294 0.0000000000
75923  -55.438  17.990  27.108 0.0000000000
75232  -55.299  17.620  27.407 0.0000000000
110729  -55.208  17.296  27.113 0.0000000000
97862  -53.413  17.352  26.112 0.0000000000
97858  -52.758  17.367  24.868 0.0000000000
75274  -53.770  17.327  24.104 0.0000000000
75272  -51.901  17.368  23.867 0.0000000000
103931  -52.099  17.209  21.615 0.0000000000
76642  -55.016  19.753  22.042 0.0000000000
76626  -53.069  19.236  22.940 0.0000000000
75958  -53.188  17.890  21.404 0.0000000000
75323  -52.434  17.819  20.723 0.0000000000
75321  -52.037  17.595  20.076 0.0000000000
75320  -51.217  17.489  20.145 0.0000000000
75337  -50.909  17.896  19.195 0.0000000000
75349  -50.078  18.154  18.839 0.0000000000
75967  -49.524  18.772  19.778 0.0000000000
75975  -49.298  18.706  18.924 0.0000000000
80032  -50.119  25.455  21.968 0.0000000000
79575  -50.399  24.230  22.510 0.0000000000
79088  -50.716  23.713  22.728 0.0000000000
79080  -50.294  23.416  23.098 0.0000000000
78534  -50.044  21.898  24.209 0.0000000000
80020  -48.176  25.840  23.697 0.0000000000
103830  -47.262  23.183  24.539 0.0000000000
79071  -48.162  23.511  24.197 0.0000000000
78533  -49.169  22.324  24.443 0.0000000000
77936  -49.226  21.175  24.545 0.0000000000
76639  -47.677  19.491  22.108 0.0000000000
76620  -46.509  19.762  22.925 0.0000000000
113613  -46.873  19.589  22.293 0.0000000000
108834  -46.933  19.593  21.337 0.0000000000
75203  -55.447  17.821  29.535 0.0000000000
75258  -55.626  17.802  25.594 0.0000000000
75276  -55.794  17.894  24.672 0.0000000000
75289  -55.827  17.946  23.540 0.0000000000
75290  -56.290  18.771  23.355 0.0000000000
75305  -52.382  17.597  20.958 0.0000000000
75307  -55.768  17.998  22.492 0.0000000000
75322  -52.249  17.677  20.332 0.0000000000
75339  -52.021  17.858  19.794 0.0000000000
75351  -51.650  17.955  19.428 0.0000000000
75903  -55.327  18.255  29.835 0.0000000000
75904  -55.479  18.010  29.959 0.0000000000
75931  -55.697  18.061  25.454 0.0000000000
75938  -55.502  18.734  24.655 0.0000000000
75960  -55.614  18.461  22.100 0.0000000000
75961  -56.212  18.616  22.622 0.0000000000
75970  -52.285  18.044  20.270 0.0000000000
75977  -51.435  18.080  19.334 0.0000000000
76486  -52.316  20.666  39.913 0.0000000000
76495  -52.248  20.030  39.691 0.0000000000
76505  -52.944  20.381  37.791 0.0000000000
76513  -53.081  20.098  36.900 0.0000000000
76514  -53.289  20.343  36.258 0.0000000000
76535  -53.748  19.912  34.425 0.0000000000
76540  -54.426  19.036  32.696 0.0000000000
76557  -53.836  19.412  30.905 0.0000000000
76566  -54.386  18.885  30.173 0.0000000000
76613  -55.791  19.647  24.157 0.0000000000
76621  -47.363  19.575  23.047 0.0000000000
76628  -56.142  19.493  23.654 0.0000000000
76643  -56.413  19.191  23.093 0.0000000000
77159  -51.552  20.858  39.940 0.0000000000
77167  -51.813  21.267  39.546 0.0000000000
77168  -52.235  21.097  39.653 0.0000000000
77169  -52.534  21.017  38.906 0.0000000000
77215  -51.185  20.961  33.970 0.0000000000
77226  -54.051  19.877  33.283 0.0000000000
77240  -49.766  20.140  30.210 0.0000000000
77257  -51.010  20.102  28.396 0.0000000000
77292  -49.482  20.206  24.280 0.0000000000
77296  -55.983  20.329  24.068 0.0000000000
77319  -56.113  20.495  22.659 0.0000000000
77807  -52.633  21.212  38.251 0.0000000000
77815  -53.034  21.264  37.295 0.0000000000
77824  -50.521  21.577  36.068 0.0000000000
77842  -52.135  21.292  34.911 0.0000000000
77856  -47.617  20.807  33.280 0.0000000000
77885  -46.616  21.939  29.875 0.0000000000
77886  -47.260  21.687  29.781 0.0000000000
77904  -50.423  21.608  27.256 0.0000000000
77923  -54.750  20.900  24.798 0.0000000000
77924  -55.203  21.793  25.086 0.0000000000
77925  -55.485  21.678  24.697 0.0000000000
77938  -51.125  20.926  24.067 0.0000000000
77941  -56.054  20.955  24.144 0.0000000000
78508  -51.462  22.458  26.243 0.0000000000
78536  -55.796  21.625  24.035 0.0000000000
78544  -54.942  22.676  23.247 0.0000000000
78545  -55.389  22.378  23.741 0.0000000000
78551  -54.568  22.581  22.822 0.0000000000
79038  -49.223  23.878  27.384 0.0000000000
79058  -54.327  23.107  26.021 0.0000000000
79070  -47.396  23.987  24.392 0.0000000000
79510  -44.686  24.710  29.747 0.0000000000
79533  -54.801  25.743  27.600 0.0000000000
79539  -50.995  24.742  27.091 0.0000000000
79540  -51.799  24.695  26.968 0.0000000000
79551  -55.208  24.555  26.380 0.0000000000
79570  -54.499  23.827  24.007 0.0000000000
79578  -53.584  23.620  23.195 0.0000000000
79977  -54.427  26.563  29.177 0.0000000000
79990  -54.649  25.880  28.334 0.0000000000
79991  -54.804  26.009  28.267 0.0000000000
79999  -54.947  25.325  26.881 0.0000000000
80016  -53.950  25.728  24.775 0.0000000000
80412  -51.980  27.460  31.507 0.0000000000
80423  -51.444  27.437  31.683 0.0000000000
80433  -51.694  27.500  31.537 0.0000000000
80445  -54.665  26.723  28.921 0.0000000000
80446  -54.969  26.976  28.584 0.0000000000
80453  -55.057  26.737  27.818 0.0000000000
80471  -54.128  26.732  26.117 0.0000000000
80932  -51.018  28.046  31.118 0.0000000000
80946  -54.151  27.014  29.136 0.0000000000
80971  -54.865  26.966  27.720 0.0000000000
81087  -48.032  27.665  13.812 0.0000000000
81095  -47.060  27.603  13.346 0.0000000000
81096  -47.609  27.760  13.445 0.0000000000
81557  -49.619  28.091  21.520 0.0000000000
81619  -48.307  27.863  13.932 0.0000000000
82002  -51.927  29.326  26.891 0.0000000000
82061  -48.226  29.054  22.275 0.0000000000
82126  -48.614  28.371  14.115 0.0000000000
82140  -47.543  28.212  13.079 0.0000000000
82141  -48.721  28.375  13.529 0.0000000000
82142  -49.398  28.869  13.627 0.0000000000
82573  -51.853  30.118  22.270 0.0000000000
82618  -50.975  31.261  16.019 0.0000000000
82619  -51.699  31.387  15.790 0.0000000000
82629  -50.415  30.749  15.435 0.0000000000
82656  -50.512  30.122  14.124 0.0000000000
83042  -44.998  31.103  27.250 0.0000000000
83048  -49.577  31.211  25.985 0.0000000000
83056  -52.607  32.490  23.948 0.0000000000
83064  -53.045  32.310  23.416 0.0000000000
83159  -52.046  31.754  16.474 0.0000000000
83179  -50.930  31.748  14.559 0.0000000000
83181  -51.780  31.439  15.470 0.0000000000
83201  -50.392  31.251  13.927 0.0000000000
83613  -45.570  32.472  26.297 0.0000000000
83616  -49.131  31.742  25.693 0.0000000000
83618  -51.012  32.018  25.588 0.0000000000
83619  -51.421  31.797  25.439 0.0000000000
83621  -47.396  33.143  25.628 0.0000000000
83777  -49.869  32.176  13.929 0.0000000000
84254  -46.467  32.876  25.984 0.0000000000
84266  -49.430  32.788  25.320 0.0000000000
84267  -50.411  32.951  25.212 0.0000000000
84268  -51.193  33.055  25.029 0.0000000000
84276  -51.718  33.177  24.540 0.0000000000
84277  -52.264  33.125  24.079 0.0000000000
84858  -50.988  34.130  23.515 0.0000000000
84867  -44.669  34.809  22.444 0.0000000000
84892  -48.892  34.452  20.246 0.0000000000
84907  -49.371  34.494  19.025 0.0000000000
84910  -53.499  34.777  19.615 0.0000000000
84911  -53.714  34.765  19.963 0.0000000000
84934  -49.316  34.928  17.957 0.0000000000
84937  -53.267  33.995  17.859 0.0000000000
84947  -51.596  34.733  16.171 0.0000000000
85399  -45.468  35.236  21.094 0.0000000000
85400  -45.282  35.772  20.820 0.0000000000
85464  -52.066  36.074  14.451 0.0000000000
85862  -44.947  36.307  20.984 0.0000000000
85864  -46.405  37.241  20.058 0.0000000000
85866  -46.345  36.465  19.830 0.0000000000
85879  -50.179  36.551  16.913 0.0000000000
85909  -49.395  37.148  15.139 0.0000000000
85927  -51.907  36.713  14.374 0.0000000000
86348  -42.952  37.487  22.904 0.0000000000
86355  -43.978  36.836  21.610 0.0000000000
86356  -44.621  36.902  21.242 0.0000000000
86407  -51.156  38.485  14.695 0.0000000000
86426  -51.402  37.725  14.431 0.0000000000
86850  -42.961  38.878  26.535 0.0000000000
86868  -43.957  38.777  24.617 0.0000000000
86887  -43.767  37.949  22.870 0.0000000000
86889  -45.671  38.658  22.440 0.0000000000
86897  -46.283  38.649  21.836 0.0000000000
86911  -48.832  38.790  19.549 0.0000000000
86919  -49.430  38.636  19.030 0.0000000000
86920  -50.199  38.690  18.411 0.0000000000
86958  -50.556  38.821  15.337 0.0000000000
86960  -51.458  39.220  14.903 0.0000000000
87415  -44.456  39.539  26.358 0.0000000000
87422  -45.403  39.585  25.271 0.0000000000
87447  -46.289  39.155  23.085 0.0000000000
87449  -47.655  39.860  22.464 0.0000000000
87503  -51.088  40.107  17.860 0.0000000000
87504  -51.468  40.127  17.185 0.0000000000
87525  -51.475  39.776  16.791 0.0000000000
87543  -51.101  40.354  15.587 0.0000000000
87544  -50.929  39.699  16.088 0.0000000000
87557  -51.339  40.191  15.152 0.0000000000
87957  -48.992  41.391  24.840 0.0000000000
87958  -49.264  41.696  25.365 0.0000000000
87979  -50.134  41.722  22.849 0.0000000000
87994  -49.553  41.347  20.549 0.0000000000
87995  -49.889  41.062  19.711 0.0000000000
88006  -50.296  40.980  19.059 0.0000000000
88029  -51.190  40.311  16.848 0.0000000000
88041  -50.867  40.289  16.684 0.0000000000
88042  -51.031  40.030  16.432 0.0000000000
88397  -46.653  41.809  27.536 0.0000000000
88398  -47.831  42.389  27.244 0.0000000000
88399  -48.410  42.137  26.571 0.0000000000
88421  -49.276  41.851  25.532 0.0000000000
88430  -49.695  41.903  24.720 0.0000000000
88440  -50.341  42.015  23.933 0.0000000000
88452  -50.519  42.078  23.204 0.0000000000
88459  -50.292  42.011  22.456 0.0000000000
88492  -49.297  41.747  18.862 0.0000000000
88504  -50.375  40.744  17.751 0.0000000000
88919  -49.178  42.171  25.658 0.0000000000
88930  -49.461  42.303  25.007 0.0000000000
88950  -50.199  42.419  23.427 0.0000000000
88965  -49.460  42.000  20.295 0.0000000000
88967  -49.758  41.680  20.169 0.0000000000
88982  -49.560  41.800  19.397 0.0000000000
98748  -52.352  17.327  22.612 0.0000000000
98918  -50.444  19.955  29.767 0.0000000000
98993  -46.577  40.829  26.123 0.0000000000
99300  -52.130  37.308  14.750 0.0000000000
100109  -43.376  38.349  24.171 0.0000000000
100459  -47.128  34.420  23.073 0.0000000000
100841  -46.998  21.584  30.328 0.0000000000
102095  -47.089  40.635  24.726 0.0000000000
102399  -55.220  24.102  26.442 0.0000000000
103731  -49.183  41.181  21.926 0.0000000000
103932  -51.312  17.198  22.137 0.0000000000
104827  -55.142  21.365  22.273 0.0000000000
105495  -51.660  35.662  14.384 0.0000000000
107380  -51.817  34.685  21.774 0.0000000000
107892  -51.601  34.330  14.413 0.0000000000
108020  -48.915  26.985  22.140 0.0000000000
109482  -51.264  21.436  35.446 0.0000000000
111147  -50.778  33.990  14.327 0.0000000000
111384  -50.576  40.541  18.210 0.0000000000
111427  -55.285  17.796  23.015 0.0000000000
112291  -51.314  39.442  15.462 0.0000000000
112446  -51.441  23.437  22.830 0.0000000000
112525  -53.630  33.039  18.974 0.0000000000
112771  -42.822  38.174  24.492 0.0000000000
113197  -55.345  17.460  25.952 0.0000000000
113330  -51.514  31.407  16.098 0.0000000000
113851  -50.384  37.820  14.717 0.0000000000
113945  -49.771  30.998  15.876 0.0000000000
114266  -50.833  30.659  15.088 0.0000000000
114941  -53.408  20.881  35.173 0.0000000000
115057  -47.582  27.998  13.222 0.0000000000
115135  -49.603  42.528  24.383 0.0000000000
115794  -51.997  35.384  15.309 0.0000000000
115899  -51.087  28.199  21.668 0.0000000000
116034  -55.536  19.429  24.358 0.0000000000
116251  -51.200  34.224  14.339 0.0000000000
116378  -55.477  17.695  26.762 0.0000000000
117028  -50.852  19.851  29.499 0.0000000000
117186  -49.179  42.072  19.770 0.0000000000
117578  -52.204  33.514  14.941 0.0000000000
117594  -44.488  40.354  27.764 0.0000000000
118029  -53.210  25.647  24.353 0.0000000000
118306  -53.815  34.061  19.176 0.0000000000
