#!ascii label  , from subject sub-027S6002 vox2ras=TkReg
961
98680  -37.099  -27.357  55.561 0.0000000000
35066  -22.825  -30.420  53.173 0.0000000000
105470  -28.091  -25.034  53.835 0.0000000000
56499  -45.671  -6.549  36.367 0.0000000000
56520  -48.918  -6.080  31.628 0.0000000000
35934  -16.466  -29.418  57.377 0.0000000000
56478  -41.252  -6.273  39.768 0.0000000000
39791  -39.320  -25.334  52.454 0.0000000000
37757  -32.522  -27.577  55.231 0.0000000000
104541  -19.230  -28.961  55.100 0.0000000000
32582  -19.062  -33.952  59.404 0.0000000000
112476  -33.534  -25.888  53.720 0.0000000000
40709  -34.297  -24.465  51.491 0.0000000000
39786  -25.443  -24.881  52.757 0.0000000000
41472  -31.606  -23.297  55.024 0.0000000000
46835  -38.530  -17.068  39.638 0.0000000000
111225  -40.952  -12.794  38.823 0.0000000000
53152  -43.393  -11.050  37.183 0.0000000000
31011  -11.994  -35.869  60.111 0.0000000000
29411  -7.976  -37.262  61.818 0.0000000000
41548  -34.680  -23.446  48.379 0.0000000000
43439  -34.757  -22.153  46.041 0.0000000000
44382  -36.434  -20.605  41.447 0.0000000000
31023  -15.316  -34.986  59.234 0.0000000000
99237  -22.748  -31.959  56.605 0.0000000000
35012  -24.880  -30.669  55.938 0.0000000000
111153  -34.832  -27.770  55.731 0.0000000000
39744  -20.919  -25.821  54.343 0.0000000000
35962  -20.918  -29.201  53.626 0.0000000000
33393  -21.075  -32.581  56.647 0.0000000000
40655  -33.451  -24.104  55.263 0.0000000000
40672  -32.504  -25.258  54.309 0.0000000000
50613  -37.142  -13.380  39.971 0.0000000000
48682  -39.914  -15.094  38.630 0.0000000000
98506  -38.419  -11.089  39.412 0.0000000000
54809  -41.928  -8.617  36.943 0.0000000000
54821  -43.899  -9.355  35.803 0.0000000000
51539  -45.929  -12.217  36.185 0.0000000000
53995  -46.246  -9.477  34.850 0.0000000000
54001  -47.195  -9.847  34.122 0.0000000000
42388  -33.414  -22.656  52.124 0.0000000000
41532  -33.851  -24.338  50.159 0.0000000000
43359  -31.882  -21.525  50.100 0.0000000000
109237  -32.400  -20.155  46.261 0.0000000000
45118  -33.031  -18.864  44.707 0.0000000000
43463  -35.040  -21.746  43.374 0.0000000000
45932  -35.283  -18.275  43.218 0.0000000000
46795  -36.056  -17.962  41.895 0.0000000000
41495  -26.746  -23.928  53.374 0.0000000000
33358  -13.120  -32.722  58.578 0.0000000000
32600  -14.829  -33.114  57.540 0.0000000000
28592  -7.929  -38.971  63.448 0.0000000000
27745  -6.505  -39.592  64.720 0.0000000000
55601  -39.561  -7.338  40.893 0.0000000000
97919  -39.426  -23.667  51.387 0.0000000000
38752  -29.719  -26.651  54.586 0.0000000000
35942  -17.476  -29.735  56.468 0.0000000000
33379  -17.013  -32.608  56.690 0.0000000000
106055  -19.210  -32.653  56.263 0.0000000000
57383  -50.238  -5.113  30.480 0.0000000000
37788  -35.183  -27.023  53.868 0.0000000000
38776  -36.485  -26.827  53.131 0.0000000000
39787  -34.821  -25.515  52.587 0.0000000000
40681  -22.016  -24.802  52.856 0.0000000000
37803  -24.475  -27.805  52.522 0.0000000000
42384  -23.866  -22.403  51.559 0.0000000000
43329  -26.237  -21.626  51.747 0.0000000000
110794  -28.801  -22.302  52.670 0.0000000000
114388  -30.044  -21.499  54.117 0.0000000000
40683  -29.523  -24.370  53.340 0.0000000000
39750  -31.273  -26.256  53.836 0.0000000000
38756  -33.405  -26.835  54.043 0.0000000000
45154  -40.038  -20.054  41.676 0.0000000000
53975  -39.637  -9.509  37.727 0.0000000000
52304  -42.278  -11.498  38.270 0.0000000000
54008  -49.097  -9.835  33.003 0.0000000000
114545  -10.115  -36.597  60.692 0.0000000000
28594  -9.942  -38.681  63.088 0.0000000000
114171  -36.789  -25.537  51.012 0.0000000000
40719  -36.897  -24.582  49.961 0.0000000000
41542  -37.650  -22.849  49.373 0.0000000000
43386  -31.528  -21.156  47.875 0.0000000000
43404  -34.346  -22.323  46.774 0.0000000000
43407  -36.948  -22.386  47.927 0.0000000000
42468  -37.395  -22.380  46.720 0.0000000000
42508  -38.448  -22.697  43.774 0.0000000000
43479  -39.306  -21.750  42.339 0.0000000000
45959  -37.235  -18.992  40.978 0.0000000000
101966  -36.367  -15.943  40.573 0.0000000000
37736  -25.725  -27.672  56.132 0.0000000000
32568  -11.702  -32.804  60.033 0.0000000000
31021  -13.518  -35.583  59.501 0.0000000000
31823  -16.893  -34.429  58.713 0.0000000000
27735  -4.438  -39.023  64.887 0.0000000000
34178  -23.012  -31.357  54.496 0.0000000000
35011  -23.993  -31.312  55.698 0.0000000000
35045  -24.310  -30.481  54.234 0.0000000000
37760  -35.562  -27.595  55.451 0.0000000000
109756  -21.488  -26.951  53.213 0.0000000000
36832  -20.682  -28.205  53.979 0.0000000000
35974  -21.539  -29.464  53.169 0.0000000000
108702  -21.744  -31.042  54.163 0.0000000000
52270  -37.092  -11.227  41.697 0.0000000000
52284  -37.467  -12.099  39.987 0.0000000000
53091  -37.570  -10.361  40.445 0.0000000000
56491  -44.225  -6.073  37.023 0.0000000000
55636  -43.402  -7.647  36.376 0.0000000000
55637  -44.314  -7.430  36.131 0.0000000000
53993  -44.682  -9.673  35.510 0.0000000000
55647  -45.822  -7.942  35.699 0.0000000000
99280  -46.239  -8.630  35.304 0.0000000000
42387  -32.567  -22.697  51.439 0.0000000000
45906  -32.954  -17.934  45.046 0.0000000000
109176  -34.131  -19.229  43.398 0.0000000000
46776  -35.074  -17.685  43.837 0.0000000000
46777  -35.689  -17.562  43.426 0.0000000000
41486  -27.165  -24.516  53.806 0.0000000000
41471  -27.207  -25.244  54.542 0.0000000000
40652  -27.794  -25.431  54.993 0.0000000000
116364  -14.604  -31.008  57.855 0.0000000000
34134  -15.470  -31.474  57.025 0.0000000000
55661  -49.732  -7.942  31.752 0.0000000000
102638  -7.754  -39.608  64.356 0.0000000000
39754  -39.892  -25.782  54.269 0.0000000000
40700  -39.787  -24.356  52.150 0.0000000000
37755  -30.809  -27.451  55.352 0.0000000000
37741  -32.154  -27.931  56.075 0.0000000000
100659  -19.502  -27.478  55.307 0.0000000000
117942  -18.685  -27.572  56.038 0.0000000000
36808  -18.321  -27.762  56.665 0.0000000000
35023  -18.513  -30.485  55.402 0.0000000000
34147  -18.457  -31.432  55.717 0.0000000000
34162  -18.990  -31.308  55.310 0.0000000000
33384  -21.505  -32.591  57.532 0.0000000000
33371  -20.742  -32.928  58.103 0.0000000000
38757  -34.367  -26.836  53.842 0.0000000000
38793  -34.800  -26.242  53.235 0.0000000000
106357  -34.207  -25.593  53.387 0.0000000000
41493  -22.029  -23.209  53.181 0.0000000000
40695  -22.887  -23.920  51.781 0.0000000000
43326  -22.880  -21.801  52.583 0.0000000000
44260  -25.461  -20.998  51.752 0.0000000000
44261  -27.096  -20.568  52.339 0.0000000000
42364  -27.721  -22.272  52.329 0.0000000000
43317  -28.419  -21.250  52.600 0.0000000000
42311  -31.245  -22.631  55.722 0.0000000000
42322  -30.860  -22.655  54.644 0.0000000000
42330  -30.541  -23.058  53.573 0.0000000000
41499  -30.328  -24.030  53.553 0.0000000000
103007  -30.679  -25.620  53.741 0.0000000000
40670  -30.880  -24.697  53.923 0.0000000000
39752  -32.967  -25.721  53.990 0.0000000000
39751  -32.217  -26.109  53.925 0.0000000000
38774  -33.061  -26.331  53.909 0.0000000000
45975  -39.429  -18.334  40.442 0.0000000000
45963  -40.738  -18.594  41.157 0.0000000000
46821  -39.895  -17.754  40.068 0.0000000000
50628  -40.390  -13.484  38.876 0.0000000000
47732  -41.134  -15.890  38.737 0.0000000000
55603  -40.726  -6.648  40.394 0.0000000000
54793  -39.099  -8.461  39.407 0.0000000000
55622  -40.150  -7.401  38.621 0.0000000000
53151  -42.768  -10.432  36.741 0.0000000000
53150  -41.103  -10.537  37.288 0.0000000000
53132  -42.578  -11.148  37.666 0.0000000000
52290  -43.547  -11.934  38.827 0.0000000000
53193  -48.530  -10.266  33.556 0.0000000000
54838  -48.083  -8.493  33.037 0.0000000000
117933  -48.702  -8.424  32.372 0.0000000000
31794  -10.851  -34.415  60.270 0.0000000000
114802  -10.285  -34.516  60.784 0.0000000000
30248  -10.588  -36.107  60.367 0.0000000000
29393  -10.765  -38.189  62.642 0.0000000000
28586  -9.796  -39.404  64.735 0.0000000000
38810  -35.867  -25.955  51.779 0.0000000000
38796  -37.053  -26.539  52.447 0.0000000000
39806  -35.492  -25.524  51.251 0.0000000000
109491  -34.208  -23.977  49.154 0.0000000000
39832  -36.048  -24.875  49.767 0.0000000000
41540  -35.123  -23.814  48.839 0.0000000000
40730  -37.274  -23.676  49.612 0.0000000000
41549  -35.397  -23.140  48.432 0.0000000000
45876  -31.531  -18.312  48.374 0.0000000000
44318  -33.714  -21.544  45.958 0.0000000000
113928  -32.980  -21.503  46.496 0.0000000000
43422  -34.421  -22.187  46.420 0.0000000000
43405  -35.483  -22.443  47.301 0.0000000000
43424  -35.915  -22.342  46.990 0.0000000000
117290  -37.083  -22.377  47.471 0.0000000000
42466  -35.696  -22.362  45.978 0.0000000000
43475  -35.529  -21.801  42.656 0.0000000000
42506  -36.525  -22.454  43.577 0.0000000000
43477  -37.378  -22.127  42.213 0.0000000000
42524  -38.891  -22.393  42.876 0.0000000000
43489  -37.836  -21.365  41.706 0.0000000000
44384  -38.265  -20.493  41.367 0.0000000000
45164  -36.849  -19.813  41.107 0.0000000000
47685  -35.665  -16.232  42.574 0.0000000000
107747  -35.919  -16.125  41.519 0.0000000000
116802  -35.959  -14.758  41.958 0.0000000000
109152  -24.804  -26.264  52.307 0.0000000000
37769  -25.239  -27.942  54.115 0.0000000000
115303  -25.341  -26.959  53.871 0.0000000000
31820  -14.078  -34.340  58.307 0.0000000000
31819  -13.396  -34.278  58.465 0.0000000000
31022  -14.462  -35.380  59.394 0.0000000000
105795  -18.029  -33.846  57.841 0.0000000000
103169  -17.148  -33.849  57.914 0.0000000000
32581  -18.274  -34.203  59.304 0.0000000000
97750  -23.099  -32.213  58.807 0.0000000000
115913  -23.954  -31.983  58.416 0.0000000000
34127  -25.497  -31.440  58.480 0.0000000000
34989  -25.895  -30.672  58.229 0.0000000000
37743  -34.008  -27.901  55.955 0.0000000000
98018  -33.650  -28.205  56.982 0.0000000000
38735  -20.408  -26.236  54.957 0.0000000000
36826  -20.060  -27.831  54.738 0.0000000000
35042  -20.062  -30.634  54.441 0.0000000000
34175  -19.983  -31.260  54.754 0.0000000000
34176  -20.564  -31.281  54.602 0.0000000000
34150  -21.839  -32.310  56.605 0.0000000000
39753  -33.567  -25.310  53.851 0.0000000000
111434  -33.904  -24.854  53.786 0.0000000000
41473  -32.301  -23.681  55.248 0.0000000000
40653  -32.445  -24.490  54.695 0.0000000000
40673  -33.151  -24.930  54.477 0.0000000000
48668  -37.409  -15.310  39.615 0.0000000000
114933  -39.069  -16.596  39.331 0.0000000000
107286  -38.141  -13.829  39.391 0.0000000000
50626  -38.548  -13.210  39.413 0.0000000000
51483  -39.917  -12.219  39.113 0.0000000000
55628  -40.844  -7.267  37.780 0.0000000000
55629  -41.893  -7.406  37.260 0.0000000000
54814  -42.591  -8.875  36.487 0.0000000000
53160  -43.811  -10.619  36.448 0.0000000000
52327  -44.699  -11.473  37.117 0.0000000000
53166  -44.547  -10.554  35.873 0.0000000000
53168  -45.660  -11.162  35.428 0.0000000000
52348  -47.004  -12.006  35.104 0.0000000000
53169  -46.649  -10.279  34.580 0.0000000000
54824  -46.924  -8.217  35.179 0.0000000000
30250  -12.226  -36.597  60.556 0.0000000000
30239  -11.592  -37.135  60.768 0.0000000000
29405  -12.539  -37.481  62.529 0.0000000000
41524  -33.861  -23.502  51.955 0.0000000000
40717  -34.439  -24.549  50.490 0.0000000000
42402  -33.151  -23.854  51.187 0.0000000000
109982  -32.312  -23.587  50.472 0.0000000000
42415  -32.454  -23.303  49.193 0.0000000000
111278  -31.660  -18.047  47.485 0.0000000000
45893  -32.144  -18.252  46.220 0.0000000000
110773  -32.870  -19.567  45.221 0.0000000000
44330  -33.634  -21.253  45.300 0.0000000000
43438  -34.374  -21.707  45.071 0.0000000000
44358  -33.606  -20.164  43.938 0.0000000000
44370  -34.600  -20.512  42.612 0.0000000000
45153  -35.358  -19.603  41.890 0.0000000000
45947  -35.831  -18.789  41.746 0.0000000000
46794  -35.933  -18.135  42.749 0.0000000000
98125  -26.184  -23.938  53.189 0.0000000000
39746  -25.889  -25.516  53.917 0.0000000000
41484  -26.828  -25.219  54.327 0.0000000000
109635  -14.216  -33.072  57.803 0.0000000000
31821  -14.923  -34.431  58.375 0.0000000000
28598  -8.058  -38.450  62.592 0.0000000000
30225  -7.415  -37.139  62.319 0.0000000000
28591  -7.170  -38.280  63.049 0.0000000000
28590  -6.506  -38.321  63.816 0.0000000000
28583  -4.995  -38.176  65.023 0.0000000000
42389  -39.780  -22.621  51.284 0.0000000000
104277  -28.961  -26.180  54.818 0.0000000000
39728  -28.771  -26.165  55.843 0.0000000000
35937  -17.626  -28.030  57.329 0.0000000000
34999  -16.841  -30.041  56.769 0.0000000000
34135  -16.348  -31.599  56.685 0.0000000000
33388  -17.152  -31.641  56.448 0.0000000000
33380  -17.963  -32.927  56.621 0.0000000000
115323  -18.863  -33.746  57.881 0.0000000000
33391  -19.758  -32.577  56.137 0.0000000000
33370  -19.991  -33.196  57.623 0.0000000000
32583  -20.039  -33.579  59.541 0.0000000000
57375  -49.557  -5.575  31.115 0.0000000000
37775  -36.338  -27.294  54.410 0.0000000000
37790  -36.792  -27.039  53.892 0.0000000000
38775  -35.565  -26.654  53.193 0.0000000000
38794  -35.421  -26.133  52.484 0.0000000000
39805  -34.927  -25.188  51.706 0.0000000000
40685  -34.208  -24.772  53.210 0.0000000000
40698  -34.369  -24.637  52.433 0.0000000000
100518  -34.079  -23.865  52.419 0.0000000000
42367  -33.953  -22.593  52.742 0.0000000000
112274  -22.220  -27.190  52.568 0.0000000000
35986  -23.729  -29.033  52.511 0.0000000000
38808  -23.306  -26.001  51.925 0.0000000000
39803  -23.822  -25.434  51.602 0.0000000000
40708  -24.553  -23.890  51.507 0.0000000000
44258  -23.894  -20.770  52.168 0.0000000000
42385  -24.805  -22.524  51.491 0.0000000000
41523  -25.494  -23.047  51.640 0.0000000000
100217  -26.461  -23.410  52.730 0.0000000000
41496  -27.557  -23.674  53.178 0.0000000000
41497  -28.678  -23.730  53.100 0.0000000000
44249  -29.068  -20.315  53.792 0.0000000000
42345  -29.350  -22.027  52.910 0.0000000000
107122  -29.163  -22.807  52.893 0.0000000000
40669  -28.579  -24.776  53.465 0.0000000000
112786  -29.993  -25.696  53.702 0.0000000000
39749  -30.373  -26.372  53.953 0.0000000000
37771  -31.952  -27.178  54.488 0.0000000000
40671  -31.638  -25.307  54.082 0.0000000000
102307  -31.805  -26.685  54.094 0.0000000000
37772  -32.919  -27.206  54.536 0.0000000000
37759  -34.285  -27.580  55.133 0.0000000000
114455  -34.980  -27.591  55.049 0.0000000000
40665  -21.473  -24.854  53.648 0.0000000000
47720  -39.894  -16.569  39.210 0.0000000000
54792  -38.480  -8.854  40.026 0.0000000000
53107  -38.924  -10.354  39.045 0.0000000000
53108  -39.716  -11.015  38.558 0.0000000000
54807  -40.320  -8.970  37.389 0.0000000000
102661  -40.888  -10.874  37.876 0.0000000000
51485  -41.901  -12.210  38.745 0.0000000000
50631  -43.348  -12.540  39.055 0.0000000000
54023  -49.660  -9.416  32.526 0.0000000000
55660  -49.029  -7.931  31.982 0.0000000000
56518  -48.430  -6.222  32.461 0.0000000000
31001  -9.189  -35.497  61.231 0.0000000000
29412  -8.756  -37.327  61.520 0.0000000000
29414  -10.951  -37.573  61.106 0.0000000000
28600  -9.871  -38.203  62.356 0.0000000000
28599  -9.062  -38.406  62.446 0.0000000000
28593  -8.922  -38.865  63.197 0.0000000000
38777  -37.341  -26.776  53.237 0.0000000000
38797  -37.915  -26.342  52.652 0.0000000000
39790  -38.514  -25.747  52.110 0.0000000000
39820  -35.702  -25.299  50.467 0.0000000000
39822  -37.278  -25.078  50.585 0.0000000000
40710  -38.095  -24.884  50.966 0.0000000000
40711  -38.675  -24.001  50.809 0.0000000000
40721  -38.401  -23.258  50.272 0.0000000000
42416  -38.312  -22.519  49.682 0.0000000000
43371  -31.684  -21.493  49.252 0.0000000000
42429  -32.368  -22.653  48.426 0.0000000000
44308  -31.690  -20.674  47.335 0.0000000000
43402  -32.292  -21.547  47.204 0.0000000000
42431  -34.303  -23.043  47.816 0.0000000000
42448  -35.734  -22.469  47.808 0.0000000000
42434  -37.011  -22.632  48.645 0.0000000000
43453  -35.985  -22.211  44.599 0.0000000000
100895  -38.212  -22.533  45.597 0.0000000000
44374  -39.684  -20.899  41.975 0.0000000000
45166  -38.669  -19.700  41.024 0.0000000000
46819  -37.879  -17.712  40.001 0.0000000000
104585  -36.225  -18.416  41.222 0.0000000000
46818  -36.972  -17.582  40.205 0.0000000000
47706  -36.822  -16.519  39.958 0.0000000000
49638  -36.522  -14.212  40.611 0.0000000000
51469  -36.590  -12.856  41.392 0.0000000000
104748  -24.668  -29.233  53.556 0.0000000000
35946  -25.397  -29.740  55.829 0.0000000000
38737  -25.949  -26.399  55.762 0.0000000000
31807  -11.452  -34.781  59.814 0.0000000000
33357  -12.454  -32.799  59.203 0.0000000000
31808  -11.993  -34.718  59.422 0.0000000000
31020  -12.543  -35.493  59.623 0.0000000000
31012  -13.616  -36.116  60.411 0.0000000000
33378  -16.014  -32.459  56.995 0.0000000000
32591  -16.229  -33.848  57.934 0.0000000000
31811  -16.321  -34.857  59.398 0.0000000000
26916  -5.905  -41.162  66.555 0.0000000000
27744  -5.287  -39.221  65.101 0.0000000000
29380  -4.676  -37.595  64.812 0.0000000000
37776  -37.029  -27.257  54.691 0.0000000000
110254  -23.424  -30.862  53.920 0.0000000000
35976  -23.314  -29.771  52.708 0.0000000000
37761  -36.326  -27.469  55.126 0.0000000000
37785  -21.853  -27.843  52.876 0.0000000000
36842  -21.495  -28.683  53.110 0.0000000000
35975  -22.300  -29.568  52.801 0.0000000000
35044  -22.501  -30.924  53.957 0.0000000000
53080  -37.358  -10.501  41.438 0.0000000000
107627  -37.313  -10.968  40.796 0.0000000000
53926  -37.580  -9.987  42.182 0.0000000000
56498  -44.736  -6.631  36.455 0.0000000000
55646  -44.873  -8.092  35.793 0.0000000000
55638  -45.286  -7.242  35.971 0.0000000000
55639  -46.204  -7.168  35.907 0.0000000000
45917  -34.306  -17.742  44.204 0.0000000000
40668  -27.764  -24.426  53.605 0.0000000000
40651  -27.448  -25.112  54.341 0.0000000000
34987  -15.732  -29.658  57.784 0.0000000000
34997  -15.118  -30.604  57.598 0.0000000000
34998  -15.993  -30.447  56.974 0.0000000000
116267  -49.248  -6.685  31.535 0.0000000000
113949  -49.678  -7.190  31.471 0.0000000000
39773  -40.303  -25.293  53.664 0.0000000000
40687  -40.076  -24.949  52.917 0.0000000000
37756  -31.649  -27.556  55.288 0.0000000000
37740  -31.275  -27.818  56.141 0.0000000000
35945  -19.181  -28.053  55.370 0.0000000000
35944  -18.629  -28.469  55.821 0.0000000000
35954  -18.809  -29.609  55.171 0.0000000000
104315  -33.910  -26.328  53.687 0.0000000000
42361  -22.420  -22.407  52.801 0.0000000000
44247  -27.597  -19.785  53.060 0.0000000000
44246  -26.550  -19.750  52.836 0.0000000000
44262  -27.887  -20.646  52.582 0.0000000000
44248  -28.540  -20.319  52.962 0.0000000000
41487  -30.977  -23.695  54.193 0.0000000000
41488  -31.695  -24.227  54.491 0.0000000000
46820  -38.938  -17.742  40.009 0.0000000000
114515  -40.339  -12.733  39.005 0.0000000000
49664  -41.447  -14.535  38.581 0.0000000000
50629  -41.655  -12.804  38.872 0.0000000000
55612  -40.564  -6.825  39.502 0.0000000000
55611  -40.095  -7.206  39.638 0.0000000000
53133  -43.572  -11.450  38.070 0.0000000000
55657  -47.982  -7.639  33.868 0.0000000000
31010  -11.176  -35.426  60.075 0.0000000000
30249  -11.396  -36.388  60.324 0.0000000000
41539  -33.645  -23.584  48.622 0.0000000000
41550  -35.958  -23.298  48.817 0.0000000000
100982  -34.171  -21.816  45.898 0.0000000000
43423  -35.147  -22.374  46.736 0.0000000000
44372  -35.960  -21.329  41.921 0.0000000000
43476  -36.470  -22.010  42.343 0.0000000000
43488  -36.884  -21.437  41.706 0.0000000000
44383  -37.330  -20.599  41.322 0.0000000000
113063  -25.238  -25.628  52.701 0.0000000000
39768  -25.274  -26.193  53.226 0.0000000000
39769  -25.656  -25.440  53.438 0.0000000000
103637  -14.516  -34.830  58.801 0.0000000000
31810  -13.797  -34.892  58.859 0.0000000000
31014  -15.168  -35.651  60.179 0.0000000000
32593  -18.562  -33.968  58.612 0.0000000000
32592  -17.757  -34.126  58.608 0.0000000000
31000  -8.408  -35.956  61.511 0.0000000000
30226  -7.753  -36.470  61.879 0.0000000000
38760  -39.173  -26.211  54.276 0.0000000000
106568  -23.135  -32.014  57.978 0.0000000000
117321  -23.198  -31.923  57.264 0.0000000000
34153  -24.508  -31.284  56.480 0.0000000000
34138  -24.635  -31.534  57.212 0.0000000000
35000  -25.116  -30.920  56.886 0.0000000000
34988  -25.373  -31.227  57.675 0.0000000000
40649  -20.576  -24.403  55.065 0.0000000000
39725  -20.546  -25.372  55.071 0.0000000000
37752  -20.417  -27.161  54.529 0.0000000000
36831  -20.230  -28.734  54.326 0.0000000000
35961  -20.349  -29.780  54.076 0.0000000000
35043  -20.913  -30.812  54.185 0.0000000000
34166  -22.579  -31.709  55.041 0.0000000000
98641  -22.138  -31.956  55.785 0.0000000000
34136  -22.449  -32.197  57.382 0.0000000000
40674  -33.802  -24.436  54.735 0.0000000000
49649  -37.501  -14.088  39.619 0.0000000000
107095  -37.623  -14.811  39.485 0.0000000000
52285  -38.198  -11.839  39.622 0.0000000000
51481  -38.052  -12.612  39.627 0.0000000000
113783  -38.758  -11.684  39.430 0.0000000000
51482  -38.938  -12.311  39.410 0.0000000000
56489  -42.414  -6.416  37.547 0.0000000000
54816  -43.862  -8.389  35.914 0.0000000000
105939  -43.123  -8.381  36.286 0.0000000000
54815  -43.220  -9.105  36.102 0.0000000000
53988  -43.329  -9.966  36.125 0.0000000000
53992  -43.993  -10.093  35.867 0.0000000000
53994  -45.591  -9.552  35.193 0.0000000000
53167  -45.203  -10.429  35.409 0.0000000000
109095  -45.905  -10.381  34.988 0.0000000000
101016  -46.387  -11.178  34.984 0.0000000000
55648  -46.644  -7.770  35.586 0.0000000000
112904  -33.882  -24.205  51.052 0.0000000000
43360  -32.142  -21.577  51.298 0.0000000000
42401  -31.895  -22.601  50.370 0.0000000000
42400  -31.872  -22.304  49.281 0.0000000000
45117  -32.550  -18.680  45.532 0.0000000000
44341  -33.249  -20.091  44.689 0.0000000000
44342  -33.761  -20.987  44.374 0.0000000000
45945  -34.645  -19.015  42.992 0.0000000000
45145  -34.249  -19.803  42.972 0.0000000000
45152  -34.767  -19.650  42.424 0.0000000000
45946  -35.239  -18.843  42.433 0.0000000000
47670  -35.627  -16.795  43.667 0.0000000000
41494  -26.559  -24.553  53.676 0.0000000000
100917  -27.442  -25.494  55.388 0.0000000000
41456  -27.186  -25.588  55.401 0.0000000000
34133  -14.762  -31.527  57.495 0.0000000000
33369  -14.456  -32.357  57.649 0.0000000000
32589  -14.477  -33.726  57.944 0.0000000000
27749  -6.964  -38.952  63.957 0.0000000000
28584  -5.999  -38.727  64.645 0.0000000000
40701  -40.611  -23.969  52.762 0.0000000000
42370  -40.116  -23.168  52.064 0.0000000000
114627  -29.317  -26.629  55.342 0.0000000000
37754  -29.911  -27.168  55.468 0.0000000000
98493  -18.106  -28.425  56.544 0.0000000000
35936  -17.568  -28.837  56.833 0.0000000000
35935  -17.104  -29.271  57.051 0.0000000000
35009  -17.293  -30.712  56.320 0.0000000000
33390  -18.467  -32.337  56.176 0.0000000000
33381  -18.823  -32.997  56.673 0.0000000000
32604  -18.388  -33.440  57.186 0.0000000000
34164  -20.489  -31.764  55.114 0.0000000000
33397  -20.125  -32.224  55.696 0.0000000000
33392  -20.387  -32.603  56.344 0.0000000000
32595  -20.098  -33.395  58.483 0.0000000000
37774  -35.568  -27.383  54.573 0.0000000000
37789  -35.976  -27.145  53.787 0.0000000000
39788  -35.348  -25.682  51.936 0.0000000000
40686  -34.204  -23.936  54.198 0.0000000000
41515  -34.320  -22.828  53.374 0.0000000000
41514  -34.065  -23.237  52.808 0.0000000000
38772  -21.914  -26.334  52.793 0.0000000000
38790  -22.719  -26.584  52.229 0.0000000000
39784  -22.401  -25.619  52.340 0.0000000000
41510  -23.383  -23.173  51.659 0.0000000000
40706  -23.342  -24.680  51.650 0.0000000000
40707  -23.739  -23.931  51.461 0.0000000000
39804  -24.285  -24.782  51.521 0.0000000000
41521  -24.176  -23.195  51.406 0.0000000000
42386  -25.640  -22.358  51.620 0.0000000000
41512  -25.933  -23.499  52.329 0.0000000000
42363  -26.338  -22.728  51.942 0.0000000000
42344  -28.235  -22.776  52.687 0.0000000000
103480  -30.368  -21.699  54.716 0.0000000000
43291  -30.190  -21.015  55.437 0.0000000000
43300  -29.862  -20.970  54.688 0.0000000000
44226  -29.402  -20.415  54.470 0.0000000000
100116  -29.550  -21.027  53.948 0.0000000000
43318  -29.200  -21.137  53.040 0.0000000000
43319  -29.808  -21.709  53.467 0.0000000000
41498  -29.791  -23.421  53.140 0.0000000000
39770  -29.366  -25.282  53.578 0.0000000000
38754  -31.160  -26.869  54.159 0.0000000000
38755  -32.541  -26.770  54.143 0.0000000000
37758  -33.430  -27.588  55.205 0.0000000000
37773  -33.815  -27.249  54.453 0.0000000000
100585  -34.681  -27.304  54.449 0.0000000000
40666  -21.705  -24.084  53.397 0.0000000000
41483  -21.413  -23.433  53.900 0.0000000000
39767  -21.686  -25.529  53.119 0.0000000000
44375  -40.524  -20.514  42.253 0.0000000000
45977  -41.166  -18.036  40.728 0.0000000000
111199  -41.516  -18.370  41.378 0.0000000000
48670  -39.207  -15.825  38.970 0.0000000000
48671  -40.325  -15.881  38.798 0.0000000000
54774  -39.027  -7.912  41.517 0.0000000000
54773  -38.423  -8.560  41.044 0.0000000000
54782  -39.036  -8.094  40.415 0.0000000000
53974  -39.279  -8.881  38.527 0.0000000000
53961  -38.977  -9.313  38.970 0.0000000000
53129  -39.173  -10.019  38.275 0.0000000000
53130  -39.938  -10.632  37.836 0.0000000000
54808  -41.076  -8.282  37.243 0.0000000000
54803  -40.348  -8.040  37.714 0.0000000000
53982  -41.162  -9.541  36.950 0.0000000000
53131  -41.697  -10.985  37.863 0.0000000000
52303  -41.507  -11.415  38.307 0.0000000000
52289  -42.075  -11.829  38.552 0.0000000000
51486  -42.671  -12.143  38.709 0.0000000000
51487  -44.144  -12.124  39.426 0.0000000000
52339  -45.368  -11.818  36.624 0.0000000000
53177  -47.830  -10.754  34.134 0.0000000000
54007  -48.292  -9.478  33.209 0.0000000000
53194  -49.358  -10.495  33.510 0.0000000000
117023  -48.108  -7.665  33.029 0.0000000000
55659  -48.454  -7.792  32.447 0.0000000000
30247  -9.867  -35.863  60.710 0.0000000000
31002  -9.826  -34.982  60.995 0.0000000000
30237  -9.268  -36.614  61.106 0.0000000000
29415  -11.853  -37.483  61.636 0.0000000000
109970  -11.099  -37.815  61.902 0.0000000000
114258  -10.795  -38.533  63.446 0.0000000000
29402  -9.302  -37.839  61.900 0.0000000000
105678  -9.614  -39.114  63.774 0.0000000000
38811  -36.707  -26.032  51.682 0.0000000000
39789  -37.647  -26.025  51.918 0.0000000000
40718  -35.231  -24.797  49.984 0.0000000000
40699  -38.934  -24.838  51.552 0.0000000000
40720  -37.816  -24.137  50.264 0.0000000000
41541  -36.811  -23.090  49.042 0.0000000000
41533  -37.847  -23.276  49.899 0.0000000000
42403  -38.072  -22.919  49.884 0.0000000000
116305  -31.546  -20.198  48.630 0.0000000000
45077  -31.606  -19.961  49.220 0.0000000000
44301  -31.495  -20.874  48.728 0.0000000000
43387  -31.910  -21.852  48.301 0.0000000000
45883  -31.952  -18.627  46.894 0.0000000000
45875  -31.714  -19.039  47.615 0.0000000000
45095  -31.934  -19.778  46.920 0.0000000000
43403  -33.447  -21.991  46.860 0.0000000000
42446  -33.906  -22.616  47.237 0.0000000000
42432  -35.200  -22.840  48.045 0.0000000000
42447  -34.943  -22.581  47.355 0.0000000000
43406  -36.191  -22.388  47.733 0.0000000000
112073  -36.708  -22.478  48.183 0.0000000000
43389  -37.306  -22.548  48.510 0.0000000000
43372  -37.824  -22.618  49.094 0.0000000000
43452  -35.103  -21.875  44.266 0.0000000000
43464  -35.719  -22.087  43.530 0.0000000000
42507  -37.375  -22.677  43.628 0.0000000000
42495  -37.652  -22.615  44.692 0.0000000000
42496  -38.542  -22.705  44.691 0.0000000000
43465  -39.801  -22.106  42.987 0.0000000000
42510  -40.256  -22.433  43.772 0.0000000000
43466  -40.651  -21.777  43.150 0.0000000000
43480  -40.206  -21.408  42.513 0.0000000000
45165  -37.736  -19.758  41.045 0.0000000000
45960  -38.115  -18.980  40.841 0.0000000000
45973  -37.495  -18.290  40.407 0.0000000000
45958  -36.488  -19.028  41.165 0.0000000000
102457  -36.234  -16.891  40.675 0.0000000000
47717  -36.868  -15.613  39.924 0.0000000000
48658  -36.508  -15.068  40.553 0.0000000000
49628  -36.330  -13.546  41.662 0.0000000000
36853  -24.051  -28.359  52.346 0.0000000000
35987  -24.150  -29.570  52.970 0.0000000000
113779  -24.464  -28.661  52.881 0.0000000000
37753  -25.534  -28.128  55.084 0.0000000000
36827  -25.265  -29.223  55.070 0.0000000000
36818  -25.581  -28.706  55.917 0.0000000000
35947  -25.628  -29.220  56.616 0.0000000000
36819  -25.743  -28.253  56.793 0.0000000000
39726  -26.018  -25.995  54.997 0.0000000000
38722  -26.052  -26.446  56.407 0.0000000000
39711  -28.228  -25.822  56.407 0.0000000000
110027  -11.495  -33.967  59.828 0.0000000000
34111  -12.916  -32.093  59.207 0.0000000000
31809  -12.841  -34.699  58.979 0.0000000000
117123  -13.099  -35.857  59.927 0.0000000000
103293  -12.769  -36.122  60.260 0.0000000000
32602  -16.550  -33.299  57.212 0.0000000000
31822  -15.845  -34.475  58.536 0.0000000000
56528  -50.307  -6.023  30.714 0.0000000000
27736  -4.809  -39.785  65.331 0.0000000000
26923  -5.123  -40.518  66.143 0.0000000000
27743  -4.590  -38.836  64.993 0.0000000000
34151  -23.119  -31.777  55.802 0.0000000000
34152  -23.753  -31.699  56.669 0.0000000000
34167  -23.313  -31.525  55.133 0.0000000000
35027  -24.386  -30.743  55.139 0.0000000000
38751  -20.986  -26.653  54.093 0.0000000000
37768  -21.132  -27.585  53.628 0.0000000000
35065  -21.556  -30.239  53.481 0.0000000000
34177  -22.281  -31.391  54.487 0.0000000000
40656  -34.133  -23.745  55.829 0.0000000000
51470  -36.932  -12.598  40.576 0.0000000000
51480  -37.446  -12.825  39.884 0.0000000000
52276  -37.150  -11.672  40.743 0.0000000000
53105  -37.576  -11.145  39.904 0.0000000000
53106  -38.069  -10.310  39.618 0.0000000000
56490  -43.309  -6.211  37.202 0.0000000000
56497  -43.784  -6.794  36.621 0.0000000000
54822  -44.513  -8.851  35.650 0.0000000000
54823  -45.333  -8.779  35.506 0.0000000000
43344  -33.032  -21.756  52.135 0.0000000000
116057  -31.977  -20.828  51.548 0.0000000000
45916  -33.585  -18.201  44.329 0.0000000000
45129  -33.592  -19.196  43.950 0.0000000000
45931  -34.346  -18.445  43.658 0.0000000000
46766  -35.433  -17.155  43.984 0.0000000000
41485  -26.935  -24.819  54.003 0.0000000000
40635  -27.807  -25.630  56.286 0.0000000000
33377  -15.156  -32.375  57.253 0.0000000000
54853  -50.359  -8.500  31.887 0.0000000000
27739  -8.139  -39.979  65.217 0.0000000000
27738  -7.064  -40.141  65.175 0.0000000000
38753  -30.504  -27.042  54.571 0.0000000000
36820  -31.770  -28.126  56.888 0.0000000000
37735  -19.392  -26.726  55.783 0.0000000000
37721  -19.102  -26.451  56.355 0.0000000000
36809  -18.674  -27.025  56.670 0.0000000000
35943  -18.181  -29.395  56.053 0.0000000000
35010  -17.899  -30.518  55.922 0.0000000000
34148  -19.252  -32.082  55.761 0.0000000000
33372  -21.504  -32.639  58.648 0.0000000000
115487  -34.985  -26.675  53.534 0.0000000000
41509  -22.244  -23.973  52.496 0.0000000000
107115  -22.602  -23.170  52.233 0.0000000000
42362  -23.089  -22.419  52.093 0.0000000000
44245  -25.557  -19.835  52.729 0.0000000000
100291  -26.154  -20.491  52.097 0.0000000000
117533  -26.629  -21.028  52.036 0.0000000000
98224  -27.062  -22.117  52.024 0.0000000000
100373  -26.953  -21.388  52.056 0.0000000000
43330  -27.651  -21.499  52.285 0.0000000000
42365  -28.313  -22.016  52.422 0.0000000000
43292  -30.649  -21.928  55.588 0.0000000000
43301  -30.356  -22.197  53.860 0.0000000000
40684  -30.120  -24.979  53.606 0.0000000000
45167  -39.553  -19.533  41.177 0.0000000000
45168  -40.359  -19.256  41.462 0.0000000000
45962  -39.911  -18.781  40.990 0.0000000000
45976  -40.327  -18.197  40.607 0.0000000000
46822  -40.781  -17.743  40.089 0.0000000000
49652  -39.679  -14.184  38.879 0.0000000000
49663  -40.572  -14.396  38.632 0.0000000000
55602  -40.067  -7.038  40.373 0.0000000000
54783  -39.645  -7.706  39.918 0.0000000000
54794  -39.608  -7.945  39.018 0.0000000000
54802  -39.745  -8.407  38.057 0.0000000000
53983  -42.136  -9.640  36.769 0.0000000000
103394  -41.843  -10.447  37.153 0.0000000000
113972  -42.746  -11.854  38.499 0.0000000000
52305  -43.148  -11.673  38.355 0.0000000000
53109  -44.069  -11.605  38.760 0.0000000000
54831  -47.115  -8.756  34.489 0.0000000000
53192  -47.851  -9.946  33.667 0.0000000000
54837  -47.607  -9.165  33.676 0.0000000000
54022  -48.780  -9.122  32.542 0.0000000000
31009  -10.393  -35.225  60.438 0.0000000000
28595  -10.406  -38.920  63.991 0.0000000000
38795  -36.164  -26.441  52.413 0.0000000000
39807  -36.136  -25.638  51.080 0.0000000000
40727  -34.717  -24.338  49.601 0.0000000000
40728  -35.608  -24.221  49.355 0.0000000000
40729  -36.438  -24.015  49.380 0.0000000000
42433  -36.398  -22.691  48.562 0.0000000000
45084  -31.545  -19.576  48.384 0.0000000000
45106  -32.667  -19.852  45.781 0.0000000000
44317  -32.941  -21.034  46.004 0.0000000000
43421  -33.751  -21.827  46.357 0.0000000000
112400  -34.928  -22.431  46.918 0.0000000000
43425  -36.575  -22.364  47.345 0.0000000000
42467  -36.546  -22.365  46.421 0.0000000000
42521  -36.217  -22.300  42.926 0.0000000000
42522  -36.942  -22.540  42.848 0.0000000000
42523  -37.887  -22.558  42.861 0.0000000000
43478  -38.354  -22.026  42.225 0.0000000000
44373  -38.784  -21.187  41.794 0.0000000000
47695  -35.979  -17.104  41.761 0.0000000000
48647  -36.108  -15.279  41.389 0.0000000000
110349  -36.187  -14.501  41.437 0.0000000000
38792  -24.361  -26.988  52.186 0.0000000000
37787  -24.922  -27.857  53.203 0.0000000000
38773  -24.877  -27.037  52.801 0.0000000000
101012  -25.528  -27.335  54.677 0.0000000000
32588  -13.640  -33.527  58.119 0.0000000000
113134  -14.294  -35.876  60.011 0.0000000000
32603  -17.491  -33.412  57.141 0.0000000000
32580  -17.629  -34.444  59.225 0.0000000000
39772  -39.488  -25.715  53.438 0.0000000000
34113  -23.074  -32.388  59.690 0.0000000000
34114  -23.909  -32.127  59.251 0.0000000000
34126  -24.753  -31.839  58.848 0.0000000000
34137  -23.948  -31.861  57.589 0.0000000000
116106  -24.788  -31.755  58.006 0.0000000000
37742  -33.070  -27.937  56.054 0.0000000000
38720  -20.154  -25.730  55.772 0.0000000000
118375  -20.094  -26.687  55.122 0.0000000000
37751  -19.824  -27.029  55.209 0.0000000000
108440  -19.762  -28.250  54.921 0.0000000000
35955  -19.801  -28.978  54.803 0.0000000000
35025  -19.515  -29.798  54.599 0.0000000000
35024  -19.272  -30.694  54.826 0.0000000000
34149  -21.075  -32.234  55.803 0.0000000000
34165  -21.463  -31.658  54.801 0.0000000000
34125  -22.307  -32.312  58.272 0.0000000000
40654  -32.919  -24.398  54.935 0.0000000000
47718  -37.510  -15.999  39.641 0.0000000000
47719  -38.335  -16.282  39.431 0.0000000000
48669  -38.156  -15.374  39.291 0.0000000000
49650  -38.184  -14.497  39.281 0.0000000000
49651  -38.974  -14.845  38.966 0.0000000000
50625  -37.782  -13.342  39.613 0.0000000000
107722  -38.831  -13.965  39.177 0.0000000000
50627  -39.532  -13.161  39.187 0.0000000000
109325  -40.874  -6.663  38.743 0.0000000000
56488  -41.503  -6.490  37.980 0.0000000000
55630  -42.863  -7.049  36.875 0.0000000000
55635  -42.611  -7.979  36.681 0.0000000000
53987  -42.766  -9.635  36.404 0.0000000000
52326  -44.125  -11.092  36.954 0.0000000000
52338  -44.766  -11.180  36.433 0.0000000000
52347  -45.458  -11.652  35.976 0.0000000000
103976  -45.112  -11.031  35.822 0.0000000000
115903  -47.189  -10.490  34.342 0.0000000000
54830  -46.631  -8.844  34.898 0.0000000000
54000  -46.701  -9.401  34.543 0.0000000000
30240  -12.303  -37.035  61.104 0.0000000000
39819  -34.975  -25.074  50.814 0.0000000000
41531  -33.174  -23.991  49.724 0.0000000000
45105  -32.285  -19.176  46.285 0.0000000000
45905  -32.417  -17.718  45.878 0.0000000000
44329  -33.102  -20.630  45.482 0.0000000000
43451  -34.462  -21.400  43.857 0.0000000000
45144  -33.903  -19.804  43.503 0.0000000000
44359  -34.120  -20.620  43.412 0.0000000000
43462  -34.716  -21.285  42.921 0.0000000000
44371  -35.133  -21.060  42.214 0.0000000000
114083  -35.038  -20.295  42.112 0.0000000000
44381  -35.615  -20.480  41.744 0.0000000000
45163  -36.045  -19.724  41.372 0.0000000000
46778  -35.884  -17.274  42.893 0.0000000000
48622  -35.871  -15.375  43.312 0.0000000000
40697  -25.691  -24.110  52.738 0.0000000000
40682  -26.004  -24.640  53.475 0.0000000000
40667  -26.494  -25.148  53.973 0.0000000000
40650  -26.563  -25.671  54.895 0.0000000000
41470  -27.010  -25.416  55.010 0.0000000000
41455  -26.947  -25.579  55.180 0.0000000000
33368  -13.801  -32.490  58.109 0.0000000000
34124  -14.167  -31.496  58.145 0.0000000000
32571  -19.399  -33.886  60.248 0.0000000000
29400  -7.645  -37.819  62.339 0.0000000000
29392  -7.213  -37.693  62.768 0.0000000000
29391  -6.684  -37.852  63.403 0.0000000000
29385  -6.038  -37.851  64.516 0.0000000000
55591  -39.676  -7.336  41.999 0.0000000000
55596  -41.049  -6.511  41.398 0.0000000000
39747  -28.521  -25.555  54.208 0.0000000000
39727  -28.256  -25.679  55.469 0.0000000000
36821  -32.640  -28.212  56.882 0.0000000000
35926  -16.914  -28.595  57.619 0.0000000000
35008  -16.693  -30.879  56.561 0.0000000000
34146  -17.825  -31.533  56.120 0.0000000000
33389  -17.692  -32.268  56.385 0.0000000000
34163  -19.681  -31.606  55.208 0.0000000000
33383  -20.576  -32.860  57.149 0.0000000000
33382  -19.713  -32.925  56.772 0.0000000000
32605  -19.220  -33.357  57.320 0.0000000000
108977  -19.380  -33.766  58.628 0.0000000000
56521  -49.664  -6.403  31.202 0.0000000000
41500  -34.175  -23.695  53.379 0.0000000000
42368  -34.360  -22.100  53.452 0.0000000000
36843  -22.408  -28.633  52.572 0.0000000000
35985  -22.993  -29.132  52.462 0.0000000000
36852  -23.258  -28.363  52.292 0.0000000000
37801  -23.045  -27.456  52.173 0.0000000000
38791  -23.623  -26.827  52.025 0.0000000000
40694  -22.583  -24.706  52.082 0.0000000000
38809  -24.240  -26.105  51.789 0.0000000000
116230  -24.302  -25.463  51.659 0.0000000000
39785  -24.807  -25.416  51.939 0.0000000000
40696  -25.098  -24.478  51.947 0.0000000000
43316  -23.093  -21.016  52.650 0.0000000000
43327  -23.488  -21.632  52.004 0.0000000000
44259  -24.749  -20.728  51.845 0.0000000000
43328  -24.417  -21.558  51.660 0.0000000000
41522  -24.829  -23.278  51.492 0.0000000000
41511  -25.293  -23.737  51.837 0.0000000000
41513  -27.171  -22.938  52.579 0.0000000000
42366  -28.839  -21.756  52.662 0.0000000000
42346  -29.933  -22.520  53.208 0.0000000000
39748  -29.456  -26.034  53.999 0.0000000000
37770  -31.209  -27.238  54.680 0.0000000000
101227  -21.036  -25.039  54.410 0.0000000000
104992  -21.200  -24.227  54.225 0.0000000000
39766  -21.264  -25.466  53.806 0.0000000000
38771  -21.288  -26.118  53.530 0.0000000000
45948  -41.083  -18.956  41.739 0.0000000000
46837  -40.368  -17.213  39.614 0.0000000000
46838  -41.176  -17.290  39.635 0.0000000000
47721  -40.970  -16.624  39.109 0.0000000000
53937  -37.970  -9.250  41.663 0.0000000000
53092  -37.954  -9.625  40.158 0.0000000000
53960  -38.484  -9.524  39.450 0.0000000000
52286  -39.357  -11.455  39.155 0.0000000000
52287  -40.319  -11.678  38.757 0.0000000000
51484  -40.731  -12.209  38.839 0.0000000000
53149  -40.326  -10.127  37.223 0.0000000000
52302  -40.640  -11.299  38.343 0.0000000000
52288  -41.264  -11.854  38.609 0.0000000000
118289  -41.334  -12.309  38.761 0.0000000000
50630  -42.412  -12.660  38.899 0.0000000000
54842  -50.174  -9.061  32.218 0.0000000000
54841  -49.457  -8.649  32.132 0.0000000000
115653  -48.822  -7.077  31.899 0.0000000000
30992  -8.582  -34.983  61.889 0.0000000000
30236  -8.386  -36.746  61.500 0.0000000000
30238  -10.787  -36.993  60.562 0.0000000000
110700  -10.151  -37.254  61.020 0.0000000000
29403  -10.239  -37.783  61.745 0.0000000000
29413  -9.516  -37.418  61.372 0.0000000000
29401  -8.418  -37.874  62.037 0.0000000000
28585  -8.818  -39.362  63.975 0.0000000000
27746  -8.751  -39.688  64.702 0.0000000000
39771  -38.711  -25.995  52.946 0.0000000000
39821  -36.459  -25.261  50.425 0.0000000000
39808  -37.463  -25.561  51.256 0.0000000000
39809  -38.176  -25.472  51.516 0.0000000000
41525  -39.014  -23.125  50.813 0.0000000000
42404  -38.693  -22.557  50.165 0.0000000000
44283  -31.757  -20.653  50.714 0.0000000000
108713  -31.803  -20.028  50.012 0.0000000000
44291  -31.753  -20.727  49.692 0.0000000000
42430  -33.182  -23.035  48.035 0.0000000000
45094  -31.589  -19.917  47.648 0.0000000000
44316  -32.235  -20.878  46.561 0.0000000000
43388  -32.788  -22.371  47.559 0.0000000000
99009  -35.880  -22.628  48.315 0.0000000000
42449  -36.324  -22.481  48.183 0.0000000000
43361  -38.899  -22.219  50.053 0.0000000000
43408  -38.367  -22.328  48.222 0.0000000000
103978  -35.143  -22.092  45.269 0.0000000000
42481  -36.706  -22.361  45.287 0.0000000000
42482  -37.324  -22.400  45.733 0.0000000000
42494  -36.856  -22.523  44.321 0.0000000000
44385  -39.182  -20.334  41.447 0.0000000000
45961  -39.031  -18.944  40.825 0.0000000000
45974  -38.453  -18.393  40.333 0.0000000000
45972  -36.732  -18.364  40.763 0.0000000000
46807  -36.232  -17.787  40.950 0.0000000000
116818  -37.427  -17.858  40.187 0.0000000000
46834  -37.617  -16.877  39.731 0.0000000000
48667  -36.993  -14.733  39.875 0.0000000000
49639  -36.892  -13.968  40.032 0.0000000000
50612  -36.674  -13.411  40.663 0.0000000000
51463  -36.820  -12.069  41.773 0.0000000000
53070  -37.326  -10.760  42.551 0.0000000000
35067  -23.802  -30.286  53.305 0.0000000000
106066  -24.411  -29.924  53.600 0.0000000000
35956  -24.901  -30.150  55.055 0.0000000000
36844  -24.890  -28.522  53.586 0.0000000000
111520  -25.454  -30.143  56.623 0.0000000000
39745  -25.638  -26.030  54.134 0.0000000000
38736  -25.701  -26.578  54.843 0.0000000000
38721  -25.713  -27.099  55.498 0.0000000000
37737  -25.904  -27.302  57.017 0.0000000000
36800  -25.973  -28.482  58.240 0.0000000000
32567  -10.997  -33.358  60.525 0.0000000000
31019  -11.814  -35.278  59.757 0.0000000000
32579  -12.850  -33.681  58.613 0.0000000000
32578  -12.147  -33.792  59.244 0.0000000000
30251  -13.044  -36.650  60.999 0.0000000000
32601  -15.635  -33.191  57.357 0.0000000000
32590  -15.314  -33.804  57.908 0.0000000000
32570  -18.627  -34.198  60.055 0.0000000000
32569  -17.940  -34.577  59.857 0.0000000000
31795  -15.918  -35.202  59.994 0.0000000000
26924  -6.430  -40.624  65.911 0.0000000000
27737  -5.754  -40.039  65.488 0.0000000000
28582  -3.923  -38.311  64.783 0.0000000000
28576  -4.270  -38.227  65.036 0.0000000000
32594  -19.520  -33.535  57.976 0.0000000000
34115  -24.695  -31.988  59.642 0.0000000000
35001  -25.663  -30.418  57.413 0.0000000000
35026  -23.756  -31.072  54.765 0.0000000000
35963  -24.842  -29.696  54.270 0.0000000000
36833  -25.088  -28.806  54.287 0.0000000000
37786  -22.538  -27.924  52.412 0.0000000000
37802  -23.889  -27.680  52.143 0.0000000000
38734  -19.841  -26.387  55.694 0.0000000000
39802  -23.053  -25.297  51.888 0.0000000000
42509  -39.372  -22.527  43.522 0.0000000000
43343  -25.265  -21.737  51.605 0.0000000000
44272  -24.977  -21.240  51.648 0.0000000000
44307  -31.471  -20.457  48.061 0.0000000000
46836  -39.455  -17.161  39.642 0.0000000000
48683  -40.835  -15.226  38.538 0.0000000000
50640  -42.889  -13.239  38.923 0.0000000000
53936  -37.620  -9.775  41.068 0.0000000000
53947  -38.013  -9.195  40.759 0.0000000000
97753  -18.980  -27.100  55.856 0.0000000000
98062  -25.294  -20.296  52.097 0.0000000000
101352  -25.910  -26.776  56.377 0.0000000000
111190  -25.707  -29.649  57.204 0.0000000000
117662  -38.758  -8.988  39.421 0.0000000000
118082  -19.435  -26.276  56.249 0.0000000000
118300  -49.302  -7.547  31.750 0.0000000000
