#!ascii label  , from subject sub-027S6002 vox2ras=TkReg
1121
33304  -11.407  -30.896  64.150 0.0000000000
40620  -34.335  -22.765  57.591 0.0000000000
45059  -33.102  -19.454  52.904 0.0000000000
43230  -26.611  -18.883  58.845 0.0000000000
53927  -38.128  -9.466  42.799 0.0000000000
47645  -35.080  -16.199  45.236 0.0000000000
42234  -35.083  -21.120  61.621 0.0000000000
43249  -30.926  -20.427  58.286 0.0000000000
54753  -45.259  -7.902  45.563 0.0000000000
57315  -47.325  -4.667  42.761 0.0000000000
60122  -48.428  -2.587  39.832 0.0000000000
114079  -35.398  -15.131  53.460 0.0000000000
46725  -30.704  -15.970  48.595 0.0000000000
115938  -37.382  -15.190  49.970 0.0000000000
48577  -40.423  -13.238  47.693 0.0000000000
42284  -20.000  -22.107  57.170 0.0000000000
33279  -9.091  -32.254  67.033 0.0000000000
104808  -35.096  -21.347  54.795 0.0000000000
46680  -34.886  -17.720  57.889 0.0000000000
44219  -22.414  -20.141  53.963 0.0000000000
98193  -28.310  -19.723  53.855 0.0000000000
55655  -47.975  -7.161  34.808 0.0000000000
59139  -52.266  -4.182  37.571 0.0000000000
49598  -36.274  -14.480  43.255 0.0000000000
109743  -42.258  -10.263  46.406 0.0000000000
34957  -13.447  -30.245  60.811 0.0000000000
30198  -5.682  -36.359  64.975 0.0000000000
56459  -46.358  -6.171  44.184 0.0000000000
48495  -36.941  -15.191  52.082 0.0000000000
39709  -19.869  -25.346  56.464 0.0000000000
33294  -9.891  -31.745  65.516 0.0000000000
40686  -34.204  -23.936  54.198 0.0000000000
118016  -35.284  -22.383  56.540 0.0000000000
113496  -24.598  -18.962  56.330 0.0000000000
112033  -24.944  -19.731  53.506 0.0000000000
44178  -26.804  -19.416  56.476 0.0000000000
42286  -32.850  -21.950  58.324 0.0000000000
111323  -30.973  -22.060  56.247 0.0000000000
97769  -32.439  -23.293  56.063 0.0000000000
44971  -25.505  -18.375  59.842 0.0000000000
45003  -23.282  -18.671  56.745 0.0000000000
56485  -42.983  -5.754  37.994 0.0000000000
55640  -47.011  -7.084  35.850 0.0000000000
59133  -50.003  -3.144  38.065 0.0000000000
46743  -32.615  -16.918  46.501 0.0000000000
47658  -35.790  -16.074  44.112 0.0000000000
100536  -41.071  -11.814  47.130 0.0000000000
37687  -17.576  -26.784  58.480 0.0000000000
36776  -16.296  -27.380  60.327 0.0000000000
115045  -15.389  -28.085  61.810 0.0000000000
34974  -14.985  -29.638  59.006 0.0000000000
30217  -6.549  -37.137  63.969 0.0000000000
41410  -34.356  -22.204  59.461 0.0000000000
41425  -35.952  -21.538  58.798 0.0000000000
42252  -37.135  -20.744  60.839 0.0000000000
112163  -28.231  -20.073  61.183 0.0000000000
97986  -28.427  -19.433  58.873 0.0000000000
43200  -31.170  -20.678  61.302 0.0000000000
42260  -33.069  -21.913  59.972 0.0000000000
54757  -41.126  -8.163  44.016 0.0000000000
56462  -42.386  -6.290  42.535 0.0000000000
57319  -43.843  -5.365  41.156 0.0000000000
58210  -45.633  -4.498  39.231 0.0000000000
57342  -46.683  -4.929  38.150 0.0000000000
59116  -48.049  -3.742  41.955 0.0000000000
46697  -32.715  -17.179  53.273 0.0000000000
45864  -31.626  -18.509  50.476 0.0000000000
48491  -32.739  -15.580  51.412 0.0000000000
48527  -34.484  -15.299  49.530 0.0000000000
48558  -35.671  -15.114  48.229 0.0000000000
48573  -37.474  -14.970  46.156 0.0000000000
48547  -39.601  -14.636  48.618 0.0000000000
42258  -18.585  -21.295  58.771 0.0000000000
38693  -18.912  -25.879  57.369 0.0000000000
59158  -49.841  -3.234  33.486 0.0000000000
33277  -7.214  -32.538  67.523 0.0000000000
41515  -34.320  -22.828  53.374 0.0000000000
44264  -34.009  -20.625  54.022 0.0000000000
43280  -35.642  -20.503  58.163 0.0000000000
102188  -35.590  -19.021  55.531 0.0000000000
45833  -33.671  -18.828  54.766 0.0000000000
48444  -35.186  -15.419  55.619 0.0000000000
43276  -29.398  -19.701  56.560 0.0000000000
45783  -21.527  -17.805  59.119 0.0000000000
43290  -21.153  -21.155  55.095 0.0000000000
57350  -48.929  -5.591  36.860 0.0000000000
56504  -49.964  -5.946  35.958 0.0000000000
57364  -50.766  -5.174  34.989 0.0000000000
58229  -53.694  -4.324  36.772 0.0000000000
32559  -10.586  -32.987  61.252 0.0000000000
32539  -9.324  -33.524  63.053 0.0000000000
51457  -36.996  -12.130  42.855 0.0000000000
48607  -39.321  -13.629  45.302 0.0000000000
51449  -39.676  -11.951  44.865 0.0000000000
112235  -40.955  -10.183  45.031 0.0000000000
53898  -44.319  -8.703  46.213 0.0000000000
34085  -12.299  -30.790  62.124 0.0000000000
112219  -8.515  -33.722  64.100 0.0000000000
31727  -6.918  -34.032  65.331 0.0000000000
31712  -5.796  -33.853  65.531 0.0000000000
33303  -10.814  -31.087  64.618 0.0000000000
40637  -33.736  -23.519  56.262 0.0000000000
40657  -34.699  -23.205  56.390 0.0000000000
40639  -34.666  -22.794  57.236 0.0000000000
44165  -25.838  -19.349  57.613 0.0000000000
97918  -25.987  -19.348  56.401 0.0000000000
43259  -26.387  -19.426  57.892 0.0000000000
41423  -33.613  -22.492  58.144 0.0000000000
41458  -32.726  -22.886  56.810 0.0000000000
41459  -33.261  -23.172  56.614 0.0000000000
40636  -33.123  -23.788  55.728 0.0000000000
44123  -27.396  -19.012  60.824 0.0000000000
44964  -27.026  -18.730  61.086 0.0000000000
44145  -26.197  -18.681  59.216 0.0000000000
44992  -25.316  -18.754  58.234 0.0000000000
55639  -46.204  -7.168  35.907 0.0000000000
44273  -32.571  -20.843  52.193 0.0000000000
116057  -31.977  -20.828  51.548 0.0000000000
47631  -33.552  -16.453  46.326 0.0000000000
46764  -33.769  -17.443  44.809 0.0000000000
47657  -35.462  -16.574  44.363 0.0000000000
35927  -16.909  -28.047  58.173 0.0000000000
37660  -16.918  -26.608  59.812 0.0000000000
107791  -15.987  -28.526  59.038 0.0000000000
35917  -15.469  -28.935  59.490 0.0000000000
113177  -15.224  -29.912  58.284 0.0000000000
41387  -34.880  -21.858  60.466 0.0000000000
41401  -35.367  -21.875  59.967 0.0000000000
42250  -35.953  -21.256  61.186 0.0000000000
43174  -29.710  -20.341  62.298 0.0000000000
43198  -29.612  -20.329  61.362 0.0000000000
106994  -31.034  -20.308  62.452 0.0000000000
43179  -34.231  -20.818  62.345 0.0000000000
43202  -32.719  -20.940  61.328 0.0000000000
42247  -34.040  -21.630  60.891 0.0000000000
41398  -34.039  -22.206  59.712 0.0000000000
116628  -43.265  -8.157  45.164 0.0000000000
111930  -42.127  -7.028  43.959 0.0000000000
55587  -43.370  -6.849  44.274 0.0000000000
57309  -46.822  -5.357  43.491 0.0000000000
56464  -45.278  -5.748  43.239 0.0000000000
57321  -45.566  -5.056  41.683 0.0000000000
57328  -45.262  -4.822  40.829 0.0000000000
58196  -46.112  -4.667  41.034 0.0000000000
58203  -46.522  -4.357  40.426 0.0000000000
58198  -47.480  -4.015  41.740 0.0000000000
48463  -34.444  -15.418  53.697 0.0000000000
47580  -32.535  -16.255  52.898 0.0000000000
98413  -34.159  -15.460  52.355 0.0000000000
114569  -37.072  -15.251  50.457 0.0000000000
48512  -35.587  -15.214  50.782 0.0000000000
115735  -36.566  -15.157  49.773 0.0000000000
98378  -34.788  -15.298  48.545 0.0000000000
48544  -36.492  -14.916  48.994 0.0000000000
48560  -37.660  -14.672  48.161 0.0000000000
48530  -38.755  -14.816  49.633 0.0000000000
44990  -19.554  -19.545  58.770 0.0000000000
104445  -18.867  -19.626  60.116 0.0000000000
42283  -19.578  -22.181  57.655 0.0000000000
38707  -19.265  -25.986  56.746 0.0000000000
59160  -51.348  -2.944  34.311 0.0000000000
60159  -51.776  -2.421  33.673 0.0000000000
33272  -8.496  -32.191  67.853 0.0000000000
41502  -35.014  -22.555  54.411 0.0000000000
118114  -34.665  -22.977  53.861 0.0000000000
42347  -34.741  -22.368  53.990 0.0000000000
43332  -34.398  -21.399  53.748 0.0000000000
44251  -34.968  -20.901  54.886 0.0000000000
113570  -37.440  -20.804  59.780 0.0000000000
43266  -35.790  -20.835  58.227 0.0000000000
44155  -37.047  -19.876  59.433 0.0000000000
112520  -35.437  -18.299  58.622 0.0000000000
45820  -35.105  -19.341  58.179 0.0000000000
45818  -34.956  -19.011  56.563 0.0000000000
45827  -34.894  -18.922  55.766 0.0000000000
115928  -34.514  -17.685  56.577 0.0000000000
46686  -34.135  -17.593  55.880 0.0000000000
47570  -34.814  -16.321  57.027 0.0000000000
44223  -26.795  -19.380  53.798 0.0000000000
99977  -30.159  -19.878  58.871 0.0000000000
43262  -28.664  -19.543  57.280 0.0000000000
98855  -30.040  -19.773  57.988 0.0000000000
43292  -30.649  -21.928  55.588 0.0000000000
46672  -23.043  -17.493  59.825 0.0000000000
109098  -22.608  -19.209  55.609 0.0000000000
45027  -21.765  -19.465  55.629 0.0000000000
43298  -21.691  -20.806  54.405 0.0000000000
42329  -21.168  -22.612  54.195 0.0000000000
59130  -47.279  -3.644  39.021 0.0000000000
57343  -47.491  -4.848  38.027 0.0000000000
59131  -47.988  -3.274  38.480 0.0000000000
59138  -51.076  -3.898  37.680 0.0000000000
105063  -50.408  -5.119  37.046 0.0000000000
57352  -51.143  -5.062  36.871 0.0000000000
56512  -50.360  -5.625  35.371 0.0000000000
57361  -51.071  -5.297  35.572 0.0000000000
58238  -51.452  -4.696  35.207 0.0000000000
57354  -52.730  -4.749  36.808 0.0000000000
46717  -31.047  -16.909  49.747 0.0000000000
45078  -31.607  -19.267  49.833 0.0000000000
49628  -36.330  -13.546  41.662 0.0000000000
50581  -37.275  -12.971  43.351 0.0000000000
48575  -39.498  -13.978  46.747 0.0000000000
98360  -37.888  -14.883  45.416 0.0000000000
48592  -39.814  -13.469  46.456 0.0000000000
52218  -41.904  -10.587  46.834 0.0000000000
51430  -40.796  -11.692  46.138 0.0000000000
52243  -40.819  -11.289  45.799 0.0000000000
52256  -39.863  -11.232  45.241 0.0000000000
53054  -41.252  -10.448  45.388 0.0000000000
53910  -42.232  -9.377  45.401 0.0000000000
53038  -42.854  -9.643  46.310 0.0000000000
34927  -14.223  -29.054  61.678 0.0000000000
34926  -13.757  -29.581  62.130 0.0000000000
34909  -13.172  -29.831  63.246 0.0000000000
34086  -12.892  -30.608  61.383 0.0000000000
108161  -11.697  -31.810  60.659 0.0000000000
33348  -12.342  -31.774  59.935 0.0000000000
30992  -8.582  -34.983  61.889 0.0000000000
31755  -8.688  -33.881  63.372 0.0000000000
30981  -7.132  -34.907  63.049 0.0000000000
30207  -6.101  -36.760  64.733 0.0000000000
30972  -6.597  -35.294  64.423 0.0000000000
30199  -6.217  -35.928  64.840 0.0000000000
31713  -6.701  -33.725  65.859 0.0000000000
30961  -5.131  -35.891  64.911 0.0000000000
118195  -32.563  -20.009  63.501 0.0000000000
55574  -46.443  -7.562  46.027 0.0000000000
55589  -45.166  -6.851  44.472 0.0000000000
56446  -47.455  -6.624  45.592 0.0000000000
48479  -35.855  -15.156  52.727 0.0000000000
111845  -19.988  -22.845  55.883 0.0000000000
41436  -19.907  -23.594  57.150 0.0000000000
33281  -10.363  -31.486  66.317 0.0000000000
32496  -9.396  -32.276  65.904 0.0000000000
40674  -33.802  -24.436  54.735 0.0000000000
40675  -34.945  -23.122  54.743 0.0000000000
42323  -35.320  -21.629  55.781 0.0000000000
48426  -35.495  -15.877  58.114 0.0000000000
44196  -23.772  -19.521  54.714 0.0000000000
44243  -23.537  -20.139  52.851 0.0000000000
44197  -24.733  -19.466  55.136 0.0000000000
99639  -26.118  -19.308  54.650 0.0000000000
98264  -27.029  -19.228  54.771 0.0000000000
42285  -32.284  -21.601  58.026 0.0000000000
43265  -31.540  -21.203  57.709 0.0000000000
42298  -32.120  -22.003  57.135 0.0000000000
41457  -32.176  -22.828  56.645 0.0000000000
41474  -32.765  -23.836  55.401 0.0000000000
44962  -25.349  -17.939  60.409 0.0000000000
45784  -23.850  -17.725  59.159 0.0000000000
103375  -24.513  -18.350  58.656 0.0000000000
44163  -24.386  -18.862  56.827 0.0000000000
56484  -42.141  -5.889  38.390 0.0000000000
55650  -47.711  -7.113  35.250 0.0000000000
60124  -49.996  -1.859  40.723 0.0000000000
60129  -49.211  -2.369  39.270 0.0000000000
46735  -31.934  -16.535  47.180 0.0000000000
46778  -35.884  -17.274  42.893 0.0000000000
48622  -35.871  -15.375  43.312 0.0000000000
50534  -41.064  -12.408  48.704 0.0000000000
49558  -40.523  -12.391  47.550 0.0000000000
51386  -41.628  -11.208  48.796 0.0000000000
107174  -17.750  -24.299  59.389 0.0000000000
105770  -17.564  -24.390  60.863 0.0000000000
39628  -15.697  -25.637  61.898 0.0000000000
35889  -16.183  -27.466  61.037 0.0000000000
35908  -15.241  -28.740  60.312 0.0000000000
34972  -13.568  -30.516  59.861 0.0000000000
114319  -13.125  -31.303  59.493 0.0000000000
34123  -13.435  -31.793  58.711 0.0000000000
40604  -34.219  -22.608  58.174 0.0000000000
40606  -34.928  -22.499  58.140 0.0000000000
41412  -35.406  -22.023  59.304 0.0000000000
42263  -36.865  -21.112  59.749 0.0000000000
43217  -27.401  -18.944  60.035 0.0000000000
43232  -27.653  -19.172  58.989 0.0000000000
98168  -28.472  -19.344  59.754 0.0000000000
43219  -29.519  -19.721  60.145 0.0000000000
108349  -31.029  -20.608  59.968 0.0000000000
43177  -32.311  -20.688  62.139 0.0000000000
43201  -31.842  -20.781  60.846 0.0000000000
43235  -31.692  -21.121  59.425 0.0000000000
42271  -33.067  -21.913  59.149 0.0000000000
103330  -33.771  -22.277  58.677 0.0000000000
44106  -27.764  -19.665  61.854 0.0000000000
110592  -39.740  -8.608  43.537 0.0000000000
54763  -38.534  -8.631  42.205 0.0000000000
54764  -40.030  -7.772  42.960 0.0000000000
117817  -40.955  -6.819  42.429 0.0000000000
56471  -41.626  -6.154  40.917 0.0000000000
56457  -44.733  -6.275  43.691 0.0000000000
56467  -43.203  -5.704  41.550 0.0000000000
106758  -41.965  -5.809  40.222 0.0000000000
57334  -43.382  -5.109  39.394 0.0000000000
57340  -44.243  -5.201  38.228 0.0000000000
57347  -45.491  -5.466  37.498 0.0000000000
57348  -46.367  -5.409  37.514 0.0000000000
115407  -46.258  -4.550  38.749 0.0000000000
59127  -47.256  -3.563  40.047 0.0000000000
59121  -47.804  -3.071  40.437 0.0000000000
58193  -49.165  -4.246  42.828 0.0000000000
59117  -49.749  -3.052  42.324 0.0000000000
45849  -32.991  -18.579  52.814 0.0000000000
45063  -31.879  -19.273  51.570 0.0000000000
108941  -32.157  -17.020  52.578 0.0000000000
47592  -31.164  -16.204  50.666 0.0000000000
114999  -31.815  -15.599  50.398 0.0000000000
48493  -34.916  -15.260  51.556 0.0000000000
102299  -33.430  -15.418  50.109 0.0000000000
47601  -32.682  -15.258  49.085 0.0000000000
47611  -32.775  -15.355  48.206 0.0000000000
47632  -34.083  -15.822  47.046 0.0000000000
47633  -34.880  -15.596  46.809 0.0000000000
47646  -35.859  -15.541  45.603 0.0000000000
97726  -37.068  -14.772  47.285 0.0000000000
97890  -38.145  -14.636  47.239 0.0000000000
48563  -40.202  -14.369  48.250 0.0000000000
47613  -41.332  -14.124  49.285 0.0000000000
116914  -41.250  -13.585  48.755 0.0000000000
113018  -18.231  -21.548  59.576 0.0000000000
41435  -20.112  -23.699  58.008 0.0000000000
40599  -19.877  -24.382  58.405 0.0000000000
40586  -18.122  -23.701  58.897 0.0000000000
37707  -18.392  -26.380  57.776 0.0000000000
44263  -33.821  -20.893  53.284 0.0000000000
45060  -33.396  -20.060  53.511 0.0000000000
41460  -35.463  -22.091  57.657 0.0000000000
42313  -35.620  -21.190  57.429 0.0000000000
43293  -35.149  -20.912  56.069 0.0000000000
44182  -35.184  -19.896  56.664 0.0000000000
44227  -34.700  -20.117  55.222 0.0000000000
45055  -35.167  -20.087  55.103 0.0000000000
45842  -33.686  -19.204  54.436 0.0000000000
45850  -33.599  -19.092  53.487 0.0000000000
45832  -33.433  -18.091  54.292 0.0000000000
47575  -33.575  -16.545  54.252 0.0000000000
48451  -35.788  -14.967  54.728 0.0000000000
48435  -36.285  -15.111  56.956 0.0000000000
112990  -36.091  -14.976  55.472 0.0000000000
43261  -27.729  -19.528  57.736 0.0000000000
44179  -27.674  -19.464  56.465 0.0000000000
44225  -28.847  -19.780  54.624 0.0000000000
43278  -30.557  -21.133  56.297 0.0000000000
43300  -29.862  -20.970  54.688 0.0000000000
45782  -21.000  -17.867  59.727 0.0000000000
45001  -20.050  -19.493  58.090 0.0000000000
45795  -22.161  -17.851  58.335 0.0000000000
110012  -20.692  -19.132  57.155 0.0000000000
107068  -20.588  -20.882  56.282 0.0000000000
41482  -20.753  -23.472  54.643 0.0000000000
56494  -46.950  -5.890  36.818 0.0000000000
56501  -47.479  -6.447  36.234 0.0000000000
56502  -48.366  -6.406  36.042 0.0000000000
58217  -49.924  -4.051  37.756 0.0000000000
57357  -49.610  -5.855  36.368 0.0000000000
56510  -48.648  -6.296  35.172 0.0000000000
56516  -48.782  -6.014  34.672 0.0000000000
57368  -48.756  -5.607  34.047 0.0000000000
57367  -48.531  -5.390  33.078 0.0000000000
58244  -50.172  -4.041  33.996 0.0000000000
110120  -51.644  -3.838  34.883 0.0000000000
99323  -10.597  -31.689  62.771 0.0000000000
33314  -10.224  -31.929  63.633 0.0000000000
32548  -10.112  -33.270  61.892 0.0000000000
45072  -31.666  -19.675  50.686 0.0000000000
52263  -37.690  -11.074  43.430 0.0000000000
47647  -36.412  -15.501  44.788 0.0000000000
48605  -37.252  -14.867  44.677 0.0000000000
114156  -37.992  -13.723  44.173 0.0000000000
49582  -40.226  -12.571  46.042 0.0000000000
49580  -39.444  -13.070  44.910 0.0000000000
104079  -37.685  -13.363  43.787 0.0000000000
51448  -38.879  -11.999  44.293 0.0000000000
110267  -39.008  -10.925  44.568 0.0000000000
53918  -38.664  -9.923  43.674 0.0000000000
53908  -40.970  -9.548  44.692 0.0000000000
53911  -43.183  -8.893  45.587 0.0000000000
54752  -44.643  -8.286  45.708 0.0000000000
34058  -12.400  -30.217  64.881 0.0000000000
34898  -12.957  -29.660  63.922 0.0000000000
33316  -11.596  -30.863  63.544 0.0000000000
100083  -10.914  -31.577  61.973 0.0000000000
32567  -10.997  -33.358  60.525 0.0000000000
32527  -9.756  -32.532  64.345 0.0000000000
101423  -9.313  -33.063  64.788 0.0000000000
31715  -8.489  -33.114  65.778 0.0000000000
30980  -6.959  -35.695  63.813 0.0000000000
31728  -7.763  -33.618  65.175 0.0000000000
32480  -8.126  -32.919  66.683 0.0000000000
32479  -7.425  -32.928  66.878 0.0000000000
32478  -6.776  -32.806  66.837 0.0000000000
30197  -5.055  -36.744  64.786 0.0000000000
31724  -4.565  -35.336  64.657 0.0000000000
103029  -11.459  -30.809  64.689 0.0000000000
109489  -10.746  -31.267  64.042 0.0000000000
40638  -34.304  -23.105  56.750 0.0000000000
43244  -26.244  -19.218  58.240 0.0000000000
40603  -33.927  -22.712  57.868 0.0000000000
41439  -33.406  -22.699  57.387 0.0000000000
40619  -33.868  -22.920  57.085 0.0000000000
43216  -26.766  -18.750  59.615 0.0000000000
44134  -26.427  -18.601  59.855 0.0000000000
43229  -26.102  -18.894  58.704 0.0000000000
56499  -45.671  -6.549  36.367 0.0000000000
44274  -33.125  -20.370  52.866 0.0000000000
45064  -32.452  -19.858  52.382 0.0000000000
46755  -34.115  -16.696  45.408 0.0000000000
46765  -34.819  -17.077  44.550 0.0000000000
46766  -35.433  -17.155  43.984 0.0000000000
35934  -16.466  -29.418  57.377 0.0000000000
99008  -16.453  -28.259  58.565 0.0000000000
35925  -16.187  -28.812  58.142 0.0000000000
34986  -15.650  -29.202  58.653 0.0000000000
42248  -34.649  -21.677  60.824 0.0000000000
42249  -35.237  -21.432  61.016 0.0000000000
43157  -30.381  -20.201  62.707 0.0000000000
43175  -30.154  -20.460  62.108 0.0000000000
43142  -31.173  -19.812  63.068 0.0000000000
43204  -34.490  -21.145  61.543 0.0000000000
105195  -30.268  -19.620  63.583 0.0000000000
55579  -43.775  -7.523  44.877 0.0000000000
55580  -44.731  -7.581  45.098 0.0000000000
109564  -46.534  -5.003  42.771 0.0000000000
117410  -46.865  -4.589  42.350 0.0000000000
57322  -46.410  -4.701  41.934 0.0000000000
58190  -47.135  -4.297  42.059 0.0000000000
58197  -46.815  -4.368  41.280 0.0000000000
58191  -47.845  -4.237  42.410 0.0000000000
98883  -33.888  -15.622  53.233 0.0000000000
48478  -34.827  -15.367  52.940 0.0000000000
48514  -37.820  -15.058  50.471 0.0000000000
48513  -36.321  -15.244  50.375 0.0000000000
48529  -37.325  -15.049  49.428 0.0000000000
97891  -37.996  -15.024  49.804 0.0000000000
44153  -19.419  -20.405  58.316 0.0000000000
43242  -19.726  -21.330  57.617 0.0000000000
60151  -52.186  -2.976  34.634 0.0000000000
60152  -53.057  -2.863  34.841 0.0000000000
118041  -10.050  -31.525  67.455 0.0000000000
33273  -9.384  -31.833  67.599 0.0000000000
109230  -8.514  -32.599  67.135 0.0000000000
42331  -35.236  -21.784  54.911 0.0000000000
42348  -34.963  -21.761  54.456 0.0000000000
43320  -34.843  -21.368  54.454 0.0000000000
43302  -34.991  -21.244  54.693 0.0000000000
43251  -37.093  -20.597  59.559 0.0000000000
116492  -37.729  -19.862  59.805 0.0000000000
104157  -34.919  -18.948  57.795 0.0000000000
46684  -34.786  -18.201  57.023 0.0000000000
46679  -34.684  -17.200  57.152 0.0000000000
47569  -34.507  -16.808  56.502 0.0000000000
47567  -35.048  -16.566  57.689 0.0000000000
43315  -22.366  -21.540  53.239 0.0000000000
44242  -22.735  -20.515  53.309 0.0000000000
43234  -30.984  -20.573  59.198 0.0000000000
45041  -22.791  -19.611  54.471 0.0000000000
44195  -22.271  -19.541  55.051 0.0000000000
113225  -22.185  -20.954  53.793 0.0000000000
43299  -21.698  -21.693  53.964 0.0000000000
59128  -47.712  -2.952  39.364 0.0000000000
60128  -48.501  -2.711  38.890 0.0000000000
59134  -51.891  -3.321  37.945 0.0000000000
106699  -51.679  -4.656  37.257 0.0000000000
57358  -51.374  -5.206  36.222 0.0000000000
57353  -52.018  -4.912  36.791 0.0000000000
57359  -52.293  -4.819  36.360 0.0000000000
58223  -52.587  -4.673  37.161 0.0000000000
108254  -31.053  -17.205  48.762 0.0000000000
45871  -31.523  -18.262  49.403 0.0000000000
45876  -31.531  -18.312  48.374 0.0000000000
48636  -35.808  -15.170  42.391 0.0000000000
49615  -36.065  -14.126  42.459 0.0000000000
49616  -36.708  -13.652  43.300 0.0000000000
48576  -39.983  -13.658  47.174 0.0000000000
52230  -41.624  -10.842  46.369 0.0000000000
52244  -41.452  -10.775  45.802 0.0000000000
53037  -42.203  -10.293  46.007 0.0000000000
34943  -13.963  -29.708  61.262 0.0000000000
34942  -13.436  -30.134  61.728 0.0000000000
34097  -12.229  -31.152  60.984 0.0000000000
34098  -12.885  -30.892  60.388 0.0000000000
30991  -7.725  -35.439  62.185 0.0000000000
30962  -5.848  -35.538  65.162 0.0000000000
48465  -37.191  -15.170  53.460 0.0000000000
103611  -20.167  -24.162  55.831 0.0000000000
33289  -11.130  -30.994  65.589 0.0000000000
33282  -11.014  -31.121  66.192 0.0000000000
33288  -10.469  -31.389  65.801 0.0000000000
40658  -35.121  -22.841  55.887 0.0000000000
41489  -35.267  -22.359  55.210 0.0000000000
41475  -35.368  -22.108  56.198 0.0000000000
45016  -24.199  -19.202  55.587 0.0000000000
44198  -25.594  -19.319  55.451 0.0000000000
44199  -26.455  -19.268  55.607 0.0000000000
44200  -27.376  -19.317  55.649 0.0000000000
42299  -32.643  -22.078  57.641 0.0000000000
103020  -31.945  -23.062  55.940 0.0000000000
40654  -32.919  -24.398  54.935 0.0000000000
44963  -26.158  -18.362  60.532 0.0000000000
45770  -26.486  -18.249  61.260 0.0000000000
113839  -25.855  -17.940  60.932 0.0000000000
44981  -24.829  -18.231  59.343 0.0000000000
44982  -25.144  -18.492  58.745 0.0000000000
44164  -25.179  -19.105  57.113 0.0000000000
44154  -24.909  -18.846  57.617 0.0000000000
46742  -31.940  -17.549  46.828 0.0000000000
47670  -35.627  -16.795  43.667 0.0000000000
47671  -35.617  -16.186  43.439 0.0000000000
48604  -36.301  -15.491  44.006 0.0000000000
50527  -42.431  -12.546  49.824 0.0000000000
50526  -41.417  -11.927  49.123 0.0000000000
53007  -42.602  -10.013  49.005 0.0000000000
104077  -17.638  -25.395  59.182 0.0000000000
39647  -17.554  -24.844  59.898 0.0000000000
38651  -17.251  -26.095  59.497 0.0000000000
36784  -16.381  -27.477  59.590 0.0000000000
38650  -16.732  -26.082  60.256 0.0000000000
36777  -16.570  -26.878  60.385 0.0000000000
100011  -15.723  -26.148  61.616 0.0000000000
35901  -16.032  -27.666  60.631 0.0000000000
34959  -14.895  -29.499  59.937 0.0000000000
34973  -14.296  -30.142  59.392 0.0000000000
34112  -13.769  -30.876  58.943 0.0000000000
40592  -34.275  -22.336  58.731 0.0000000000
40593  -34.800  -22.301  58.801 0.0000000000
118313  -34.440  -22.226  59.110 0.0000000000
41389  -36.067  -21.376  60.496 0.0000000000
41402  -36.000  -21.539  59.918 0.0000000000
42251  -36.881  -21.098  60.333 0.0000000000
43196  -27.754  -19.413  60.680 0.0000000000
43218  -28.080  -19.358  60.328 0.0000000000
43197  -28.524  -20.026  60.908 0.0000000000
43199  -30.414  -20.445  61.101 0.0000000000
98256  -29.735  -20.147  60.802 0.0000000000
43220  -30.367  -20.203  60.466 0.0000000000
43233  -30.267  -19.943  59.713 0.0000000000
43221  -31.069  -20.626  60.648 0.0000000000
107492  -32.748  -20.401  62.877 0.0000000000
43158  -31.964  -20.291  62.637 0.0000000000
42246  -33.356  -21.517  60.686 0.0000000000
43223  -32.486  -21.309  60.426 0.0000000000
43222  -31.696  -21.057  60.155 0.0000000000
42259  -32.368  -21.527  59.649 0.0000000000
41409  -33.689  -22.117  59.109 0.0000000000
103299  -34.023  -22.185  59.028 0.0000000000
40591  -33.965  -22.439  58.478 0.0000000000
100794  -29.082  -20.196  62.263 0.0000000000
43173  -28.472  -20.153  61.657 0.0000000000
43172  -27.826  -19.804  61.320 0.0000000000
54756  -40.485  -8.318  43.734 0.0000000000
54765  -40.682  -7.552  43.210 0.0000000000
55592  -41.805  -6.636  43.003 0.0000000000
56461  -41.696  -6.367  41.998 0.0000000000
55596  -41.049  -6.511  41.398 0.0000000000
56450  -45.795  -6.710  44.545 0.0000000000
56458  -45.575  -6.279  43.930 0.0000000000
57313  -45.010  -5.464  42.375 0.0000000000
56468  -44.104  -5.648  42.178 0.0000000000
56472  -42.498  -5.730  40.891 0.0000000000
56473  -43.161  -5.463  40.793 0.0000000000
57325  -42.753  -5.462  40.009 0.0000000000
57326  -43.580  -5.201  40.295 0.0000000000
57336  -44.942  -4.568  39.907 0.0000000000
57335  -44.092  -4.843  39.671 0.0000000000
98474  -44.732  -4.708  38.852 0.0000000000
115107  -44.929  -5.058  38.005 0.0000000000
57341  -45.714  -4.840  38.244 0.0000000000
58204  -47.020  -4.064  40.729 0.0000000000
58212  -46.810  -4.068  39.745 0.0000000000
59120  -47.538  -3.683  41.088 0.0000000000
107041  -48.083  -3.388  41.337 0.0000000000
117603  -32.725  -17.806  52.837 0.0000000000
45848  -32.359  -17.953  52.245 0.0000000000
48476  -33.065  -15.688  52.204 0.0000000000
47579  -31.976  -16.018  52.192 0.0000000000
47584  -31.750  -15.786  51.254 0.0000000000
48509  -32.624  -15.475  50.608 0.0000000000
118320  -36.384  -15.160  52.384 0.0000000000
102575  -35.165  -15.280  52.265 0.0000000000
48494  -35.938  -15.166  51.831 0.0000000000
97892  -34.947  -15.164  50.075 0.0000000000
98517  -34.188  -15.368  50.075 0.0000000000
48526  -33.651  -15.370  49.563 0.0000000000
48541  -33.947  -15.338  48.866 0.0000000000
48557  -34.780  -15.456  47.687 0.0000000000
111034  -35.403  -15.344  47.350 0.0000000000
47634  -35.618  -15.369  46.588 0.0000000000
97786  -36.133  -15.075  47.355 0.0000000000
113673  -38.974  -14.776  48.982 0.0000000000
48561  -38.768  -14.630  48.214 0.0000000000
48562  -39.575  -14.448  47.972 0.0000000000
47603  -41.580  -14.350  50.065 0.0000000000
47614  -41.769  -14.104  49.865 0.0000000000
47625  -41.434  -13.760  49.124 0.0000000000
49542  -41.625  -13.108  49.258 0.0000000000
103072  -18.677  -20.573  58.955 0.0000000000
43215  -18.442  -20.770  59.783 0.0000000000
110067  -18.528  -22.126  58.760 0.0000000000
40614  -19.840  -24.418  56.620 0.0000000000
39681  -19.838  -25.183  58.046 0.0000000000
108509  -19.132  -25.508  57.986 0.0000000000
40590  -18.895  -24.028  58.442 0.0000000000
39669  -18.402  -25.306  58.577 0.0000000000
38677  -18.615  -25.834  58.044 0.0000000000
33270  -6.974  -32.049  67.941 0.0000000000
41500  -34.175  -23.695  53.379 0.0000000000
42367  -33.953  -22.593  52.742 0.0000000000
114861  -34.266  -20.983  53.803 0.0000000000
43331  -33.853  -21.721  52.815 0.0000000000
41440  -35.437  -22.118  58.229 0.0000000000
41441  -35.740  -21.557  58.271 0.0000000000
43279  -35.555  -20.897  57.153 0.0000000000
42324  -35.405  -21.228  56.421 0.0000000000
108433  -35.380  -20.503  56.889 0.0000000000
45819  -35.223  -19.483  56.816 0.0000000000
45017  -35.098  -19.617  57.846 0.0000000000
45029  -35.674  -19.101  55.946 0.0000000000
44203  -35.000  -19.888  56.111 0.0000000000
45043  -35.450  -19.156  55.493 0.0000000000
45826  -34.105  -18.673  55.545 0.0000000000
45834  -34.377  -19.041  55.226 0.0000000000
45841  -33.607  -18.723  53.981 0.0000000000
48443  -34.471  -16.338  55.766 0.0000000000
47573  -33.933  -16.776  55.039 0.0000000000
97614  -34.646  -15.642  55.032 0.0000000000
109049  -36.248  -15.497  58.297 0.0000000000
116842  -36.007  -15.403  57.652 0.0000000000
48427  -36.800  -15.200  57.618 0.0000000000
116949  -24.109  -19.767  53.309 0.0000000000
44244  -24.538  -20.023  52.544 0.0000000000
43246  -27.883  -19.403  58.401 0.0000000000
103704  -27.393  -19.370  58.284 0.0000000000
44180  -28.537  -19.551  56.501 0.0000000000
44201  -28.467  -19.498  55.622 0.0000000000
44181  -29.215  -19.721  55.967 0.0000000000
42297  -31.256  -21.619  56.834 0.0000000000
43264  -30.659  -20.524  57.269 0.0000000000
106992  -20.603  -18.180  59.197 0.0000000000
45794  -20.999  -18.109  58.443 0.0000000000
99432  -23.449  -18.014  58.455 0.0000000000
45796  -23.009  -18.281  57.564 0.0000000000
44176  -21.001  -20.115  55.881 0.0000000000
45013  -21.294  -19.296  56.292 0.0000000000
44162  -20.513  -20.142  56.616 0.0000000000
43275  -20.892  -21.017  55.704 0.0000000000
98322  -20.762  -21.823  55.561 0.0000000000
57349  -47.284  -5.380  37.468 0.0000000000
58219  -48.173  -5.265  37.441 0.0000000000
56495  -48.019  -5.831  36.677 0.0000000000
57356  -48.922  -6.100  36.340 0.0000000000
102260  -49.963  -2.409  38.624 0.0000000000
59132  -49.078  -3.347  38.295 0.0000000000
98642  -50.452  -5.508  36.447 0.0000000000
57351  -49.727  -5.359  36.964 0.0000000000
56503  -49.217  -6.265  35.971 0.0000000000
56507  -49.377  -6.107  35.669 0.0000000000
56511  -49.553  -5.914  35.317 0.0000000000
57363  -49.656  -5.518  34.675 0.0000000000
101983  -49.041  -4.938  33.823 0.0000000000
58236  -49.986  -4.739  34.287 0.0000000000
106855  -52.661  -4.611  35.995 0.0000000000
58239  -52.211  -4.411  35.490 0.0000000000
59153  -52.716  -3.758  35.297 0.0000000000
58233  -52.907  -4.309  35.747 0.0000000000
32549  -10.489  -32.322  61.950 0.0000000000
45855  -32.021  -18.220  51.453 0.0000000000
50596  -36.639  -12.716  42.271 0.0000000000
52262  -37.156  -11.487  42.726 0.0000000000
48589  -36.665  -15.212  45.605 0.0000000000
48606  -38.490  -14.360  45.152 0.0000000000
48624  -37.785  -14.290  44.363 0.0000000000
49579  -38.631  -13.746  44.701 0.0000000000
102919  -40.811  -12.098  47.006 0.0000000000
114717  -40.580  -12.339  47.001 0.0000000000
50564  -40.576  -12.189  46.485 0.0000000000
105141  -40.102  -12.120  45.309 0.0000000000
50562  -40.000  -12.545  45.436 0.0000000000
50584  -39.759  -12.465  44.981 0.0000000000
49600  -38.532  -13.174  44.338 0.0000000000
50583  -39.134  -12.553  44.548 0.0000000000
50582  -38.189  -12.622  43.933 0.0000000000
53053  -40.453  -10.684  45.289 0.0000000000
105926  -39.641  -10.747  45.013 0.0000000000
53063  -39.264  -10.361  44.414 0.0000000000
53064  -40.201  -10.062  44.724 0.0000000000
53919  -39.537  -9.544  44.006 0.0000000000
53897  -43.446  -9.138  46.051 0.0000000000
54746  -43.956  -8.693  45.837 0.0000000000
34079  -12.749  -30.317  62.812 0.0000000000
34072  -12.555  -30.235  63.581 0.0000000000
34078  -12.083  -30.641  63.149 0.0000000000
33328  -11.446  -31.075  62.700 0.0000000000
33340  -11.588  -31.380  61.572 0.0000000000
32568  -11.702  -32.804  60.033 0.0000000000
105278  -9.778  -33.224  62.699 0.0000000000
32540  -9.813  -32.967  63.493 0.0000000000
32526  -9.230  -33.372  64.058 0.0000000000
32511  -9.077  -33.035  65.309 0.0000000000
31741  -8.672  -33.411  64.828 0.0000000000
30218  -7.068  -37.149  63.110 0.0000000000
30990  -7.250  -36.198  62.812 0.0000000000
110555  -6.977  -36.522  63.677 0.0000000000
30964  -7.031  -34.318  64.681 0.0000000000
31714  -7.497  -33.335  66.035 0.0000000000
32495  -6.466  -33.209  66.093 0.0000000000
30960  -4.698  -36.253  64.634 0.0000000000
33295  -10.591  -31.221  65.247 0.0000000000
40656  -34.133  -23.745  55.829 0.0000000000
40640  -35.119  -22.579  56.974 0.0000000000
44177  -25.186  -19.176  56.174 0.0000000000
101430  -25.685  -19.319  57.015 0.0000000000
44166  -26.349  -19.480  57.260 0.0000000000
41438  -33.047  -22.402  57.695 0.0000000000
117183  -32.792  -23.412  56.134 0.0000000000
106518  -27.535  -19.259  61.313 0.0000000000
44972  -26.087  -18.406  60.101 0.0000000000
44133  -25.874  -18.522  59.483 0.0000000000
106688  -25.452  -18.486  59.205 0.0000000000
44144  -25.669  -18.671  58.782 0.0000000000
43243  -25.571  -19.030  58.045 0.0000000000
56490  -43.309  -6.211  37.202 0.0000000000
43344  -33.032  -21.756  52.135 0.0000000000
46754  -33.172  -17.190  45.619 0.0000000000
45906  -32.954  -17.934  45.046 0.0000000000
35928  -17.261  -27.658  58.139 0.0000000000
37672  -17.209  -26.680  59.228 0.0000000000
35919  -16.816  -27.604  58.851 0.0000000000
35918  -16.477  -27.937  58.840 0.0000000000
98936  -16.060  -28.034  59.285 0.0000000000
35910  -15.810  -27.887  59.884 0.0000000000
34985  -14.553  -30.492  58.418 0.0000000000
116364  -14.604  -31.008  57.855 0.0000000000
41400  -34.869  -22.085  59.963 0.0000000000
41411  -34.773  -22.181  59.488 0.0000000000
41388  -35.336  -21.671  60.495 0.0000000000
99901  -36.813  -20.993  61.296 0.0000000000
98328  -29.063  -20.244  61.634 0.0000000000
118046  -29.658  -20.369  61.855 0.0000000000
105334  -30.604  -20.604  61.741 0.0000000000
43178  -33.354  -20.724  62.434 0.0000000000
43203  -33.745  -21.095  61.520 0.0000000000
42261  -33.750  -22.064  60.222 0.0000000000
41399  -34.500  -22.104  60.132 0.0000000000
43156  -29.799  -20.145  63.006 0.0000000000
54758  -41.845  -7.880  44.424 0.0000000000
55578  -42.780  -7.508  44.635 0.0000000000
116624  -42.741  -6.903  44.146 0.0000000000
55586  -42.772  -6.518  43.483 0.0000000000
57308  -46.033  -5.637  43.425 0.0000000000
57314  -45.790  -5.258  42.599 0.0000000000
57320  -44.699  -5.253  41.461 0.0000000000
57327  -44.376  -4.982  40.585 0.0000000000
58202  -45.835  -4.514  40.180 0.0000000000
47577  -33.190  -16.323  53.531 0.0000000000
48477  -33.283  -15.747  52.886 0.0000000000
98764  -36.588  -15.237  51.112 0.0000000000
48528  -35.692  -15.154  49.940 0.0000000000
111020  -35.104  -15.159  49.568 0.0000000000
48542  -34.796  -15.240  49.153 0.0000000000
48543  -35.565  -15.079  49.204 0.0000000000
48559  -36.690  -14.788  48.181 0.0000000000
48545  -37.257  -14.839  48.801 0.0000000000
48546  -38.129  -14.912  49.025 0.0000000000
44970  -19.226  -18.839  60.542 0.0000000000
44143  -18.900  -19.926  59.224 0.0000000000
110394  -18.952  -21.202  57.885 0.0000000000
38719  -19.712  -25.966  56.360 0.0000000000
36809  -18.674  -27.025  56.670 0.0000000000
59159  -50.714  -3.466  34.210 0.0000000000
60161  -49.776  -2.784  32.454 0.0000000000
60158  -50.702  -2.611  33.372 0.0000000000
60162  -50.582  -2.293  32.288 0.0000000000
60163  -51.379  -2.040  32.665 0.0000000000
33278  -7.867  -32.627  67.440 0.0000000000
41501  -34.682  -23.248  54.135 0.0000000000
42368  -34.360  -22.100  53.452 0.0000000000
42369  -34.709  -21.801  54.083 0.0000000000
44250  -34.579  -20.988  54.287 0.0000000000
42288  -36.777  -20.894  59.420 0.0000000000
42287  -36.289  -21.155  58.868 0.0000000000
42301  -36.404  -20.839  58.940 0.0000000000
43267  -36.403  -20.492  58.950 0.0000000000
44169  -36.336  -20.232  58.909 0.0000000000
45807  -35.737  -18.945  58.806 0.0000000000
45828  -35.753  -18.990  55.767 0.0000000000
45835  -35.542  -18.962  55.419 0.0000000000
45817  -34.546  -18.459  56.244 0.0000000000
46690  -33.591  -17.959  55.098 0.0000000000
108928  -34.926  -15.875  56.419 0.0000000000
48428  -37.769  -14.991  57.522 0.0000000000
44222  -25.857  -19.537  53.659 0.0000000000
44146  -29.296  -19.618  59.349 0.0000000000
43247  -28.447  -19.521  58.108 0.0000000000
43248  -29.201  -19.609  58.524 0.0000000000
43263  -29.733  -19.708  57.213 0.0000000000
42311  -31.245  -22.631  55.722 0.0000000000
106290  -22.654  -17.621  59.121 0.0000000000
45014  -22.405  -18.974  56.168 0.0000000000
44194  -21.441  -20.181  55.083 0.0000000000
42321  -21.099  -21.795  54.730 0.0000000000
117502  -21.600  -22.921  53.680 0.0000000000
58215  -47.723  -4.146  38.308 0.0000000000
114689  -48.227  -4.724  37.856 0.0000000000
58216  -48.828  -4.242  37.984 0.0000000000
58222  -50.710  -4.646  37.340 0.0000000000
113804  -50.041  -5.855  35.658 0.0000000000
56508  -50.588  -5.621  35.838 0.0000000000
58232  -51.791  -4.899  35.734 0.0000000000
58228  -53.084  -4.595  36.555 0.0000000000
31794  -10.851  -34.415  60.270 0.0000000000
32558  -10.449  -33.785  60.989 0.0000000000
46709  -31.463  -17.439  50.804 0.0000000000
45085  -31.509  -19.091  49.079 0.0000000000
110349  -36.187  -14.501  41.437 0.0000000000
50597  -36.555  -13.250  42.711 0.0000000000
110215  -36.900  -12.635  42.993 0.0000000000
48574  -38.649  -14.545  46.213 0.0000000000
48591  -39.323  -13.949  45.886 0.0000000000
48608  -39.729  -13.408  45.861 0.0000000000
51404  -41.440  -11.258  46.933 0.0000000000
50549  -40.904  -11.887  46.630 0.0000000000
51414  -41.167  -11.513  46.525 0.0000000000
100284  -41.160  -11.278  46.109 0.0000000000
51428  -40.101  -11.662  45.311 0.0000000000
52242  -40.381  -11.231  45.525 0.0000000000
53909  -41.517  -9.815  45.182 0.0000000000
53055  -41.928  -10.113  45.604 0.0000000000
53896  -42.660  -9.642  45.852 0.0000000000
53039  -43.628  -9.051  46.396 0.0000000000
35887  -15.227  -28.306  61.535 0.0000000000
35886  -14.519  -28.626  62.189 0.0000000000
112943  -13.961  -29.034  62.479 0.0000000000
102563  -13.686  -29.466  62.921 0.0000000000
102828  -13.016  -30.443  62.144 0.0000000000
31767  -8.917  -34.152  62.441 0.0000000000
31754  -8.014  -34.464  62.689 0.0000000000
31740  -7.849  -34.136  63.632 0.0000000000
30208  -6.610  -36.263  64.397 0.0000000000
30963  -6.395  -34.933  64.919 0.0000000000
31726  -6.178  -34.584  65.471 0.0000000000
31725  -5.188  -34.853  65.055 0.0000000000
44108  -31.739  -19.928  63.012 0.0000000000
43159  -34.026  -20.609  63.077 0.0000000000
55573  -45.804  -7.810  45.782 0.0000000000
55581  -45.608  -7.294  45.153 0.0000000000
113718  -46.168  -7.340  45.499 0.0000000000
56451  -46.259  -6.818  44.965 0.0000000000
56452  -47.069  -6.331  44.810 0.0000000000
57310  -47.695  -5.029  43.513 0.0000000000
57316  -48.081  -4.524  42.865 0.0000000000
48464  -36.357  -15.044  53.379 0.0000000000
48480  -36.737  -15.165  52.842 0.0000000000
112967  -37.777  -15.124  52.223 0.0000000000
98763  -37.576  -15.115  51.311 0.0000000000
99057  -38.523  -14.833  50.353 0.0000000000
106685  -20.038  -22.717  56.653 0.0000000000
41454  -19.927  -23.497  56.239 0.0000000000
39694  -20.292  -24.946  55.833 0.0000000000
33280  -9.798  -31.736  66.781 0.0000000000
33286  -9.376  -32.156  66.418 0.0000000000
100328  -34.493  -23.607  55.315 0.0000000000
44220  -23.339  -19.763  53.751 0.0000000000
44221  -24.375  -19.645  54.154 0.0000000000
107841  -25.255  -19.555  54.462 0.0000000000
111815  -27.559  -19.389  54.035 0.0000000000
43250  -31.657  -21.126  58.615 0.0000000000
41437  -32.559  -22.495  57.122 0.0000000000
42312  -31.615  -22.462  56.464 0.0000000000
45775  -24.101  -17.516  59.797 0.0000000000
45776  -24.815  -18.035  59.954 0.0000000000
44991  -24.217  -18.555  57.972 0.0000000000
116893  -24.880  -18.641  58.148 0.0000000000
100484  -24.035  -18.699  57.324 0.0000000000
45015  -23.553  -18.890  56.003 0.0000000000
45028  -23.170  -19.293  55.202 0.0000000000
118302  -41.476  -6.123  38.827 0.0000000000
60123  -49.201  -2.247  40.277 0.0000000000
60130  -50.053  -1.872  39.500 0.0000000000
59135  -53.046  -3.621  37.773 0.0000000000
46734  -31.234  -16.938  47.755 0.0000000000
48578  -40.665  -12.934  48.033 0.0000000000
49557  -40.397  -12.720  47.409 0.0000000000
49549  -40.857  -12.722  48.322 0.0000000000
100913  -40.664  -12.123  47.751 0.0000000000
51394  -41.264  -11.439  48.200 0.0000000000
105876  -41.567  -10.947  47.616 0.0000000000
52208  -42.082  -10.347  47.337 0.0000000000
53022  -42.603  -9.922  46.834 0.0000000000
53014  -43.186  -9.430  47.187 0.0000000000
108170  -17.231  -25.552  59.879 0.0000000000
39646  -17.180  -25.253  60.716 0.0000000000
35888  -15.736  -27.726  61.590 0.0000000000
115632  -15.663  -28.026  60.191 0.0000000000
35899  -15.530  -28.247  60.586 0.0000000000
34944  -14.616  -29.263  60.802 0.0000000000
34958  -14.197  -29.938  60.367 0.0000000000
111916  -5.354  -37.185  64.835 0.0000000000
40621  -34.671  -22.668  57.729 0.0000000000
40605  -34.512  -22.585  58.151 0.0000000000
41424  -35.443  -22.099  58.723 0.0000000000
41413  -36.138  -21.548  59.254 0.0000000000
42273  -36.638  -21.085  59.339 0.0000000000
42274  -37.266  -21.187  59.867 0.0000000000
42236  -36.597  -21.118  62.064 0.0000000000
43231  -27.114  -18.896  59.290 0.0000000000
107442  -27.684  -19.075  59.717 0.0000000000
101073  -28.933  -19.811  60.596 0.0000000000
43176  -31.431  -20.712  61.984 0.0000000000
112432  -31.853  -20.746  61.483 0.0000000000
42270  -32.349  -21.547  58.881 0.0000000000
42272  -33.563  -22.116  59.627 0.0000000000
41422  -33.376  -22.196  58.526 0.0000000000
113434  -27.834  -19.336  62.320 0.0000000000
44135  -27.077  -18.830  60.255 0.0000000000
53928  -38.871  -8.959  43.284 0.0000000000
53937  -37.970  -9.250  41.663 0.0000000000
54755  -39.252  -8.079  42.649 0.0000000000
55585  -41.331  -7.318  43.540 0.0000000000
117600  -40.328  -7.182  42.408 0.0000000000
55595  -40.300  -6.813  41.401 0.0000000000
55588  -44.312  -6.851  44.393 0.0000000000
56456  -43.790  -6.360  43.615 0.0000000000
56463  -44.635  -5.764  42.983 0.0000000000
103568  -44.105  -5.958  43.062 0.0000000000
102592  -43.253  -6.032  42.589 0.0000000000
56466  -42.441  -6.030  41.726 0.0000000000
56479  -42.006  -5.749  39.359 0.0000000000
57333  -42.743  -5.411  38.912 0.0000000000
105451  -43.926  -4.948  38.885 0.0000000000
57345  -43.808  -5.628  37.701 0.0000000000
57346  -44.640  -5.559  37.535 0.0000000000
56492  -45.135  -5.992  36.914 0.0000000000
56493  -46.031  -5.963  36.892 0.0000000000
58211  -46.366  -4.340  39.524 0.0000000000
98001  -46.919  -4.375  38.736 0.0000000000
60117  -48.508  -2.789  40.925 0.0000000000
58192  -48.541  -4.316  42.698 0.0000000000
58199  -48.135  -4.074  42.329 0.0000000000
59112  -48.698  -4.060  42.461 0.0000000000
106137  -48.780  -3.405  41.969 0.0000000000
60118  -49.329  -2.512  41.406 0.0000000000
45856  -32.494  -18.946  52.250 0.0000000000
46696  -31.562  -16.891  51.717 0.0000000000
47600  -31.445  -15.584  49.554 0.0000000000
48492  -33.892  -15.424  51.471 0.0000000000
48511  -34.570  -15.270  50.746 0.0000000000
48510  -33.640  -15.406  50.704 0.0000000000
48525  -32.619  -15.412  49.854 0.0000000000
47610  -31.667  -15.342  48.583 0.0000000000
46726  -31.542  -15.639  47.701 0.0000000000
47621  -32.976  -16.054  47.319 0.0000000000
47622  -33.923  -15.475  47.947 0.0000000000
105699  -34.448  -16.033  46.129 0.0000000000
112333  -35.141  -15.688  46.046 0.0000000000
48572  -36.449  -15.106  46.415 0.0000000000
98052  -39.122  -14.383  47.307 0.0000000000
98428  -39.897  -14.140  47.522 0.0000000000
47623  -40.458  -13.983  47.983 0.0000000000
108353  -39.579  -14.725  49.367 0.0000000000
48533  -41.144  -14.517  50.287 0.0000000000
47602  -41.008  -14.455  49.502 0.0000000000
48548  -40.319  -14.598  48.996 0.0000000000
47612  -40.829  -14.259  48.678 0.0000000000
47624  -41.017  -13.645  48.485 0.0000000000
111186  -41.796  -12.693  49.404 0.0000000000
41421  -19.982  -22.923  57.529 0.0000000000
41420  -19.578  -22.981  57.939 0.0000000000
39693  -19.649  -25.091  57.187 0.0000000000
107289  -19.658  -23.673  58.276 0.0000000000
41408  -18.725  -23.004  58.357 0.0000000000
41397  -17.949  -22.680  59.347 0.0000000000
37688  -17.839  -26.014  58.602 0.0000000000
36799  -18.475  -26.822  57.332 0.0000000000
36798  -18.026  -27.347  57.460 0.0000000000
108389  -17.413  -27.274  58.316 0.0000000000
60160  -52.669  -2.350  33.957 0.0000000000
60164  -52.293  -1.864  33.001 0.0000000000
43345  -33.377  -21.094  52.661 0.0000000000
40622  -35.043  -22.532  57.674 0.0000000000
109144  -35.472  -22.029  57.011 0.0000000000
42300  -35.849  -21.167  58.281 0.0000000000
41461  -35.622  -21.563  57.613 0.0000000000
41476  -35.517  -21.563  56.763 0.0000000000
42332  -35.228  -21.270  55.448 0.0000000000
109790  -34.996  -20.913  55.053 0.0000000000
113728  -35.321  -20.183  57.940 0.0000000000
44204  -34.839  -20.377  55.852 0.0000000000
45054  -34.375  -20.512  54.839 0.0000000000
45042  -33.854  -19.538  55.062 0.0000000000
45053  -33.642  -19.907  54.340 0.0000000000
45840  -33.197  -18.124  53.504 0.0000000000
46692  -33.201  -17.296  53.940 0.0000000000
46689  -33.506  -17.360  54.542 0.0000000000
109750  -34.120  -15.808  54.417 0.0000000000
99870  -34.989  -15.138  54.221 0.0000000000
48434  -35.380  -15.632  57.196 0.0000000000
48445  -35.705  -15.246  56.290 0.0000000000
117260  -35.870  -14.917  53.934 0.0000000000
43245  -26.881  -19.149  58.516 0.0000000000
43260  -26.949  -19.514  57.811 0.0000000000
44167  -27.178  -19.545  57.207 0.0000000000
115448  -27.904  -19.560  57.078 0.0000000000
44224  -27.962  -19.365  54.766 0.0000000000
112602  -30.124  -20.220  56.614 0.0000000000
43291  -30.190  -21.015  55.437 0.0000000000
43277  -29.872  -20.321  56.018 0.0000000000
44202  -29.504  -20.150  55.256 0.0000000000
45781  -20.152  -18.347  59.962 0.0000000000
116021  -20.049  -18.572  59.340 0.0000000000
44161  -20.072  -20.341  57.496 0.0000000000
45002  -22.020  -18.622  56.842 0.0000000000
45806  -21.538  -18.277  57.628 0.0000000000
43258  -20.194  -21.182  56.946 0.0000000000
42310  -20.327  -22.329  55.976 0.0000000000
41469  -20.180  -23.506  55.422 0.0000000000
56500  -46.588  -6.545  36.342 0.0000000000
55641  -47.687  -6.822  35.651 0.0000000000
56506  -48.370  -6.461  35.479 0.0000000000
58220  -48.978  -5.041  37.486 0.0000000000
58221  -49.794  -4.789  37.465 0.0000000000
107836  -48.277  -6.764  34.361 0.0000000000
111771  -48.180  -7.132  33.529 0.0000000000
56515  -48.386  -6.318  33.578 0.0000000000
58243  -49.266  -4.035  33.491 0.0000000000
58237  -50.838  -4.416  34.627 0.0000000000
59154  -53.566  -3.374  35.451 0.0000000000
33315  -10.985  -31.172  63.511 0.0000000000
33327  -10.130  -32.589  62.791 0.0000000000
31768  -9.551  -33.783  62.161 0.0000000000
31781  -9.957  -34.172  61.416 0.0000000000
31780  -9.319  -34.562  61.635 0.0000000000
44284  -31.869  -20.208  51.641 0.0000000000
44283  -31.757  -20.653  50.714 0.0000000000
45875  -31.714  -19.039  47.615 0.0000000000
53071  -37.832  -10.321  43.228 0.0000000000
104134  -35.747  -16.022  44.770 0.0000000000
48590  -37.144  -15.075  45.278 0.0000000000
48623  -36.809  -14.782  43.915 0.0000000000
49599  -37.226  -14.047  43.806 0.0000000000
48593  -40.163  -13.053  46.934 0.0000000000
48609  -40.006  -13.088  46.238 0.0000000000
49581  -39.863  -13.035  45.601 0.0000000000
51446  -37.539  -12.353  43.388 0.0000000000
51447  -38.181  -12.034  43.776 0.0000000000
52255  -39.287  -11.362  44.743 0.0000000000
52254  -38.469  -11.428  44.030 0.0000000000
51458  -37.645  -11.751  43.397 0.0000000000
53920  -40.330  -9.149  44.211 0.0000000000
111721  -40.893  -8.820  44.340 0.0000000000
54749  -41.575  -8.911  44.778 0.0000000000
54750  -42.470  -8.467  45.056 0.0000000000
54751  -43.977  -8.228  45.420 0.0000000000
53023  -43.407  -9.249  46.737 0.0000000000
34064  -11.910  -30.654  64.497 0.0000000000
34065  -12.440  -30.229  64.258 0.0000000000
34071  -12.008  -30.658  63.915 0.0000000000
33339  -11.046  -32.247  61.058 0.0000000000
33357  -12.454  -32.799  59.203 0.0000000000
112925  -10.251  -31.644  64.287 0.0000000000
33302  -10.026  -31.677  64.846 0.0000000000
32512  -9.469  -32.461  65.214 0.0000000000
106931  -9.106  -32.748  65.762 0.0000000000
32481  -8.899  -32.627  66.430 0.0000000000
30973  -7.075  -34.624  63.994 0.0000000000
105156  -7.813  -33.867  64.397 0.0000000000
107263  -7.021  -33.208  66.384 0.0000000000
112909  -6.792  -32.356  67.367 0.0000000000
29380  -4.676  -37.595  64.812 0.0000000000
33287  -9.830  -31.789  66.068 0.0000000000
34925  -13.364  -30.023  62.529 0.0000000000
35898  -14.951  -28.646  61.206 0.0000000000
35900  -15.746  -28.019  60.690 0.0000000000
35909  -15.663  -28.257  59.799 0.0000000000
35911  -15.972  -27.655  60.048 0.0000000000
36765  -15.344  -27.511  62.734 0.0000000000
36785  -16.738  -27.092  59.748 0.0000000000
37706  -18.010  -26.901  57.803 0.0000000000
39658  -17.845  -24.861  59.079 0.0000000000
39659  -18.337  -24.542  58.767 0.0000000000
40613  -20.044  -24.431  57.722 0.0000000000
41483  -21.413  -23.433  53.900 0.0000000000
42262  -34.234  -22.053  60.349 0.0000000000
42269  -18.972  -22.062  57.989 0.0000000000
42320  -20.402  -22.570  55.154 0.0000000000
42343  -21.880  -22.402  53.532 0.0000000000
43141  -30.616  -19.767  63.274 0.0000000000
44122  -26.705  -18.636  60.420 0.0000000000
44246  -26.550  -19.750  52.836 0.0000000000
44958  -27.456  -19.130  61.739 0.0000000000
45793  -20.093  -18.721  58.730 0.0000000000
45805  -20.593  -18.673  57.962 0.0000000000
48462  -33.733  -15.859  53.885 0.0000000000
48564  -41.243  -13.332  48.762 0.0000000000
49568  -40.351  -12.561  46.687 0.0000000000
50563  -40.352  -12.166  45.847 0.0000000000
51429  -40.418  -11.725  45.646 0.0000000000
53062  -38.476  -10.727  43.941 0.0000000000
53926  -37.580  -9.987  42.182 0.0000000000
57339  -43.515  -5.305  38.492 0.0000000000
58234  -53.449  -4.293  36.249 0.0000000000
60132  -49.325  -2.734  38.597 0.0000000000
97589  -16.331  -27.120  61.087 0.0000000000
98546  -16.167  -27.758  59.438 0.0000000000
98772  -36.735  -15.001  54.004 0.0000000000
98834  -20.423  -21.803  56.341 0.0000000000
99952  -19.216  -24.922  58.509 0.0000000000
100711  -35.496  -19.356  55.432 0.0000000000
100999  -17.032  -27.205  59.055 0.0000000000
103526  -18.826  -26.388  56.988 0.0000000000
104508  -19.363  -25.527  57.352 0.0000000000
107601  -22.069  -19.930  54.511 0.0000000000
109137  -40.949  -11.813  48.064 0.0000000000
110268  -40.883  -10.892  45.541 0.0000000000
111316  -29.170  -19.600  57.825 0.0000000000
112783  -17.562  -24.188  60.136 0.0000000000
114714  -41.283  -11.420  47.499 0.0000000000
114802  -10.285  -34.516  60.784 0.0000000000
116482  -51.307  -5.050  35.389 0.0000000000
117010  -16.866  -27.826  58.531 0.0000000000
117049  -19.443  -25.613  56.807 0.0000000000
