#!ascii label  , from subject sub-027S6002 vox2ras=TkReg
1407
69212  -45.161  8.477  34.337 0.0000000000
69302  -54.554  9.403  21.101 0.0000000000
73320  -49.504  15.030  39.912 0.0000000000
65458  -52.548  3.173  29.416 0.0000000000
63759  -51.100  1.582  36.777 0.0000000000
69992  -47.343  9.482  29.528 0.0000000000
73397  -43.294  14.724  24.834 0.0000000000
75973  -45.920  18.943  19.529 0.0000000000
63716  -44.029  2.443  39.641 0.0000000000
104870  -49.195  5.189  32.485 0.0000000000
66934  -48.973  5.911  30.107 0.0000000000
69220  -52.076  9.033  32.648 0.0000000000
105110  -50.400  18.652  34.550 0.0000000000
73971  -45.265  16.382  32.137 0.0000000000
108695  -47.847  18.330  27.280 0.0000000000
74050  -45.493  15.575  20.738 0.0000000000
75303  -50.373  17.377  20.803 0.0000000000
68634  -51.101  8.823  19.460 0.0000000000
69941  -42.005  9.802  38.102 0.0000000000
70695  -49.017  10.847  37.342 0.0000000000
65440  -58.425  4.127  30.545 0.0000000000
63809  -52.302  1.388  32.476 0.0000000000
64639  -46.630  2.806  33.608 0.0000000000
64606  -44.744  2.199  37.081 0.0000000000
69283  -50.207  8.691  24.279 0.0000000000
116681  -46.898  9.353  23.292 0.0000000000
72063  -48.661  12.214  34.681 0.0000000000
71465  -41.749  11.485  28.189 0.0000000000
98983  -42.777  9.255  21.778 0.0000000000
72147  -41.302  12.181  19.865 0.0000000000
73428  -41.183  14.490  19.416 0.0000000000
67748  -47.497  6.667  33.491 0.0000000000
68540  -50.716  7.104  32.680 0.0000000000
69215  -48.774  8.893  34.483 0.0000000000
98068  -52.594  18.396  31.631 0.0000000000
100901  -49.722  18.397  30.963 0.0000000000
75228  -50.767  18.127  27.672 0.0000000000
75269  -48.952  17.639  24.231 0.0000000000
69310  -52.682  9.317  19.728 0.0000000000
69928  -41.481  9.550  40.254 0.0000000000
99912  -43.927  10.080  40.808 0.0000000000
99851  -51.896  1.522  35.086 0.0000000000
63795  -49.540  1.585  33.535 0.0000000000
63783  -49.118  1.295  34.960 0.0000000000
109914  -43.874  2.832  38.513 0.0000000000
66137  -40.507  4.596  35.077 0.0000000000
68518  -39.875  7.293  35.714 0.0000000000
66905  -37.836  5.346  36.367 0.0000000000
66236  -53.037  4.928  27.791 0.0000000000
68550  -48.403  7.500  30.070 0.0000000000
67794  -49.031  6.598  27.037 0.0000000000
69263  -47.025  7.754  26.956 0.0000000000
70037  -48.241  9.038  24.064 0.0000000000
70016  -46.237  9.244  25.858 0.0000000000
71374  -52.186  11.919  39.867 0.0000000000
71401  -54.331  12.228  36.331 0.0000000000
97435  -49.266  13.434  36.862 0.0000000000
73994  -43.708  15.938  28.668 0.0000000000
73360  -43.062  14.656  30.512 0.0000000000
72740  -41.503  12.970  26.595 0.0000000000
70805  -42.015  10.104  25.084 0.0000000000
72129  -41.672  12.042  23.715 0.0000000000
70819  -40.998  10.429  21.022 0.0000000000
72766  -42.776  13.305  22.688 0.0000000000
74663  -46.705  16.497  17.588 0.0000000000
107049  -44.344  14.757  17.674 0.0000000000
74652  -44.006  16.019  18.980 0.0000000000
74039  -41.444  15.441  22.271 0.0000000000
75315  -44.074  18.023  21.264 0.0000000000
66171  -50.631  3.990  31.425 0.0000000000
66193  -50.557  4.448  29.653 0.0000000000
66929  -50.749  5.395  31.683 0.0000000000
69227  -51.560  8.363  31.474 0.0000000000
70751  -51.269  10.259  30.848 0.0000000000
75828  -48.957  18.085  37.736 0.0000000000
74542  -46.952  16.403  36.305 0.0000000000
75167  -48.526  18.032  33.616 0.0000000000
75195  -46.192  17.706  29.560 0.0000000000
74609  -44.849  16.975  25.843 0.0000000000
73410  -44.302  14.844  22.913 0.0000000000
75283  -46.122  17.312  23.832 0.0000000000
75318  -48.092  17.545  20.625 0.0000000000
75982  -48.762  18.478  18.542 0.0000000000
68633  -48.543  7.853  18.961 0.0000000000
69948  -43.471  9.537  35.556 0.0000000000
70715  -47.015  9.795  35.521 0.0000000000
70692  -45.412  10.819  37.377 0.0000000000
71372  -47.522  11.451  40.316 0.0000000000
72635  -48.957  12.621  42.445 0.0000000000
73911  -47.510  14.921  41.604 0.0000000000
74516  -50.589  16.752  42.106 0.0000000000
64699  -54.947  2.851  29.639 0.0000000000
63820  -55.365  1.805  31.585 0.0000000000
64659  -52.159  1.796  31.026 0.0000000000
64656  -50.217  2.403  31.900 0.0000000000
66157  -47.355  4.154  33.040 0.0000000000
63733  -51.162  1.831  38.605 0.0000000000
65359  -46.216  4.136  39.930 0.0000000000
64571  -47.126  2.688  39.107 0.0000000000
63746  -48.208  1.470  37.437 0.0000000000
64618  -45.211  1.919  35.244 0.0000000000
114268  -43.570  6.972  33.913 0.0000000000
69296  -54.996  9.896  22.916 0.0000000000
66970  -50.607  5.329  27.700 0.0000000000
110352  -52.149  7.919  25.188 0.0000000000
97628  -52.707  9.700  22.689 0.0000000000
70070  -50.689  9.815  20.979 0.0000000000
70086  -48.460  9.454  20.355 0.0000000000
70098  -47.161  8.906  19.369 0.0000000000
111318  -51.069  10.040  35.186 0.0000000000
71416  -53.050  11.372  33.399 0.0000000000
71433  -47.915  10.647  31.810 0.0000000000
73348  -45.116  14.428  34.995 0.0000000000
72075  -44.328  12.277  32.584 0.0000000000
70761  -44.813  10.479  29.458 0.0000000000
70015  -43.975  9.733  26.111 0.0000000000
97869  -44.855  9.326  22.752 0.0000000000
70111  -44.392  8.843  18.534 0.0000000000
73429  -44.060  13.742  20.396 0.0000000000
72789  -41.381  13.622  18.773 0.0000000000
71512  -39.305  12.288  20.147 0.0000000000
72765  -39.179  13.483  21.700 0.0000000000
74029  -39.635  14.975  23.635 0.0000000000
68527  -46.615  7.812  34.116 0.0000000000
68534  -48.250  7.962  34.153 0.0000000000
105249  -47.177  8.441  34.404 0.0000000000
75901  -51.529  18.275  29.808 0.0000000000
97863  -51.315  17.624  26.006 0.0000000000
69301  -53.775  9.281  20.395 0.0000000000
63772  -50.976  1.494  35.637 0.0000000000
63771  -50.052  1.314  35.229 0.0000000000
98073  -50.233  1.434  36.174 0.0000000000
65398  -39.358  3.757  35.744 0.0000000000
66135  -38.899  4.601  35.778 0.0000000000
65480  -54.001  3.750  28.665 0.0000000000
66216  -52.521  4.369  28.459 0.0000000000
114536  -47.681  8.863  29.595 0.0000000000
68564  -47.278  7.424  28.768 0.0000000000
69257  -46.557  7.647  28.195 0.0000000000
69262  -46.560  8.553  26.395 0.0000000000
102024  -45.670  8.765  27.912 0.0000000000
72658  -51.656  13.426  40.369 0.0000000000
72673  -52.444  13.226  38.933 0.0000000000
72671  -50.223  14.074  38.872 0.0000000000
102354  -42.895  14.973  26.649 0.0000000000
73384  -42.893  14.969  27.650 0.0000000000
72747  -42.115  13.491  25.526 0.0000000000
72121  -41.366  12.171  25.484 0.0000000000
72122  -42.021  12.726  24.154 0.0000000000
72130  -42.135  12.671  23.180 0.0000000000
72759  -42.630  13.312  23.690 0.0000000000
75988  -46.963  18.019  17.839 0.0000000000
74654  -45.596  16.585  17.637 0.0000000000
75345  -45.371  17.304  18.816 0.0000000000
74639  -44.358  17.132  20.644 0.0000000000
75972  -45.177  18.952  20.069 0.0000000000
112972  -50.338  4.459  32.003 0.0000000000
66165  -50.681  4.978  31.732 0.0000000000
66926  -50.692  5.794  32.189 0.0000000000
68537  -50.828  7.971  32.962 0.0000000000
68541  -51.403  7.414  32.287 0.0000000000
69224  -52.250  8.776  32.096 0.0000000000
69238  -51.316  9.232  30.874 0.0000000000
69975  -52.547  10.010  31.085 0.0000000000
75839  -49.577  18.407  36.122 0.0000000000
75156  -48.317  17.760  35.742 0.0000000000
75168  -49.261  18.192  33.671 0.0000000000
75909  -48.804  18.454  28.863 0.0000000000
111955  -47.772  17.966  30.368 0.0000000000
100014  -47.175  18.304  28.577 0.0000000000
75208  -45.641  17.574  28.059 0.0000000000
75238  -46.050  17.554  26.392 0.0000000000
102829  -45.364  17.252  25.193 0.0000000000
75252  -46.862  17.725  25.200 0.0000000000
98751  -49.596  17.466  23.311 0.0000000000
75301  -48.234  17.511  22.620 0.0000000000
75319  -49.242  17.418  20.679 0.0000000000
75335  -48.318  17.620  19.083 0.0000000000
100148  -50.250  17.584  19.704 0.0000000000
113083  -49.324  8.555  18.964 0.0000000000
69945  -43.058  9.936  36.375 0.0000000000
70702  -44.353  10.268  36.290 0.0000000000
70690  -43.734  10.543  37.811 0.0000000000
117315  -45.043  10.505  41.589 0.0000000000
70679  -45.468  10.544  40.170 0.0000000000
71343  -46.279  10.948  42.039 0.0000000000
71359  -48.550  11.597  41.772 0.0000000000
71985  -47.544  12.371  42.569 0.0000000000
74515  -46.402  16.835  41.091 0.0000000000
73913  -49.678  16.015  42.616 0.0000000000
75774  -50.911  17.904  42.426 0.0000000000
75120  -51.005  18.492  41.436 0.0000000000
76471  -51.382  19.216  40.640 0.0000000000
107144  -56.086  3.791  29.313 0.0000000000
64680  -56.757  2.799  30.285 0.0000000000
100385  -54.776  1.574  32.811 0.0000000000
63811  -54.120  1.458  32.180 0.0000000000
63818  -53.526  1.581  31.452 0.0000000000
63817  -52.603  1.594  31.668 0.0000000000
64657  -50.836  1.888  31.688 0.0000000000
63815  -50.937  1.596  32.225 0.0000000000
63793  -47.881  1.926  33.555 0.0000000000
64641  -48.247  2.281  33.117 0.0000000000
65420  -47.022  3.489  33.266 0.0000000000
65346  -45.399  3.527  39.710 0.0000000000
104442  -45.695  3.218  38.790 0.0000000000
64590  -45.944  2.451  38.208 0.0000000000
63730  -47.701  1.968  38.334 0.0000000000
111740  -46.188  1.592  36.778 0.0000000000
104615  -46.443  1.506  36.051 0.0000000000
63755  -45.540  1.756  36.287 0.0000000000
68522  -42.057  7.595  34.604 0.0000000000
67740  -41.572  6.931  34.636 0.0000000000
69288  -55.899  9.012  23.693 0.0000000000
66192  -49.970  4.786  29.329 0.0000000000
66234  -51.052  4.818  28.224 0.0000000000
66954  -49.356  5.222  28.922 0.0000000000
68586  -49.948  7.744  25.587 0.0000000000
68579  -50.395  7.068  26.138 0.0000000000
69272  -50.534  8.273  24.939 0.0000000000
69285  -52.609  9.149  23.903 0.0000000000
69294  -51.802  9.139  23.639 0.0000000000
70071  -52.324  10.102  21.323 0.0000000000
69293  -50.823  9.108  23.573 0.0000000000
70051  -47.482  9.372  23.281 0.0000000000
70068  -48.753  9.346  22.147 0.0000000000
98446  -48.334  9.507  21.458 0.0000000000
70099  -47.837  9.272  19.890 0.0000000000
70084  -46.660  9.314  21.871 0.0000000000
106475  -47.587  10.593  36.664 0.0000000000
70717  -48.901  10.008  35.761 0.0000000000
70707  -50.366  10.475  36.474 0.0000000000
72055  -51.766  12.817  35.445 0.0000000000
71409  -54.205  11.938  35.056 0.0000000000
71406  -50.636  11.747  33.887 0.0000000000
106148  -50.009  11.255  33.005 0.0000000000
71413  -47.842  11.412  33.444 0.0000000000
74557  -46.446  16.926  34.003 0.0000000000
73957  -46.066  15.234  36.062 0.0000000000
73964  -45.097  15.557  33.996 0.0000000000
72724  -41.857  13.111  29.688 0.0000000000
72712  -43.151  13.608  31.836 0.0000000000
71445  -42.442  11.843  30.169 0.0000000000
71447  -44.061  11.347  31.110 0.0000000000
70759  -42.856  10.830  28.956 0.0000000000
108428  -44.284  10.137  27.749 0.0000000000
70784  -42.495  10.369  27.301 0.0000000000
106268  -42.149  9.614  23.644 0.0000000000
70047  -42.999  9.473  23.686 0.0000000000
98753  -43.864  9.202  21.990 0.0000000000
70082  -44.356  9.175  20.761 0.0000000000
70081  -43.224  9.221  20.786 0.0000000000
70110  -43.254  9.000  18.281 0.0000000000
70094  -42.479  9.227  19.414 0.0000000000
71509  -40.914  11.307  20.546 0.0000000000
70823  -40.962  10.468  18.802 0.0000000000
74049  -44.934  15.002  21.334 0.0000000000
73422  -43.988  13.857  21.568 0.0000000000
74055  -45.209  14.558  20.080 0.0000000000
74061  -42.581  14.828  18.308 0.0000000000
72797  -42.511  13.966  18.319 0.0000000000
73435  -40.823  13.885  19.021 0.0000000000
72787  -40.197  12.811  19.354 0.0000000000
73426  -39.805  13.759  20.211 0.0000000000
72135  -39.151  12.790  21.214 0.0000000000
73420  -40.154  14.316  20.768 0.0000000000
74032  -42.097  15.992  23.045 0.0000000000
74038  -40.570  15.074  22.448 0.0000000000
74023  -41.088  15.708  24.074 0.0000000000
74022  -40.230  15.414  24.248 0.0000000000
66924  -48.732  5.895  32.828 0.0000000000
66925  -49.737  5.987  32.569 0.0000000000
67749  -49.006  7.184  33.426 0.0000000000
68535  -48.821  7.995  33.873 0.0000000000
69966  -50.117  9.121  33.986 0.0000000000
75868  -49.940  18.364  32.292 0.0000000000
75889  -51.334  18.331  30.852 0.0000000000
75900  -50.493  18.334  29.511 0.0000000000
75919  -49.124  18.381  27.903 0.0000000000
75253  -48.020  18.016  25.555 0.0000000000
115546  -49.836  18.095  25.801 0.0000000000
75270  -49.917  17.570  24.198 0.0000000000
70102  -51.975  9.386  19.623 0.0000000000
108968  -41.776  9.383  38.866 0.0000000000
70681  -42.826  9.823  39.515 0.0000000000
70676  -42.747  9.678  40.582 0.0000000000
63798  -52.025  1.271  33.349 0.0000000000
63807  -50.673  1.468  32.865 0.0000000000
63796  -50.338  1.416  33.605 0.0000000000
102018  -48.951  1.511  34.124 0.0000000000
63781  -47.640  1.642  34.202 0.0000000000
64550  -43.507  2.697  39.030 0.0000000000
64588  -43.420  2.579  37.529 0.0000000000
66144  -41.105  4.770  34.732 0.0000000000
67739  -41.006  6.265  34.730 0.0000000000
66909  -40.054  5.374  35.287 0.0000000000
67734  -38.842  6.141  35.866 0.0000000000
67763  -48.840  6.678  30.240 0.0000000000
67781  -48.893  5.803  28.490 0.0000000000
68565  -47.923  6.890  28.351 0.0000000000
68577  -48.581  7.218  26.526 0.0000000000
68585  -48.927  7.629  25.671 0.0000000000
112706  -49.418  8.688  24.196 0.0000000000
105112  -47.385  8.279  25.790 0.0000000000
69269  -46.881  8.864  25.392 0.0000000000
70035  -46.379  9.395  24.440 0.0000000000
71380  -50.411  11.513  39.100 0.0000000000
70697  -51.124  10.936  37.268 0.0000000000
71383  -53.146  12.213  38.624 0.0000000000
72693  -52.817  13.170  36.915 0.0000000000
72045  -49.776  13.149  36.097 0.0000000000
74582  -44.653  16.728  30.034 0.0000000000
73977  -44.310  15.775  31.003 0.0000000000
73993  -43.300  15.332  28.906 0.0000000000
116361  -42.042  13.800  28.572 0.0000000000
72105  -41.437  12.340  27.507 0.0000000000
70790  -41.706  10.691  26.276 0.0000000000
71478  -41.366  11.430  26.062 0.0000000000
106230  -41.485  10.868  24.665 0.0000000000
70814  -41.492  10.429  23.132 0.0000000000
70079  -41.502  9.847  21.095 0.0000000000
98197  -41.272  11.065  22.108 0.0000000000
72142  -41.466  11.975  21.401 0.0000000000
72143  -41.795  12.569  20.947 0.0000000000
74057  -46.467  15.874  18.757 0.0000000000
73431  -45.234  14.467  18.680 0.0000000000
74070  -45.633  15.283  17.501 0.0000000000
74063  -44.186  15.516  17.878 0.0000000000
74048  -43.219  15.705  19.576 0.0000000000
74046  -41.450  14.947  20.342 0.0000000000
118054  -43.366  15.815  20.611 0.0000000000
74637  -43.220  16.354  22.034 0.0000000000
74630  -42.898  16.814  22.768 0.0000000000
65438  -51.511  2.845  30.533 0.0000000000
66195  -52.018  3.757  29.066 0.0000000000
66181  -51.118  3.598  30.312 0.0000000000
66936  -50.702  4.993  30.955 0.0000000000
109182  -50.583  5.418  30.812 0.0000000000
67753  -51.153  6.479  32.121 0.0000000000
67755  -51.165  6.506  31.736 0.0000000000
68552  -50.282  7.276  30.932 0.0000000000
109171  -49.937  8.116  30.765 0.0000000000
69246  -49.532  9.589  30.328 0.0000000000
69983  -49.105  10.156  30.329 0.0000000000
74534  -48.503  16.424  39.244 0.0000000000
73945  -47.875  15.073  38.564 0.0000000000
75139  -47.733  17.198  37.281 0.0000000000
105722  -47.690  17.497  35.222 0.0000000000
75171  -46.943  17.445  32.450 0.0000000000
75177  -49.087  18.260  31.954 0.0000000000
75176  -47.943  17.741  31.692 0.0000000000
75175  -46.277  17.375  31.329 0.0000000000
102966  -44.697  17.097  29.170 0.0000000000
74596  -44.082  16.816  27.448 0.0000000000
107972  -43.989  15.698  25.132 0.0000000000
108317  -43.557  14.427  24.047 0.0000000000
74025  -44.287  15.672  24.277 0.0000000000
74632  -44.919  16.227  23.023 0.0000000000
74633  -45.440  16.619  22.450 0.0000000000
75267  -47.028  17.561  24.263 0.0000000000
75300  -46.683  17.261  22.150 0.0000000000
74641  -46.573  16.911  20.715 0.0000000000
75347  -47.605  17.385  18.528 0.0000000000
75358  -47.786  17.851  17.821 0.0000000000
75981  -47.441  18.834  18.293 0.0000000000
69957  -44.750  9.131  34.783 0.0000000000
69958  -45.704  9.050  34.732 0.0000000000
70713  -45.108  10.185  35.961 0.0000000000
70703  -45.725  10.497  36.504 0.0000000000
70693  -46.923  10.924  37.249 0.0000000000
99000  -44.908  10.546  39.464 0.0000000000
71378  -46.417  11.251  39.065 0.0000000000
118078  -47.807  11.318  38.482 0.0000000000
99097  -49.627  12.021  39.985 0.0000000000
72009  -50.392  12.330  41.377 0.0000000000
73300  -50.560  13.927  41.629 0.0000000000
72633  -47.006  12.835  42.182 0.0000000000
73297  -48.435  14.217  42.082 0.0000000000
73299  -50.087  14.519  42.210 0.0000000000
73930  -50.359  15.668  41.611 0.0000000000
75132  -49.514  17.737  39.540 0.0000000000
75829  -49.952  18.441  37.773 0.0000000000
76523  -51.472  19.353  36.175 0.0000000000
65481  -54.920  4.001  28.848 0.0000000000
64698  -54.011  2.627  29.618 0.0000000000
64651  -56.886  2.374  32.349 0.0000000000
64661  -56.899  2.474  31.305 0.0000000000
63839  -54.975  1.961  30.858 0.0000000000
64677  -53.616  2.166  30.261 0.0000000000
65439  -52.212  2.691  30.049 0.0000000000
65433  -50.864  2.784  31.284 0.0000000000
65432  -50.286  3.423  31.764 0.0000000000
65428  -49.855  3.796  32.137 0.0000000000
63806  -49.477  1.844  32.889 0.0000000000
100512  -49.061  2.794  32.442 0.0000000000
66163  -48.716  4.439  32.516 0.0000000000
99984  -47.442  4.967  32.911 0.0000000000
65361  -47.962  4.020  40.327 0.0000000000
65372  -45.322  3.433  39.143 0.0000000000
64552  -46.615  3.673  39.579 0.0000000000
64554  -48.547  2.944  39.887 0.0000000000
64573  -49.269  2.025  39.134 0.0000000000
115022  -49.427  1.612  38.212 0.0000000000
63758  -49.606  1.395  36.733 0.0000000000
63770  -48.287  1.192  35.630 0.0000000000
63768  -46.687  1.514  35.267 0.0000000000
64630  -46.275  2.253  34.128 0.0000000000
68525  -44.691  7.801  33.987 0.0000000000
69211  -43.367  8.386  34.496 0.0000000000
114304  -42.742  9.438  35.686 0.0000000000
69943  -41.369  9.289  36.178 0.0000000000
69939  -40.851  9.345  37.561 0.0000000000
105979  -56.648  9.303  22.870 0.0000000000
70057  -55.953  9.592  22.477 0.0000000000
70074  -54.937  10.013  21.444 0.0000000000
66215  -51.535  4.334  28.706 0.0000000000
66971  -51.563  5.338  27.492 0.0000000000
67787  -49.698  6.128  27.204 0.0000000000
100989  -50.990  6.575  26.395 0.0000000000
68589  -52.799  7.860  25.198 0.0000000000
106081  -53.215  9.036  24.147 0.0000000000
69295  -54.257  9.923  22.909 0.0000000000
70073  -54.203  10.195  21.090 0.0000000000
97603  -53.461  10.209  20.208 0.0000000000
113396  -51.917  9.905  19.805 0.0000000000
70088  -50.964  9.866  19.919 0.0000000000
70052  -49.308  9.218  22.885 0.0000000000
70087  -50.017  9.779  20.241 0.0000000000
70101  -50.233  9.424  19.501 0.0000000000
69321  -48.853  8.910  18.859 0.0000000000
69333  -47.971  8.410  18.716 0.0000000000
69332  -46.625  8.186  18.208 0.0000000000
69952  -47.831  9.330  35.264 0.0000000000
69962  -49.738  9.344  34.723 0.0000000000
69963  -50.925  9.685  34.463 0.0000000000
70709  -53.016  11.126  36.294 0.0000000000
70724  -53.273  10.750  34.140 0.0000000000
70728  -53.222  10.576  33.119 0.0000000000
71437  -52.231  10.866  31.544 0.0000000000
71435  -50.068  10.840  31.384 0.0000000000
70749  -47.933  10.322  30.398 0.0000000000
72677  -47.778  14.110  37.376 0.0000000000
72688  -46.756  13.946  36.261 0.0000000000
72700  -46.238  13.264  35.146 0.0000000000
73966  -43.908  14.918  32.277 0.0000000000
72704  -44.386  13.568  33.693 0.0000000000
72071  -46.496  12.075  33.871 0.0000000000
71420  -46.015  11.245  32.437 0.0000000000
71448  -45.563  10.764  30.901 0.0000000000
70777  -45.938  10.030  28.997 0.0000000000
70786  -45.019  9.949  27.761 0.0000000000
70034  -45.681  9.524  24.223 0.0000000000
70022  -42.699  9.818  25.240 0.0000000000
70048  -44.780  9.461  23.837 0.0000000000
70065  -45.788  9.326  22.324 0.0000000000
70083  -45.974  9.221  21.209 0.0000000000
70097  -46.053  9.017  19.850 0.0000000000
70093  -41.492  9.696  19.613 0.0000000000
72767  -43.572  13.846  22.544 0.0000000000
103970  -43.172  13.427  21.782 0.0000000000
72148  -41.783  12.894  20.059 0.0000000000
72783  -43.992  13.815  18.374 0.0000000000
72790  -42.396  13.529  18.792 0.0000000000
116713  -41.343  12.670  19.172 0.0000000000
72153  -40.498  12.388  19.196 0.0000000000
71518  -39.404  11.454  19.173 0.0000000000
112471  -38.707  10.465  20.879 0.0000000000
73414  -40.009  14.531  21.791 0.0000000000
73408  -39.865  14.712  22.766 0.0000000000
76664  -46.769  19.519  19.712 0.0000000000
75966  -45.814  19.565  20.213 0.0000000000
114465  -44.570  19.645  21.232 0.0000000000
75953  -43.674  19.402  22.117 0.0000000000
75937  -42.767  18.748  23.439 0.0000000000
68526  -45.613  7.782  34.061 0.0000000000
69213  -46.140  8.426  34.381 0.0000000000
63761  -52.510  1.837  36.819 0.0000000000
63773  -52.631  1.658  35.961 0.0000000000
100388  -51.834  1.628  36.227 0.0000000000
64613  -39.792  2.972  35.905 0.0000000000
65479  -53.006  3.776  28.838 0.0000000000
69251  -46.776  8.211  29.138 0.0000000000
115880  -46.239  8.845  29.174 0.0000000000
70000  -45.786  8.164  28.620 0.0000000000
72657  -50.934  14.007  39.864 0.0000000000
73332  -49.762  14.508  39.447 0.0000000000
110588  -42.988  14.915  25.658 0.0000000000
73390  -42.400  14.135  26.218 0.0000000000
73396  -42.738  14.160  25.225 0.0000000000
72751  -42.497  13.494  24.606 0.0000000000
72752  -43.026  13.855  24.052 0.0000000000
75980  -46.496  18.518  18.679 0.0000000000
75346  -46.157  17.566  18.250 0.0000000000
75333  -45.677  18.266  19.211 0.0000000000
75332  -45.097  18.001  19.667 0.0000000000
108380  -50.161  5.181  32.277 0.0000000000
69219  -50.983  8.754  33.175 0.0000000000
69223  -51.636  8.267  32.491 0.0000000000
113831  -52.609  9.449  31.625 0.0000000000
69971  -52.869  9.510  32.175 0.0000000000
75848  -49.942  18.592  35.333 0.0000000000
75163  -49.528  18.362  34.469 0.0000000000
75855  -50.004  18.507  33.792 0.0000000000
75211  -48.117  18.388  28.077 0.0000000000
100544  -48.030  18.367  28.985 0.0000000000
75210  -47.242  18.264  27.558 0.0000000000
75209  -46.459  17.941  27.828 0.0000000000
75224  -46.642  17.883  26.964 0.0000000000
75239  -46.877  17.857  26.089 0.0000000000
103933  -50.492  17.350  22.001 0.0000000000
75302  -49.300  17.475  21.809 0.0000000000
68625  -50.969  8.174  19.960 0.0000000000
68624  -50.094  8.232  19.682 0.0000000000
69944  -42.370  10.107  37.222 0.0000000000
70700  -43.097  10.358  37.272 0.0000000000
70689  -42.788  10.208  38.279 0.0000000000
71342  -45.406  11.126  42.103 0.0000000000
70657  -45.473  10.644  41.793 0.0000000000
71999  -47.149  11.648  42.303 0.0000000000
118127  -46.765  12.166  42.352 0.0000000000
76461  -50.346  18.782  41.726 0.0000000000
76462  -50.998  18.773  41.356 0.0000000000
115796  -57.619  3.617  30.193 0.0000000000
65462  -56.934  3.735  29.615 0.0000000000
63810  -53.218  1.475  32.329 0.0000000000
63816  -51.630  1.600  31.764 0.0000000000
63808  -51.439  1.389  32.667 0.0000000000
64631  -47.132  2.155  33.849 0.0000000000
64640  -47.549  2.682  33.259 0.0000000000
65419  -46.268  3.500  33.451 0.0000000000
64536  -44.877  2.822  39.963 0.0000000000
64569  -45.108  2.735  38.236 0.0000000000
63743  -45.599  1.951  37.385 0.0000000000
63744  -46.446  1.743  37.477 0.0000000000
106281  -44.783  2.064  36.080 0.0000000000
102469  -41.817  6.153  34.486 0.0000000000
68590  -54.143  7.848  24.747 0.0000000000
66945  -49.434  5.314  29.735 0.0000000000
69284  -51.141  8.702  24.304 0.0000000000
70067  -47.929  9.493  22.407 0.0000000000
70066  -47.179  9.376  22.563 0.0000000000
70085  -47.615  9.442  21.332 0.0000000000
98075  -46.446  9.363  22.883 0.0000000000
70705  -48.465  10.466  36.553 0.0000000000
70696  -50.046  10.815  37.304 0.0000000000
72064  -49.837  12.224  34.705 0.0000000000
72065  -51.212  12.335  34.700 0.0000000000
71405  -49.311  11.649  33.912 0.0000000000
71404  -48.241  11.723  33.971 0.0000000000
74560  -45.669  16.490  32.785 0.0000000000
74556  -45.694  16.301  33.561 0.0000000000
72723  -41.701  12.594  28.883 0.0000000000
107240  -42.149  12.568  30.231 0.0000000000
72094  -41.949  12.229  29.577 0.0000000000
71457  -43.062  11.172  29.812 0.0000000000
71466  -42.154  11.114  28.556 0.0000000000
70773  -42.639  10.564  28.121 0.0000000000
70772  -41.883  10.912  27.698 0.0000000000
70046  -42.309  9.509  23.081 0.0000000000
70064  -42.950  9.325  22.684 0.0000000000
70080  -42.200  9.456  20.900 0.0000000000
70818  -40.812  10.815  19.581 0.0000000000
71514  -40.872  11.506  19.066 0.0000000000
74053  -41.839  14.798  18.744 0.0000000000
73427  -40.376  14.117  19.757 0.0000000000
73421  -40.762  14.541  20.331 0.0000000000
74031  -41.237  15.547  23.193 0.0000000000
66921  -48.388  6.577  33.255 0.0000000000
106050  -48.294  7.350  33.719 0.0000000000
69217  -48.652  8.455  34.275 0.0000000000
69218  -49.254  8.649  34.022 0.0000000000
112186  -49.296  9.091  34.430 0.0000000000
75878  -51.399  18.328  31.505 0.0000000000
98117  -52.267  18.324  30.865 0.0000000000
75199  -51.306  18.220  29.103 0.0000000000
75213  -50.620  18.252  28.567 0.0000000000
75910  -49.724  18.368  28.746 0.0000000000
75227  -49.841  18.269  27.337 0.0000000000
75242  -49.798  18.217  26.555 0.0000000000
97719  -50.415  18.116  26.940 0.0000000000
97860  -50.430  17.735  25.214 0.0000000000
75271  -50.895  17.459  24.076 0.0000000000
68613  -53.123  8.418  21.087 0.0000000000
68627  -52.965  8.923  20.020 0.0000000000
69933  -42.132  9.425  39.822 0.0000000000
69920  -42.049  9.707  40.877 0.0000000000
63786  -52.646  1.377  34.230 0.0000000000
63785  -51.700  1.315  34.101 0.0000000000
98430  -50.837  1.342  34.477 0.0000000000
63784  -49.806  1.375  34.318 0.0000000000
99873  -48.290  1.384  34.629 0.0000000000
65400  -41.259  3.264  35.300 0.0000000000
66138  -41.116  4.006  34.850 0.0000000000
66911  -40.725  5.404  34.874 0.0000000000
66908  -39.257  5.398  35.598 0.0000000000
66907  -38.495  5.379  35.943 0.0000000000
67774  -48.434  6.486  29.737 0.0000000000
68559  -47.891  7.047  29.300 0.0000000000
68570  -47.454  7.303  27.769 0.0000000000
68576  -47.863  7.389  26.945 0.0000000000
69264  -48.012  7.744  26.164 0.0000000000
69270  -48.351  8.229  25.272 0.0000000000
70025  -46.991  9.130  24.581 0.0000000000
70024  -46.466  9.272  25.081 0.0000000000
71373  -51.151  11.889  40.005 0.0000000000
71381  -51.771  11.556  39.196 0.0000000000
71375  -52.949  12.340  39.282 0.0000000000
72680  -51.379  13.519  37.858 0.0000000000
72681  -52.585  13.183  37.745 0.0000000000
72691  -50.441  13.393  36.925 0.0000000000
72046  -51.011  13.148  36.119 0.0000000000
104423  -44.153  16.380  29.332 0.0000000000
104067  -43.716  15.723  29.458 0.0000000000
73383  -42.351  14.315  27.279 0.0000000000
102968  -42.417  14.352  28.311 0.0000000000
102960  -41.880  13.625  27.921 0.0000000000
72729  -41.591  12.856  28.118 0.0000000000
72110  -41.372  12.499  26.931 0.0000000000
100054  -41.299  11.874  26.889 0.0000000000
72115  -41.324  12.297  26.307 0.0000000000
116964  -41.535  12.118  24.624 0.0000000000
71491  -41.419  11.427  25.083 0.0000000000
71498  -41.466  11.410  24.247 0.0000000000
70810  -41.485  10.688  23.988 0.0000000000
71503  -41.452  11.294  23.332 0.0000000000
72136  -41.663  11.976  22.662 0.0000000000
72137  -42.054  12.743  22.037 0.0000000000
74065  -46.638  15.824  17.786 0.0000000000
74064  -46.018  15.120  18.011 0.0000000000
74071  -46.227  15.787  17.368 0.0000000000
74653  -44.779  16.425  18.344 0.0000000000
74662  -44.938  16.022  17.499 0.0000000000
74062  -43.200  15.368  18.420 0.0000000000
74645  -43.940  16.331  20.197 0.0000000000
74638  -43.765  16.558  21.258 0.0000000000
74631  -43.530  17.333  22.058 0.0000000000
109036  -50.991  3.500  30.915 0.0000000000
67766  -50.803  6.004  31.363 0.0000000000
67750  -49.792  6.854  32.911 0.0000000000
105314  -50.506  6.419  32.478 0.0000000000
112367  -51.598  7.254  31.947 0.0000000000
68543  -51.137  7.290  31.488 0.0000000000
67765  -50.671  6.270  31.033 0.0000000000
107287  -50.786  8.268  31.064 0.0000000000
69984  -50.817  9.805  30.622 0.0000000000
70750  -50.178  10.199  30.672 0.0000000000
75131  -48.745  17.690  38.542 0.0000000000
74537  -48.046  16.963  38.330 0.0000000000
75140  -48.330  17.540  37.706 0.0000000000
75162  -48.763  18.042  34.369 0.0000000000
117634  -48.341  17.857  34.975 0.0000000000
75161  -47.884  17.793  34.327 0.0000000000
74558  -47.260  17.456  33.941 0.0000000000
112382  -47.556  17.669  32.866 0.0000000000
75876  -49.811  18.375  31.557 0.0000000000
75875  -49.055  18.357  31.242 0.0000000000
99207  -46.967  17.968  30.140 0.0000000000
75184  -47.782  17.720  31.057 0.0000000000
116509  -47.410  17.820  30.623 0.0000000000
100451  -46.976  17.716  30.877 0.0000000000
75183  -46.189  17.532  30.413 0.0000000000
74583  -45.380  17.322  29.828 0.0000000000
102784  -45.490  17.505  28.941 0.0000000000
74603  -45.225  17.307  26.558 0.0000000000
74597  -44.878  17.283  27.421 0.0000000000
74602  -44.418  16.898  26.622 0.0000000000
74011  -43.764  16.287  26.770 0.0000000000
74019  -44.187  16.331  25.884 0.0000000000
74618  -44.618  16.554  24.920 0.0000000000
74619  -45.314  17.080  24.300 0.0000000000
74626  -45.383  16.886  23.384 0.0000000000
75299  -46.155  17.235  22.891 0.0000000000
97861  -48.416  17.904  24.933 0.0000000000
99947  -47.631  17.797  24.965 0.0000000000
75268  -48.037  17.637  24.245 0.0000000000
98562  -47.554  17.442  21.928 0.0000000000
98997  -47.155  17.409  22.827 0.0000000000
115392  -46.377  17.046  21.576 0.0000000000
75317  -47.065  17.293  21.258 0.0000000000
74648  -46.874  16.768  19.406 0.0000000000
75334  -47.425  17.237  20.010 0.0000000000
75348  -49.106  18.010  18.538 0.0000000000
105491  -48.326  17.909  18.140 0.0000000000
75990  -48.280  18.266  18.026 0.0000000000
75989  -47.744  18.319  17.822 0.0000000000
76673  -48.126  18.863  18.018 0.0000000000
67894  -49.088  7.770  19.659 0.0000000000
68641  -47.851  7.949  18.614 0.0000000000
69207  -43.844  9.098  34.882 0.0000000000
69950  -45.347  9.618  35.298 0.0000000000
69949  -44.368  9.723  35.500 0.0000000000
101015  -44.918  10.534  36.785 0.0000000000
109165  -46.168  10.818  37.048 0.0000000000
71389  -46.059  11.211  38.016 0.0000000000
70677  -43.394  9.912  40.241 0.0000000000
70682  -43.492  10.274  39.094 0.0000000000
98935  -44.110  10.278  39.852 0.0000000000
71371  -46.676  10.995  40.081 0.0000000000
71370  -46.067  10.804  39.856 0.0000000000
71379  -47.254  11.443  39.211 0.0000000000
101554  -48.329  11.670  39.365 0.0000000000
98447  -48.538  11.758  40.725 0.0000000000
72000  -48.825  11.896  42.245 0.0000000000
72008  -49.508  11.944  41.452 0.0000000000
72001  -50.308  12.569  41.817 0.0000000000
72637  -50.541  13.159  41.750 0.0000000000
107255  -50.175  13.577  42.106 0.0000000000
74499  -47.467  16.131  41.486 0.0000000000
73310  -46.711  14.426  41.188 0.0000000000
73296  -47.347  13.761  41.820 0.0000000000
72634  -47.864  13.153  42.563 0.0000000000
74494  -50.358  16.949  42.612 0.0000000000
97420  -49.989  15.386  42.604 0.0000000000
73914  -50.307  15.796  42.439 0.0000000000
74523  -49.972  16.364  40.934 0.0000000000
74524  -50.259  17.100  41.198 0.0000000000
99562  -51.613  19.600  40.438 0.0000000000
75808  -50.779  18.649  40.166 0.0000000000
75820  -50.882  19.217  39.044 0.0000000000
75830  -50.698  19.068  37.581 0.0000000000
76503  -51.646  19.608  38.428 0.0000000000
66220  -56.717  4.685  28.641 0.0000000000
64700  -55.977  3.093  29.593 0.0000000000
65461  -55.330  3.572  29.267 0.0000000000
65460  -54.441  3.277  29.155 0.0000000000
102647  -54.870  1.643  32.084 0.0000000000
63812  -55.742  1.800  32.456 0.0000000000
63821  -56.198  1.990  31.698 0.0000000000
64660  -55.987  2.113  30.942 0.0000000000
63836  -52.858  1.767  31.067 0.0000000000
63838  -54.085  1.746  30.780 0.0000000000
63837  -53.357  1.815  30.786 0.0000000000
64676  -52.728  2.146  30.489 0.0000000000
64675  -51.977  2.266  30.586 0.0000000000
65427  -49.644  3.020  32.117 0.0000000000
106893  -50.033  1.593  33.018 0.0000000000
65425  -47.747  3.561  32.950 0.0000000000
64647  -48.350  2.958  32.718 0.0000000000
113735  -48.343  3.793  32.665 0.0000000000
66162  -47.968  4.352  32.797 0.0000000000
65348  -46.475  4.144  40.363 0.0000000000
65349  -47.714  4.349  40.893 0.0000000000
65360  -46.973  4.241  40.218 0.0000000000
64551  -44.566  3.059  39.213 0.0000000000
64570  -46.298  3.071  38.905 0.0000000000
65373  -45.948  3.720  39.377 0.0000000000
64553  -47.531  3.474  39.725 0.0000000000
64572  -48.126  2.435  39.134 0.0000000000
63745  -47.313  1.600  37.468 0.0000000000
63731  -48.641  1.734  38.323 0.0000000000
63747  -49.917  1.532  37.576 0.0000000000
63757  -48.719  1.261  36.593 0.0000000000
63756  -47.782  1.260  36.594 0.0000000000
63767  -45.979  1.629  35.482 0.0000000000
101861  -47.273  1.302  35.864 0.0000000000
63780  -46.869  1.743  34.508 0.0000000000
63779  -46.024  1.739  34.778 0.0000000000
67742  -42.997  6.345  33.924 0.0000000000
67744  -43.885  6.212  33.689 0.0000000000
68530  -44.295  7.027  33.796 0.0000000000
68524  -43.821  7.740  34.033 0.0000000000
69209  -41.777  8.280  34.956 0.0000000000
69210  -42.502  8.337  34.718 0.0000000000
67736  -40.433  6.751  35.233 0.0000000000
113813  -40.116  9.057  37.375 0.0000000000
115679  -41.068  9.329  36.817 0.0000000000
97619  -41.094  9.347  38.609 0.0000000000
102720  -57.384  8.924  22.838 0.0000000000
69289  -57.453  8.926  23.158 0.0000000000
69287  -55.053  9.303  23.755 0.0000000000
69297  -55.780  9.670  22.883 0.0000000000
70056  -55.500  10.013  22.187 0.0000000000
66194  -51.162  3.951  29.514 0.0000000000
67786  -49.130  6.043  27.704 0.0000000000
68588  -51.621  7.651  25.442 0.0000000000
68580  -51.307  7.114  25.890 0.0000000000
67809  -52.184  7.232  25.704 0.0000000000
69274  -52.529  8.520  24.661 0.0000000000
70040  -53.453  9.556  23.359 0.0000000000
70055  -53.830  10.146  22.229 0.0000000000
70072  -53.327  10.298  21.231 0.0000000000
102773  -51.335  9.775  21.626 0.0000000000
111440  -52.628  10.230  20.129 0.0000000000
99148  -51.671  10.072  20.449 0.0000000000
70038  -48.942  8.906  23.734 0.0000000000
99044  -49.076  9.502  20.883 0.0000000000
70069  -49.682  9.490  21.647 0.0000000000
70100  -49.307  9.379  19.562 0.0000000000
100086  -49.630  9.052  19.091 0.0000000000
69320  -48.040  8.914  18.944 0.0000000000
69319  -47.301  8.428  18.581 0.0000000000
69951  -46.295  9.476  35.163 0.0000000000
114769  -47.126  9.336  35.022 0.0000000000
70718  -49.776  10.008  35.776 0.0000000000
69954  -49.332  9.585  35.220 0.0000000000
69955  -50.195  9.694  35.226 0.0000000000
71398  -53.148  11.632  37.402 0.0000000000
70698  -52.180  11.136  37.112 0.0000000000
71408  -53.533  11.987  34.325 0.0000000000
70725  -53.771  11.507  34.555 0.0000000000
114311  -53.577  11.221  33.726 0.0000000000
71427  -53.374  10.993  32.965 0.0000000000
71438  -53.032  10.747  31.929 0.0000000000
71426  -52.674  11.079  32.311 0.0000000000
110200  -48.611  10.844  32.202 0.0000000000
71423  -49.496  10.999  32.117 0.0000000000
71434  -49.030  10.779  31.429 0.0000000000
70736  -48.473  10.550  30.925 0.0000000000
70735  -47.495  10.558  30.986 0.0000000000
73948  -47.338  15.505  37.818 0.0000000000
73335  -47.450  14.773  37.732 0.0000000000
73334  -46.795  15.084  37.165 0.0000000000
73956  -45.580  14.844  35.539 0.0000000000
73346  -46.126  14.515  36.086 0.0000000000
72695  -46.278  13.823  35.780 0.0000000000
72696  -47.096  13.331  35.659 0.0000000000
112253  -45.101  13.984  35.011 0.0000000000
73976  -43.643  15.321  30.564 0.0000000000
73970  -43.839  15.205  31.444 0.0000000000
117359  -43.388  14.803  31.082 0.0000000000
72074  -43.591  12.925  32.316 0.0000000000
72707  -43.587  13.568  32.605 0.0000000000
72708  -44.002  13.174  33.014 0.0000000000
72705  -45.103  13.196  34.076 0.0000000000
72076  -45.305  11.862  32.990 0.0000000000
71411  -46.233  11.604  33.207 0.0000000000
71419  -45.067  11.476  32.214 0.0000000000
71458  -44.121  10.945  30.209 0.0000000000
118379  -44.779  10.951  30.794 0.0000000000
70746  -45.191  10.613  30.216 0.0000000000
70747  -46.105  10.471  30.239 0.0000000000
117506  -45.352  10.211  28.955 0.0000000000
70776  -45.384  9.910  28.410 0.0000000000
70775  -44.652  10.285  28.548 0.0000000000
70793  -44.086  9.921  27.012 0.0000000000
70005  -44.812  9.785  26.545 0.0000000000
100543  -44.921  9.663  25.677 0.0000000000
99056  -44.980  9.584  24.780 0.0000000000
70013  -42.147  10.185  25.759 0.0000000000
97870  -43.905  9.306  23.183 0.0000000000
97871  -43.906  9.452  23.988 0.0000000000
98752  -45.023  9.233  21.661 0.0000000000
70096  -44.913  9.040  19.682 0.0000000000
116339  -45.281  9.154  20.663 0.0000000000
70112  -45.463  8.695  18.794 0.0000000000
99837  -45.864  8.276  18.164 0.0000000000
69331  -44.937  8.386  17.991 0.0000000000
70824  -41.101  10.168  20.050 0.0000000000
70092  -40.876  9.809  18.443 0.0000000000
74033  -44.123  14.940  23.761 0.0000000000
73409  -43.855  14.373  23.207 0.0000000000
72773  -43.382  13.363  20.692 0.0000000000
72772  -42.519  12.999  21.085 0.0000000000
72781  -42.585  13.210  19.860 0.0000000000
73439  -45.168  14.590  17.890 0.0000000000
73438  -44.647  13.990  18.053 0.0000000000
73444  -43.923  14.110  17.785 0.0000000000
72796  -41.930  13.968  18.488 0.0000000000
72780  -41.713  13.171  19.165 0.0000000000
72154  -41.061  12.902  18.909 0.0000000000
72778  -39.707  13.014  19.783 0.0000000000
71508  -38.960  11.207  20.142 0.0000000000
72141  -38.910  12.015  21.216 0.0000000000
72758  -38.992  13.635  22.698 0.0000000000
100112  -41.906  15.356  21.327 0.0000000000
74045  -40.837  14.889  21.345 0.0000000000
74030  -40.400  15.236  23.382 0.0000000000
73407  -39.298  14.315  23.168 0.0000000000
76652  -45.285  20.076  21.088 0.0000000000
75965  -45.069  19.630  20.868 0.0000000000
76651  -44.658  20.194  21.260 0.0000000000
75943  -43.320  18.672  22.798 0.0000000000
68533  -47.004  7.246  33.829 0.0000000000
111328  -47.770  7.447  33.904 0.0000000000
68528  -47.555  7.896  34.182 0.0000000000
69214  -48.150  8.479  34.527 0.0000000000
75902  -52.470  18.217  30.130 0.0000000000
75214  -51.581  18.041  28.417 0.0000000000
97865  -51.178  17.864  26.876 0.0000000000
75229  -51.869  17.790  27.613 0.0000000000
97864  -52.363  17.517  26.755 0.0000000000
112444  -52.200  17.441  25.784 0.0000000000
69311  -53.371  9.667  19.964 0.0000000000
70667  -40.939  10.492  40.886 0.0000000000
69919  -41.423  9.977  40.865 0.0000000000
98074  -49.340  1.272  35.869 0.0000000000
65399  -40.343  3.627  35.386 0.0000000000
66136  -39.727  4.538  35.454 0.0000000000
66217  -53.531  4.354  28.290 0.0000000000
68558  -47.671  7.931  29.490 0.0000000000
69256  -46.103  8.185  27.542 0.0000000000
70007  -45.852  9.126  26.918 0.0000000000
72011  -51.875  12.949  40.522 0.0000000000
111835  -52.912  12.634  39.429 0.0000000000
107937  -51.944  13.488  39.727 0.0000000000
72672  -51.199  13.702  38.868 0.0000000000
72679  -49.995  13.661  37.900 0.0000000000
74010  -43.320  15.600  27.138 0.0000000000
74001  -43.328  15.486  28.085 0.0000000000
72741  -41.833  13.431  26.225 0.0000000000
72746  -41.547  12.893  25.852 0.0000000000
72750  -41.770  12.834  25.029 0.0000000000
75356  -46.379  16.872  17.540 0.0000000000
74672  -45.898  16.246  17.149 0.0000000000
74646  -44.697  16.988  19.663 0.0000000000
75316  -44.670  18.099  20.375 0.0000000000
112410  -50.538  5.097  32.054 0.0000000000
66927  -50.918  5.702  31.950 0.0000000000
106739  -51.785  8.003  32.049 0.0000000000
69228  -52.052  8.531  31.767 0.0000000000
69239  -52.082  9.346  31.210 0.0000000000
69985  -51.802  9.910  30.796 0.0000000000
70752  -52.055  10.281  30.966 0.0000000000
75838  -49.273  18.210  36.880 0.0000000000
75149  -48.897  18.052  36.130 0.0000000000
75157  -49.019  18.154  35.275 0.0000000000
75899  -49.425  18.440  29.639 0.0000000000
75886  -49.158  18.425  30.484 0.0000000000
75198  -48.439  18.336  29.829 0.0000000000
75197  -47.522  18.213  29.565 0.0000000000
116365  -46.802  18.116  29.329 0.0000000000
75196  -46.291  17.865  28.707 0.0000000000
75223  -45.839  17.559  27.195 0.0000000000
74610  -45.506  17.339  25.914 0.0000000000
75251  -46.127  17.547  25.586 0.0000000000
75266  -46.112  17.471  24.719 0.0000000000
98441  -48.587  17.521  23.472 0.0000000000
111048  -49.226  17.472  22.702 0.0000000000
103178  -48.417  17.502  21.625 0.0000000000
75336  -49.271  17.575  19.366 0.0000000000
108369  -50.055  17.829  18.904 0.0000000000
69946  -43.787  10.021  36.031 0.0000000000
70701  -43.710  10.353  36.747 0.0000000000
110533  -44.257  10.557  37.009 0.0000000000
70691  -44.628  10.740  37.655 0.0000000000
70671  -44.502  10.357  41.344 0.0000000000
70678  -44.711  10.310  40.520 0.0000000000
70672  -45.341  10.386  41.159 0.0000000000
70673  -46.061  10.592  40.722 0.0000000000
71357  -46.745  10.940  41.238 0.0000000000
71358  -47.742  11.334  41.486 0.0000000000
71344  -47.942  11.498  42.246 0.0000000000
72622  -48.119  12.034  42.648 0.0000000000
74500  -48.539  16.557  42.003 0.0000000000
73912  -48.553  15.449  42.054 0.0000000000
74501  -49.617  16.944  42.620 0.0000000000
75078  -50.310  17.272  42.758 0.0000000000
75086  -50.806  17.674  42.367 0.0000000000
75103  -50.904  17.688  41.857 0.0000000000
75104  -51.078  18.131  42.064 0.0000000000
75809  -51.411  19.030  40.987 0.0000000000
66196  -57.460  4.531  29.294 0.0000000000
63819  -54.477  1.626  31.483 0.0000000000
64650  -50.231  1.787  32.384 0.0000000000
63794  -48.721  1.832  33.397 0.0000000000
114234  -46.600  4.398  33.211 0.0000000000
64589  -44.262  2.714  37.891 0.0000000000
64568  -44.605  3.021  38.673 0.0000000000
63729  -46.775  2.127  38.319 0.0000000000
102237  -46.920  1.464  36.685 0.0000000000
66914  -42.751  5.432  34.052 0.0000000000
68523  -42.929  7.467  34.255 0.0000000000
67741  -42.307  6.761  34.378 0.0000000000
68520  -41.316  7.686  34.915 0.0000000000
68597  -55.065  8.463  24.487 0.0000000000
68596  -54.348  8.717  24.339 0.0000000000
110100  -50.664  4.457  28.979 0.0000000000
66955  -50.137  4.919  28.507 0.0000000000
68578  -49.433  7.147  26.243 0.0000000000
105135  -49.781  6.648  26.647 0.0000000000
68587  -50.895  7.705  25.485 0.0000000000
69273  -51.548  8.244  24.927 0.0000000000
106958  -51.924  8.741  24.312 0.0000000000
70054  -51.564  9.569  22.664 0.0000000000
70053  -50.443  9.444  22.510 0.0000000000
70036  -47.615  9.239  24.005 0.0000000000
103472  -48.299  9.279  23.270 0.0000000000
106156  -46.900  9.191  20.614 0.0000000000
70716  -47.905  9.922  35.930 0.0000000000
101164  -50.699  10.210  35.767 0.0000000000
72056  -53.212  12.813  35.627 0.0000000000
71400  -54.460  12.066  35.899 0.0000000000
72066  -52.698  12.474  34.813 0.0000000000
71407  -52.165  11.899  33.979 0.0000000000
71415  -51.552  11.337  32.908 0.0000000000
71414  -48.742  11.183  33.083 0.0000000000
71422  -47.861  10.984  32.760 0.0000000000
74552  -46.419  16.496  34.964 0.0000000000
74548  -46.503  16.002  35.776 0.0000000000
73961  -45.900  15.616  35.319 0.0000000000
73960  -45.301  15.207  34.825 0.0000000000
73959  -44.760  14.752  34.329 0.0000000000
73370  -42.265  13.728  30.009 0.0000000000
73356  -42.991  14.240  31.171 0.0000000000
72714  -42.344  13.208  30.584 0.0000000000
72711  -42.744  13.102  31.252 0.0000000000
71429  -43.429  11.945  31.417 0.0000000000
71430  -44.201  11.702  31.846 0.0000000000
71446  -43.200  11.542  30.678 0.0000000000
70760  -43.823  10.677  29.241 0.0000000000
70774  -43.575  10.432  28.383 0.0000000000
70785  -43.345  10.172  27.585 0.0000000000
70792  -43.166  9.926  26.788 0.0000000000
70031  -42.320  9.734  24.418 0.0000000000
70095  -43.774  9.117  19.543 0.0000000000
74041  -44.735  15.420  22.463 0.0000000000
73416  -44.436  14.587  21.953 0.0000000000
73423  -44.637  14.173  20.830 0.0000000000
74068  -43.491  14.729  17.909 0.0000000000
72798  -42.976  14.299  18.062 0.0000000000
73437  -42.198  14.387  18.454 0.0000000000
73436  -41.515  14.218  18.739 0.0000000000
72788  -40.727  13.201  19.018 0.0000000000
72779  -40.229  13.474  19.471 0.0000000000
72771  -39.463  13.252  20.700 0.0000000000
73419  -39.574  13.974  21.204 0.0000000000
74040  -42.469  15.810  22.223 0.0000000000
67752  -49.116  6.495  33.034 0.0000000000
68536  -49.726  7.856  33.337 0.0000000000
104618  -50.077  8.538  33.490 0.0000000000
111525  -50.601  18.489  33.310 0.0000000000
113031  -50.889  18.360  32.213 0.0000000000
75869  -50.513  18.361  31.718 0.0000000000
75877  -50.536  18.361  31.053 0.0000000000
112360  -51.676  18.312  30.419 0.0000000000
75888  -50.924  18.338  30.352 0.0000000000
75887  -50.041  18.403  30.352 0.0000000000
75226  -48.453  18.364  27.384 0.0000000000
75240  -47.694  18.100  26.143 0.0000000000
97332  -48.985  18.320  26.884 0.0000000000
97723  -49.155  18.271  25.990 0.0000000000
75255  -49.318  18.006  25.110 0.0000000000
75243  -50.506  17.963  26.244 0.0000000000
98750  -50.578  17.408  23.111 0.0000000000
103932  -51.312  17.198  22.137 0.0000000000
113100  -42.310  9.608  38.949 0.0000000000
99063  -43.300  9.851  40.955 0.0000000000
70670  -43.633  10.232  41.269 0.0000000000
63799  -52.952  1.363  33.219 0.0000000000
63797  -51.163  1.322  33.492 0.0000000000
63782  -48.266  1.607  33.937 0.0000000000
64567  -42.987  2.582  38.322 0.0000000000
66912  -41.438  5.437  34.593 0.0000000000
109372  -40.382  6.022  35.119 0.0000000000
67735  -39.699  6.295  35.524 0.0000000000
66944  -48.806  5.765  29.393 0.0000000000
67780  -48.361  6.360  28.891 0.0000000000
67785  -48.555  6.404  27.954 0.0000000000
68571  -48.226  6.948  27.394 0.0000000000
69271  -49.446  8.254  24.888 0.0000000000
69282  -48.675  8.627  24.466 0.0000000000
69281  -47.725  8.794  24.789 0.0000000000
70050  -46.960  9.329  23.894 0.0000000000
99849  -46.362  9.431  23.693 0.0000000000
71392  -49.693  11.181  38.149 0.0000000000
71393  -50.855  11.201  38.196 0.0000000000
71394  -52.171  11.453  38.121 0.0000000000
71395  -53.491  12.097  37.654 0.0000000000
72034  -53.079  12.385  38.931 0.0000000000
72040  -53.349  12.312  37.798 0.0000000000
72048  -53.607  12.964  36.459 0.0000000000
72047  -52.368  13.141  36.210 0.0000000000
72054  -50.382  12.752  35.404 0.0000000000
72053  -49.045  12.781  35.452 0.0000000000
74563  -44.932  16.309  31.322 0.0000000000
74572  -44.678  16.328  30.652 0.0000000000
117687  -43.673  15.544  29.989 0.0000000000
102610  -43.232  15.120  29.774 0.0000000000
100614  -42.946  14.972  28.414 0.0000000000
73377  -42.773  14.696  29.082 0.0000000000
102961  -42.188  13.925  29.212 0.0000000000
111175  -41.778  13.319  28.783 0.0000000000
72100  -41.585  12.131  28.197 0.0000000000
70783  -41.911  10.653  26.954 0.0000000000
71471  -41.512  11.158  26.918 0.0000000000
70799  -41.631  10.685  25.370 0.0000000000
70804  -41.720  10.309  24.568 0.0000000000
70030  -41.728  9.970  23.844 0.0000000000
70045  -41.821  9.750  23.061 0.0000000000
70063  -42.037  9.497  22.193 0.0000000000
108998  -41.456  10.031  22.187 0.0000000000
74056  -45.770  15.237  19.401 0.0000000000
73445  -45.000  14.958  17.658 0.0000000000
74671  -45.455  16.000  17.207 0.0000000000
74069  -44.903  15.512  17.577 0.0000000000
74054  -42.332  15.311  18.928 0.0000000000
115082  -41.760  15.064  19.385 0.0000000000
101531  -42.397  15.440  20.201 0.0000000000
74047  -42.964  15.733  21.368 0.0000000000
74624  -42.436  16.909  23.536 0.0000000000
65457  -51.731  3.284  29.753 0.0000000000
66180  -50.730  4.244  30.316 0.0000000000
66172  -50.731  4.394  31.109 0.0000000000
66179  -50.236  4.888  30.159 0.0000000000
66935  -49.863  5.623  30.375 0.0000000000
67756  -51.121  6.176  31.941 0.0000000000
67764  -49.607  6.452  30.543 0.0000000000
68551  -49.306  7.391  30.526 0.0000000000
69236  -49.255  8.481  30.402 0.0000000000
69237  -50.322  9.045  30.596 0.0000000000
69245  -48.423  8.765  29.958 0.0000000000
69993  -48.399  9.615  29.943 0.0000000000
70765  -48.187  10.044  30.067 0.0000000000
73946  -48.604  15.505  39.400 0.0000000000
73331  -48.628  14.751  39.094 0.0000000000
74533  -47.845  15.931  38.565 0.0000000000
74536  -47.441  16.425  37.680 0.0000000000
108789  -47.280  16.696  36.885 0.0000000000
75147  -47.583  17.223  36.237 0.0000000000
74549  -47.013  16.872  35.506 0.0000000000
74553  -47.105  17.239  34.649 0.0000000000
74565  -46.088  17.050  32.168 0.0000000000
75861  -49.844  18.375  33.076 0.0000000000
75174  -49.049  18.148  32.825 0.0000000000
75173  -48.406  17.991  32.180 0.0000000000
98091  -48.422  18.016  31.490 0.0000000000
75172  -47.745  17.722  32.260 0.0000000000
98110  -47.189  17.617  31.648 0.0000000000
118359  -46.632  17.413  31.900 0.0000000000
74564  -45.549  16.846  31.535 0.0000000000
74573  -45.301  17.000  30.757 0.0000000000
74589  -44.138  16.722  28.392 0.0000000000
74590  -44.845  17.269  28.319 0.0000000000
113981  -44.423  17.102  27.895 0.0000000000
74002  -43.661  16.151  27.737 0.0000000000
74018  -43.541  15.581  26.045 0.0000000000
113703  -43.567  15.235  25.215 0.0000000000
74024  -43.849  15.089  24.538 0.0000000000
74034  -44.517  15.523  23.424 0.0000000000
74625  -44.757  16.422  23.875 0.0000000000
102329  -45.024  16.093  22.467 0.0000000000
74042  -45.178  15.922  21.811 0.0000000000
74640  -45.826  16.525  21.401 0.0000000000
112932  -47.425  17.907  25.596 0.0000000000
75285  -47.633  17.508  23.515 0.0000000000
75284  -46.815  17.424  23.490 0.0000000000
74634  -46.027  17.004  22.114 0.0000000000
74647  -46.248  16.069  20.158 0.0000000000
74655  -47.055  16.472  18.148 0.0000000000
74656  -47.283  17.157  17.837 0.0000000000
75357  -47.156  17.488  17.763 0.0000000000
70714  -46.028  10.031  35.765 0.0000000000
70704  -46.766  10.438  36.320 0.0000000000
70694  -47.915  10.992  37.491 0.0000000000
70683  -44.334  10.544  38.705 0.0000000000
70684  -45.132  10.886  38.385 0.0000000000
71377  -45.653  10.923  39.161 0.0000000000
71390  -47.042  11.241  38.217 0.0000000000
71391  -48.652  11.242  38.262 0.0000000000
110293  -49.309  11.444  38.969 0.0000000000
72024  -50.475  12.183  40.738 0.0000000000
72025  -51.436  12.435  40.469 0.0000000000
73312  -50.960  14.079  40.893 0.0000000000
73321  -50.367  14.624  40.470 0.0000000000
112310  -48.204  12.671  42.735 0.0000000000
105076  -48.662  13.350  42.452 0.0000000000
101738  -49.312  15.072  42.381 0.0000000000
73298  -49.377  14.347  42.266 0.0000000000
104627  -49.525  13.538  42.277 0.0000000000
73311  -50.420  14.787  41.576 0.0000000000
73937  -50.198  15.128  40.842 0.0000000000
107273  -49.085  16.173  40.029 0.0000000000
75118  -49.372  16.957  40.077 0.0000000000
75119  -50.357  17.780  40.735 0.0000000000
75819  -49.762  18.269  38.767 0.0000000000
110218  -50.009  18.521  36.906 0.0000000000
75840  -50.560  18.908  36.355 0.0000000000
75849  -50.920  19.024  35.370 0.0000000000
102118  -52.489  19.729  36.550 0.0000000000
65483  -56.580  4.207  29.169 0.0000000000
65482  -55.818  4.159  28.978 0.0000000000
65459  -53.508  3.146  29.189 0.0000000000
64679  -55.530  2.455  30.209 0.0000000000
64678  -54.505  2.278  30.215 0.0000000000
64697  -53.084  2.610  29.792 0.0000000000
64658  -51.451  2.097  31.070 0.0000000000
66164  -49.604  4.449  32.299 0.0000000000
64649  -49.558  2.280  32.392 0.0000000000
64648  -48.878  2.287  32.815 0.0000000000
65426  -49.049  3.607  32.361 0.0000000000
108528  -48.277  5.159  32.704 0.0000000000
66920  -47.828  5.847  33.019 0.0000000000
67747  -46.458  6.464  33.545 0.0000000000
63760  -51.908  1.665  37.056 0.0000000000
66097  -48.522  4.362  41.389 0.0000000000
65350  -48.429  4.179  40.860 0.0000000000
64538  -48.918  3.393  40.583 0.0000000000
111754  -45.816  3.847  39.694 0.0000000000
64555  -49.584  2.640  39.970 0.0000000000
63732  -50.180  1.684  38.468 0.0000000000
101266  -50.338  1.511  36.979 0.0000000000
63769  -47.508  1.392  35.001 0.0000000000
64617  -44.360  2.336  35.487 0.0000000000
64628  -44.629  2.487  34.707 0.0000000000
64629  -45.428  2.301  34.414 0.0000000000
65418  -45.655  2.967  33.784 0.0000000000
107868  -44.249  8.473  34.369 0.0000000000
69206  -42.989  8.978  35.083 0.0000000000
69947  -42.131  9.722  36.243 0.0000000000
99554  -41.557  9.695  37.146 0.0000000000
67737  -40.965  7.056  34.903 0.0000000000
69940  -41.426  9.565  38.069 0.0000000000
69932  -41.447  9.367  39.371 0.0000000000
117900  -40.996  9.452  39.744 0.0000000000
69930  -39.951  8.982  38.850 0.0000000000
69927  -40.315  9.384  39.630 0.0000000000
69918  -40.708  9.836  40.413 0.0000000000
69305  -56.961  8.934  22.602 0.0000000000
70058  -56.247  9.343  22.490 0.0000000000
69304  -56.185  9.221  22.218 0.0000000000
70075  -55.633  9.723  21.986 0.0000000000
69313  -54.916  9.794  21.362 0.0000000000
66235  -52.038  4.868  28.016 0.0000000000
66972  -52.468  5.344  27.365 0.0000000000
66969  -49.655  5.509  27.946 0.0000000000
117447  -50.280  5.806  27.278 0.0000000000
67795  -50.382  6.338  26.745 0.0000000000
67796  -51.723  6.516  26.328 0.0000000000
67810  -53.024  7.121  25.654 0.0000000000
109013  -53.413  7.637  25.076 0.0000000000
69275  -53.486  8.456  24.620 0.0000000000
69286  -54.107  9.303  23.774 0.0000000000
104927  -54.749  10.212  22.048 0.0000000000
69312  -54.146  9.869  20.677 0.0000000000
69324  -52.759  9.884  19.824 0.0000000000
69323  -51.078  9.415  19.625 0.0000000000
70039  -49.849  9.001  23.580 0.0000000000
69322  -50.232  9.000  19.246 0.0000000000
105046  -48.557  9.229  19.357 0.0000000000
68642  -48.570  8.388  18.726 0.0000000000
69959  -46.716  8.991  34.670 0.0000000000
109967  -47.628  8.914  34.762 0.0000000000
69960  -48.375  9.054  34.822 0.0000000000
69953  -48.583  9.475  35.274 0.0000000000
69967  -51.481  9.396  33.481 0.0000000000
70708  -51.483  10.691  36.421 0.0000000000
70719  -51.880  10.493  35.589 0.0000000000
70710  -54.104  11.632  35.599 0.0000000000
70720  -53.197  10.921  35.136 0.0000000000
70723  -52.150  10.257  34.734 0.0000000000
69964  -52.399  10.040  33.801 0.0000000000
69968  -52.715  9.729  32.896 0.0000000000
69972  -53.112  10.159  31.704 0.0000000000
70740  -52.533  10.462  31.320 0.0000000000
70739  -51.707  10.595  31.127 0.0000000000
71424  -50.627  11.134  31.999 0.0000000000
71436  -51.171  10.899  31.403 0.0000000000
70738  -50.658  10.591  31.026 0.0000000000
70737  -49.477  10.556  30.826 0.0000000000
109802  -48.691  10.372  30.458 0.0000000000
70764  -47.335  10.137  29.757 0.0000000000
73336  -48.188  14.413  38.157 0.0000000000
72678  -48.717  13.825  37.571 0.0000000000
115647  -46.344  14.975  36.594 0.0000000000
72689  -47.296  13.991  36.775 0.0000000000
99081  -48.140  13.493  36.754 0.0000000000
72697  -48.060  13.153  35.920 0.0000000000
72052  -47.938  12.748  35.223 0.0000000000
114284  -44.487  15.685  32.009 0.0000000000
73967  -44.338  15.219  32.813 0.0000000000
73350  -44.282  14.288  33.788 0.0000000000
73352  -43.563  14.171  32.522 0.0000000000
72703  -43.827  13.891  33.218 0.0000000000
73347  -44.732  13.949  34.503 0.0000000000
72699  -45.349  13.556  34.828 0.0000000000
72061  -46.779  12.531  34.520 0.0000000000
72062  -47.679  12.306  34.561 0.0000000000
72072  -47.341  11.862  33.994 0.0000000000
71412  -47.114  11.463  33.336 0.0000000000
71421  -46.979  11.043  32.583 0.0000000000
114895  -44.914  11.185  31.440 0.0000000000
71431  -45.807  10.962  31.638 0.0000000000
71432  -46.791  10.788  31.743 0.0000000000
70748  -47.058  10.460  30.214 0.0000000000
70763  -46.532  10.250  29.577 0.0000000000
69991  -46.526  9.789  29.289 0.0000000000
69999  -45.693  9.225  28.680 0.0000000000
69998  -45.409  9.471  27.747 0.0000000000
70006  -45.271  9.688  27.043 0.0000000000
116061  -44.754  9.931  27.218 0.0000000000
70791  -42.352  10.254  26.519 0.0000000000
70014  -42.955  9.866  25.993 0.0000000000
70023  -43.464  9.668  25.455 0.0000000000
70032  -43.423  9.561  24.658 0.0000000000
70033  -44.283  9.499  24.510 0.0000000000
97872  -44.203  9.571  25.213 0.0000000000
70049  -45.667  9.426  23.313 0.0000000000
70113  -46.480  8.564  18.735 0.0000000000
98707  -41.609  9.352  18.676 0.0000000000
72760  -43.277  13.847  23.391 0.0000000000
73415  -44.066  14.297  22.466 0.0000000000
116383  -42.584  13.159  21.944 0.0000000000
73430  -44.538  13.916  19.372 0.0000000000
72782  -43.497  13.520  19.342 0.0000000000
72791  -43.243  13.863  18.313 0.0000000000
71520  -40.811  12.186  19.109 0.0000000000
71519  -40.111  11.513  19.103 0.0000000000
72152  -39.856  12.175  19.434 0.0000000000
70817  -38.880  10.299  19.835 0.0000000000
108677  -38.623  11.877  22.046 0.0000000000
73413  -39.432  14.139  22.204 0.0000000000
74021  -39.426  15.202  24.454 0.0000000000
75304  -51.695  17.220  21.383 0.0000000000
75349  -50.078  18.154  18.839 0.0000000000
76666  -48.321  19.085  18.540 0.0000000000
76671  -47.326  19.257  18.887 0.0000000000
75974  -46.640  19.164  19.234 0.0000000000
76653  -46.099  19.820  20.793 0.0000000000
103707  -44.715  18.961  20.983 0.0000000000
75964  -44.230  19.103  21.618 0.0000000000
109103  -43.993  19.897  21.487 0.0000000000
75298  -43.699  18.429  22.117 0.0000000000
75297  -43.300  17.819  22.649 0.0000000000
75282  -42.898  17.806  23.238 0.0000000000
69961  -48.991  9.257  34.787 0.0000000000
69969  -53.219  10.098  32.399 0.0000000000
70656  -44.832  10.779  41.824 0.0000000000
70658  -45.966  10.606  41.462 0.0000000000
70706  -49.406  10.436  36.478 0.0000000000
70731  -53.215  10.568  32.398 0.0000000000
70734  -46.494  10.647  30.945 0.0000000000
70762  -45.692  10.347  29.558 0.0000000000
71382  -52.847  11.945  39.057 0.0000000000
71396  -54.043  12.184  36.957 0.0000000000
71399  -54.162  11.857  36.631 0.0000000000
71417  -53.711  11.454  34.052 0.0000000000
71425  -51.677  11.122  31.926 0.0000000000
71455  -41.847  11.806  28.822 0.0000000000
71456  -42.334  11.465  29.349 0.0000000000
72010  -50.888  12.799  41.143 0.0000000000
72026  -52.586  12.569  39.916 0.0000000000
72049  -54.046  12.566  36.743 0.0000000000
72057  -54.273  12.498  35.888 0.0000000000
72060  -45.912  12.837  34.370 0.0000000000
72067  -53.772  12.356  35.131 0.0000000000
72069  -44.765  12.742  33.363 0.0000000000
72070  -45.644  12.377  33.652 0.0000000000
72078  -42.668  12.380  30.923 0.0000000000
72079  -43.172  12.699  31.643 0.0000000000
72080  -43.707  12.294  31.980 0.0000000000
72636  -49.933  12.855  42.215 0.0000000000
72648  -46.400  13.368  41.610 0.0000000000
72649  -51.118  13.413  41.063 0.0000000000
72659  -52.677  13.031  39.942 0.0000000000
72660  -52.990  12.798  39.130 0.0000000000
72670  -49.169  14.157  38.511 0.0000000000
72674  -52.990  12.671  38.447 0.0000000000
72682  -53.407  12.823  37.332 0.0000000000
72690  -48.835  13.255  36.159 0.0000000000
72692  -51.758  13.451  36.903 0.0000000000
72694  -45.568  14.049  35.441 0.0000000000
72701  -47.135  12.836  35.024 0.0000000000
72734  -41.523  13.005  27.337 0.0000000000
72735  -41.838  13.614  26.929 0.0000000000
73342  -46.699  14.537  36.692 0.0000000000
73343  -47.175  14.507  37.149 0.0000000000
73353  -43.976  14.568  33.102 0.0000000000
73355  -42.729  13.618  31.104 0.0000000000
73359  -42.610  13.990  30.568 0.0000000000
73371  -42.650  14.372  29.871 0.0000000000
73402  -43.042  14.163  24.530 0.0000000000
73904  -50.182  16.638  42.819 0.0000000000
73936  -49.712  15.634  40.438 0.0000000000
73952  -46.951  15.953  37.100 0.0000000000
73963  -44.502  15.054  33.548 0.0000000000
73968  -44.988  15.813  32.993 0.0000000000
73985  -44.151  15.952  30.140 0.0000000000
74077  -45.820  15.914  17.113 0.0000000000
74078  -46.139  16.229  17.216 0.0000000000
74495  -50.674  17.655  42.484 0.0000000000
74541  -46.546  15.549  36.545 0.0000000000
74551  -45.805  15.998  34.456 0.0000000000
74561  -46.305  16.951  33.052 0.0000000000
75087  -50.938  17.927  42.340 0.0000000000
75148  -48.409  17.742  36.790 0.0000000000
75165  -47.065  17.376  33.288 0.0000000000
75166  -47.747  17.792  33.494 0.0000000000
75185  -48.399  18.110  30.774 0.0000000000
75212  -49.996  18.306  28.034 0.0000000000
75225  -47.384  18.166  26.772 0.0000000000
75241  -48.108  18.297  26.749 0.0000000000
75254  -48.640  18.150  25.530 0.0000000000
75773  -50.475  17.829  42.625 0.0000000000
75779  -49.807  18.364  42.252 0.0000000000
75780  -50.616  18.246  42.332 0.0000000000
75781  -51.055  18.274  42.042 0.0000000000
75793  -51.034  18.587  41.404 0.0000000000
75862  -51.237  18.454  32.860 0.0000000000
76512  -51.664  19.586  37.240 0.0000000000
76672  -47.847  19.183  18.382 0.0000000000
97842  -48.410  18.235  26.136 0.0000000000
99208  -48.181  17.968  32.875 0.0000000000
99245  -47.443  13.556  36.280 0.0000000000
99247  -49.730  12.237  42.084 0.0000000000
100140  -49.082  1.448  37.439 0.0000000000
102718  -47.158  11.201  41.970 0.0000000000
103831  -51.548  17.361  20.766 0.0000000000
104372  -41.513  11.631  27.577 0.0000000000
105990  -53.118  11.991  38.298 0.0000000000
107045  -43.449  14.516  31.726 0.0000000000
107548  -44.614  14.337  17.733 0.0000000000
111529  -50.184  16.178  42.751 0.0000000000
114746  -48.673  17.193  39.160 0.0000000000
116334  -50.472  18.417  32.725 0.0000000000
116544  -50.768  18.594  33.940 0.0000000000
117213  -53.020  10.346  20.523 0.0000000000
118282  -45.380  15.581  17.396 0.0000000000
