#!ascii label  , from subject sub-027S6002 vox2ras=TkReg
758
30180  -19.554  -35.826  68.261 0.0000000000
42253  -44.398  -22.997  61.913 0.0000000000
45023  -49.867  -21.123  56.419 0.0000000000
104464  -54.661  -18.793  51.103 0.0000000000
39638  -40.152  -26.058  62.792 0.0000000000
102147  -52.420  -22.525  53.041 0.0000000000
102792  -51.502  -12.357  46.356 0.0000000000
53043  -56.879  -9.846  45.953 0.0000000000
107764  -46.992  -24.666  61.117 0.0000000000
40609  -49.552  -24.647  58.308 0.0000000000
44983  -46.943  -19.782  59.966 0.0000000000
109054  -22.103  -34.035  71.144 0.0000000000
31686  -25.805  -35.017  70.281 0.0000000000
33264  -29.279  -33.491  70.632 0.0000000000
36709  -30.052  -29.035  68.016 0.0000000000
39580  -33.898  -26.097  68.818 0.0000000000
39585  -38.786  -25.552  67.017 0.0000000000
39600  -43.059  -25.183  64.462 0.0000000000
39762  -53.308  -25.694  54.007 0.0000000000
53913  -58.311  -9.489  43.869 0.0000000000
42226  -46.089  -23.195  62.738 0.0000000000
43189  -47.644  -21.467  61.468 0.0000000000
117675  -46.043  -21.586  60.820 0.0000000000
98813  -22.197  -33.568  69.598 0.0000000000
31680  -23.781  -34.732  70.728 0.0000000000
38577  -34.674  -26.732  66.536 0.0000000000
39574  -36.277  -26.085  68.586 0.0000000000
39607  -37.047  -26.101  66.388 0.0000000000
106455  -42.062  -24.268  62.955 0.0000000000
41357  -41.302  -24.664  64.796 0.0000000000
42214  -43.824  -23.966  63.618 0.0000000000
39623  -45.166  -24.849  63.105 0.0000000000
43254  -50.041  -22.264  57.323 0.0000000000
40626  -51.726  -24.540  56.337 0.0000000000
42316  -52.629  -23.051  55.958 0.0000000000
43355  -53.603  -21.364  51.914 0.0000000000
42381  -55.011  -21.933  51.996 0.0000000000
113432  -55.268  -21.201  50.909 0.0000000000
45873  -55.196  -18.992  50.064 0.0000000000
53008  -54.325  -10.897  49.507 0.0000000000
112691  -52.566  -12.467  49.887 0.0000000000
38626  -37.759  -27.185  63.692 0.0000000000
45081  -50.551  -19.259  49.681 0.0000000000
53040  -54.001  -10.906  46.218 0.0000000000
53018  -56.823  -10.519  48.430 0.0000000000
51437  -59.270  -12.053  44.608 0.0000000000
97839  -47.543  -25.925  59.875 0.0000000000
109996  -48.781  -24.662  59.445 0.0000000000
44150  -48.109  -21.577  59.626 0.0000000000
30911  -21.591  -35.502  70.972 0.0000000000
30938  -26.271  -35.175  68.803 0.0000000000
31688  -28.134  -35.031  70.086 0.0000000000
30940  -28.572  -35.200  69.297 0.0000000000
32476  -30.397  -34.000  69.287 0.0000000000
34871  -30.428  -30.618  69.246 0.0000000000
35809  -30.741  -29.098  67.739 0.0000000000
38540  -31.619  -26.933  69.268 0.0000000000
111830  -35.719  -27.550  68.761 0.0000000000
39610  -39.442  -25.160  65.608 0.0000000000
39598  -41.241  -25.752  65.533 0.0000000000
36754  -41.852  -26.595  64.336 0.0000000000
37641  -43.808  -26.656  62.684 0.0000000000
37657  -46.377  -26.047  61.307 0.0000000000
42341  -53.976  -23.123  54.078 0.0000000000
49529  -51.009  -14.593  49.945 0.0000000000
47587  -53.567  -16.828  50.478 0.0000000000
30921  -19.987  -35.588  70.184 0.0000000000
43166  -45.687  -22.401  62.951 0.0000000000
43186  -45.986  -21.823  62.848 0.0000000000
42254  -44.998  -22.643  61.583 0.0000000000
38594  -35.401  -27.249  65.122 0.0000000000
38579  -36.363  -26.268  66.549 0.0000000000
38612  -36.204  -27.190  64.620 0.0000000000
41382  -43.408  -23.582  62.739 0.0000000000
41375  -43.199  -23.859  63.475 0.0000000000
99435  -44.182  -23.341  62.964 0.0000000000
42216  -44.934  -23.750  63.279 0.0000000000
107673  -51.797  -22.495  56.543 0.0000000000
45025  -51.429  -21.466  56.130 0.0000000000
45066  -54.315  -19.596  51.452 0.0000000000
44278  -55.176  -20.626  51.468 0.0000000000
45068  -55.279  -19.829  51.054 0.0000000000
44297  -55.612  -20.202  50.130 0.0000000000
113092  -55.043  -19.177  50.611 0.0000000000
53005  -55.314  -11.052  49.607 0.0000000000
52194  -54.195  -11.429  49.672 0.0000000000
51390  -54.719  -12.049  48.902 0.0000000000
52247  -54.316  -11.249  44.280 0.0000000000
53042  -55.811  -10.373  45.960 0.0000000000
53026  -55.592  -10.430  47.110 0.0000000000
53885  -57.331  -9.917  47.157 0.0000000000
53028  -57.979  -10.281  47.137 0.0000000000
115089  -57.846  -9.696  46.322 0.0000000000
53059  -59.633  -9.959  45.281 0.0000000000
38661  -47.401  -25.406  60.405 0.0000000000
38674  -48.630  -25.188  59.387 0.0000000000
40582  -47.703  -24.251  60.563 0.0000000000
44129  -48.107  -20.296  61.190 0.0000000000
43209  -48.167  -21.762  60.549 0.0000000000
44140  -48.224  -20.822  60.489 0.0000000000
44987  -48.188  -21.214  58.746 0.0000000000
45787  -47.737  -20.679  59.177 0.0000000000
98743  -22.198  -35.463  70.291 0.0000000000
112645  -22.314  -35.185  71.234 0.0000000000
32442  -24.673  -34.522  70.530 0.0000000000
33267  -29.054  -32.935  69.671 0.0000000000
32452  -28.935  -34.512  70.498 0.0000000000
30918  -28.277  -35.185  70.093 0.0000000000
104254  -29.423  -34.655  70.827 0.0000000000
31700  -29.745  -34.696  69.424 0.0000000000
32454  -29.940  -33.766  71.106 0.0000000000
35802  -30.249  -29.931  69.167 0.0000000000
35803  -30.532  -30.055  68.440 0.0000000000
35808  -30.392  -29.056  67.854 0.0000000000
38563  -33.521  -26.402  68.024 0.0000000000
99848  -31.635  -26.694  68.558 0.0000000000
38552  -32.242  -26.632  69.273 0.0000000000
37569  -32.365  -26.993  69.640 0.0000000000
37570  -33.518  -26.950  69.806 0.0000000000
36718  -34.865  -27.764  68.773 0.0000000000
37572  -35.158  -26.909  69.658 0.0000000000
39575  -38.128  -26.052  67.172 0.0000000000
38555  -37.376  -26.422  67.937 0.0000000000
37587  -38.677  -26.904  67.334 0.0000000000
37595  -40.191  -26.922  67.109 0.0000000000
39618  -38.957  -25.912  65.054 0.0000000000
39619  -39.703  -25.514  64.672 0.0000000000
40551  -42.407  -24.849  64.912 0.0000000000
41352  -41.576  -25.027  64.963 0.0000000000
39599  -41.838  -25.395  64.875 0.0000000000
38581  -41.460  -26.107  65.380 0.0000000000
38598  -42.643  -26.175  64.032 0.0000000000
38616  -43.878  -25.636  63.602 0.0000000000
39633  -46.188  -24.898  62.228 0.0000000000
38630  -45.588  -25.549  62.184 0.0000000000
38645  -46.668  -25.438  61.181 0.0000000000
38672  -47.249  -25.969  60.273 0.0000000000
115240  -20.862  -33.651  70.039 0.0000000000
32437  -20.895  -33.919  71.981 0.0000000000
31675  -20.668  -34.641  72.363 0.0000000000
38703  -49.729  -25.058  57.908 0.0000000000
39704  -50.275  -25.039  57.371 0.0000000000
39720  -52.513  -25.115  55.245 0.0000000000
42339  -52.033  -22.380  54.337 0.0000000000
43311  -52.830  -22.224  54.990 0.0000000000
42357  -53.872  -22.785  53.709 0.0000000000
42397  -54.737  -22.225  51.333 0.0000000000
40715  -54.164  -23.436  52.465 0.0000000000
50516  -52.934  -13.756  50.775 0.0000000000
49537  -51.686  -13.511  49.985 0.0000000000
49531  -52.714  -14.444  50.931 0.0000000000
47596  -52.519  -15.800  50.870 0.0000000000
48523  -53.564  -16.261  50.052 0.0000000000
116658  -54.456  -16.974  50.569 0.0000000000
53067  -56.789  -9.872  43.606 0.0000000000
103596  -58.464  -9.545  44.985 0.0000000000
53923  -57.659  -9.386  43.002 0.0000000000
54759  -57.986  -9.101  42.704 0.0000000000
40577  -46.709  -23.782  61.954 0.0000000000
41384  -47.134  -23.095  61.539 0.0000000000
42240  -47.030  -22.274  61.866 0.0000000000
44116  -46.886  -21.024  61.707 0.0000000000
44138  -46.783  -20.000  60.553 0.0000000000
114912  -22.387  -33.759  70.503 0.0000000000
31679  -22.880  -34.857  71.002 0.0000000000
114748  -25.007  -34.120  70.137 0.0000000000
102455  -34.303  -26.255  67.978 0.0000000000
39573  -35.480  -25.997  68.888 0.0000000000
39594  -36.036  -26.052  67.257 0.0000000000
39595  -36.865  -25.809  67.141 0.0000000000
114192  -38.021  -25.717  66.977 0.0000000000
40574  -41.377  -24.759  62.940 0.0000000000
40567  -41.007  -24.531  63.857 0.0000000000
40568  -41.695  -24.308  63.622 0.0000000000
101743  -42.961  -23.968  64.063 0.0000000000
41360  -43.456  -24.386  63.883 0.0000000000
39622  -44.563  -25.240  63.727 0.0000000000
41370  -44.537  -24.205  63.466 0.0000000000
41376  -45.877  -24.025  62.896 0.0000000000
98803  -21.262  -33.647  69.401 0.0000000000
41444  -50.275  -23.611  57.240 0.0000000000
40625  -51.004  -24.470  56.750 0.0000000000
42305  -51.126  -23.262  56.750 0.0000000000
41464  -52.205  -23.951  56.138 0.0000000000
114695  -53.173  -24.061  55.083 0.0000000000
43338  -52.935  -22.129  52.421 0.0000000000
42379  -54.318  -22.384  52.969 0.0000000000
43340  -54.998  -21.851  52.167 0.0000000000
43356  -55.039  -21.507  51.665 0.0000000000
52211  -53.283  -11.203  47.721 0.0000000000
52209  -52.069  -11.798  48.276 0.0000000000
52197  -53.457  -11.132  49.497 0.0000000000
51375  -53.458  -12.178  50.113 0.0000000000
41403  -43.301  -24.212  61.264 0.0000000000
40581  -42.691  -24.638  61.741 0.0000000000
44211  -50.672  -21.394  55.804 0.0000000000
42396  -51.139  -22.239  51.762 0.0000000000
101002  -51.415  -21.478  51.234 0.0000000000
44287  -51.883  -19.857  50.902 0.0000000000
45075  -52.475  -18.839  50.758 0.0000000000
100780  -52.874  -11.661  46.066 0.0000000000
53024  -54.016  -10.896  47.220 0.0000000000
53010  -55.880  -10.787  49.232 0.0000000000
52205  -56.589  -10.850  48.899 0.0000000000
53902  -59.948  -9.514  46.169 0.0000000000
52235  -59.788  -10.572  46.402 0.0000000000
38701  -48.829  -25.507  58.799 0.0000000000
39677  -49.087  -24.962  59.098 0.0000000000
40597  -49.248  -24.519  58.955 0.0000000000
41394  -48.346  -23.851  60.129 0.0000000000
41416  -48.731  -23.309  59.562 0.0000000000
41417  -49.203  -23.887  59.017 0.0000000000
43239  -49.117  -22.392  57.869 0.0000000000
44997  -48.689  -21.115  57.757 0.0000000000
42265  -45.252  -23.000  59.806 0.0000000000
43237  -45.926  -21.901  59.308 0.0000000000
44994  -47.099  -21.260  58.505 0.0000000000
30922  -20.790  -35.564  70.102 0.0000000000
30923  -21.435  -35.515  69.789 0.0000000000
30949  -26.542  -35.007  67.816 0.0000000000
107379  -25.290  -33.956  68.945 0.0000000000
111697  -26.144  -34.676  69.242 0.0000000000
31687  -26.960  -35.149  69.781 0.0000000000
110515  -27.795  -35.173  68.796 0.0000000000
32492  -30.551  -33.757  68.173 0.0000000000
33284  -30.896  -32.617  67.746 0.0000000000
37580  -30.079  -28.109  67.672 0.0000000000
38550  -30.813  -27.561  68.088 0.0000000000
38539  -30.835  -27.229  68.441 0.0000000000
37568  -31.543  -27.347  69.078 0.0000000000
36715  -32.242  -27.976  68.385 0.0000000000
37574  -36.297  -26.752  69.077 0.0000000000
38613  -37.568  -26.814  64.659 0.0000000000
39609  -38.697  -25.439  66.136 0.0000000000
40539  -39.457  -25.166  66.652 0.0000000000
40549  -40.766  -24.924  65.425 0.0000000000
40540  -40.188  -25.169  66.200 0.0000000000
39587  -40.076  -25.868  66.946 0.0000000000
37596  -40.746  -26.868  66.715 0.0000000000
37615  -41.076  -26.896  65.262 0.0000000000
36770  -44.292  -26.844  62.277 0.0000000000
38617  -44.460  -25.303  63.346 0.0000000000
37655  -45.038  -26.528  61.881 0.0000000000
36789  -45.480  -27.095  61.160 0.0000000000
37683  -46.214  -26.731  60.820 0.0000000000
98055  -20.513  -35.275  71.950 0.0000000000
44214  -52.836  -21.128  55.502 0.0000000000
110438  -53.568  -23.100  54.896 0.0000000000
40678  -53.756  -23.996  53.768 0.0000000000
41506  -54.597  -22.733  52.567 0.0000000000
40690  -53.844  -24.011  53.378 0.0000000000
39798  -53.408  -25.526  53.180 0.0000000000
45865  -51.054  -18.568  49.960 0.0000000000
45867  -52.402  -18.011  50.595 0.0000000000
51388  -51.011  -12.677  48.294 0.0000000000
50529  -50.467  -13.854  48.634 0.0000000000
99953  -50.997  -16.002  50.061 0.0000000000
101694  -52.203  -16.657  50.640 0.0000000000
45858  -53.920  -17.981  51.079 0.0000000000
46713  -54.937  -17.765  50.602 0.0000000000
30174  -19.266  -35.845  69.296 0.0000000000
42239  -44.890  -22.802  62.530 0.0000000000
43185  -45.476  -22.011  62.738 0.0000000000
37625  -34.890  -27.677  64.370 0.0000000000
42238  -44.080  -23.222  62.600 0.0000000000
111803  -43.906  -23.353  62.918 0.0000000000
99074  -44.866  -23.177  62.932 0.0000000000
45024  -50.493  -21.343  56.457 0.0000000000
45011  -50.814  -21.484  56.569 0.0000000000
45035  -51.157  -21.395  55.981 0.0000000000
45067  -55.098  -19.703  51.303 0.0000000000
107570  -54.886  -18.996  50.874 0.0000000000
51391  -55.541  -11.421  49.330 0.0000000000
108014  -56.091  -10.267  45.100 0.0000000000
53027  -56.453  -10.041  46.832 0.0000000000
39642  -46.914  -24.850  61.041 0.0000000000
39653  -47.614  -24.828  60.472 0.0000000000
44967  -48.036  -19.801  60.887 0.0000000000
44139  -48.333  -20.127  60.802 0.0000000000
44976  -48.145  -19.890  60.531 0.0000000000
44985  -47.637  -20.733  59.516 0.0000000000
44984  -47.311  -20.001  59.431 0.0000000000
31678  -21.924  -34.875  71.595 0.0000000000
31682  -24.914  -34.847  70.602 0.0000000000
30915  -25.001  -35.112  70.482 0.0000000000
32463  -28.600  -34.017  69.730 0.0000000000
32453  -29.635  -33.850  71.097 0.0000000000
31690  -29.831  -34.323  71.087 0.0000000000
36703  -29.773  -29.302  68.872 0.0000000000
35797  -30.025  -29.663  69.803 0.0000000000
106461  -30.125  -29.539  68.684 0.0000000000
115287  -30.274  -29.522  68.379 0.0000000000
97410  -32.994  -26.218  68.821 0.0000000000
38553  -33.177  -26.354  69.282 0.0000000000
38541  -33.162  -26.742  69.644 0.0000000000
38542  -34.059  -26.799  69.746 0.0000000000
37571  -34.412  -27.028  69.760 0.0000000000
39566  -34.572  -26.456  69.482 0.0000000000
38556  -38.343  -26.411  67.333 0.0000000000
39576  -39.269  -25.734  67.178 0.0000000000
38565  -39.320  -26.396  67.223 0.0000000000
110260  -39.473  -25.809  67.107 0.0000000000
39629  -39.266  -26.340  64.112 0.0000000000
39630  -39.969  -25.873  63.742 0.0000000000
40543  -42.509  -24.919  64.918 0.0000000000
114077  -42.550  -25.124  64.554 0.0000000000
38582  -42.103  -25.947  64.634 0.0000000000
107644  -42.980  -25.247  64.288 0.0000000000
38599  -43.484  -25.462  63.954 0.0000000000
102944  -46.537  -24.498  61.956 0.0000000000
39641  -46.631  -25.004  61.482 0.0000000000
38646  -47.014  -25.309  60.763 0.0000000000
32446  -21.502  -33.897  71.410 0.0000000000
32438  -21.607  -34.308  71.786 0.0000000000
31676  -21.264  -34.608  72.026 0.0000000000
39689  -49.710  -24.782  57.980 0.0000000000
39738  -52.952  -25.533  54.577 0.0000000000
38768  -52.734  -26.138  54.370 0.0000000000
38787  -53.021  -26.238  53.697 0.0000000000
42356  -52.911  -22.557  53.775 0.0000000000
51406  -51.080  -12.468  46.984 0.0000000000
50517  -53.589  -13.775  50.783 0.0000000000
49524  -53.343  -13.878  50.978 0.0000000000
48504  -52.962  -14.685  50.806 0.0000000000
41377  -46.267  -23.305  62.539 0.0000000000
41383  -46.668  -22.956  62.080 0.0000000000
42227  -46.446  -22.447  62.497 0.0000000000
43207  -46.278  -21.563  61.790 0.0000000000
43187  -46.340  -21.815  62.409 0.0000000000
44127  -47.017  -20.384  61.302 0.0000000000
44126  -46.670  -20.934  60.753 0.0000000000
32460  -24.747  -33.921  69.822 0.0000000000
38593  -34.653  -27.025  65.720 0.0000000000
98625  -33.967  -26.904  66.275 0.0000000000
97716  -34.155  -26.646  67.184 0.0000000000
38564  -35.048  -26.263  67.399 0.0000000000
39596  -37.641  -25.734  66.996 0.0000000000
41367  -43.223  -23.983  63.958 0.0000000000
98560  -42.812  -24.062  63.767 0.0000000000
41368  -43.317  -24.032  64.110 0.0000000000
41359  -42.945  -24.504  64.497 0.0000000000
41361  -43.950  -24.593  64.030 0.0000000000
41369  -43.869  -23.944  63.777 0.0000000000
102544  -45.268  -23.155  62.826 0.0000000000
42217  -45.194  -23.647  63.047 0.0000000000
117343  -46.274  -24.004  62.533 0.0000000000
32468  -21.668  -33.593  68.763 0.0000000000
42291  -49.681  -23.060  57.522 0.0000000000
42304  -50.591  -22.811  57.067 0.0000000000
42307  -52.190  -22.727  56.304 0.0000000000
42306  -51.770  -22.990  56.538 0.0000000000
41465  -52.641  -23.467  55.793 0.0000000000
43339  -54.009  -21.791  52.331 0.0000000000
44269  -54.755  -21.439  52.091 0.0000000000
44279  -55.272  -20.755  51.267 0.0000000000
44271  -55.064  -21.214  51.746 0.0000000000
42412  -54.937  -21.960  50.921 0.0000000000
43384  -55.514  -20.799  50.327 0.0000000000
102956  -53.583  -10.969  48.854 0.0000000000
52203  -52.926  -11.437  48.596 0.0000000000
108472  -53.436  -12.751  50.100 0.0000000000
43354  -52.200  -21.776  51.789 0.0000000000
45073  -50.905  -20.175  50.350 0.0000000000
45074  -51.400  -19.160  50.342 0.0000000000
52234  -54.136  -10.997  45.290 0.0000000000
52246  -53.538  -11.514  44.712 0.0000000000
52232  -52.738  -11.816  45.235 0.0000000000
52233  -53.427  -11.384  45.673 0.0000000000
52220  -53.364  -11.305  46.589 0.0000000000
53876  -56.608  -10.160  47.843 0.0000000000
53017  -55.858  -10.394  48.474 0.0000000000
53872  -56.645  -10.525  48.607 0.0000000000
53011  -56.556  -10.699  48.879 0.0000000000
52213  -56.931  -11.050  48.400 0.0000000000
52206  -56.863  -10.641  48.496 0.0000000000
52215  -58.161  -10.573  47.115 0.0000000000
98134  -59.313  -9.777  45.256 0.0000000000
52248  -59.370  -10.653  45.546 0.0000000000
114600  -47.672  -25.907  59.249 0.0000000000
38713  -48.269  -25.699  58.527 0.0000000000
38688  -48.338  -25.580  59.304 0.0000000000
39667  -48.766  -24.956  59.383 0.0000000000
40596  -49.075  -24.720  59.138 0.0000000000
41406  -48.871  -24.145  59.481 0.0000000000
42241  -47.522  -22.330  61.330 0.0000000000
41393  -47.724  -23.228  60.763 0.0000000000
109477  -48.118  -22.085  60.993 0.0000000000
104993  -48.025  -21.276  60.275 0.0000000000
43226  -48.348  -22.269  59.801 0.0000000000
42277  -48.754  -23.054  59.206 0.0000000000
42278  -49.074  -23.159  58.370 0.0000000000
43238  -48.639  -22.339  58.869 0.0000000000
44996  -47.995  -20.651  58.084 0.0000000000
103705  -20.777  -35.597  69.212 0.0000000000
32440  -23.259  -34.489  70.808 0.0000000000
30902  -23.663  -35.015  70.736 0.0000000000
103367  -25.629  -35.024  67.833 0.0000000000
116623  -27.061  -35.117  68.476 0.0000000000
32472  -26.112  -34.189  68.419 0.0000000000
30916  -26.674  -35.175  69.864 0.0000000000
30917  -27.512  -35.251  69.812 0.0000000000
111711  -28.645  -35.218  70.063 0.0000000000
110061  -28.005  -35.269  69.694 0.0000000000
30951  -28.353  -35.063  68.195 0.0000000000
31701  -30.138  -34.458  69.837 0.0000000000
31711  -30.237  -34.215  68.535 0.0000000000
107626  -30.354  -31.217  70.084 0.0000000000
34034  -30.391  -31.314  69.193 0.0000000000
33276  -30.420  -32.807  68.735 0.0000000000
34042  -30.542  -31.925  68.500 0.0000000000
34876  -30.902  -30.892  68.358 0.0000000000
101942  -30.985  -30.002  67.613 0.0000000000
35816  -31.314  -29.293  67.105 0.0000000000
36726  -31.549  -28.478  67.616 0.0000000000
38561  -31.060  -26.948  68.056 0.0000000000
38551  -31.252  -26.878  68.974 0.0000000000
37582  -33.076  -27.304  69.393 0.0000000000
37581  -32.115  -27.379  69.271 0.0000000000
36716  -32.788  -27.803  68.661 0.0000000000
36727  -32.457  -28.295  67.613 0.0000000000
36730  -35.564  -28.040  68.036 0.0000000000
39568  -35.871  -26.174  69.094 0.0000000000
38554  -36.526  -26.334  68.810 0.0000000000
38625  -36.887  -27.160  64.140 0.0000000000
40538  -38.870  -25.153  66.810 0.0000000000
40547  -39.142  -25.079  66.188 0.0000000000
40560  -41.530  -24.438  64.332 0.0000000000
40559  -40.929  -24.607  64.754 0.0000000000
40541  -41.026  -25.364  65.543 0.0000000000
105391  -40.883  -25.141  65.557 0.0000000000
40535  -40.333  -25.425  66.237 0.0000000000
39588  -40.627  -25.857  66.259 0.0000000000
38567  -40.485  -26.372  66.829 0.0000000000
38580  -40.949  -26.465  66.167 0.0000000000
38597  -41.679  -26.244  64.990 0.0000000000
37629  -43.364  -26.619  63.151 0.0000000000
38618  -45.195  -25.130  62.784 0.0000000000
38644  -46.066  -25.791  61.635 0.0000000000
37643  -45.276  -26.080  62.049 0.0000000000
37656  -45.719  -26.174  61.635 0.0000000000
36782  -45.271  -26.801  61.543 0.0000000000
102847  -45.702  -26.425  61.494 0.0000000000
37670  -46.007  -26.572  61.245 0.0000000000
37702  -46.924  -26.271  60.476 0.0000000000
30899  -21.195  -35.291  71.671 0.0000000000
113154  -20.792  -35.071  72.116 0.0000000000
30910  -20.739  -35.491  71.118 0.0000000000
39706  -51.251  -25.017  56.529 0.0000000000
39718  -51.343  -25.467  56.104 0.0000000000
44236  -51.420  -21.574  55.368 0.0000000000
44212  -51.748  -21.421  55.754 0.0000000000
43312  -53.278  -22.658  54.832 0.0000000000
41478  -53.505  -23.482  54.803 0.0000000000
106174  -53.732  -23.397  53.962 0.0000000000
42380  -54.779  -22.227  52.168 0.0000000000
42358  -54.282  -22.899  53.170 0.0000000000
40703  -54.026  -23.802  53.001 0.0000000000
40702  -53.750  -24.493  52.966 0.0000000000
39799  -53.624  -24.722  53.286 0.0000000000
45866  -51.715  -18.325  50.318 0.0000000000
46711  -51.888  -17.506  50.419 0.0000000000
51389  -51.694  -12.336  48.934 0.0000000000
117304  -51.488  -14.055  50.173 0.0000000000
50523  -50.999  -13.841  49.503 0.0000000000
49545  -50.488  -14.576  49.098 0.0000000000
49544  -49.866  -14.547  48.250 0.0000000000
48537  -50.604  -15.437  49.512 0.0000000000
48520  -51.311  -15.274  50.322 0.0000000000
46702  -52.980  -16.574  50.778 0.0000000000
46703  -53.594  -17.342  50.729 0.0000000000
46704  -53.839  -17.367  50.688 0.0000000000
46705  -54.773  -17.577  50.691 0.0000000000
107078  -45.726  -22.638  63.243 0.0000000000
111570  -46.085  -22.017  63.146 0.0000000000
115473  -45.843  -21.865  62.488 0.0000000000
43225  -45.618  -22.134  61.219 0.0000000000
38578  -35.509  -26.650  66.295 0.0000000000
38595  -36.370  -26.715  65.605 0.0000000000
38596  -37.303  -26.480  65.520 0.0000000000
40576  -42.519  -24.328  62.448 0.0000000000
41381  -42.706  -23.914  62.901 0.0000000000
42224  -43.873  -23.757  63.517 0.0000000000
42215  -44.303  -23.694  63.263 0.0000000000
116070  -44.204  -23.628  63.287 0.0000000000
42225  -45.019  -23.180  62.928 0.0000000000
44158  -50.537  -21.674  57.065 0.0000000000
43271  -50.945  -22.185  57.068 0.0000000000
105819  -51.438  -22.089  56.797 0.0000000000
44172  -51.472  -21.667  56.438 0.0000000000
43284  -52.068  -21.962  56.250 0.0000000000
101064  -53.692  -20.423  51.552 0.0000000000
44277  -54.805  -20.624  51.692 0.0000000000
44288  -55.405  -20.567  50.528 0.0000000000
44280  -55.439  -20.136  50.812 0.0000000000
45069  -55.300  -19.625  50.538 0.0000000000
45868  -55.099  -19.026  50.239 0.0000000000
53009  -55.110  -10.949  49.635 0.0000000000
53004  -54.676  -11.152  49.676 0.0000000000
52198  -54.773  -11.235  49.646 0.0000000000
51382  -54.744  -11.775  49.291 0.0000000000
53056  -55.163  -10.797  44.905 0.0000000000
53041  -54.874  -10.729  46.017 0.0000000000
114034  -54.663  -10.735  46.835 0.0000000000
53877  -57.088  -10.317  47.989 0.0000000000
53019  -57.282  -10.411  47.809 0.0000000000
53878  -57.583  -10.196  47.458 0.0000000000
53886  -58.025  -9.977  46.862 0.0000000000
53029  -58.874  -10.357  46.303 0.0000000000
53914  -58.719  -9.605  43.910 0.0000000000
53903  -59.937  -9.491  45.752 0.0000000000
53915  -59.191  -9.867  44.931 0.0000000000
51438  -59.950  -13.469  44.140 0.0000000000
38673  -47.880  -25.460  59.860 0.0000000000
39666  -48.008  -25.136  59.995 0.0000000000
39654  -48.218  -24.768  59.985 0.0000000000
40583  -48.358  -24.497  59.958 0.0000000000
43208  -48.244  -21.182  61.054 0.0000000000
44130  -48.322  -20.748  60.737 0.0000000000
44977  -47.817  -21.118  60.040 0.0000000000
44986  -47.836  -20.650  58.765 0.0000000000
45788  -48.539  -20.237  58.479 0.0000000000
30900  -21.772  -35.261  71.465 0.0000000000
98910  -22.301  -35.368  71.042 0.0000000000
30912  -22.891  -35.356  70.521 0.0000000000
30928  -26.306  -35.379  69.918 0.0000000000
31689  -28.831  -34.967  70.437 0.0000000000
110536  -29.041  -35.051  70.460 0.0000000000
31694  -29.192  -35.100  69.946 0.0000000000
31695  -29.705  -34.782  70.581 0.0000000000
32464  -30.179  -34.151  70.571 0.0000000000
106113  -32.572  -26.855  66.936 0.0000000000
99331  -31.687  -26.827  67.381 0.0000000000
38562  -32.510  -26.540  68.098 0.0000000000
37583  -34.135  -27.306  69.372 0.0000000000
37584  -35.043  -27.265  69.368 0.0000000000
37573  -35.771  -27.062  69.310 0.0000000000
109290  -37.237  -26.127  67.851 0.0000000000
36733  -39.796  -27.585  66.668 0.0000000000
38627  -38.719  -26.917  63.497 0.0000000000
38614  -38.437  -26.661  64.407 0.0000000000
41358  -42.293  -24.853  64.557 0.0000000000
113806  -41.675  -24.860  64.810 0.0000000000
40542  -41.763  -25.273  64.908 0.0000000000
37628  -42.742  -26.573  63.698 0.0000000000
38615  -43.381  -26.101  63.627 0.0000000000
37630  -43.916  -26.045  62.998 0.0000000000
39632  -45.575  -24.756  62.786 0.0000000000
113305  -45.835  -25.119  62.406 0.0000000000
38631  -46.245  -25.310  61.798 0.0000000000
37684  -46.678  -26.154  60.963 0.0000000000
38660  -46.877  -25.637  60.851 0.0000000000
32445  -20.919  -33.686  70.979 0.0000000000
30891  -21.287  -35.024  71.920 0.0000000000
40644  -52.212  -24.642  55.865 0.0000000000
39719  -51.887  -25.299  55.825 0.0000000000
39737  -52.331  -25.768  55.017 0.0000000000
43310  -52.266  -22.097  54.946 0.0000000000
42340  -53.025  -22.457  54.479 0.0000000000
104199  -53.596  -22.836  54.293 0.0000000000
42398  -54.948  -21.905  51.680 0.0000000000
41518  -54.946  -22.067  51.852 0.0000000000
50515  -52.488  -13.198  50.298 0.0000000000
51381  -51.775  -12.947  49.620 0.0000000000
111093  -52.208  -13.861  50.643 0.0000000000
49530  -51.754  -14.545  50.604 0.0000000000
48521  -52.090  -15.170  50.956 0.0000000000
48522  -52.730  -15.110  50.994 0.0000000000
47586  -53.014  -15.678  50.727 0.0000000000
48506  -53.419  -16.271  50.291 0.0000000000
47588  -54.238  -17.215  50.262 0.0000000000
53058  -56.839  -9.826  44.712 0.0000000000
53900  -57.779  -9.543  45.393 0.0000000000
53912  -57.624  -9.519  44.116 0.0000000000
54760  -58.341  -9.276  43.032 0.0000000000
115128  -46.853  -24.327  61.572 0.0000000000
108136  -47.185  -23.963  61.251 0.0000000000
43188  -46.809  -21.745  62.065 0.0000000000
44117  -47.382  -20.874  61.503 0.0000000000
44128  -47.531  -20.172  61.294 0.0000000000
44966  -47.371  -19.879  60.759 0.0000000000
32439  -22.435  -34.486  71.238 0.0000000000
32447  -22.801  -34.098  70.768 0.0000000000
32441  -24.029  -34.445  70.631 0.0000000000
32450  -25.299  -34.659  70.385 0.0000000000
36708  -29.423  -28.921  68.663 0.0000000000
38576  -33.332  -26.783  67.082 0.0000000000
39572  -34.720  -26.045  69.006 0.0000000000
39581  -34.889  -26.038  68.450 0.0000000000
39582  -35.757  -25.946  68.135 0.0000000000
39583  -36.657  -25.910  67.824 0.0000000000
99643  -37.487  -25.933  67.332 0.0000000000
39584  -38.123  -25.860  67.070 0.0000000000
40532  -38.601  -25.455  66.962 0.0000000000
39631  -40.618  -25.296  63.321 0.0000000000
41374  -42.369  -24.028  63.557 0.0000000000
108468  -41.925  -24.195  63.841 0.0000000000
41366  -41.921  -24.431  64.278 0.0000000000
40552  -42.967  -24.735  64.302 0.0000000000
40553  -43.793  -24.998  64.106 0.0000000000
39611  -43.967  -25.148  64.008 0.0000000000
40561  -44.172  -24.769  63.786 0.0000000000
40562  -44.726  -24.606  63.438 0.0000000000
41371  -45.097  -24.167  63.228 0.0000000000
40569  -45.280  -24.421  63.066 0.0000000000
40570  -45.963  -24.439  62.695 0.0000000000
100137  -21.647  -33.694  70.499 0.0000000000
41428  -49.933  -24.286  57.654 0.0000000000
40610  -50.201  -24.586  57.438 0.0000000000
41445  -50.837  -24.010  56.863 0.0000000000
41446  -51.647  -23.929  56.502 0.0000000000
100600  -51.366  -22.586  56.773 0.0000000000
104550  -51.614  -23.505  56.536 0.0000000000
40645  -52.716  -24.176  55.455 0.0000000000
39739  -53.126  -24.648  54.768 0.0000000000
42378  -53.460  -22.391  52.782 0.0000000000
43341  -55.066  -21.621  51.897 0.0000000000
44270  -55.073  -21.031  52.015 0.0000000000
52210  -52.539  -11.616  47.689 0.0000000000
105991  -51.816  -11.920  47.151 0.0000000000
52202  -52.690  -11.846  49.309 0.0000000000
52193  -53.936  -11.668  49.743 0.0000000000
52192  -53.230  -11.880  50.024 0.0000000000
51374  -53.172  -12.934  50.391 0.0000000000
104466  -53.439  -13.310  50.514 0.0000000000
50518  -53.517  -13.517  50.631 0.0000000000
41391  -43.752  -23.484  61.770 0.0000000000
41392  -44.494  -23.199  61.140 0.0000000000
41404  -44.008  -23.836  60.772 0.0000000000
39640  -41.612  -25.352  62.111 0.0000000000
40575  -42.157  -24.862  62.325 0.0000000000
41390  -43.068  -24.049  62.155 0.0000000000
44186  -49.663  -21.196  56.026 0.0000000000
44235  -50.229  -21.498  55.441 0.0000000000
43308  -50.754  -21.965  54.883 0.0000000000
42355  -51.995  -22.542  53.682 0.0000000000
42377  -51.773  -22.402  52.419 0.0000000000
111693  -52.467  -20.823  51.293 0.0000000000
45065  -53.084  -19.715  51.208 0.0000000000
99961  -53.703  -18.776  51.162 0.0000000000
116741  -52.147  -12.105  45.323 0.0000000000
52231  -52.158  -11.970  46.053 0.0000000000
52219  -52.671  -11.646  46.850 0.0000000000
53015  -54.169  -10.800  48.396 0.0000000000
53025  -54.884  -10.589  47.853 0.0000000000
53016  -55.065  -10.578  49.059 0.0000000000
52204  -55.989  -10.991  49.325 0.0000000000
52212  -56.321  -11.238  48.984 0.0000000000
52214  -57.426  -10.815  47.811 0.0000000000
53901  -58.719  -9.813  45.899 0.0000000000
53044  -59.969  -9.991  46.671 0.0000000000
53045  -60.051  -9.869  46.111 0.0000000000
38689  -49.017  -25.176  59.085 0.0000000000
38702  -49.318  -25.224  58.523 0.0000000000
39688  -49.333  -25.008  58.743 0.0000000000
39678  -49.295  -24.793  58.813 0.0000000000
42255  -48.362  -22.907  60.093 0.0000000000
113589  -49.479  -24.344  58.491 0.0000000000
111817  -49.559  -23.863  58.010 0.0000000000
44151  -48.625  -21.690  58.383 0.0000000000
44157  -49.400  -21.714  57.575 0.0000000000
45824  -49.124  -20.477  56.937 0.0000000000
42266  -45.759  -22.260  60.180 0.0000000000
100219  -46.299  -21.368  60.040 0.0000000000
44137  -46.597  -20.278  60.011 0.0000000000
44149  -46.930  -20.799  59.327 0.0000000000
97544  -47.073  -20.113  59.339 0.0000000000
44995  -47.625  -21.046  58.522 0.0000000000
45022  -49.120  -20.690  56.584 0.0000000000
30932  -20.140  -35.729  69.210 0.0000000000
30933  -20.471  -35.673  68.454 0.0000000000
30901  -22.901  -35.142  70.884 0.0000000000
32461  -25.479  -34.321  69.852 0.0000000000
32451  -26.092  -34.901  70.079 0.0000000000
30939  -27.303  -35.209  68.990 0.0000000000
33266  -29.877  -32.860  70.910 0.0000000000
33268  -30.123  -33.189  70.610 0.0000000000
33275  -30.329  -33.453  69.642 0.0000000000
32477  -30.557  -33.387  68.474 0.0000000000
37579  -29.214  -28.219  67.850 0.0000000000
115964  -29.340  -28.264  67.898 0.0000000000
38575  -30.870  -26.961  67.086 0.0000000000
37567  -29.898  -28.498  67.797 0.0000000000
36710  -30.695  -28.079  67.966 0.0000000000
36714  -31.151  -28.084  68.249 0.0000000000
113713  -31.616  -27.542  68.981 0.0000000000
39567  -35.225  -26.282  69.297 0.0000000000
38544  -35.709  -26.551  69.396 0.0000000000
104414  -36.394  -27.211  68.727 0.0000000000
37585  -36.868  -26.760  68.528 0.0000000000
36719  -36.406  -27.806  67.938 0.0000000000
104101  -36.855  -26.884  64.885 0.0000000000
39617  -38.145  -26.254  65.350 0.0000000000
39608  -37.858  -25.914  66.287 0.0000000000
39597  -38.331  -25.506  66.858 0.0000000000
40533  -39.062  -25.329  66.990 0.0000000000
39620  -40.382  -25.021  64.268 0.0000000000
40558  -40.195  -24.844  65.199 0.0000000000
40550  -41.304  -24.904  65.131 0.0000000000
40548  -39.908  -24.958  66.000 0.0000000000
40534  -39.637  -25.340  66.783 0.0000000000
39586  -39.236  -25.463  67.009 0.0000000000
38566  -39.949  -26.191  67.172 0.0000000000
37606  -41.220  -26.546  65.738 0.0000000000
37605  -40.960  -26.970  66.204 0.0000000000
39621  -44.059  -25.182  63.839 0.0000000000
38629  -44.767  -25.747  62.600 0.0000000000
37642  -44.472  -26.379  62.408 0.0000000000
37701  -46.393  -26.804  60.148 0.0000000000
39690  -50.524  -24.857  57.149 0.0000000000
45036  -51.832  -21.413  55.990 0.0000000000
44187  -52.044  -21.522  56.031 0.0000000000
43285  -52.443  -22.425  55.986 0.0000000000
44238  -52.539  -21.552  55.483 0.0000000000
43286  -52.606  -22.413  55.615 0.0000000000
42317  -53.037  -22.973  55.626 0.0000000000
41466  -53.149  -23.245  55.436 0.0000000000
40661  -53.571  -24.001  54.329 0.0000000000
39763  -53.466  -24.840  54.140 0.0000000000
41490  -54.166  -23.140  53.354 0.0000000000
41505  -54.213  -23.263  53.104 0.0000000000
101297  -53.916  -23.456  53.503 0.0000000000
39780  -53.563  -24.827  53.649 0.0000000000
39779  -53.357  -25.631  53.498 0.0000000000
45857  -53.219  -18.029  50.861 0.0000000000
51396  -51.283  -12.195  47.880 0.0000000000
51395  -50.750  -12.797  47.578 0.0000000000
50536  -50.233  -13.353  47.397 0.0000000000
50530  -51.074  -13.142  48.942 0.0000000000
50528  -49.972  -13.798  47.895 0.0000000000
47606  -50.530  -16.453  49.485 0.0000000000
47594  -51.270  -16.844  50.087 0.0000000000
47595  -51.712  -15.961  50.534 0.0000000000
46712  -52.750  -17.331  50.697 0.0000000000
45859  -54.706  -18.114  50.718 0.0000000000
45860  -54.788  -18.340  50.423 0.0000000000
47597  -55.039  -17.894  50.461 0.0000000000
98285  -55.038  -18.419  50.148 0.0000000000
45882  -54.931  -18.918  49.839 0.0000000000
38543  -34.863  -26.716  69.681 0.0000000000
39565  -33.906  -26.413  69.381 0.0000000000
41447  -52.147  -23.344  56.301 0.0000000000
43167  -46.257  -22.144  62.927 0.0000000000
43206  -45.642  -21.901  61.736 0.0000000000
43295  -52.574  -22.190  55.193 0.0000000000
44188  -52.996  -21.687  55.194 0.0000000000
44213  -52.579  -21.490  55.559 0.0000000000
44289  -55.456  -20.021  50.377 0.0000000000
44975  -47.558  -19.823  60.312 0.0000000000
51383  -55.331  -11.181  49.564 0.0000000000
52997  -54.004  -11.122  49.742 0.0000000000
99090  -50.565  -13.261  48.121 0.0000000000
104581  -43.769  -24.116  63.677 0.0000000000
106145  -52.675  -21.068  55.704 0.0000000000
109145  -53.086  -22.695  55.299 0.0000000000
112386  -47.511  -25.045  60.471 0.0000000000
114459  -53.123  -23.584  55.333 0.0000000000
116501  -54.988  -17.369  50.836 0.0000000000
116696  -51.384  -13.369  49.467 0.0000000000
