#!ascii label  , from subject sub-027S6002 vox2ras=TkReg
1542
106972  -35.333  -19.280  65.876 0.0000000000
116007  -50.662  -5.644  47.558 0.0000000000
98767  -41.055  -14.656  54.253 0.0000000000
36783  -9.620  -27.979  60.145 0.0000000000
107888  -21.792  -17.305  64.860 0.0000000000
43152  -10.034  -21.347  63.181 0.0000000000
43109  -6.034  -21.372  68.514 0.0000000000
105434  -46.184  -9.626  52.027 0.0000000000
45816  -9.851  -18.291  56.465 0.0000000000
34877  -6.607  -30.912  66.855 0.0000000000
44147  -37.805  -19.994  59.971 0.0000000000
43142  -31.173  -19.812  63.068 0.0000000000
46617  -29.600  -16.578  65.199 0.0000000000
58181  -52.798  -4.217  44.907 0.0000000000
49523  -44.138  -13.261  52.029 0.0000000000
42257  -17.508  -21.948  60.258 0.0000000000
49450  -8.981  -14.894  60.256 0.0000000000
40578  -5.781  -24.034  61.457 0.0000000000
42280  -5.925  -22.386  58.677 0.0000000000
36806  -9.168  -28.106  56.780 0.0000000000
113922  -12.521  -26.637  69.201 0.0000000000
117699  -9.396  -27.447  70.858 0.0000000000
111308  -39.613  -15.204  57.767 0.0000000000
49348  -26.322  -14.703  67.730 0.0000000000
46667  -24.440  -17.206  60.512 0.0000000000
115143  -7.561  -21.974  65.610 0.0000000000
39613  -6.877  -24.569  64.297 0.0000000000
57258  -47.936  -5.472  50.150 0.0000000000
39579  -13.486  -25.361  66.700 0.0000000000
41373  -16.190  -23.419  63.111 0.0000000000
44978  -10.328  -19.695  59.683 0.0000000000
41434  -9.650  -23.158  57.256 0.0000000000
42164  -7.786  -22.729  71.705 0.0000000000
39578  -8.046  -26.113  67.790 0.0000000000
115666  -7.523  -29.808  63.993 0.0000000000
44073  -37.644  -18.890  65.448 0.0000000000
105364  -35.066  -19.658  64.029 0.0000000000
43163  -37.231  -20.743  63.162 0.0000000000
44082  -33.084  -19.664  65.065 0.0000000000
43178  -33.354  -20.724  62.434 0.0000000000
44912  -31.280  -19.155  67.023 0.0000000000
57287  -51.912  -5.387  46.716 0.0000000000
55570  -47.923  -6.690  46.800 0.0000000000
56454  -48.841  -5.976  45.482 0.0000000000
58186  -49.512  -4.353  43.301 0.0000000000
104074  -43.108  -14.247  52.373 0.0000000000
114453  -38.764  -15.267  53.671 0.0000000000
108232  -39.855  -14.855  52.342 0.0000000000
48517  -41.250  -14.579  50.948 0.0000000000
38662  -7.911  -25.858  61.292 0.0000000000
38675  -6.671  -25.648  59.190 0.0000000000
37705  -9.553  -27.691  58.696 0.0000000000
106337  -9.598  -31.020  56.125 0.0000000000
34122  -9.342  -31.591  58.179 0.0000000000
34873  -13.230  -28.953  67.416 0.0000000000
34869  -11.762  -30.072  69.150 0.0000000000
97916  -39.446  -15.320  59.370 0.0000000000
46670  -37.383  -18.163  61.835 0.0000000000
112164  -36.205  -19.121  59.198 0.0000000000
48403  -36.667  -15.841  60.390 0.0000000000
48421  -37.189  -15.274  58.396 0.0000000000
49337  -27.722  -14.166  69.262 0.0000000000
44950  -27.634  -18.810  62.358 0.0000000000
47537  -27.676  -16.762  63.344 0.0000000000
61115  -51.167  -2.106  41.866 0.0000000000
61129  -52.290  -1.231  40.359 0.0000000000
43115  -7.062  -21.518  67.225 0.0000000000
42208  -5.429  -23.215  64.753 0.0000000000
41348  -5.346  -23.501  66.315 0.0000000000
55520  -46.923  -7.202  51.845 0.0000000000
105558  -43.122  -11.672  50.070 0.0000000000
53867  -43.900  -9.275  49.636 0.0000000000
54725  -44.927  -8.206  48.123 0.0000000000
41339  -14.419  -22.953  69.415 0.0000000000
42190  -15.766  -22.620  68.354 0.0000000000
45753  -10.698  -18.484  63.613 0.0000000000
46655  -11.461  -17.551  61.863 0.0000000000
44954  -10.910  -20.082  61.871 0.0000000000
39708  -6.539  -25.352  56.381 0.0000000000
41432  -7.546  -23.255  57.602 0.0000000000
40646  -7.942  -24.833  55.668 0.0000000000
42158  -9.028  -22.444  72.741 0.0000000000
117694  -7.857  -29.931  69.015 0.0000000000
108699  -8.967  -26.728  69.870 0.0000000000
35811  -7.641  -29.089  67.631 0.0000000000
36735  -8.705  -27.680  65.968 0.0000000000
113765  -6.854  -30.292  65.014 0.0000000000
44115  -37.473  -19.441  62.891 0.0000000000
48335  -29.755  -15.502  67.802 0.0000000000
46573  -30.993  -16.776  66.925 0.0000000000
44925  -30.358  -18.401  64.755 0.0000000000
59104  -53.601  -3.140  44.340 0.0000000000
59113  -50.333  -3.547  42.903 0.0000000000
51364  -45.315  -11.767  52.486 0.0000000000
112159  -42.156  -13.642  49.978 0.0000000000
45773  -20.146  -18.330  60.987 0.0000000000
44948  -19.406  -18.768  63.003 0.0000000000
48425  -11.395  -15.531  57.899 0.0000000000
42230  -7.239  -22.445  62.888 0.0000000000
98581  -7.800  -22.014  61.014 0.0000000000
41407  -5.320  -23.250  59.520 0.0000000000
39692  -6.025  -25.625  57.580 0.0000000000
36825  -8.015  -28.118  55.406 0.0000000000
40519  -12.191  -24.376  70.900 0.0000000000
40517  -10.452  -24.375  70.827 0.0000000000
36694  -11.205  -27.256  72.198 0.0000000000
34867  -9.361  -30.449  69.645 0.0000000000
97896  -40.523  -15.093  55.754 0.0000000000
97899  -37.741  -14.877  55.332 0.0000000000
47506  -24.465  -16.322  65.662 0.0000000000
48353  -27.691  -15.229  66.282 0.0000000000
109811  -25.799  -16.115  64.329 0.0000000000
46646  -22.594  -17.156  62.092 0.0000000000
45746  -9.995  -18.409  64.951 0.0000000000
45722  -8.483  -18.681  66.687 0.0000000000
43128  -8.715  -21.598  65.060 0.0000000000
107805  -6.015  -22.501  63.653 0.0000000000
39634  -6.842  -24.437  63.122 0.0000000000
38634  -9.150  -26.540  62.479 0.0000000000
57266  -49.163  -5.683  48.615 0.0000000000
55557  -46.604  -7.349  47.158 0.0000000000
40522  -12.618  -24.028  70.104 0.0000000000
102058  -12.838  -26.083  67.886 0.0000000000
34884  -13.291  -28.872  65.660 0.0000000000
43153  -18.406  -20.214  64.148 0.0000000000
42207  -18.295  -21.113  65.441 0.0000000000
42198  -17.409  -22.040  66.883 0.0000000000
40556  -14.556  -24.356  64.465 0.0000000000
34900  -14.175  -28.509  64.215 0.0000000000
48393  -9.188  -15.451  61.660 0.0000000000
47559  -11.769  -16.731  60.088 0.0000000000
45791  -10.699  -18.905  58.102 0.0000000000
43228  -7.687  -21.530  59.348 0.0000000000
116860  -9.013  -20.941  58.432 0.0000000000
43272  -9.682  -20.957  57.415 0.0000000000
42170  -5.680  -22.203  70.612 0.0000000000
39560  -8.845  -24.411  70.064 0.0000000000
41337  -7.146  -23.724  70.503 0.0000000000
112372  -5.641  -23.709  68.957 0.0000000000
39591  -7.515  -25.947  66.313 0.0000000000
37631  -9.413  -26.978  63.949 0.0000000000
102036  -8.464  -29.391  61.797 0.0000000000
98397  -4.968  -33.436  64.218 0.0000000000
33325  -5.571  -33.005  62.842 0.0000000000
34108  -7.563  -31.986  60.030 0.0000000000
44929  -36.578  -19.186  65.823 0.0000000000
45715  -35.637  -18.653  66.897 0.0000000000
112803  -34.813  -19.564  64.707 0.0000000000
44086  -36.448  -19.399  64.998 0.0000000000
44070  -34.053  -19.462  65.513 0.0000000000
44097  -34.300  -19.775  64.319 0.0000000000
44913  -34.077  -18.953  66.639 0.0000000000
44926  -33.609  -19.312  66.214 0.0000000000
57276  -51.039  -5.606  47.171 0.0000000000
56438  -49.427  -6.075  47.313 0.0000000000
112129  -48.178  -6.434  45.776 0.0000000000
117229  -50.289  -5.797  46.878 0.0000000000
57297  -50.607  -5.349  45.789 0.0000000000
48470  -41.429  -14.444  53.380 0.0000000000
99046  -44.121  -14.578  54.234 0.0000000000
98765  -43.309  -14.625  54.375 0.0000000000
48467  -39.070  -15.127  53.085 0.0000000000
48469  -40.465  -14.746  53.476 0.0000000000
104183  -40.945  -14.512  52.698 0.0000000000
37671  -9.502  -27.151  60.714 0.0000000000
38676  -8.865  -26.661  59.845 0.0000000000
36790  -9.830  -28.219  59.190 0.0000000000
107962  -10.050  -29.839  58.375 0.0000000000
116996  -9.805  -29.578  59.099 0.0000000000
34052  -12.342  -30.151  65.562 0.0000000000
34046  -11.812  -30.534  66.055 0.0000000000
47547  -38.554  -16.687  62.682 0.0000000000
46669  -36.858  -17.651  61.329 0.0000000000
48394  -38.052  -15.848  61.362 0.0000000000
48405  -38.434  -15.596  60.719 0.0000000000
103186  -52.837  -1.816  42.325 0.0000000000
61116  -52.148  -1.315  41.162 0.0000000000
62037  -53.766  -0.177  41.084 0.0000000000
43114  -6.111  -21.924  67.473 0.0000000000
42196  -5.769  -22.626  66.635 0.0000000000
42188  -5.206  -22.873  67.800 0.0000000000
54697  -46.412  -8.644  51.672 0.0000000000
54699  -47.353  -7.706  52.880 0.0000000000
52995  -44.849  -10.394  51.189 0.0000000000
52196  -43.083  -10.898  49.940 0.0000000000
53858  -45.065  -9.578  50.813 0.0000000000
113800  -45.042  -8.926  50.421 0.0000000000
42184  -15.957  -22.631  69.513 0.0000000000
42185  -16.874  -22.467  69.075 0.0000000000
46614  -21.865  -17.337  65.625 0.0000000000
45748  -21.119  -17.883  65.459 0.0000000000
46682  -10.054  -17.431  55.919 0.0000000000
44941  -10.685  -19.376  63.690 0.0000000000
44946  -10.933  -19.880  62.791 0.0000000000
44111  -10.349  -20.902  62.373 0.0000000000
38732  -7.172  -25.910  55.798 0.0000000000
39721  -7.085  -25.054  56.149 0.0000000000
38748  -7.838  -26.640  54.226 0.0000000000
43084  -9.511  -21.602  72.641 0.0000000000
41315  -9.978  -22.626  73.052 0.0000000000
34872  -7.300  -30.649  68.436 0.0000000000
35804  -7.888  -29.084  68.396 0.0000000000
34878  -6.941  -30.351  67.478 0.0000000000
35836  -7.098  -29.655  65.944 0.0000000000
109848  -6.498  -30.734  65.930 0.0000000000
44100  -37.890  -19.191  63.983 0.0000000000
43165  -37.431  -19.896  62.890 0.0000000000
44944  -38.339  -18.625  63.745 0.0000000000
116193  -37.905  -18.673  63.173 0.0000000000
116604  -31.657  -19.516  65.263 0.0000000000
44055  -30.724  -19.136  65.872 0.0000000000
43131  -30.598  -19.293  64.238 0.0000000000
43140  -29.651  -19.685  63.469 0.0000000000
106761  -53.204  -3.746  44.632 0.0000000000
58180  -51.712  -4.263  44.465 0.0000000000
58194  -49.945  -4.038  43.084 0.0000000000
59102  -51.615  -3.759  43.903 0.0000000000
59103  -52.393  -3.390  43.933 0.0000000000
109663  -44.724  -12.460  52.106 0.0000000000
51350  -46.151  -11.759  53.579 0.0000000000
50499  -45.411  -12.649  53.097 0.0000000000
48501  -42.274  -14.404  51.214 0.0000000000
47604  -42.010  -14.349  50.513 0.0000000000
48519  -43.107  -13.490  51.106 0.0000000000
50513  -43.899  -12.660  51.393 0.0000000000
49463  -9.437  -14.686  59.419 0.0000000000
49477  -10.524  -14.607  58.307 0.0000000000
49464  -10.449  -14.841  59.190 0.0000000000
42242  -5.717  -23.265  61.653 0.0000000000
115105  -5.770  -22.732  60.941 0.0000000000
41395  -5.525  -23.306  60.594 0.0000000000
38691  -7.984  -26.423  58.270 0.0000000000
38690  -7.220  -25.866  58.351 0.0000000000
37703  -8.009  -26.870  57.471 0.0000000000
38706  -7.411  -26.598  56.787 0.0000000000
37734  -8.345  -27.784  56.348 0.0000000000
36816  -8.657  -28.693  55.964 0.0000000000
39557  -11.971  -25.094  69.701 0.0000000000
102431  -11.777  -25.400  70.732 0.0000000000
37559  -12.199  -26.639  70.379 0.0000000000
118041  -10.050  -31.525  67.455 0.0000000000
34868  -10.505  -30.380  69.493 0.0000000000
34037  -9.025  -31.568  68.446 0.0000000000
34036  -8.115  -31.629  68.636 0.0000000000
97902  -40.255  -15.236  56.501 0.0000000000
97912  -39.033  -15.091  57.889 0.0000000000
48436  -37.345  -14.874  56.847 0.0000000000
111032  -38.764  -14.894  56.491 0.0000000000
111477  -39.137  -14.988  55.854 0.0000000000
117430  -24.860  -15.144  67.875 0.0000000000
47482  -23.894  -15.892  67.474 0.0000000000
99895  -25.417  -15.492  66.702 0.0000000000
47497  -29.953  -16.176  66.722 0.0000000000
48334  -28.847  -15.071  67.594 0.0000000000
48369  -28.984  -15.616  65.897 0.0000000000
46650  -26.434  -17.118  62.122 0.0000000000
47522  -26.559  -16.154  64.051 0.0000000000
47545  -24.919  -16.347  62.991 0.0000000000
47533  -24.200  -16.485  63.746 0.0000000000
46658  -23.479  -17.021  61.310 0.0000000000
46657  -22.546  -17.234  61.156 0.0000000000
44051  -8.056  -20.262  67.314 0.0000000000
44060  -8.594  -20.596  66.699 0.0000000000
44061  -9.153  -20.393  66.186 0.0000000000
43127  -8.028  -21.840  65.247 0.0000000000
43135  -7.677  -22.228  64.525 0.0000000000
43126  -7.258  -22.378  64.952 0.0000000000
40554  -5.856  -24.258  64.426 0.0000000000
40563  -5.924  -24.269  64.006 0.0000000000
39624  -6.846  -24.388  63.716 0.0000000000
39635  -7.219  -24.939  62.647 0.0000000000
38632  -7.696  -25.464  63.096 0.0000000000
57259  -48.835  -5.306  49.674 0.0000000000
101749  -50.097  -4.862  50.150 0.0000000000
117828  -49.004  -5.169  51.440 0.0000000000
55545  -45.982  -6.839  49.339 0.0000000000
55547  -45.769  -7.799  47.518 0.0000000000
116918  -46.985  -6.560  48.065 0.0000000000
56428  -48.612  -6.193  48.040 0.0000000000
97570  -13.938  -23.161  71.081 0.0000000000
40531  -13.501  -24.607  67.439 0.0000000000
40527  -13.039  -24.489  68.712 0.0000000000
39571  -13.177  -25.578  67.475 0.0000000000
36713  -13.119  -27.360  67.224 0.0000000000
37599  -13.462  -26.995  65.954 0.0000000000
43194  -18.297  -20.598  61.378 0.0000000000
43154  -18.527  -19.709  63.321 0.0000000000
42233  -17.955  -20.732  62.132 0.0000000000
41379  -16.692  -23.207  62.440 0.0000000000
42220  -17.418  -21.365  63.418 0.0000000000
42211  -16.994  -21.843  64.741 0.0000000000
42199  -18.006  -21.779  66.549 0.0000000000
41356  -16.369  -22.419  64.761 0.0000000000
97815  -15.727  -22.529  65.708 0.0000000000
40557  -15.006  -24.326  63.828 0.0000000000
35871  -14.700  -28.186  63.481 0.0000000000
48385  -8.969  -15.552  62.422 0.0000000000
106927  -11.652  -18.930  61.015 0.0000000000
47554  -11.846  -17.119  61.022 0.0000000000
46663  -11.872  -17.697  60.313 0.0000000000
111998  -11.612  -17.855  58.852 0.0000000000
44989  -10.348  -19.316  58.741 0.0000000000
42268  -6.051  -21.823  59.216 0.0000000000
43213  -8.159  -21.579  60.207 0.0000000000
43240  -6.461  -21.895  58.767 0.0000000000
41433  -8.629  -23.135  57.485 0.0000000000
42282  -8.053  -21.866  58.438 0.0000000000
42294  -8.436  -22.429  57.966 0.0000000000
44159  -9.406  -20.440  58.050 0.0000000000
43257  -9.748  -21.799  57.622 0.0000000000
43273  -10.398  -21.530  57.071 0.0000000000
43093  -6.441  -22.212  71.523 0.0000000000
38527  -9.642  -26.477  71.640 0.0000000000
99488  -9.855  -24.554  70.272 0.0000000000
105670  -9.384  -25.494  70.129 0.0000000000
38545  -8.443  -26.548  68.291 0.0000000000
39563  -8.306  -25.427  69.619 0.0000000000
39569  -7.533  -25.081  69.237 0.0000000000
103217  -6.909  -24.306  69.633 0.0000000000
40526  -6.817  -24.810  68.498 0.0000000000
39577  -6.713  -25.274  67.427 0.0000000000
103353  -7.383  -25.878  67.171 0.0000000000
36746  -8.420  -28.582  64.657 0.0000000000
36747  -9.008  -27.695  65.142 0.0000000000
36755  -8.826  -28.342  63.687 0.0000000000
36763  -8.955  -28.347  62.840 0.0000000000
34924  -7.830  -29.942  62.279 0.0000000000
31752  -4.238  -34.540  63.610 0.0000000000
104566  -5.243  -33.239  63.745 0.0000000000
44074  -38.185  -18.761  65.174 0.0000000000
115500  -35.100  -20.646  62.833 0.0000000000
42222  -36.235  -21.012  62.621 0.0000000000
43146  -36.399  -19.730  63.711 0.0000000000
44099  -37.390  -19.363  64.192 0.0000000000
44081  -32.576  -19.732  64.445 0.0000000000
44096  -33.262  -19.920  64.241 0.0000000000
43144  -34.305  -20.174  63.630 0.0000000000
44068  -32.512  -19.559  65.914 0.0000000000
57299  -52.686  -5.008  46.168 0.0000000000
57302  -47.747  -5.565  44.340 0.0000000000
103346  -48.283  -5.050  43.835 0.0000000000
58185  -48.932  -4.453  43.014 0.0000000000
57304  -49.331  -5.212  44.723 0.0000000000
57306  -51.193  -4.816  45.123 0.0000000000
48488  -43.749  -13.819  52.218 0.0000000000
49519  -45.221  -13.216  53.295 0.0000000000
48473  -44.168  -14.163  53.250 0.0000000000
48460  -44.991  -14.440  54.831 0.0000000000
48465  -37.191  -15.170  53.460 0.0000000000
48481  -37.520  -15.188  52.863 0.0000000000
48496  -38.367  -15.006  51.926 0.0000000000
98762  -38.341  -14.872  51.084 0.0000000000
48531  -39.430  -14.681  50.283 0.0000000000
48499  -40.401  -14.623  51.545 0.0000000000
118317  -41.892  -14.553  51.434 0.0000000000
101640  -6.513  -24.958  61.231 0.0000000000
39656  -6.275  -25.193  60.120 0.0000000000
39657  -6.999  -25.756  60.091 0.0000000000
38692  -8.571  -26.651  58.907 0.0000000000
37720  -9.438  -27.844  57.713 0.0000000000
35933  -9.856  -29.363  56.896 0.0000000000
35924  -10.147  -29.201  57.854 0.0000000000
103424  -9.864  -30.936  56.963 0.0000000000
35795  -13.012  -27.049  68.087 0.0000000000
35793  -12.479  -28.153  68.779 0.0000000000
34039  -12.226  -29.974  67.226 0.0000000000
111295  -39.572  -15.231  58.435 0.0000000000
98938  -37.328  -19.220  60.741 0.0000000000
44993  -37.021  -19.605  59.693 0.0000000000
111982  -36.642  -18.444  60.281 0.0000000000
46674  -35.988  -17.594  59.936 0.0000000000
46673  -35.643  -16.809  59.468 0.0000000000
100204  -37.050  -15.377  59.195 0.0000000000
111431  -38.766  -15.230  58.729 0.0000000000
49349  -27.342  -14.521  68.134 0.0000000000
45750  -29.032  -17.643  64.100 0.0000000000
47524  -28.645  -16.327  64.487 0.0000000000
45764  -27.509  -17.938  62.319 0.0000000000
104028  -26.776  -17.773  61.880 0.0000000000
61134  -50.818  -1.544  40.139 0.0000000000
61142  -51.033  -1.579  39.111 0.0000000000
60134  -52.480  -2.594  38.257 0.0000000000
59135  -53.046  -3.621  37.773 0.0000000000
43120  -7.385  -21.788  66.320 0.0000000000
43125  -6.917  -22.364  65.610 0.0000000000
42202  -6.098  -22.711  65.737 0.0000000000
110554  -5.442  -23.392  65.412 0.0000000000
116505  -6.283  -24.779  65.140 0.0000000000
56400  -47.259  -6.396  51.609 0.0000000000
55506  -47.858  -6.716  52.936 0.0000000000
52200  -41.964  -10.464  48.297 0.0000000000
53013  -42.545  -9.820  47.696 0.0000000000
105205  -44.122  -8.815  47.702 0.0000000000
54721  -44.301  -8.594  49.003 0.0000000000
55541  -45.566  -7.472  49.974 0.0000000000
41335  -15.311  -22.759  70.758 0.0000000000
42179  -15.963  -22.628  70.521 0.0000000000
41343  -15.005  -22.745  69.001 0.0000000000
98385  -14.262  -23.256  66.699 0.0000000000
99204  -17.303  -24.559  61.375 0.0000000000
38620  -14.998  -25.835  62.794 0.0000000000
103024  -10.317  -17.384  63.274 0.0000000000
47544  -9.933  -16.695  62.903 0.0000000000
45758  -10.822  -18.026  63.185 0.0000000000
44955  -11.319  -19.258  62.249 0.0000000000
114335  -10.783  -20.022  61.088 0.0000000000
40612  -5.808  -24.285  57.042 0.0000000000
42292  -6.289  -22.992  58.277 0.0000000000
41448  -6.228  -24.014  56.802 0.0000000000
40628  -7.444  -24.329  56.322 0.0000000000
40629  -8.433  -24.298  56.167 0.0000000000
44021  -9.748  -20.601  71.103 0.0000000000
43083  -8.505  -21.763  72.976 0.0000000000
43069  -8.171  -22.108  72.907 0.0000000000
36699  -8.836  -28.391  70.070 0.0000000000
37560  -9.093  -27.442  70.282 0.0000000000
36704  -8.539  -28.465  69.514 0.0000000000
36711  -8.335  -28.180  68.698 0.0000000000
37588  -8.425  -27.367  67.848 0.0000000000
37589  -8.610  -26.932  67.011 0.0000000000
115593  -8.219  -28.310  66.331 0.0000000000
35837  -7.636  -29.199  65.369 0.0000000000
34897  -7.124  -30.093  64.503 0.0000000000
43224  -37.435  -20.696  60.424 0.0000000000
42237  -37.144  -20.804  62.323 0.0000000000
43205  -37.215  -20.493  61.524 0.0000000000
44125  -37.341  -19.735  61.277 0.0000000000
45771  -37.466  -18.800  62.065 0.0000000000
46652  -38.256  -17.661  62.843 0.0000000000
46589  -30.460  -16.768  66.473 0.0000000000
45699  -31.323  -17.503  66.748 0.0000000000
45713  -30.981  -17.740  65.763 0.0000000000
45742  -30.237  -17.827  64.963 0.0000000000
44943  -29.088  -18.793  63.741 0.0000000000
100769  -49.442  -3.876  42.652 0.0000000000
60105  -50.692  -2.800  42.479 0.0000000000
60107  -52.433  -2.382  42.782 0.0000000000
52979  -45.946  -10.542  52.590 0.0000000000
53829  -46.980  -9.440  53.038 0.0000000000
52167  -46.367  -10.670  53.198 0.0000000000
48532  -40.354  -14.625  49.826 0.0000000000
50521  -43.049  -12.824  50.501 0.0000000000
51372  -44.069  -11.928  51.111 0.0000000000
45761  -20.819  -17.769  62.440 0.0000000000
44949  -20.648  -18.060  64.061 0.0000000000
44961  -19.467  -18.827  61.521 0.0000000000
43195  -18.574  -20.395  60.754 0.0000000000
48433  -10.904  -15.263  57.179 0.0000000000
46678  -11.281  -17.062  57.207 0.0000000000
43169  -8.435  -22.018  62.880 0.0000000000
43193  -8.718  -21.773  61.943 0.0000000000
43191  -7.539  -22.263  61.949 0.0000000000
42256  -6.116  -22.184  60.666 0.0000000000
42279  -5.436  -22.888  58.838 0.0000000000
100165  -5.714  -24.627  59.836 0.0000000000
40598  -5.470  -24.503  58.410 0.0000000000
41429  -5.603  -23.948  57.934 0.0000000000
39707  -5.984  -25.370  56.578 0.0000000000
41318  -10.516  -23.332  72.576 0.0000000000
40518  -11.448  -24.435  71.145 0.0000000000
39552  -10.950  -25.480  71.588 0.0000000000
36692  -10.043  -27.868  72.014 0.0000000000
35791  -11.744  -29.280  70.624 0.0000000000
35790  -10.439  -29.306  70.919 0.0000000000
104991  -9.547  -28.726  71.009 0.0000000000
34866  -8.489  -30.271  69.487 0.0000000000
34035  -7.414  -31.488  68.438 0.0000000000
34043  -6.611  -31.740  67.236 0.0000000000
48456  -40.772  -14.976  55.005 0.0000000000
97894  -42.305  -15.075  55.774 0.0000000000
113490  -41.934  -15.198  56.264 0.0000000000
44168  -36.060  -19.596  58.946 0.0000000000
48452  -37.023  -14.947  54.811 0.0000000000
112654  -39.223  -15.072  55.077 0.0000000000
47494  -23.413  -16.389  67.264 0.0000000000
46629  -22.689  -16.863  64.814 0.0000000000
49338  -28.604  -14.167  69.242 0.0000000000
48333  -27.991  -14.783  67.258 0.0000000000
49364  -27.062  -14.899  66.998 0.0000000000
48376  -27.761  -15.835  64.813 0.0000000000
48367  -27.363  -15.566  65.446 0.0000000000
102864  -25.850  -15.687  65.986 0.0000000000
47507  -25.254  -16.041  65.589 0.0000000000
114898  -23.612  -16.622  64.435 0.0000000000
46628  -22.192  -17.064  64.054 0.0000000000
46645  -21.714  -17.426  61.789 0.0000000000
59141  -53.897  -4.025  37.405 0.0000000000
59142  -54.655  -3.877  37.325 0.0000000000
59150  -54.740  -3.701  36.617 0.0000000000
45747  -10.409  -18.459  64.216 0.0000000000
44090  -10.094  -20.433  64.743 0.0000000000
45736  -9.301  -18.404  65.617 0.0000000000
44076  -9.504  -20.712  65.492 0.0000000000
43137  -9.410  -21.416  64.575 0.0000000000
43150  -8.162  -22.108  63.557 0.0000000000
115877  -6.759  -22.532  63.348 0.0000000000
113595  -5.780  -22.863  63.276 0.0000000000
101594  -5.489  -22.808  64.219 0.0000000000
112214  -5.613  -23.858  63.890 0.0000000000
40572  -6.287  -24.414  62.702 0.0000000000
39645  -7.109  -25.320  61.626 0.0000000000
38648  -8.656  -26.204  61.850 0.0000000000
37658  -9.615  -27.346  61.590 0.0000000000
57267  -49.958  -5.598  48.330 0.0000000000
53884  -44.839  -8.662  46.921 0.0000000000
54738  -45.367  -8.391  46.669 0.0000000000
54748  -45.828  -8.024  46.328 0.0000000000
55558  -47.373  -6.898  47.002 0.0000000000
56437  -48.786  -6.336  47.437 0.0000000000
39561  -12.223  -24.452  70.225 0.0000000000
38535  -12.224  -25.596  69.355 0.0000000000
41333  -13.384  -23.498  70.182 0.0000000000
39564  -12.622  -24.920  68.794 0.0000000000
38538  -12.635  -26.546  68.730 0.0000000000
34879  -13.402  -28.671  66.684 0.0000000000
44105  -19.967  -18.549  64.209 0.0000000000
44092  -19.603  -19.286  65.846 0.0000000000
43130  -19.222  -20.119  66.001 0.0000000000
42232  -17.324  -21.597  62.243 0.0000000000
42213  -18.174  -20.970  64.377 0.0000000000
43129  -18.789  -20.754  66.149 0.0000000000
42194  -18.527  -21.473  67.112 0.0000000000
42193  -18.089  -22.016  67.469 0.0000000000
42187  -18.018  -22.215  68.514 0.0000000000
42197  -16.744  -22.238  67.164 0.0000000000
41350  -14.987  -22.719  66.313 0.0000000000
39605  -13.828  -25.146  65.381 0.0000000000
38604  -14.663  -25.984  63.456 0.0000000000
38586  -14.108  -26.420  64.666 0.0000000000
38571  -13.860  -26.816  65.226 0.0000000000
102121  -13.785  -28.657  64.585 0.0000000000
48401  -9.540  -15.299  60.860 0.0000000000
46654  -10.640  -16.756  62.103 0.0000000000
99267  -10.547  -15.634  60.639 0.0000000000
115203  -10.736  -15.340  59.817 0.0000000000
109872  -11.443  -15.720  59.196 0.0000000000
46675  -11.564  -17.272  58.103 0.0000000000
45804  -10.495  -18.536  57.342 0.0000000000
44118  -9.231  -21.165  61.096 0.0000000000
44131  -8.954  -21.137  60.299 0.0000000000
44142  -9.316  -20.599  59.612 0.0000000000
42281  -7.064  -22.158  58.527 0.0000000000
43241  -8.405  -21.385  58.759 0.0000000000
103772  -9.665  -19.930  59.014 0.0000000000
44988  -9.672  -19.937  58.262 0.0000000000
44999  -9.905  -19.694  57.564 0.0000000000
45012  -9.789  -19.258  56.723 0.0000000000
44175  -10.109  -20.454  56.661 0.0000000000
41317  -9.434  -23.251  72.068 0.0000000000
40515  -8.828  -23.279  70.876 0.0000000000
41332  -7.971  -23.259  70.944 0.0000000000
39559  -8.709  -25.096  69.898 0.0000000000
107003  -8.182  -24.181  70.304 0.0000000000
41331  -7.564  -23.195  70.999 0.0000000000
41330  -6.732  -23.119  70.833 0.0000000000
41336  -5.560  -23.164  69.436 0.0000000000
42183  -5.476  -22.671  68.803 0.0000000000
41344  -5.178  -23.480  67.353 0.0000000000
39602  -6.389  -25.183  65.731 0.0000000000
111812  -7.311  -25.233  64.747 0.0000000000
38584  -8.816  -26.681  65.813 0.0000000000
38602  -9.005  -26.557  65.090 0.0000000000
111647  -7.684  -25.433  64.294 0.0000000000
104850  -9.279  -26.809  63.249 0.0000000000
99039  -9.409  -27.676  62.265 0.0000000000
35897  -8.984  -28.818  61.398 0.0000000000
33285  -6.270  -32.470  66.041 0.0000000000
32510  -5.341  -33.369  65.128 0.0000000000
33293  -6.171  -31.982  65.493 0.0000000000
34062  -5.956  -32.121  64.815 0.0000000000
34070  -6.444  -31.330  63.965 0.0000000000
34922  -6.634  -30.971  63.309 0.0000000000
106415  -6.047  -32.556  62.135 0.0000000000
34077  -6.825  -31.139  62.352 0.0000000000
34940  -7.359  -30.667  61.874 0.0000000000
34955  -8.464  -30.282  60.512 0.0000000000
35907  -9.080  -29.416  60.322 0.0000000000
34110  -9.061  -31.191  58.863 0.0000000000
33366  -8.607  -32.854  58.497 0.0000000000
44928  -35.844  -19.362  65.640 0.0000000000
44915  -36.050  -19.124  66.209 0.0000000000
44071  -34.938  -19.431  65.356 0.0000000000
44927  -34.533  -19.250  65.940 0.0000000000
44914  -35.073  -18.987  66.376 0.0000000000
111305  -51.521  -5.528  47.795 0.0000000000
56439  -50.133  -5.836  47.233 0.0000000000
56444  -49.535  -6.089  46.813 0.0000000000
98766  -42.110  -14.500  54.243 0.0000000000
98768  -40.152  -15.000  54.231 0.0000000000
48468  -39.588  -15.097  53.483 0.0000000000
100882  -9.633  -28.886  59.668 0.0000000000
33296  -11.252  -30.873  65.090 0.0000000000
47556  -38.161  -16.387  62.042 0.0000000000
42189  -5.481  -22.549  67.398 0.0000000000
43113  -5.589  -22.217  68.195 0.0000000000
117884  -46.770  -8.916  52.279 0.0000000000
53839  -46.760  -9.309  52.597 0.0000000000
106897  -45.529  -9.855  51.339 0.0000000000
53859  -45.733  -9.080  50.995 0.0000000000
42176  -17.944  -21.968  70.658 0.0000000000
42181  -17.447  -22.351  69.893 0.0000000000
112982  -17.606  -22.364  69.106 0.0000000000
46681  -9.321  -18.043  55.720 0.0000000000
44103  -10.541  -20.500  63.359 0.0000000000
38733  -7.551  -26.342  54.816 0.0000000000
42152  -10.816  -22.230  73.361 0.0000000000
34883  -6.767  -30.177  66.440 0.0000000000
44089  -38.301  -18.834  64.563 0.0000000000
44101  -38.001  -19.092  63.926 0.0000000000
44953  -38.557  -18.396  63.778 0.0000000000
43133  -31.295  -19.566  63.797 0.0000000000
43124  -31.179  -19.410  64.644 0.0000000000
43132  -30.807  -19.476  63.845 0.0000000000
58182  -53.907  -4.057  45.428 0.0000000000
59088  -52.307  -3.864  44.326 0.0000000000
50498  -44.843  -12.868  52.516 0.0000000000
48503  -43.385  -13.615  51.577 0.0000000000
48502  -42.734  -13.998  51.198 0.0000000000
50508  -44.330  -12.759  51.833 0.0000000000
49462  -8.397  -14.530  59.573 0.0000000000
37719  -8.628  -27.473  57.195 0.0000000000
37718  -7.970  -27.223  56.791 0.0000000000
38532  -12.106  -25.817  69.753 0.0000000000
108481  -12.375  -26.295  69.697 0.0000000000
101270  -12.483  -26.900  69.564 0.0000000000
99133  -9.795  -31.493  68.115 0.0000000000
97907  -40.066  -15.309  57.298 0.0000000000
111062  -40.773  -15.400  57.067 0.0000000000
43236  -37.593  -20.508  59.767 0.0000000000
97909  -38.590  -14.934  57.341 0.0000000000
97903  -39.497  -15.102  56.552 0.0000000000
48332  -25.467  -15.113  67.400 0.0000000000
47509  -29.580  -16.041  65.885 0.0000000000
47508  -29.085  -15.937  65.117 0.0000000000
117929  -25.439  -17.123  61.749 0.0000000000
46649  -25.694  -16.747  62.297 0.0000000000
46648  -24.773  -16.821  62.085 0.0000000000
100672  -24.348  -16.950  61.440 0.0000000000
46666  -23.349  -17.203  60.457 0.0000000000
44059  -7.841  -21.101  66.991 0.0000000000
43121  -8.104  -21.475  66.155 0.0000000000
44075  -8.775  -21.202  65.868 0.0000000000
39612  -6.377  -24.563  64.584 0.0000000000
40555  -6.420  -24.385  64.058 0.0000000000
102777  -7.347  -24.918  63.887 0.0000000000
57252  -48.687  -5.226  50.830 0.0000000000
56419  -47.165  -5.954  50.633 0.0000000000
56426  -46.774  -6.414  48.797 0.0000000000
56423  -47.337  -5.933  49.442 0.0000000000
56424  -48.227  -5.701  48.976 0.0000000000
38558  -13.227  -26.255  66.685 0.0000000000
117438  -13.273  -26.622  66.314 0.0000000000
43214  -18.104  -21.017  60.501 0.0000000000
42245  -17.525  -21.484  61.228 0.0000000000
115017  -16.598  -22.621  63.071 0.0000000000
41365  -16.467  -22.593  63.881 0.0000000000
41364  -15.772  -23.363  63.957 0.0000000000
40565  -15.502  -24.322  63.184 0.0000000000
103869  -9.354  -15.990  62.855 0.0000000000
44969  -11.131  -19.551  60.484 0.0000000000
45772  -11.720  -18.672  60.323 0.0000000000
44979  -11.115  -19.101  59.575 0.0000000000
43227  -6.726  -21.664  59.283 0.0000000000
42295  -9.294  -22.461  57.678 0.0000000000
42296  -10.115  -22.432  57.367 0.0000000000
42156  -7.889  -22.321  72.362 0.0000000000
43082  -7.295  -21.925  72.138 0.0000000000
37557  -9.559  -27.041  71.247 0.0000000000
38529  -9.547  -26.364  70.862 0.0000000000
39570  -8.139  -25.812  68.718 0.0000000000
102986  -7.485  -25.488  68.136 0.0000000000
35852  -8.058  -29.170  63.891 0.0000000000
35869  -8.354  -28.948  63.227 0.0000000000
111666  -7.736  -29.698  63.201 0.0000000000
99715  -4.352  -36.281  63.412 0.0000000000
30979  -4.228  -35.451  63.743 0.0000000000
31765  -4.394  -34.971  63.067 0.0000000000
104169  -35.032  -20.192  63.286 0.0000000000
43161  -35.671  -20.590  63.002 0.0000000000
43145  -35.742  -19.900  63.498 0.0000000000
44072  -36.896  -19.171  65.479 0.0000000000
43134  -36.728  -19.461  64.323 0.0000000000
44087  -37.142  -19.214  64.951 0.0000000000
44088  -37.795  -19.070  64.788 0.0000000000
43160  -34.589  -20.609  62.984 0.0000000000
44069  -33.281  -19.520  65.725 0.0000000000
44058  -32.711  -19.427  66.553 0.0000000000
105231  -32.290  -19.597  65.249 0.0000000000
57288  -53.178  -5.212  47.006 0.0000000000
55575  -47.086  -7.051  45.998 0.0000000000
55582  -46.728  -6.983  45.502 0.0000000000
55576  -47.805  -6.676  46.291 0.0000000000
56453  -47.962  -6.114  45.096 0.0000000000
57303  -48.503  -5.439  44.534 0.0000000000
57311  -48.964  -4.775  43.720 0.0000000000
98148  -50.885  -5.539  46.534 0.0000000000
57298  -51.590  -5.185  45.953 0.0000000000
48459  -44.613  -14.652  55.099 0.0000000000
98770  -38.229  -15.296  54.017 0.0000000000
48466  -37.969  -15.261  53.515 0.0000000000
48483  -39.501  -15.018  52.866 0.0000000000
48482  -38.390  -15.157  52.852 0.0000000000
103942  -39.100  -15.001  52.425 0.0000000000
48497  -38.963  -14.830  51.598 0.0000000000
48515  -39.603  -14.655  51.174 0.0000000000
48498  -39.565  -14.814  51.882 0.0000000000
111755  -41.724  -14.455  52.560 0.0000000000
48485  -41.484  -14.511  51.978 0.0000000000
48486  -42.236  -14.400  51.937 0.0000000000
105511  -42.655  -14.238  51.589 0.0000000000
113171  -7.298  -25.659  60.806 0.0000000000
109751  -6.793  -25.373  60.759 0.0000000000
100338  -7.963  -25.994  60.367 0.0000000000
37685  -9.152  -27.115  59.055 0.0000000000
37704  -8.784  -27.172  58.205 0.0000000000
36797  -9.951  -28.406  58.266 0.0000000000
36807  -9.832  -28.556  57.313 0.0000000000
34984  -9.797  -30.820  58.025 0.0000000000
34132  -9.688  -31.665  57.334 0.0000000000
33367  -9.256  -32.341  57.877 0.0000000000
34874  -13.106  -28.274  67.692 0.0000000000
101402  -13.052  -28.533  67.857 0.0000000000
34040  -12.890  -29.507  66.996 0.0000000000
45778  -37.409  -18.810  61.495 0.0000000000
45786  -37.211  -19.365  60.095 0.0000000000
45777  -37.182  -18.787  60.983 0.0000000000
47561  -36.606  -16.516  60.995 0.0000000000
46668  -36.303  -17.395  60.624 0.0000000000
47560  -36.054  -16.474  60.199 0.0000000000
115830  -35.872  -15.979  59.579 0.0000000000
48412  -36.524  -15.676  59.729 0.0000000000
97833  -39.282  -15.453  60.348 0.0000000000
48414  -38.379  -15.383  59.799 0.0000000000
49336  -26.592  -14.244  68.892 0.0000000000
45749  -28.699  -18.247  63.581 0.0000000000
45755  -28.474  -17.605  63.538 0.0000000000
106446  -28.111  -18.172  62.928 0.0000000000
60124  -49.996  -1.859  40.723 0.0000000000
61114  -50.851  -1.701  41.110 0.0000000000
61128  -51.527  -1.439  40.671 0.0000000000
61135  -51.663  -1.391  39.771 0.0000000000
61143  -51.967  -1.689  38.858 0.0000000000
61136  -52.554  -1.382  39.465 0.0000000000
43119  -6.607  -22.245  66.481 0.0000000000
42195  -5.242  -23.018  66.904 0.0000000000
42201  -5.599  -23.101  65.997 0.0000000000
40544  -5.446  -23.941  65.641 0.0000000000
56401  -47.840  -6.157  52.104 0.0000000000
55521  -47.328  -7.060  52.370 0.0000000000
51387  -42.379  -11.855  49.645 0.0000000000
53002  -43.163  -10.253  49.810 0.0000000000
52201  -42.366  -11.012  49.425 0.0000000000
53007  -42.602  -10.013  49.005 0.0000000000
53866  -43.290  -9.491  49.239 0.0000000000
53871  -43.873  -8.922  48.531 0.0000000000
54716  -45.925  -8.084  50.832 0.0000000000
54715  -45.156  -8.198  50.074 0.0000000000
103531  -46.508  -7.690  51.438 0.0000000000
55542  -46.111  -7.150  50.526 0.0000000000
98275  -14.710  -22.878  68.168 0.0000000000
41346  -14.877  -22.813  67.380 0.0000000000
39637  -16.551  -25.249  61.347 0.0000000000
37659  -16.239  -26.458  60.996 0.0000000000
46622  -10.377  -17.796  63.797 0.0000000000
44960  -11.316  -19.469  61.412 0.0000000000
40627  -6.054  -24.705  56.361 0.0000000000
101874  -6.641  -24.376  56.476 0.0000000000
39723  -8.469  -25.312  55.005 0.0000000000
43070  -8.791  -22.004  73.080 0.0000000000
101392  -8.420  -22.410  72.589 0.0000000000
35798  -8.529  -29.285  69.677 0.0000000000
99835  -8.225  -29.052  69.085 0.0000000000
36722  -8.061  -28.353  67.739 0.0000000000
37597  -8.402  -27.739  66.880 0.0000000000
100696  -7.846  -28.663  66.953 0.0000000000
34888  -6.748  -30.196  65.633 0.0000000000
99706  -7.098  -29.844  65.198 0.0000000000
42264  -37.473  -21.012  60.065 0.0000000000
42252  -37.135  -20.744  60.839 0.0000000000
42223  -36.947  -21.141  62.818 0.0000000000
43182  -37.250  -20.695  62.718 0.0000000000
43184  -37.428  -19.831  62.107 0.0000000000
106291  -37.346  -20.060  61.671 0.0000000000
106232  -37.402  -19.591  62.161 0.0000000000
44965  -37.405  -19.239  61.704 0.0000000000
44959  -37.544  -18.991  62.685 0.0000000000
45766  -37.944  -18.415  62.896 0.0000000000
43177  -32.311  -20.688  62.139 0.0000000000
112896  -30.456  -16.133  67.325 0.0000000000
110789  -31.578  -18.766  67.367 0.0000000000
44896  -31.258  -18.371  66.897 0.0000000000
44054  -30.646  -18.765  65.237 0.0000000000
44910  -30.928  -18.256  65.763 0.0000000000
45712  -30.857  -17.943  65.215 0.0000000000
45731  -30.550  -17.375  65.653 0.0000000000
44936  -29.731  -18.429  64.335 0.0000000000
44114  -28.326  -20.083  62.100 0.0000000000
58192  -48.541  -4.316  42.698 0.0000000000
59101  -50.852  -3.719  43.443 0.0000000000
59117  -49.749  -3.052  42.324 0.0000000000
59114  -51.175  -3.198  43.103 0.0000000000
60088  -51.953  -2.921  43.315 0.0000000000
60089  -52.947  -2.752  43.549 0.0000000000
52177  -45.438  -11.138  52.430 0.0000000000
52178  -45.885  -11.337  52.987 0.0000000000
51336  -46.647  -11.485  54.065 0.0000000000
111203  -45.566  -13.522  54.015 0.0000000000
49515  -45.725  -12.983  53.726 0.0000000000
48516  -40.396  -14.592  50.688 0.0000000000
48533  -41.144  -14.517  50.287 0.0000000000
48534  -42.145  -14.065  50.299 0.0000000000
48549  -41.765  -13.710  49.578 0.0000000000
49543  -42.423  -13.181  50.047 0.0000000000
50514  -44.335  -12.326  51.577 0.0000000000
50522  -43.645  -12.408  50.971 0.0000000000
51373  -44.562  -11.867  51.591 0.0000000000
52191  -44.949  -11.406  51.942 0.0000000000
45760  -20.237  -18.251  62.507 0.0000000000
98348  -18.665  -20.226  60.028 0.0000000000
116718  -10.182  -14.506  57.833 0.0000000000
49478  -11.192  -14.832  58.034 0.0000000000
47566  -11.266  -16.133  57.096 0.0000000000
111921  -11.459  -16.417  57.785 0.0000000000
97730  -7.908  -22.173  62.483 0.0000000000
42244  -6.961  -22.514  62.062 0.0000000000
107860  -5.551  -22.539  60.133 0.0000000000
43210  -5.844  -21.915  59.820 0.0000000000
39680  -6.364  -25.581  58.302 0.0000000000
39679  -5.649  -25.241  58.002 0.0000000000
40611  -5.588  -24.726  57.507 0.0000000000
38704  -6.148  -25.806  56.977 0.0000000000
37733  -7.677  -27.206  55.989 0.0000000000
37732  -7.299  -26.457  56.077 0.0000000000
102493  -9.605  -30.229  56.325 0.0000000000
35941  -9.116  -29.459  56.107 0.0000000000
37558  -11.751  -26.516  71.352 0.0000000000
38530  -11.640  -25.860  71.315 0.0000000000
37556  -10.832  -26.319  72.245 0.0000000000
38528  -9.904  -26.621  72.221 0.0000000000
36693  -10.838  -28.110  72.265 0.0000000000
35792  -12.470  -28.682  69.735 0.0000000000
34860  -12.151  -29.428  69.586 0.0000000000
34859  -11.017  -29.742  69.992 0.0000000000
34858  -9.905  -29.848  70.150 0.0000000000
112993  -9.499  -29.330  70.529 0.0000000000
34857  -9.052  -29.706  70.015 0.0000000000
33271  -7.612  -32.170  68.085 0.0000000000
33270  -6.974  -32.049  67.941 0.0000000000
97895  -41.402  -15.053  55.723 0.0000000000
45798  -36.506  -19.038  59.502 0.0000000000
45004  -36.531  -19.430  59.365 0.0000000000
45808  -35.857  -19.332  58.899 0.0000000000
111042  -37.975  -14.807  56.137 0.0000000000
97904  -36.890  -14.964  55.961 0.0000000000
97897  -39.730  -15.084  55.790 0.0000000000
48455  -39.925  -15.112  54.996 0.0000000000
47495  -24.172  -16.112  66.652 0.0000000000
47505  -23.544  -16.522  66.263 0.0000000000
47519  -23.598  -16.625  65.289 0.0000000000
48354  -28.523  -15.292  66.508 0.0000000000
47538  -28.160  -16.582  63.985 0.0000000000
109434  -28.074  -16.139  64.413 0.0000000000
47523  -27.435  -16.247  64.073 0.0000000000
48375  -27.006  -15.885  64.720 0.0000000000
114495  -26.353  -16.007  64.711 0.0000000000
48366  -26.538  -15.744  65.342 0.0000000000
48365  -25.827  -16.010  65.144 0.0000000000
47521  -25.121  -16.197  64.884 0.0000000000
46637  -24.108  -16.635  62.939 0.0000000000
46636  -23.264  -16.820  63.631 0.0000000000
46635  -22.549  -17.128  63.088 0.0000000000
45762  -21.740  -17.363  62.736 0.0000000000
46664  -21.891  -17.559  59.942 0.0000000000
46656  -21.740  -17.472  60.865 0.0000000000
60135  -53.514  -2.826  38.127 0.0000000000
59136  -53.913  -3.558  37.770 0.0000000000
61145  -54.044  -2.109  38.429 0.0000000000
58226  -54.919  -4.058  37.006 0.0000000000
59143  -55.046  -3.380  37.209 0.0000000000
46608  -9.319  -17.681  64.991 0.0000000000
44940  -10.331  -19.344  64.536 0.0000000000
45723  -8.940  -18.787  66.188 0.0000000000
43136  -8.351  -21.942  64.268 0.0000000000
42210  -6.958  -22.517  64.301 0.0000000000
42219  -6.946  -22.530  63.679 0.0000000000
115248  -5.595  -22.931  65.170 0.0000000000
42203  -6.255  -22.555  64.833 0.0000000000
112663  -5.676  -22.725  64.586 0.0000000000
40564  -6.422  -24.386  63.574 0.0000000000
40571  -5.877  -24.194  63.448 0.0000000000
39644  -6.788  -24.716  62.261 0.0000000000
38633  -8.345  -26.091  62.572 0.0000000000
38647  -7.730  -25.704  62.186 0.0000000000
38649  -9.401  -26.719  61.687 0.0000000000
110172  -50.567  -5.337  48.820 0.0000000000
57260  -49.837  -5.238  49.302 0.0000000000
48446  -43.267  -15.184  55.967 0.0000000000
54724  -44.508  -8.575  47.850 0.0000000000
53875  -44.668  -8.676  47.263 0.0000000000
106925  -45.312  -8.416  47.157 0.0000000000
54729  -46.063  -7.885  46.898 0.0000000000
54739  -45.755  -8.130  46.731 0.0000000000
55568  -46.237  -7.720  46.554 0.0000000000
116100  -46.611  -7.412  46.780 0.0000000000
56429  -49.346  -5.964  47.835 0.0000000000
40520  -12.761  -23.906  71.149 0.0000000000
39562  -12.063  -24.767  69.532 0.0000000000
102466  -12.327  -24.566  69.363 0.0000000000
41334  -14.375  -22.984  70.307 0.0000000000
41338  -13.590  -23.490  69.256 0.0000000000
38546  -12.832  -25.588  68.276 0.0000000000
38537  -12.567  -25.774  68.811 0.0000000000
36705  -13.445  -27.538  68.767 0.0000000000
36706  -13.258  -26.962  67.849 0.0000000000
36723  -13.283  -27.868  66.653 0.0000000000
35812  -13.390  -28.156  66.777 0.0000000000
101054  -13.300  -28.980  66.201 0.0000000000
34059  -12.874  -29.475  65.283 0.0000000000
113984  -18.695  -19.427  64.346 0.0000000000
109447  -19.332  -18.986  64.911 0.0000000000
43139  -18.861  -19.709  65.249 0.0000000000
41385  -17.072  -22.481  61.579 0.0000000000
42212  -17.641  -21.425  64.553 0.0000000000
43122  -18.911  -20.918  66.830 0.0000000000
42200  -18.417  -21.283  66.310 0.0000000000
42205  -17.084  -21.875  65.803 0.0000000000
42192  -17.444  -22.206  67.790 0.0000000000
41354  -14.809  -23.311  65.157 0.0000000000
41349  -14.181  -23.627  65.872 0.0000000000
40546  -14.100  -24.384  65.136 0.0000000000
36766  -15.445  -26.977  62.751 0.0000000000
37618  -14.975  -26.809  63.351 0.0000000000
34901  -14.379  -28.475  63.690 0.0000000000
35839  -14.613  -27.752  64.029 0.0000000000
37609  -14.286  -27.165  64.594 0.0000000000
38585  -13.808  -26.301  65.144 0.0000000000
36748  -14.160  -27.570  64.964 0.0000000000
36736  -13.747  -27.627  65.581 0.0000000000
34892  -14.083  -28.270  64.809 0.0000000000
48392  -8.336  -15.187  61.859 0.0000000000
48400  -8.583  -15.101  61.087 0.0000000000
47558  -11.344  -16.330  60.802 0.0000000000
48402  -11.371  -15.797  59.953 0.0000000000
47562  -11.642  -16.225  59.436 0.0000000000
45780  -11.169  -18.681  58.783 0.0000000000
45792  -11.300  -18.320  58.000 0.0000000000
112096  -11.194  -17.867  57.410 0.0000000000
117475  -8.081  -22.009  61.737 0.0000000000
43192  -8.497  -21.610  61.067 0.0000000000
44132  -9.567  -20.557  60.417 0.0000000000
44141  -8.655  -21.198  59.446 0.0000000000
42293  -6.905  -22.859  58.246 0.0000000000
44152  -9.190  -20.665  58.758 0.0000000000
44160  -9.433  -20.633  57.779 0.0000000000
104319  -9.847  -20.081  57.342 0.0000000000
44173  -9.817  -19.519  56.623 0.0000000000
44174  -9.898  -20.130  57.090 0.0000000000
41325  -10.424  -23.869  71.370 0.0000000000
41324  -9.533  -23.717  70.860 0.0000000000
40516  -9.140  -23.912  70.324 0.0000000000
41323  -8.306  -23.085  71.141 0.0000000000
40521  -8.411  -23.571  70.584 0.0000000000
38534  -9.244  -26.300  70.273 0.0000000000
38533  -8.891  -25.955  69.828 0.0000000000
39558  -7.747  -24.472  70.147 0.0000000000
100933  -7.799  -23.683  70.662 0.0000000000
40525  -6.068  -24.254  68.843 0.0000000000
113422  -6.249  -23.620  69.901 0.0000000000
41341  -5.272  -23.316  68.390 0.0000000000
40524  -5.393  -24.029  68.035 0.0000000000
39590  -6.750  -25.552  66.489 0.0000000000
39589  -6.081  -25.031  66.648 0.0000000000
39603  -6.997  -25.447  65.637 0.0000000000
112529  -8.586  -26.695  66.418 0.0000000000
37598  -8.818  -27.102  66.285 0.0000000000
37616  -9.389  -27.003  64.717 0.0000000000
38601  -8.238  -25.897  64.738 0.0000000000
38619  -9.013  -26.473  64.152 0.0000000000
35885  -8.930  -28.591  62.055 0.0000000000
36775  -9.395  -28.087  61.489 0.0000000000
115373  -5.915  -33.095  65.656 0.0000000000
32525  -4.620  -33.716  64.488 0.0000000000
31739  -4.428  -34.432  64.610 0.0000000000
32494  -5.815  -32.637  65.252 0.0000000000
33301  -5.391  -33.030  64.636 0.0000000000
33313  -5.799  -32.451  63.524 0.0000000000
34069  -6.133  -31.958  64.109 0.0000000000
34076  -6.278  -31.695  63.404 0.0000000000
33326  -6.131  -32.159  62.769 0.0000000000
34083  -6.538  -31.914  62.004 0.0000000000
34084  -6.968  -31.334  61.459 0.0000000000
34954  -7.541  -30.835  60.996 0.0000000000
34096  -7.899  -31.170  60.252 0.0000000000
34970  -8.739  -30.762  59.664 0.0000000000
44930  -37.283  -18.885  65.836 0.0000000000
44916  -36.967  -18.864  66.199 0.0000000000
45716  -36.553  -18.643  66.695 0.0000000000
44098  -35.977  -19.523  64.241 0.0000000000
44085  -35.634  -19.482  64.977 0.0000000000
44937  -36.298  -19.351  65.450 0.0000000000
44083  -33.683  -19.605  65.141 0.0000000000
106528  -33.733  -19.753  64.616 0.0000000000
44084  -34.244  -19.604  64.920 0.0000000000
103986  -33.076  -19.139  67.083 0.0000000000
45714  -34.656  -18.621  67.200 0.0000000000
57277  -52.191  -5.454  47.427 0.0000000000
56443  -48.741  -6.428  46.963 0.0000000000
117425  -48.320  -6.554  46.656 0.0000000000
97953  -48.713  -6.381  46.356 0.0000000000
56447  -49.394  -6.065  46.190 0.0000000000
57296  -49.719  -5.596  45.640 0.0000000000
56448  -50.052  -5.777  46.387 0.0000000000
48471  -42.477  -14.419  53.128 0.0000000000
48472  -43.447  -14.408  53.426 0.0000000000
115933  -43.948  -14.738  54.809 0.0000000000
103943  -40.114  -14.843  52.833 0.0000000000
38663  -8.844  -26.383  60.971 0.0000000000
37686  -9.489  -27.485  59.622 0.0000000000
35916  -10.029  -29.007  58.736 0.0000000000
34971  -9.539  -30.358  58.985 0.0000000000
105589  -12.625  -29.745  66.313 0.0000000000
100776  -12.225  -30.055  66.649 0.0000000000
34051  -11.643  -30.721  65.400 0.0000000000
33289  -11.130  -30.994  65.589 0.0000000000
46662  -37.875  -17.443  62.396 0.0000000000
46661  -37.505  -17.247  61.916 0.0000000000
47555  -37.357  -16.490  61.539 0.0000000000
48404  -37.483  -15.717  60.751 0.0000000000
49324  -28.059  -13.610  69.499 0.0000000000
44958  -27.456  -19.130  61.739 0.0000000000
61097  -52.035  -1.797  42.009 0.0000000000
116942  -51.531  -1.632  41.371 0.0000000000
61117  -52.811  -1.315  41.668 0.0000000000
62025  -54.137  -0.443  41.933 0.0000000000
54698  -46.886  -8.037  52.273 0.0000000000
54686  -47.567  -8.105  53.301 0.0000000000
52189  -43.718  -11.379  50.585 0.0000000000
52994  -44.072  -10.694  50.724 0.0000000000
53857  -44.299  -9.855  50.537 0.0000000000
110025  -44.497  -9.103  50.108 0.0000000000
42180  -16.708  -22.493  70.190 0.0000000000
46603  -22.773  -16.858  66.928 0.0000000000
47572  -10.441  -16.498  55.705 0.0000000000
115613  -9.997  -16.942  55.392 0.0000000000
44947  -11.092  -18.912  63.059 0.0000000000
39722  -7.688  -25.558  55.284 0.0000000000
42151  -9.870  -21.983  73.146 0.0000000000
35810  -7.406  -29.786  68.049 0.0000000000
35821  -7.312  -29.529  66.955 0.0000000000
34887  -6.621  -30.740  65.165 0.0000000000
43148  -37.472  -19.699  63.337 0.0000000000
43164  -37.340  -20.278  62.870 0.0000000000
44109  -37.586  -19.399  63.246 0.0000000000
44110  -37.698  -19.074  63.348 0.0000000000
44952  -37.921  -18.794  63.377 0.0000000000
44056  -31.162  -19.285  66.374 0.0000000000
44911  -30.843  -18.867  66.496 0.0000000000
44066  -31.170  -19.370  65.619 0.0000000000
44065  -30.788  -19.187  65.073 0.0000000000
44064  -30.370  -19.020  64.599 0.0000000000
44079  -29.623  -19.102  63.849 0.0000000000
105195  -30.268  -19.620  63.583 0.0000000000
59089  -54.204  -3.470  45.165 0.0000000000
58179  -50.730  -4.443  44.297 0.0000000000
58187  -50.336  -4.159  43.590 0.0000000000
58188  -51.062  -4.012  43.879 0.0000000000
108513  -51.561  -3.426  43.541 0.0000000000
51363  -44.855  -12.065  52.041 0.0000000000
51349  -45.659  -12.074  53.001 0.0000000000
111442  -46.465  -12.087  54.222 0.0000000000
47593  -41.749  -14.487  50.666 0.0000000000
47585  -42.102  -14.474  50.882 0.0000000000
48518  -42.304  -14.233  50.835 0.0000000000
48535  -42.558  -13.776  50.630 0.0000000000
49535  -42.931  -13.308  50.703 0.0000000000
49536  -43.412  -12.951  51.045 0.0000000000
44980  -19.360  -19.007  59.520 0.0000000000
49476  -9.699  -14.397  58.061 0.0000000000
114104  -9.844  -14.549  58.726 0.0000000000
49465  -11.048  -14.866  58.653 0.0000000000
48419  -11.341  -15.335  58.609 0.0000000000
42229  -6.409  -22.635  62.879 0.0000000000
42243  -6.238  -22.727  61.756 0.0000000000
97483  -7.390  -26.269  57.583 0.0000000000
38705  -6.755  -25.799  57.611 0.0000000000
107789  -6.855  -26.085  57.044 0.0000000000
35952  -8.508  -29.639  55.440 0.0000000000
105086  -11.947  -25.422  70.047 0.0000000000
39556  -11.843  -24.852  70.345 0.0000000000
38531  -11.972  -25.940  70.351 0.0000000000
100448  -11.809  -27.675  71.391 0.0000000000
101429  -10.553  -31.229  67.990 0.0000000000
34031  -11.129  -30.670  68.580 0.0000000000
34030  -9.886  -31.105  68.911 0.0000000000
34029  -8.707  -31.108  69.227 0.0000000000
33272  -8.496  -32.191  67.853 0.0000000000
97901  -41.182  -15.262  56.488 0.0000000000
45797  -36.048  -18.801  59.124 0.0000000000
97913  -38.229  -15.116  58.115 0.0000000000
116849  -38.169  -14.819  56.870 0.0000000000
97898  -38.546  -14.923  55.376 0.0000000000
48331  -24.670  -15.533  67.158 0.0000000000
47496  -24.967  -15.868  66.273 0.0000000000
48355  -29.298  -15.597  66.709 0.0000000000
48368  -28.287  -15.561  65.524 0.0000000000
47536  -26.884  -16.448  63.279 0.0000000000
47546  -26.426  -16.639  62.647 0.0000000000
47535  -25.891  -16.226  63.303 0.0000000000
47534  -25.031  -16.217  63.954 0.0000000000
46647  -23.590  -16.941  62.387 0.0000000000
46665  -22.493  -17.375  60.457 0.0000000000
60133  -50.819  -2.817  38.171 0.0000000000
44919  -8.924  -19.565  66.534 0.0000000000
117259  -8.158  -21.929  64.761 0.0000000000
42209  -6.079  -22.422  64.171 0.0000000000
41353  -5.492  -23.791  64.883 0.0000000000
41362  -5.479  -23.681  64.326 0.0000000000
39625  -7.154  -24.622  63.310 0.0000000000
113805  -49.383  -5.016  50.224 0.0000000000
57253  -49.705  -4.879  51.115 0.0000000000
55544  -45.329  -7.540  48.812 0.0000000000
55548  -46.342  -6.969  48.048 0.0000000000
55549  -47.206  -6.770  47.516 0.0000000000
56427  -47.625  -6.304  48.261 0.0000000000
41342  -14.133  -23.179  68.600 0.0000000000
40530  -13.452  -23.952  68.263 0.0000000000
40528  -13.212  -24.901  68.068 0.0000000000
38547  -12.917  -26.328  67.597 0.0000000000
37576  -12.884  -26.814  67.687 0.0000000000
38548  -13.128  -26.769  66.955 0.0000000000
37590  -13.214  -27.425  66.733 0.0000000000
35813  -13.418  -28.132  66.350 0.0000000000
44112  -18.758  -19.986  61.623 0.0000000000
44113  -18.800  -19.421  62.567 0.0000000000
43171  -18.487  -20.146  62.272 0.0000000000
107990  -18.242  -20.293  62.988 0.0000000000
40573  -17.149  -24.015  61.876 0.0000000000
42231  -16.919  -22.169  62.683 0.0000000000
102681  -16.971  -21.937  63.696 0.0000000000
42206  -17.820  -21.553  65.604 0.0000000000
41355  -16.330  -22.312  65.444 0.0000000000
42204  -16.599  -22.169  66.275 0.0000000000
41363  -15.145  -23.586  64.396 0.0000000000
35872  -15.181  -27.983  62.707 0.0000000000
34911  -14.113  -28.834  63.173 0.0000000000
34910  -13.563  -29.262  63.614 0.0000000000
47543  -9.820  -15.965  62.147 0.0000000000
45767  -11.591  -18.614  61.729 0.0000000000
106649  -11.867  -18.078  61.096 0.0000000000
117965  -11.774  -17.483  59.605 0.0000000000
107365  -11.657  -18.282  59.564 0.0000000000
43211  -6.342  -21.769  59.967 0.0000000000
43212  -7.291  -21.801  60.115 0.0000000000
106616  -7.654  -22.586  58.161 0.0000000000
111315  -8.066  -22.841  57.801 0.0000000000
43255  -8.921  -21.151  58.286 0.0000000000
43256  -9.016  -21.566  57.987 0.0000000000
39554  -10.292  -25.152  70.946 0.0000000000
39553  -9.725  -25.635  70.793 0.0000000000
104525  -9.475  -24.787  70.012 0.0000000000
38536  -8.678  -26.428  69.222 0.0000000000
40529  -5.985  -24.663  67.713 0.0000000000
36734  -8.328  -28.414  65.622 0.0000000000
36756  -9.210  -27.614  64.241 0.0000000000
36764  -9.356  -27.421  63.239 0.0000000000
35884  -8.355  -29.177  62.567 0.0000000000
32524  -4.218  -34.105  64.077 0.0000000000
32538  -4.521  -33.703  63.944 0.0000000000
102366  -4.951  -33.654  63.426 0.0000000000
34094  -6.717  -32.038  61.153 0.0000000000
43181  -35.453  -20.921  62.423 0.0000000000
42235  -35.760  -21.175  61.855 0.0000000000
43162  -36.568  -20.477  63.155 0.0000000000
43147  -36.982  -19.805  63.537 0.0000000000
44095  -31.903  -19.714  63.712 0.0000000000
118195  -32.563  -20.009  63.501 0.0000000000
43143  -33.473  -20.336  63.495 0.0000000000
105759  -33.818  -20.034  64.093 0.0000000000
43159  -34.026  -20.609  63.077 0.0000000000
43180  -34.847  -20.809  62.296 0.0000000000
44897  -32.074  -19.196  67.347 0.0000000000
44057  -31.848  -19.449  66.641 0.0000000000
44067  -31.749  -19.553  65.939 0.0000000000
44080  -31.856  -19.578  64.545 0.0000000000
58166  -53.366  -4.511  45.675 0.0000000000
58150  -53.815  -4.621  46.438 0.0000000000
56446  -47.455  -6.624  45.592 0.0000000000
56452  -47.069  -6.331  44.810 0.0000000000
56459  -46.358  -6.171  44.184 0.0000000000
56460  -47.098  -5.681  44.107 0.0000000000
57317  -48.483  -4.628  43.172 0.0000000000
58178  -49.824  -4.581  44.065 0.0000000000
57305  -50.214  -4.955  44.962 0.0000000000
58165  -52.222  -4.675  45.357 0.0000000000
49518  -44.579  -13.521  52.795 0.0000000000
49513  -45.017  -13.811  53.678 0.0000000000
49514  -45.356  -14.054  54.498 0.0000000000
48474  -44.762  -14.328  54.318 0.0000000000
112967  -37.777  -15.124  52.223 0.0000000000
48514  -37.820  -15.058  50.471 0.0000000000
117995  -38.931  -14.697  50.907 0.0000000000
48484  -40.688  -14.614  52.131 0.0000000000
114246  -41.862  -14.604  51.058 0.0000000000
48487  -43.096  -14.040  51.695 0.0000000000
49449  -7.964  -14.722  60.464 0.0000000000
39643  -6.343  -24.535  61.715 0.0000000000
39655  -6.021  -24.559  60.750 0.0000000000
115343  -7.724  -26.082  59.270 0.0000000000
36817  -9.382  -28.790  56.594 0.0000000000
102640  -10.060  -30.080  57.433 0.0000000000
34145  -9.673  -31.702  56.386 0.0000000000
36698  -12.689  -27.178  68.724 0.0000000000
36697  -12.554  -27.330  69.124 0.0000000000
35794  -12.770  -27.515  68.260 0.0000000000
116809  -12.871  -29.027  67.978 0.0000000000
34032  -12.291  -29.920  68.082 0.0000000000
97984  -11.568  -30.634  66.759 0.0000000000
34038  -11.458  -30.696  67.605 0.0000000000
34045  -10.723  -31.295  66.981 0.0000000000
97911  -40.278  -15.310  58.155 0.0000000000
97915  -40.352  -15.277  59.070 0.0000000000
44973  -37.474  -19.589  60.295 0.0000000000
98977  -37.444  -19.818  59.772 0.0000000000
45785  -36.223  -18.408  59.581 0.0000000000
46676  -35.758  -17.842  59.216 0.0000000000
47565  -35.332  -16.997  58.603 0.0000000000
47563  -35.659  -16.009  58.932 0.0000000000
48420  -36.394  -15.545  59.040 0.0000000000
48413  -37.337  -15.504  59.792 0.0000000000
97917  -37.826  -15.287  58.999 0.0000000000
46616  -29.428  -17.076  64.596 0.0000000000
113886  -29.189  -16.556  64.670 0.0000000000
46630  -28.808  -16.975  64.111 0.0000000000
46639  -28.244  -17.053  63.557 0.0000000000
46638  -27.911  -17.423  62.979 0.0000000000
45763  -27.087  -18.580  61.758 0.0000000000
46651  -27.179  -17.055  62.513 0.0000000000
46660  -25.993  -17.483  61.583 0.0000000000
46659  -25.203  -17.350  61.185 0.0000000000
115226  -50.623  -2.063  38.670 0.0000000000
102503  -51.450  -2.275  38.441 0.0000000000
59134  -51.891  -3.321  37.945 0.0000000000
61144  -52.990  -1.926  38.637 0.0000000000
62050  -53.096  -0.951  39.988 0.0000000000
114310  -5.874  -24.342  65.014 0.0000000000
57242  -47.828  -5.631  51.219 0.0000000000
51386  -41.628  -11.208  48.796 0.0000000000
53870  -43.328  -9.262  48.019 0.0000000000
54722  -44.787  -8.179  49.130 0.0000000000
53868  -44.724  -8.597  49.751 0.0000000000
56422  -46.580  -6.390  49.990 0.0000000000
42173  -15.807  -22.555  71.476 0.0000000000
41340  -15.205  -22.776  69.934 0.0000000000
41345  -13.996  -23.473  67.561 0.0000000000
40537  -13.758  -24.280  66.544 0.0000000000
40585  -17.563  -23.601  59.753 0.0000000000
40580  -17.397  -23.702  60.729 0.0000000000
40579  -17.346  -23.676  61.399 0.0000000000
39636  -16.406  -24.886  61.863 0.0000000000
40566  -16.160  -24.360  62.497 0.0000000000
39626  -15.338  -25.041  62.820 0.0000000000
39627  -15.540  -25.273  62.438 0.0000000000
36771  -15.875  -27.248  61.861 0.0000000000
47528  -9.206  -16.315  63.479 0.0000000000
46644  -10.768  -17.445  62.661 0.0000000000
45759  -11.302  -18.322  62.508 0.0000000000
41430  -6.001  -23.609  57.632 0.0000000000
41431  -6.663  -23.497  57.625 0.0000000000
41449  -6.970  -23.878  56.828 0.0000000000
41450  -7.981  -23.736  56.815 0.0000000000
41451  -9.080  -23.756  56.786 0.0000000000
44012  -9.118  -21.173  72.121 0.0000000000
44011  -8.203  -21.192  72.749 0.0000000000
44002  -7.950  -21.699  72.967 0.0000000000
36700  -9.236  -28.095  70.639 0.0000000000
37561  -9.437  -26.930  70.748 0.0000000000
111655  -8.774  -28.013  69.886 0.0000000000
37564  -8.745  -27.530  69.493 0.0000000000
37575  -8.592  -27.200  68.703 0.0000000000
38557  -8.397  -26.626  67.567 0.0000000000
35822  -7.687  -28.960  66.187 0.0000000000
35851  -7.611  -29.509  64.621 0.0000000000
34908  -7.107  -30.288  63.686 0.0000000000
104280  -37.630  -20.886  59.903 0.0000000000
98933  -37.780  -20.513  60.123 0.0000000000
42236  -36.597  -21.118  62.064 0.0000000000
111134  -37.159  -20.692  61.790 0.0000000000
43183  -37.283  -20.523  62.458 0.0000000000
44124  -37.341  -20.272  60.856 0.0000000000
44136  -37.597  -19.954  60.456 0.0000000000
44974  -37.329  -19.457  60.902 0.0000000000
45779  -37.349  -19.090  61.125 0.0000000000
45765  -37.651  -18.318  62.338 0.0000000000
46604  -29.968  -16.760  65.907 0.0000000000
44895  -31.190  -17.927  66.230 0.0000000000
99729  -30.952  -17.363  66.251 0.0000000000
45743  -29.888  -17.218  65.173 0.0000000000
100615  -29.599  -17.716  64.558 0.0000000000
112363  -29.229  -18.172  64.074 0.0000000000
44951  -28.329  -18.999  63.042 0.0000000000
44094  -28.990  -19.457  63.342 0.0000000000
44107  -28.331  -19.674  62.619 0.0000000000
59116  -48.049  -3.742  41.955 0.0000000000
60119  -50.264  -2.274  41.709 0.0000000000
60106  -51.605  -2.598  42.614 0.0000000000
60108  -53.362  -2.128  42.975 0.0000000000
52996  -45.372  -10.545  51.898 0.0000000000
52966  -46.516  -9.945  52.799 0.0000000000
52967  -46.774  -10.132  53.298 0.0000000000
111738  -46.369  -11.218  53.545 0.0000000000
51379  -43.111  -12.277  50.267 0.0000000000
51380  -43.585  -11.992  50.589 0.0000000000
52190  -44.448  -11.281  51.279 0.0000000000
118279  -44.875  -10.924  51.620 0.0000000000
101037  -21.026  -17.630  63.420 0.0000000000
107884  -21.261  -17.578  64.390 0.0000000000
44957  -20.260  -18.257  63.181 0.0000000000
99813  -19.139  -19.271  62.011 0.0000000000
44121  -18.912  -19.705  61.014 0.0000000000
41397  -17.949  -22.680  59.347 0.0000000000
49488  -10.544  -14.679  57.612 0.0000000000
46683  -10.915  -16.815  56.387 0.0000000000
46677  -10.648  -17.731  56.724 0.0000000000
43170  -9.375  -21.604  62.595 0.0000000000
43190  -7.035  -22.222  61.035 0.0000000000
118134  -6.655  -22.422  61.416 0.0000000000
42267  -5.577  -22.391  59.307 0.0000000000
40584  -5.544  -23.976  60.183 0.0000000000
39668  -5.674  -25.147  59.033 0.0000000000
40589  -5.427  -24.183  59.257 0.0000000000
41418  -5.433  -23.602  58.722 0.0000000000
41419  -5.735  -23.168  58.352 0.0000000000
115717  -5.698  -24.895  56.793 0.0000000000
38718  -6.746  -25.833  56.541 0.0000000000
37750  -7.394  -26.732  55.278 0.0000000000
41326  -11.268  -23.860  71.847 0.0000000000
39555  -11.220  -24.940  71.041 0.0000000000
39551  -9.967  -25.876  71.917 0.0000000000
37554  -9.725  -27.207  71.840 0.0000000000
36695  -9.598  -27.844  71.354 0.0000000000
35786  -12.501  -27.832  69.466 0.0000000000
35785  -12.208  -28.472  70.718 0.0000000000
35784  -11.312  -28.821  71.572 0.0000000000
35783  -10.242  -28.574  71.701 0.0000000000
35789  -9.029  -28.917  70.334 0.0000000000
34028  -7.874  -30.921  69.051 0.0000000000
34044  -6.872  -31.215  67.837 0.0000000000
48457  -41.729  -14.874  55.043 0.0000000000
45005  -36.959  -19.817  59.524 0.0000000000
44169  -36.336  -20.232  58.909 0.0000000000
98772  -36.735  -15.001  54.004 0.0000000000
98771  -37.582  -15.195  54.023 0.0000000000
48454  -38.705  -15.178  54.449 0.0000000000
98769  -39.366  -15.190  54.285 0.0000000000
104576  -24.179  -15.524  68.081 0.0000000000
46615  -22.690  -16.848  65.917 0.0000000000
49350  -28.333  -14.555  68.493 0.0000000000
48352  -26.159  -15.238  66.806 0.0000000000
114469  -28.396  -15.892  64.816 0.0000000000
98334  -26.782  -15.373  66.117 0.0000000000
47520  -24.359  -16.437  64.658 0.0000000000
45754  -21.759  -17.279  63.557 0.0000000000
45769  -20.917  -17.789  61.408 0.0000000000
45774  -20.956  -17.818  60.475 0.0000000000
59140  -53.076  -4.278  37.421 0.0000000000
58224  -53.400  -4.496  37.053 0.0000000000
59137  -54.426  -3.649  37.570 0.0000000000
58225  -54.182  -4.163  37.086 0.0000000000
107408  -54.654  -3.267  36.123 0.0000000000
46621  -9.910  -17.697  64.420 0.0000000000
44091  -10.446  -20.163  64.088 0.0000000000
44102  -10.129  -21.113  63.985 0.0000000000
44920  -9.414  -19.525  65.969 0.0000000000
44933  -9.900  -19.442  65.309 0.0000000000
43151  -9.123  -21.726  63.575 0.0000000000
43168  -7.671  -22.312  63.250 0.0000000000
43149  -7.568  -22.336  63.911 0.0000000000
42228  -5.807  -23.067  62.595 0.0000000000
41378  -5.732  -23.813  62.571 0.0000000000
42218  -5.476  -23.130  63.827 0.0000000000
41372  -5.641  -23.504  63.322 0.0000000000
105075  -9.568  -27.793  60.952 0.0000000000
56430  -50.031  -5.769  47.671 0.0000000000
57268  -50.854  -5.514  48.181 0.0000000000
101701  -51.306  -5.261  48.895 0.0000000000
48458  -42.764  -14.827  55.159 0.0000000000
97893  -43.752  -14.929  55.413 0.0000000000
53883  -44.213  -8.804  46.690 0.0000000000
53899  -44.849  -8.571  46.540 0.0000000000
54747  -45.235  -8.314  46.100 0.0000000000
55573  -45.804  -7.810  45.782 0.0000000000
55574  -46.443  -7.562  46.027 0.0000000000
55569  -47.001  -7.111  46.517 0.0000000000
56436  -48.054  -6.580  47.482 0.0000000000
55559  -48.226  -6.596  47.134 0.0000000000
37562  -12.508  -26.115  69.171 0.0000000000
42172  -14.888  -22.760  71.532 0.0000000000
40523  -12.803  -24.044  69.407 0.0000000000
107591  -12.283  -25.391  69.105 0.0000000000
117175  -12.563  -25.912  69.003 0.0000000000
37563  -12.723  -26.987  68.561 0.0000000000
36701  -12.900  -27.262  68.564 0.0000000000
110463  -13.133  -27.989  68.516 0.0000000000
35805  -13.152  -28.131  67.409 0.0000000000
34047  -13.265  -29.136  66.743 0.0000000000
34057  -11.831  -30.660  65.013 0.0000000000
44942  -20.691  -18.242  64.942 0.0000000000
44934  -20.696  -18.483  65.811 0.0000000000
44104  -18.960  -18.948  63.737 0.0000000000
44093  -20.183  -18.687  65.419 0.0000000000
44078  -20.261  -18.928  66.200 0.0000000000
44062  -19.965  -19.862  66.918 0.0000000000
42221  -17.839  -20.754  63.194 0.0000000000
43138  -18.594  -20.529  65.326 0.0000000000
43123  -19.397  -20.343  66.576 0.0000000000
43118  -19.497  -20.473  67.253 0.0000000000
43117  -19.034  -21.053  67.606 0.0000000000
43116  -18.572  -21.604  68.034 0.0000000000
42186  -17.396  -22.335  68.529 0.0000000000
42191  -16.744  -22.351  68.055 0.0000000000
41347  -15.893  -22.488  67.307 0.0000000000
41351  -16.027  -22.402  66.546 0.0000000000
39592  -13.595  -25.200  65.958 0.0000000000
39615  -14.868  -25.275  63.419 0.0000000000
39614  -14.608  -25.169  64.068 0.0000000000
37617  -14.533  -26.946  64.014 0.0000000000
38603  -14.437  -25.926  64.056 0.0000000000
39606  -14.097  -25.521  64.742 0.0000000000
39593  -13.659  -25.809  65.472 0.0000000000
38569  -13.424  -25.859  66.068 0.0000000000
38570  -13.500  -26.477  65.782 0.0000000000
35814  -13.632  -27.856  65.806 0.0000000000
34891  -13.606  -28.510  65.288 0.0000000000
34899  -13.405  -29.079  64.277 0.0000000000
34889  -12.865  -29.566  64.597 0.0000000000
47552  -9.970  -15.635  61.386 0.0000000000
117094  -11.251  -16.776  61.463 0.0000000000
47553  -10.592  -16.168  61.428 0.0000000000
49451  -9.940  -15.148  60.024 0.0000000000
48411  -11.103  -15.271  59.250 0.0000000000
47564  -11.569  -16.180  58.600 0.0000000000
46671  -11.725  -16.936  59.127 0.0000000000
44119  -9.578  -21.309  61.805 0.0000000000
44120  -10.110  -20.622  61.252 0.0000000000
44968  -10.204  -20.054  60.469 0.0000000000
117862  -9.723  -20.115  59.842 0.0000000000
105691  -6.434  -22.359  58.505 0.0000000000
99099  -7.301  -21.673  58.800 0.0000000000
116338  -9.919  -19.601  58.311 0.0000000000
45790  -10.276  -19.143  57.917 0.0000000000
45000  -10.029  -19.435  57.693 0.0000000000
45803  -9.976  -18.853  57.064 0.0000000000
45815  -9.643  -18.459  56.256 0.0000000000
43108  -5.678  -21.855  69.344 0.0000000000
111750  -9.067  -23.253  71.223 0.0000000000
110357  -8.625  -22.967  71.702 0.0000000000
42157  -8.119  -22.796  71.840 0.0000000000
41322  -7.907  -23.010  71.315 0.0000000000
115133  -7.293  -22.719  71.410 0.0000000000
42171  -6.339  -22.734  71.117 0.0000000000
42178  -5.858  -22.980  70.433 0.0000000000
42177  -5.559  -22.586  69.760 0.0000000000
40536  -5.462  -24.219  66.780 0.0000000000
39601  -5.845  -24.632  65.780 0.0000000000
102206  -6.730  -24.924  65.000 0.0000000000
107855  -8.180  -26.363  66.908 0.0000000000
38568  -8.281  -26.300  66.082 0.0000000000
37607  -9.140  -27.082  65.526 0.0000000000
39604  -7.783  -25.836  65.511 0.0000000000
38600  -8.103  -25.740  63.891 0.0000000000
102823  -8.635  -26.263  63.246 0.0000000000
37644  -9.577  -26.963  62.401 0.0000000000
107519  -9.341  -28.578  60.689 0.0000000000
105765  -6.518  -32.207  66.781 0.0000000000
34050  -6.396  -31.581  66.214 0.0000000000
118369  -4.844  -34.018  65.036 0.0000000000
34056  -6.378  -31.391  65.356 0.0000000000
34063  -6.396  -31.368  64.639 0.0000000000
33312  -5.578  -32.716  64.193 0.0000000000
34907  -6.734  -30.704  64.332 0.0000000000
116212  -6.457  -31.529  62.765 0.0000000000
34923  -7.168  -30.440  62.777 0.0000000000
34941  -8.043  -30.127  61.419 0.0000000000
34095  -7.176  -31.569  60.726 0.0000000000
35896  -8.738  -29.476  61.028 0.0000000000
34956  -9.226  -29.872  59.728 0.0000000000
34053  -13.006  -29.353  65.986 0.0000000000
34861  -12.612  -28.589  68.841 0.0000000000
34862  -12.853  -28.211  68.234 0.0000000000
34880  -13.485  -28.410  66.116 0.0000000000
34890  -13.283  -28.928  64.948 0.0000000000
35787  -12.648  -27.324  68.607 0.0000000000
35788  -12.909  -26.981  68.354 0.0000000000
35799  -12.951  -28.078  67.837 0.0000000000
35800  -12.956  -27.657  67.859 0.0000000000
35806  -13.245  -27.894  66.955 0.0000000000
35823  -13.716  -28.109  65.634 0.0000000000
35824  -13.998  -27.882  65.267 0.0000000000
35838  -14.369  -27.825  64.589 0.0000000000
35853  -14.491  -28.183  64.070 0.0000000000
35854  -14.858  -27.838  63.530 0.0000000000
35870  -14.785  -28.332  62.740 0.0000000000
36696  -12.418  -27.413  70.148 0.0000000000
36724  -13.505  -27.799  66.028 0.0000000000
36749  -14.451  -27.454  64.325 0.0000000000
36757  -14.845  -27.338  63.607 0.0000000000
37555  -10.281  -27.315  72.420 0.0000000000
37565  -12.830  -26.951  68.406 0.0000000000
37577  -13.086  -26.987  67.205 0.0000000000
37591  -13.435  -27.594  66.071 0.0000000000
37600  -13.697  -27.412  65.580 0.0000000000
37608  -13.997  -27.305  65.157 0.0000000000
37645  -15.844  -26.718  61.845 0.0000000000
38583  -8.485  -26.244  65.460 0.0000000000
38587  -14.394  -26.571  64.171 0.0000000000
38605  -15.238  -26.261  62.573 0.0000000000
38635  -16.232  -25.779  61.038 0.0000000000
39616  -14.972  -25.543  62.941 0.0000000000
39691  -5.743  -25.345  57.160 0.0000000000
40545  -13.843  -24.538  65.753 0.0000000000
41396  -17.296  -22.884  60.177 0.0000000000
43155  -29.014  -19.999  62.868 0.0000000000
44956  -19.781  -18.651  62.384 0.0000000000
45802  -9.846  -18.996  56.926 0.0000000000
49528  -43.707  -13.087  51.485 0.0000000000
50500  -45.924  -12.380  53.627 0.0000000000
50509  -45.134  -12.330  52.538 0.0000000000
53003  -43.598  -10.031  50.173 0.0000000000
53874  -44.013  -8.883  47.160 0.0000000000
55519  -46.678  -6.746  51.102 0.0000000000
58229  -53.694  -4.324  36.772 0.0000000000
98894  -13.358  -28.446  67.140 0.0000000000
100358  -30.108  -19.274  63.961 0.0000000000
100606  -13.903  -28.878  63.919 0.0000000000
102491  -30.032  -18.841  64.265 0.0000000000
104215  -15.668  -22.865  64.837 0.0000000000
106715  -14.149  -26.834  64.738 0.0000000000
107600  -14.738  -26.354  63.460 0.0000000000
113111  -12.917  -29.286  67.592 0.0000000000
113270  -45.543  -14.084  54.881 0.0000000000
113557  -47.768  -7.411  53.335 0.0000000000
117877  -43.557  -10.731  50.281 0.0000000000
