#!ascii label  , from subject sub-027S6002 vox2ras=TkReg
446
57886  -22.820  -5.302  -14.968 0.0000000000
110221  -25.012  -10.295  -10.929 0.0000000000
53693  -28.719  -10.194  -12.967 0.0000000000
50166  -27.330  -14.096  -9.839 0.0000000000
69631  -29.232  8.739  -17.149 0.0000000000
66601  -30.461  4.646  -14.851 0.0000000000
59630  -25.237  -3.696  -12.008 0.0000000000
106607  -26.970  -17.903  -7.921 0.0000000000
51979  -26.376  -11.568  -10.724 0.0000000000
50151  -25.260  -13.629  -8.536 0.0000000000
68208  -29.945  6.468  -16.106 0.0000000000
65090  -27.171  2.387  -15.537 0.0000000000
57865  -19.277  -5.343  -14.908 0.0000000000
59629  -21.514  -3.164  -13.072 0.0000000000
60713  -21.910  -1.798  -15.288 0.0000000000
60673  -27.503  -2.658  -12.945 0.0000000000
59658  -27.607  -3.959  -13.232 0.0000000000
57872  -28.354  -5.125  -12.783 0.0000000000
56119  -23.450  -7.864  -11.646 0.0000000000
55352  -22.043  -8.092  -14.585 0.0000000000
98802  -26.146  -7.961  -14.068 0.0000000000
53689  -26.321  -11.420  -13.593 0.0000000000
51982  -27.803  -11.948  -11.638 0.0000000000
50183  -29.450  -13.752  -10.189 0.0000000000
62496  -25.436  -0.447  -11.700 0.0000000000
105170  -27.798  0.481  -13.447 0.0000000000
65084  -30.403  2.384  -14.296 0.0000000000
48224  -25.079  -16.186  -7.547 0.0000000000
48236  -27.182  -16.483  -8.866 0.0000000000
51942  -24.687  -12.019  -8.467 0.0000000000
51046  -24.151  -13.032  -7.446 0.0000000000
109454  -26.341  3.132  -15.961 0.0000000000
64238  -26.253  1.612  -13.401 0.0000000000
106561  -20.922  -5.056  -15.212 0.0000000000
59669  -19.712  -3.524  -15.242 0.0000000000
105468  -22.818  -3.744  -15.238 0.0000000000
59674  -25.404  -3.109  -15.091 0.0000000000
58761  -24.602  -4.310  -15.084 0.0000000000
105010  -28.121  -4.133  -13.162 0.0000000000
110342  -26.042  -5.151  -13.629 0.0000000000
54522  -24.435  -9.653  -10.469 0.0000000000
55322  -22.728  -8.011  -13.602 0.0000000000
54543  -24.058  -10.082  -12.737 0.0000000000
54555  -24.968  -9.716  -14.007 0.0000000000
54544  -24.790  -11.009  -12.949 0.0000000000
51073  -26.520  -12.400  -10.281 0.0000000000
51993  -26.857  -11.994  -11.718 0.0000000000
51090  -27.806  -12.967  -10.851 0.0000000000
51102  -28.331  -12.378  -11.292 0.0000000000
50182  -28.545  -13.730  -10.242 0.0000000000
68206  -27.411  7.171  -16.125 0.0000000000
68192  -24.958  7.573  -15.326 0.0000000000
70386  -29.002  9.230  -17.152 0.0000000000
110939  -26.697  11.064  -17.756 0.0000000000
96990  -29.333  10.019  -19.008 0.0000000000
66604  -30.028  5.166  -15.491 0.0000000000
60659  -23.427  -3.119  -13.246 0.0000000000
60643  -24.652  -3.118  -11.541 0.0000000000
60644  -25.106  -2.328  -11.571 0.0000000000
62503  -26.178  -0.477  -12.458 0.0000000000
61638  -26.383  -1.576  -12.462 0.0000000000
61649  -28.893  -1.660  -12.971 0.0000000000
102972  -29.629  0.177  -13.845 0.0000000000
63363  -31.133  0.335  -14.219 0.0000000000
106790  -28.460  -8.889  -14.149 0.0000000000
56144  -28.501  -7.113  -13.458 0.0000000000
47367  -25.301  -17.530  -7.085 0.0000000000
48225  -25.846  -16.728  -8.103 0.0000000000
48234  -25.547  -15.796  -8.095 0.0000000000
47386  -26.627  -16.795  -8.490 0.0000000000
52805  -25.280  -10.869  -9.708 0.0000000000
52818  -25.698  -10.702  -10.531 0.0000000000
52791  -25.357  -11.266  -9.493 0.0000000000
51072  -25.982  -12.452  -9.506 0.0000000000
50164  -25.824  -13.160  -9.103 0.0000000000
67407  -26.491  5.312  -15.970 0.0000000000
68904  -29.122  7.307  -16.568 0.0000000000
115708  -27.863  5.485  -15.693 0.0000000000
65827  -27.717  3.362  -15.790 0.0000000000
65820  -28.821  2.653  -15.500 0.0000000000
57841  -21.760  -5.557  -12.705 0.0000000000
101585  -20.347  -3.525  -14.113 0.0000000000
60687  -19.760  -1.653  -14.875 0.0000000000
60670  -23.212  -2.096  -13.763 0.0000000000
59631  -25.967  -3.546  -12.630 0.0000000000
60672  -25.041  -2.794  -14.689 0.0000000000
59643  -27.813  -3.540  -13.208 0.0000000000
60675  -29.096  -2.762  -13.236 0.0000000000
109540  -29.174  -3.493  -13.317 0.0000000000
45599  -27.806  -19.269  -7.304 0.0000000000
47378  -27.937  -18.120  -8.106 0.0000000000
57004  -21.772  -6.354  -13.349 0.0000000000
97244  -19.676  -7.161  -15.579 0.0000000000
98466  -22.004  -7.006  -15.020 0.0000000000
105666  -24.247  -5.904  -14.060 0.0000000000
117454  -23.814  -7.867  -14.051 0.0000000000
55335  -26.157  -9.130  -14.040 0.0000000000
53704  -28.391  -10.800  -13.992 0.0000000000
52827  -25.821  -11.224  -11.640 0.0000000000
52839  -27.480  -12.241  -12.521 0.0000000000
52841  -28.649  -11.269  -12.646 0.0000000000
51996  -29.147  -11.697  -12.157 0.0000000000
51104  -30.115  -12.746  -11.457 0.0000000000
96804  -30.037  10.374  -19.107 0.0000000000
63350  -26.679  1.123  -13.019 0.0000000000
64248  -27.147  1.412  -14.446 0.0000000000
64249  -28.338  1.419  -14.440 0.0000000000
62511  -28.437  -0.485  -13.117 0.0000000000
63361  -29.002  0.845  -13.969 0.0000000000
103479  -30.432  3.868  -14.301 0.0000000000
107348  -27.243  -5.852  -13.480 0.0000000000
57020  -28.513  -5.848  -12.767 0.0000000000
50136  -24.490  -14.226  -7.424 0.0000000000
50137  -24.941  -14.347  -8.081 0.0000000000
49245  -26.311  -15.076  -8.957 0.0000000000
49256  -26.770  -14.625  -9.411 0.0000000000
47388  -28.576  -17.634  -8.580 0.0000000000
48247  -27.777  -16.094  -9.246 0.0000000000
49258  -28.693  -15.438  -9.595 0.0000000000
112001  -26.058  1.445  -12.638 0.0000000000
57885  -21.628  -5.536  -15.097 0.0000000000
58777  -21.056  -4.267  -15.159 0.0000000000
106499  -23.076  -4.450  -15.098 0.0000000000
102448  -24.046  -3.797  -15.482 0.0000000000
57887  -23.715  -4.693  -15.004 0.0000000000
58762  -25.399  -4.488  -14.340 0.0000000000
57867  -24.404  -5.021  -14.374 0.0000000000
54523  -24.903  -10.165  -10.251 0.0000000000
54532  -24.168  -9.903  -11.386 0.0000000000
54533  -24.755  -10.703  -11.827 0.0000000000
51074  -27.089  -13.116  -10.368 0.0000000000
51089  -27.032  -12.432  -10.865 0.0000000000
50181  -27.779  -13.683  -10.211 0.0000000000
102051  -28.164  7.400  -16.228 0.0000000000
68903  -28.421  8.057  -16.403 0.0000000000
113955  -27.944  10.053  -18.015 0.0000000000
110900  -27.688  10.733  -18.888 0.0000000000
69637  -29.499  9.055  -17.513 0.0000000000
67408  -30.587  5.538  -15.009 0.0000000000
68194  -30.614  6.304  -15.307 0.0000000000
111987  -24.431  -3.802  -12.389 0.0000000000
60642  -24.316  -3.722  -12.414 0.0000000000
60660  -25.779  -2.673  -12.169 0.0000000000
61651  -30.439  -0.772  -13.402 0.0000000000
62513  -30.545  -0.093  -14.022 0.0000000000
54560  -28.860  -9.268  -13.188 0.0000000000
55339  -28.717  -8.400  -12.959 0.0000000000
54546  -28.949  -9.074  -12.876 0.0000000000
46472  -26.566  -18.365  -7.375 0.0000000000
46471  -25.760  -18.195  -7.018 0.0000000000
47376  -25.993  -17.631  -7.674 0.0000000000
47377  -26.526  -17.319  -8.190 0.0000000000
52790  -24.716  -11.018  -8.938 0.0000000000
51957  -24.704  -11.453  -8.700 0.0000000000
51059  -24.658  -12.804  -8.209 0.0000000000
51060  -25.309  -12.550  -8.842 0.0000000000
66598  -26.522  4.095  -15.968 0.0000000000
65081  -26.232  1.751  -15.134 0.0000000000
65828  -29.208  3.563  -15.545 0.0000000000
57853  -19.934  -5.289  -14.471 0.0000000000
58760  -19.617  -4.413  -14.641 0.0000000000
60698  -20.312  -1.910  -15.628 0.0000000000
60686  -19.462  -2.177  -15.055 0.0000000000
97239  -20.302  -1.728  -15.757 0.0000000000
61658  -21.298  -1.377  -14.191 0.0000000000
96997  -22.500  -1.460  -14.601 0.0000000000
60688  -24.301  -2.064  -14.983 0.0000000000
61666  -23.928  -1.873  -15.258 0.0000000000
100985  -26.140  -3.729  -14.773 0.0000000000
59657  -26.857  -3.940  -13.551 0.0000000000
59644  -28.668  -3.428  -13.334 0.0000000000
60676  -29.548  -2.815  -13.045 0.0000000000
107796  -28.293  -3.788  -13.296 0.0000000000
58765  -27.790  -4.962  -12.976 0.0000000000
59660  -28.949  -3.969  -13.262 0.0000000000
57873  -28.790  -4.969  -12.692 0.0000000000
45600  -28.594  -19.438  -7.301 0.0000000000
56118  -23.128  -6.829  -11.604 0.0000000000
56994  -22.276  -6.294  -12.198 0.0000000000
113579  -22.847  -7.202  -12.225 0.0000000000
55332  -22.512  -7.984  -14.054 0.0000000000
55331  -20.635  -8.298  -14.783 0.0000000000
55351  -21.034  -8.608  -15.124 0.0000000000
57030  -21.224  -6.654  -15.290 0.0000000000
56158  -22.355  -7.569  -14.547 0.0000000000
56141  -23.317  -7.356  -14.257 0.0000000000
55353  -22.954  -8.042  -14.113 0.0000000000
54545  -25.463  -10.839  -13.526 0.0000000000
54556  -26.103  -10.015  -13.836 0.0000000000
54557  -27.043  -9.682  -14.110 0.0000000000
52819  -26.185  -11.018  -10.979 0.0000000000
51994  -27.364  -11.868  -11.764 0.0000000000
52005  -27.197  -12.057  -11.927 0.0000000000
52006  -27.663  -11.743  -11.973 0.0000000000
52840  -28.179  -11.629  -12.220 0.0000000000
52007  -28.110  -11.485  -12.127 0.0000000000
52829  -28.655  -11.331  -12.396 0.0000000000
51995  -28.372  -11.585  -11.881 0.0000000000
51091  -28.922  -13.010  -10.735 0.0000000000
51103  -29.379  -12.495  -11.318 0.0000000000
51092  -29.863  -13.185  -10.840 0.0000000000
51093  -30.499  -13.203  -10.673 0.0000000000
113917  -29.664  7.780  -16.732 0.0000000000
69632  -29.711  8.416  -17.125 0.0000000000
70387  -29.966  8.937  -17.540 0.0000000000
110126  -21.808  -4.569  -12.881 0.0000000000
62495  -24.667  -0.460  -11.022 0.0000000000
63349  -25.990  0.531  -12.355 0.0000000000
107549  -27.167  0.516  -13.220 0.0000000000
63360  -27.952  0.981  -13.971 0.0000000000
65082  -28.400  1.968  -14.932 0.0000000000
61647  -27.205  -1.537  -12.795 0.0000000000
61648  -28.032  -1.557  -12.947 0.0000000000
63362  -30.226  0.585  -14.183 0.0000000000
100775  -30.181  1.802  -14.289 0.0000000000
100631  -29.223  1.684  -14.564 0.0000000000
65812  -30.514  3.208  -13.789 0.0000000000
98659  -25.407  -7.048  -13.808 0.0000000000
107128  -25.440  -6.069  -13.615 0.0000000000
57017  -26.682  -6.679  -14.005 0.0000000000
103803  -28.310  -6.609  -13.081 0.0000000000
49233  -24.643  -15.283  -7.103 0.0000000000
49234  -25.018  -15.158  -7.795 0.0000000000
48235  -26.320  -15.918  -8.552 0.0000000000
49244  -25.620  -14.887  -8.429 0.0000000000
49246  -26.992  -15.624  -9.138 0.0000000000
117189  -28.192  -15.800  -9.428 0.0000000000
107630  -24.223  -12.279  -7.831 0.0000000000
50150  -24.653  -13.608  -7.968 0.0000000000
65089  -25.574  2.612  -15.493 0.0000000000
64247  -26.102  1.619  -14.257 0.0000000000
108644  -19.441  -5.251  -15.208 0.0000000000
58759  -19.510  -4.301  -14.765 0.0000000000
58776  -20.095  -4.528  -15.288 0.0000000000
59670  -20.570  -3.568  -15.224 0.0000000000
59671  -22.429  -2.731  -15.268 0.0000000000
109495  -23.915  -2.044  -15.525 0.0000000000
59672  -23.548  -2.781  -15.469 0.0000000000
58778  -25.136  -3.540  -15.236 0.0000000000
58779  -25.947  -3.582  -14.455 0.0000000000
58781  -27.447  -4.214  -13.186 0.0000000000
113796  -26.709  -4.017  -13.479 0.0000000000
58763  -26.272  -4.363  -13.687 0.0000000000
58764  -27.027  -4.931  -13.104 0.0000000000
54507  -24.528  -9.598  -9.894 0.0000000000
55297  -23.840  -8.781  -10.893 0.0000000000
55309  -23.044  -8.042  -12.683 0.0000000000
55310  -23.586  -8.987  -12.087 0.0000000000
55323  -23.423  -8.685  -13.201 0.0000000000
117822  -22.980  -8.275  -13.688 0.0000000000
113286  -23.336  -8.404  -13.723 0.0000000000
54554  -24.026  -9.371  -13.601 0.0000000000
113771  -24.615  -10.279  -13.401 0.0000000000
53688  -25.468  -11.647  -13.116 0.0000000000
51969  -26.476  -11.937  -10.653 0.0000000000
51980  -26.697  -11.903  -11.266 0.0000000000
51981  -27.091  -12.067  -11.579 0.0000000000
51101  -27.526  -12.312  -11.371 0.0000000000
101699  -25.570  6.428  -15.844 0.0000000000
68898  -27.514  8.192  -15.834 0.0000000000
97138  -28.223  9.970  -17.749 0.0000000000
72356  -27.071  11.960  -18.631 0.0000000000
67419  -30.227  5.808  -15.559 0.0000000000
69626  -30.297  7.816  -16.363 0.0000000000
99345  -30.534  7.040  -15.762 0.0000000000
60630  -24.432  -2.732  -10.675 0.0000000000
108167  -24.575  -1.994  -10.911 0.0000000000
61637  -25.617  -1.438  -11.935 0.0000000000
62504  -26.914  -0.448  -12.863 0.0000000000
62512  -29.549  -0.584  -13.344 0.0000000000
64251  -30.831  0.987  -14.342 0.0000000000
55337  -27.955  -8.516  -14.334 0.0000000000
98801  -27.620  -7.637  -14.315 0.0000000000
55338  -28.718  -8.081  -13.701 0.0000000000
56145  -28.548  -7.483  -12.988 0.0000000000
106763  -25.348  -17.034  -7.557 0.0000000000
53647  -24.679  -10.579  -9.213 0.0000000000
53659  -25.152  -10.497  -9.983 0.0000000000
53671  -25.462  -10.480  -10.738 0.0000000000
52806  -25.886  -11.138  -10.272 0.0000000000
51968  -26.016  -11.543  -10.090 0.0000000000
51958  -25.463  -11.796  -9.299 0.0000000000
51959  -26.163  -11.984  -9.963 0.0000000000
50165  -26.503  -13.358  -9.636 0.0000000000
67406  -25.200  5.570  -15.490 0.0000000000
108227  -26.967  6.265  -16.001 0.0000000000
68916  -29.166  8.195  -16.818 0.0000000000
68207  -28.749  6.564  -16.103 0.0000000000
67417  -28.299  6.008  -15.770 0.0000000000
67418  -29.459  5.800  -15.822 0.0000000000
66599  -28.127  4.528  -15.681 0.0000000000
108788  -28.990  5.199  -15.714 0.0000000000
66600  -29.577  4.454  -15.421 0.0000000000
65829  -30.094  3.849  -15.204 0.0000000000
59640  -21.205  -3.485  -13.110 0.0000000000
105581  -19.685  -3.690  -14.596 0.0000000000
59655  -19.800  -2.716  -14.597 0.0000000000
59628  -20.957  -2.241  -12.989 0.0000000000
61636  -20.841  -0.923  -12.956 0.0000000000
60671  -24.348  -3.254  -13.246 0.0000000000
118075  -24.808  -3.873  -12.619 0.0000000000
59641  -25.334  -3.774  -13.173 0.0000000000
114603  -26.229  -3.937  -13.244 0.0000000000
59642  -26.823  -3.559  -12.984 0.0000000000
60701  -24.502  -2.410  -15.258 0.0000000000
59656  -25.955  -3.536  -14.485 0.0000000000
60674  -28.402  -2.673  -13.156 0.0000000000
61650  -29.611  -1.775  -12.925 0.0000000000
60677  -30.120  -1.967  -12.803 0.0000000000
59659  -28.708  -3.825  -13.292 0.0000000000
52842  -28.902  -10.756  -12.840 0.0000000000
45598  -27.055  -18.914  -7.122 0.0000000000
46473  -27.466  -18.572  -7.602 0.0000000000
57003  -20.722  -6.193  -14.129 0.0000000000
56130  -22.376  -7.183  -13.303 0.0000000000
56140  -19.825  -7.560  -14.901 0.0000000000
57864  -19.384  -6.123  -15.275 0.0000000000
102556  -19.975  -6.419  -15.604 0.0000000000
118340  -20.747  -5.765  -15.328 0.0000000000
57031  -22.343  -6.207  -14.911 0.0000000000
57016  -23.629  -6.585  -14.234 0.0000000000
101877  -24.384  -6.933  -13.908 0.0000000000
56142  -24.748  -7.921  -14.014 0.0000000000
55333  -24.073  -8.667  -13.989 0.0000000000
55334  -25.127  -8.764  -14.093 0.0000000000
55336  -27.140  -8.578  -14.196 0.0000000000
54558  -28.067  -9.635  -14.310 0.0000000000
53705  -28.818  -10.526  -13.348 0.0000000000
104233  -25.840  -10.753  -11.218 0.0000000000
53678  -25.438  -11.059  -11.828 0.0000000000
52004  -26.616  -11.753  -11.653 0.0000000000
52838  -26.313  -12.121  -12.187 0.0000000000
106019  -26.243  -12.078  -13.249 0.0000000000
53690  -27.218  -11.623  -13.685 0.0000000000
53691  -28.297  -11.562  -13.135 0.0000000000
52830  -29.266  -11.257  -12.655 0.0000000000
51983  -28.835  -11.946  -11.650 0.0000000000
106990  -29.748  -12.238  -12.008 0.0000000000
70406  -29.597  9.688  -18.217 0.0000000000
97217  -29.251  10.631  -19.386 0.0000000000
97039  -30.095  9.524  -17.872 0.0000000000
117238  -26.686  0.340  -12.852 0.0000000000
63359  -26.989  1.167  -13.742 0.0000000000
99795  -27.457  1.696  -14.956 0.0000000000
60661  -26.598  -2.739  -12.603 0.0000000000
62510  -27.597  -0.408  -13.044 0.0000000000
102292  -28.709  0.330  -13.509 0.0000000000
65083  -29.653  2.191  -14.954 0.0000000000
65821  -30.128  2.956  -15.166 0.0000000000
67391  -30.796  5.399  -14.106 0.0000000000
57868  -25.133  -5.383  -13.931 0.0000000000
57869  -26.537  -5.621  -13.561 0.0000000000
57870  -27.749  -5.854  -13.250 0.0000000000
98810  -27.874  -6.656  -14.117 0.0000000000
57018  -28.114  -6.427  -13.451 0.0000000000
57871  -27.752  -5.721  -13.084 0.0000000000
50152  -26.054  -14.098  -8.993 0.0000000000
47387  -27.390  -17.346  -8.504 0.0000000000
48237  -28.070  -16.845  -8.942 0.0000000000
49257  -27.682  -15.238  -9.572 0.0000000000
50167  -28.191  -14.510  -9.896 0.0000000000
51992  -26.533  -11.596  -11.318 0.0000000000
52828  -26.268  -11.539  -11.357 0.0000000000
53692  -28.730  -11.205  -12.765 0.0000000000
53702  -26.520  -10.631  -13.931 0.0000000000
53703  -27.270  -10.662  -14.085 0.0000000000
54559  -28.716  -9.714  -13.779 0.0000000000
54570  -19.740  -8.571  -16.237 0.0000000000
54571  -20.087  -8.784  -16.233 0.0000000000
55321  -21.889  -7.800  -14.213 0.0000000000
55330  -20.066  -9.008  -15.339 0.0000000000
55349  -19.701  -9.007  -16.193 0.0000000000
55350  -20.433  -8.809  -16.039 0.0000000000
55359  -19.793  -8.392  -16.178 0.0000000000
55360  -20.101  -8.646  -16.193 0.0000000000
56107  -24.001  -7.369  -10.783 0.0000000000
56129  -20.991  -6.873  -14.191 0.0000000000
56138  -19.296  -8.424  -15.793 0.0000000000
56139  -19.660  -8.155  -15.313 0.0000000000
56143  -28.290  -7.390  -14.206 0.0000000000
56155  -19.522  -8.317  -16.105 0.0000000000
56156  -20.646  -8.331  -15.597 0.0000000000
56157  -21.386  -7.866  -15.217 0.0000000000
57013  -19.522  -7.893  -15.650 0.0000000000
57014  -19.332  -6.471  -14.991 0.0000000000
57015  -22.840  -6.787  -14.564 0.0000000000
57019  -28.188  -5.974  -12.945 0.0000000000
57029  -20.405  -7.444  -15.563 0.0000000000
57854  -21.089  -5.159  -13.657 0.0000000000
57866  -23.262  -6.003  -14.508 0.0000000000
57884  -19.887  -5.512  -15.435 0.0000000000
58780  -26.787  -3.960  -13.940 0.0000000000
59627  -20.784  -2.495  -13.455 0.0000000000
59654  -19.292  -3.191  -14.919 0.0000000000
59673  -24.583  -2.818  -15.491 0.0000000000
59683  -21.212  -2.516  -15.335 0.0000000000
59684  -21.994  -2.072  -15.307 0.0000000000
60656  -20.804  -1.333  -13.000 0.0000000000
60658  -21.835  -1.716  -13.479 0.0000000000
60669  -20.670  -2.104  -14.161 0.0000000000
60697  -19.592  -2.546  -15.210 0.0000000000
60699  -22.973  -1.911  -15.520 0.0000000000
60700  -23.074  -1.637  -15.207 0.0000000000
60711  -19.992  -1.043  -16.427 0.0000000000
60712  -21.008  -1.526  -16.010 0.0000000000
61635  -20.740  -0.948  -12.918 0.0000000000
61645  -20.815  -1.186  -13.327 0.0000000000
61646  -21.216  -1.296  -13.444 0.0000000000
61655  -19.585  -1.222  -15.465 0.0000000000
61656  -19.733  -0.922  -15.240 0.0000000000
61657  -20.536  -0.930  -14.787 0.0000000000
61664  -19.722  -1.640  -15.474 0.0000000000
61665  -20.580  -0.429  -15.329 0.0000000000
61675  -19.425  -0.956  -16.110 0.0000000000
62519  -19.306  -0.724  -15.841 0.0000000000
62520  -19.769  -0.460  -15.507 0.0000000000
64250  -29.619  1.324  -14.235 0.0000000000
67405  -24.679  4.802  -15.079 0.0000000000
68905  -29.992  7.220  -16.452 0.0000000000
69630  -28.778  8.689  -16.681 0.0000000000
70399  -29.718  9.384  -17.780 0.0000000000
96738  -19.791  -8.113  -16.088 0.0000000000
96746  -22.249  -1.573  -13.905 0.0000000000
96747  -23.454  -1.685  -14.667 0.0000000000
97097  -28.773  9.837  -17.428 0.0000000000
97146  -19.619  -0.540  -16.109 0.0000000000
97169  -30.051  9.948  -18.456 0.0000000000
97344  -29.827  9.948  -18.774 0.0000000000
102315  -28.770  -8.908  -13.449 0.0000000000
103544  -19.526  -7.058  -15.069 0.0000000000
103592  -24.238  -2.365  -14.277 0.0000000000
105509  -21.692  -3.630  -15.142 0.0000000000
105659  -21.483  -8.036  -14.542 0.0000000000
105846  -20.770  -1.379  -14.325 0.0000000000
107531  -22.000  -4.592  -15.065 0.0000000000
107767  -19.528  -7.460  -15.186 0.0000000000
107823  -20.203  -2.849  -15.321 0.0000000000
108535  -27.772  -11.649  -11.828 0.0000000000
109298  -28.159  -4.867  -12.893 0.0000000000
110842  -21.676  -1.414  -15.001 0.0000000000
110966  -28.321  10.103  -18.708 0.0000000000
113574  -25.444  -10.626  -11.298 0.0000000000
115011  -20.753  -1.023  -13.104 0.0000000000
116086  -25.682  -12.005  -12.426 0.0000000000
117901  -24.816  -3.167  -13.733 0.0000000000
118222  -23.670  -5.404  -14.538 0.0000000000
