#!ascii label  , from subject sub-027S6002 vox2ras=TkReg
1089
50137  -24.941  -14.347  -8.081 0.5555555820
50151  -25.260  -13.629  -8.536 0.6666666865
51072  -25.982  -12.452  -9.506 0.7777777910
50165  -26.503  -13.358  -9.636 0.7777777910
51979  -26.376  -11.568  -10.724 0.8888888955
51994  -27.364  -11.868  -11.764 0.8888888955
49233  -24.643  -15.283  -7.103 0.5555555820
50150  -24.653  -13.608  -7.968 0.5555555820
51059  -24.658  -12.804  -8.209 0.6666666865
51060  -25.309  -12.550  -8.842 0.8888888955
51073  -26.520  -12.400  -10.281 0.8888888955
51980  -26.697  -11.903  -11.266 0.8888888955
52838  -26.313  -12.121  -12.187 1.0000000000
52006  -27.663  -11.743  -11.973 0.8888888955
53690  -27.218  -11.623  -13.685 1.0000000000
107630  -24.223  -12.279  -7.831 0.7777777910
52805  -25.280  -10.869  -9.708 1.0000000000
53659  -25.152  -10.497  -9.983 1.0000000000
52818  -25.698  -10.702  -10.531 1.0000000000
54544  -24.790  -11.009  -12.949 1.0000000000
53671  -25.462  -10.480  -10.738 1.0000000000
53688  -25.468  -11.647  -13.116 1.0000000000
54543  -24.058  -10.082  -12.737 1.0000000000
113771  -24.615  -10.279  -13.401 1.0000000000
54545  -25.463  -10.839  -13.526 1.0000000000
54557  -27.043  -9.682  -14.110 1.0000000000
54555  -24.968  -9.716  -14.007 1.0000000000
56142  -24.748  -7.921  -14.014 1.0000000000
98802  -26.146  -7.961  -14.068 0.7777777910
54522  -24.435  -9.653  -10.469 0.8888888955
110221  -25.012  -10.295  -10.929 1.0000000000
54554  -24.026  -9.371  -13.601 1.0000000000
54532  -24.168  -9.903  -11.386 1.0000000000
117822  -22.980  -8.275  -13.688 1.0000000000
55353  -22.954  -8.042  -14.113 1.0000000000
117454  -23.814  -7.867  -14.051 1.0000000000
101877  -24.384  -6.933  -13.908 1.0000000000
98659  -25.407  -7.048  -13.808 1.0000000000
57017  -26.682  -6.679  -14.005 0.8888888955
107128  -25.440  -6.069  -13.615 1.0000000000
107348  -27.243  -5.852  -13.480 0.7777777910
57018  -28.114  -6.427  -13.451 0.7777777910
56119  -23.450  -7.864  -11.646 0.5555555820
57003  -20.722  -6.193  -14.129 0.7777777910
56130  -22.376  -7.183  -13.303 0.8888888955
55351  -21.034  -8.608  -15.124 1.0000000000
55352  -22.043  -8.092  -14.585 1.0000000000
97244  -19.676  -7.161  -15.579 0.8888888955
57030  -21.224  -6.654  -15.290 1.0000000000
98466  -22.004  -7.006  -15.020 1.0000000000
105666  -24.247  -5.904  -14.060 1.0000000000
57868  -25.133  -5.383  -13.931 0.8888888955
57867  -24.404  -5.021  -14.374 1.0000000000
110342  -26.042  -5.151  -13.629 0.8888888955
58765  -27.790  -4.962  -12.976 0.7777777910
57873  -28.790  -4.969  -12.692 0.6666666865
58767  -28.785  -4.396  -12.968 0.6666666865
102728  -22.127  -5.840  -12.098 0.4444444478
58750  -20.717  -4.385  -13.833 0.6666666865
58759  -19.510  -4.301  -14.765 0.7777777910
108644  -19.441  -5.251  -15.208 0.8888888955
106561  -20.922  -5.056  -15.212 0.8888888955
57031  -22.343  -6.207  -14.911 1.0000000000
58777  -21.056  -4.267  -15.159 1.0000000000
106499  -23.076  -4.450  -15.098 1.0000000000
57887  -23.715  -4.693  -15.004 1.0000000000
58761  -24.602  -4.310  -15.084 0.8888888955
113796  -26.709  -4.017  -13.479 0.7777777910
105010  -28.121  -4.133  -13.162 0.7777777910
58752  -29.695  -4.004  -13.239 0.5555555820
59659  -28.708  -3.825  -13.292 0.7777777910
59645  -29.666  -3.438  -13.144 0.6666666865
59640  -21.205  -3.485  -13.110 0.6666666865
58737  -21.624  -4.690  -12.937 0.6666666865
105581  -19.685  -3.690  -14.596 0.7777777910
59655  -19.800  -2.716  -14.597 0.7777777910
59669  -19.712  -3.524  -15.242 0.8888888955
59670  -20.570  -3.568  -15.224 0.8888888955
60698  -20.312  -1.910  -15.628 1.0000000000
59671  -22.429  -2.731  -15.268 1.0000000000
59672  -23.548  -2.781  -15.469 1.0000000000
102448  -24.046  -3.797  -15.482 0.8888888955
100985  -26.140  -3.729  -14.773 0.8888888955
59658  -27.607  -3.959  -13.232 0.8888888955
58781  -27.447  -4.214  -13.186 0.7777777910
59657  -26.857  -3.940  -13.551 0.8888888955
59643  -27.813  -3.540  -13.208 0.7777777910
59644  -28.668  -3.428  -13.334 0.7777777910
109540  -29.174  -3.493  -13.317 0.7777777910
116000  -29.803  -2.827  -12.921 0.6666666865
59629  -21.514  -3.164  -13.072 0.6666666865
110126  -21.808  -4.569  -12.881 0.5555555820
59628  -20.957  -2.241  -12.989 0.7777777910
60687  -19.760  -1.653  -14.875 0.8888888955
97239  -20.302  -1.728  -15.757 0.8888888955
96997  -22.500  -1.460  -14.601 1.0000000000
60713  -21.910  -1.798  -15.288 1.0000000000
60701  -24.502  -2.410  -15.258 1.0000000000
59674  -25.404  -3.109  -15.091 0.8888888955
60675  -29.096  -2.762  -13.236 0.7777777910
61650  -29.611  -1.775  -12.925 0.7777777910
60677  -30.120  -1.967  -12.803 0.6666666865
61639  -30.742  -1.013  -13.151 0.5555555820
99663  -22.240  -2.845  -13.147 0.7777777910
109021  -23.522  -3.791  -13.112 0.6666666865
61636  -20.841  -0.923  -12.956 0.8888888955
60670  -23.212  -2.096  -13.763 1.0000000000
60688  -24.301  -2.064  -14.983 1.0000000000
59642  -26.823  -3.559  -12.984 0.8888888955
59656  -25.955  -3.536  -14.485 0.8888888955
60673  -27.503  -2.658  -12.945 0.8888888955
61649  -28.893  -1.660  -12.971 0.7777777910
62513  -30.545  -0.093  -14.022 0.7777777910
61651  -30.439  -0.772  -13.402 0.7777777910
115746  -30.840  -0.396  -13.588 0.5555555820
102972  -29.629  0.177  -13.845 0.7777777910
63363  -31.133  0.335  -14.219 0.5555555820
62515  -31.164  0.306  -14.005 0.5555555820
60629  -24.098  -2.478  -9.748 0.4444444478
59603  -24.827  -3.524  -11.464 0.5555555820
111987  -24.431  -3.802  -12.389 0.7777777910
60671  -24.348  -3.254  -13.246 1.0000000000
118075  -24.808  -3.873  -12.619 1.0000000000
59631  -25.967  -3.546  -12.630 0.8888888955
61647  -27.205  -1.537  -12.795 0.8888888955
61648  -28.032  -1.557  -12.947 0.8888888955
63362  -30.226  0.585  -14.183 0.6666666865
64252  -31.261  0.644  -14.073 0.5555555820
62496  -25.436  -0.447  -11.700 0.6666666865
108167  -24.575  -1.994  -10.911 0.6666666865
61637  -25.617  -1.438  -11.935 0.7777777910
61638  -26.383  -1.576  -12.462 0.8888888955
62504  -26.914  -0.448  -12.863 0.7777777910
105170  -27.798  0.481  -13.447 0.7777777910
62511  -28.437  -0.485  -13.117 0.8888888955
63361  -29.002  0.845  -13.969 0.7777777910
102292  -28.709  0.330  -13.509 0.7777777910
64249  -28.338  1.419  -14.440 0.6666666865
100631  -29.223  1.684  -14.564 0.6666666865
100775  -30.181  1.802  -14.289 0.6666666865
65821  -30.128  2.956  -15.166 0.6666666865
103479  -30.432  3.868  -14.301 0.5555555820
65812  -30.514  3.208  -13.789 0.5555555820
64239  -31.008  1.531  -13.974 0.4444444478
66591  -30.756  4.665  -13.704 0.5555555820
115341  -25.588  1.662  -11.992 0.3333333433
63348  -25.601  1.029  -11.920 0.3333333433
63349  -25.990  0.531  -12.355 0.5555555820
64238  -26.253  1.612  -13.401 0.5555555820
117238  -26.686  0.340  -12.852 0.7777777910
107549  -27.167  0.516  -13.220 0.7777777910
64248  -27.147  1.412  -14.446 0.6666666865
63360  -27.952  0.981  -13.971 0.6666666865
65082  -28.400  1.968  -14.932 0.6666666865
65829  -30.094  3.849  -15.204 0.6666666865
66601  -30.461  4.646  -14.851 0.6666666865
67391  -30.796  5.399  -14.106 0.5555555820
68181  -30.914  6.171  -14.444 0.5555555820
65070  -25.828  2.026  -12.858 0.4444444478
112001  -26.058  1.445  -12.638 0.4444444478
65080  -25.061  2.212  -14.580 0.5555555820
64247  -26.102  1.619  -14.257 0.6666666865
65090  -27.171  2.387  -15.537 0.6666666865
99795  -27.457  1.696  -14.956 0.6666666865
65820  -28.821  2.653  -15.500 0.6666666865
66600  -29.577  4.454  -15.421 0.6666666865
68194  -30.614  6.304  -15.307 0.6666666865
69627  -30.912  8.514  -15.659 0.5555555820
68899  -30.947  7.786  -15.244 0.6666666865
65825  -24.590  3.033  -15.002 0.4444444478
109454  -26.341  3.132  -15.961 0.6666666865
65081  -26.232  1.751  -15.134 0.6666666865
65827  -27.717  3.362  -15.790 0.6666666865
66604  -30.028  5.166  -15.491 0.6666666865
51959  -26.163  -11.984  -9.963 0.8888888955
51958  -25.463  -11.796  -9.299 1.0000000000
52806  -25.886  -11.138  -10.272 1.0000000000
52819  -26.185  -11.018  -10.979 1.0000000000
106019  -26.243  -12.078  -13.249 1.0000000000
57842  -21.962  -5.439  -12.428 0.5555555820
58778  -25.136  -3.540  -15.236 0.8888888955
58739  -22.786  -4.424  -13.043 0.5555555820
60630  -24.432  -2.732  -10.675 0.5555555820
60659  -23.427  -3.119  -13.246 0.7777777910
59641  -25.334  -3.774  -13.173 1.0000000000
64251  -30.831  0.987  -14.342 0.6666666865
65072  -30.778  2.507  -13.371 0.4444444478
58738  -22.396  -5.485  -12.476 0.4444444478
69616  -31.539  8.337  -14.949 0.5555555820
68900  -31.602  7.940  -14.459 0.5555555820
65063  -25.662  2.266  -12.145 0.2222222239
70375  -31.091  9.319  -16.109 0.5555555820
48224  -25.079  -16.186  -7.547 0.5555555820
48234  -25.547  -15.796  -8.095 0.5555555820
49244  -25.620  -14.887  -8.429 0.6666666865
50152  -26.054  -14.098  -8.993 0.5555555820
49256  -26.770  -14.625  -9.411 0.5555555820
51090  -27.806  -12.967  -10.851 0.7777777910
51101  -27.526  -12.312  -11.371 0.8888888955
51074  -27.089  -13.116  -10.368 0.6666666865
51089  -27.032  -12.432  -10.865 0.8888888955
51982  -27.803  -11.948  -11.638 0.7777777910
52007  -28.110  -11.485  -12.127 0.7777777910
53691  -28.297  -11.562  -13.135 0.8888888955
49208  -24.389  -15.383  -6.237 0.4444444478
51046  -24.151  -13.032  -7.446 0.5555555820
53704  -28.391  -10.800  -13.992 1.0000000000
51928  -23.832  -12.206  -7.240 0.2222222239
51957  -24.704  -11.453  -8.700 0.6666666865
106790  -28.460  -8.889  -14.149 0.8888888955
55338  -28.718  -8.081  -13.701 0.6666666865
98810  -27.874  -6.656  -14.117 0.7777777910
103803  -28.310  -6.609  -13.081 0.6666666865
53631  -24.244  -10.718  -8.464 0.5555555820
57020  -28.513  -5.848  -12.767 0.6666666865
55286  -24.304  -9.272  -9.328 0.4444444478
57855  -29.248  -5.222  -12.525 0.5555555820
100863  -24.244  -6.553  -10.617 0.2222222239
59632  -30.168  -3.564  -12.848 0.5555555820
57825  -22.424  -6.105  -12.084 0.4444444478
60663  -30.830  -1.918  -12.660 0.5555555820
58700  -24.321  -5.133  -9.957 0.3333333433
61640  -31.190  -1.307  -12.692 0.5555555820
62506  -31.266  0.080  -13.292 0.4444444478
64240  -31.458  1.046  -13.317 0.5555555820
108134  -31.090  2.724  -12.499 0.4444444478
64232  -25.164  1.030  -11.232 0.3333333433
63341  -25.074  0.306  -11.279 0.3333333433
66579  -30.761  3.977  -13.198 0.4444444478
68182  -31.430  6.695  -13.810 0.4444444478
105955  -31.825  9.557  -15.568 0.2222222239
99121  -25.239  2.578  -13.187 0.3333333433
108788  -28.990  5.199  -15.714 0.6666666865
68208  -29.945  6.468  -16.106 0.6666666865
69626  -30.297  7.816  -16.363 0.6666666865
99345  -30.534  7.040  -15.762 0.6666666865
70388  -30.403  9.189  -17.172 0.6666666865
71061  -30.839  10.038  -16.920 0.4444444478
97292  -30.886  10.976  -17.178 0.3333333433
65826  -25.150  3.701  -15.642 0.5555555820
50136  -24.490  -14.226  -7.424 0.5555555820
49234  -25.018  -15.158  -7.795 0.5555555820
49245  -26.311  -15.076  -8.957 0.6666666865
50164  -25.824  -13.160  -9.103 0.7777777910
51969  -26.476  -11.937  -10.653 0.8888888955
51968  -26.016  -11.543  -10.090 1.0000000000
52005  -27.197  -12.057  -11.927 1.0000000000
51993  -26.857  -11.994  -11.718 0.8888888955
51981  -27.091  -12.067  -11.579 0.8888888955
116904  -24.309  -14.516  -6.711 0.4444444478
51942  -24.687  -12.019  -8.467 0.8888888955
52004  -26.616  -11.753  -11.653 1.0000000000
52839  -27.480  -12.241  -12.521 1.0000000000
52827  -25.821  -11.224  -11.640 1.0000000000
52840  -28.179  -11.629  -12.220 1.0000000000
53689  -26.321  -11.420  -13.593 1.0000000000
51941  -24.100  -11.687  -7.843 0.6666666865
52791  -25.357  -11.266  -9.493 1.0000000000
52790  -24.716  -11.018  -8.938 0.8888888955
53647  -24.679  -10.579  -9.213 0.8888888955
54523  -24.903  -10.165  -10.251 1.0000000000
104233  -25.840  -10.753  -11.218 1.0000000000
54533  -24.755  -10.703  -11.827 1.0000000000
53678  -25.438  -11.059  -11.828 1.0000000000
54556  -26.103  -10.015  -13.836 1.0000000000
54558  -28.067  -9.635  -14.310 0.8888888955
55335  -26.157  -9.130  -14.040 1.0000000000
55333  -24.073  -8.667  -13.989 1.0000000000
113286  -23.336  -8.404  -13.723 1.0000000000
55334  -25.127  -8.764  -14.093 1.0000000000
55336  -27.140  -8.578  -14.196 1.0000000000
55337  -27.955  -8.516  -14.334 0.8888888955
98801  -27.620  -7.637  -14.315 0.7777777910
54507  -24.528  -9.598  -9.894 0.5555555820
54508  -24.606  -10.091  -9.562 0.6666666865
55323  -23.423  -8.685  -13.201 1.0000000000
55310  -23.586  -8.987  -12.087 0.8888888955
55332  -22.512  -7.984  -14.054 1.0000000000
56158  -22.355  -7.569  -14.547 1.0000000000
56141  -23.317  -7.356  -14.257 1.0000000000
57016  -23.629  -6.585  -14.234 1.0000000000
57869  -26.537  -5.621  -13.561 0.8888888955
57870  -27.749  -5.854  -13.250 0.7777777910
57871  -27.752  -5.721  -13.084 0.6666666865
56107  -24.001  -7.369  -10.783 0.5555555820
55285  -24.351  -8.536  -9.970 0.5555555820
56118  -23.128  -6.829  -11.604 0.6666666865
113579  -22.847  -7.202  -12.225 0.6666666865
55297  -23.840  -8.781  -10.893 0.7777777910
55309  -23.044  -8.042  -12.683 0.7777777910
57004  -21.772  -6.354  -13.349 0.7777777910
57853  -19.934  -5.289  -14.471 0.6666666865
57865  -19.277  -5.343  -14.908 0.8888888955
56140  -19.825  -7.560  -14.901 0.8888888955
57864  -19.384  -6.123  -15.275 0.8888888955
55322  -22.728  -8.011  -13.602 0.8888888955
55331  -20.635  -8.298  -14.783 1.0000000000
102556  -19.975  -6.419  -15.604 0.8888888955
118340  -20.747  -5.765  -15.328 1.0000000000
57886  -22.820  -5.302  -14.968 1.0000000000
58762  -25.399  -4.488  -14.340 0.8888888955
58763  -26.272  -4.363  -13.687 0.8888888955
58764  -27.027  -4.931  -13.104 0.7777777910
57872  -28.354  -5.125  -12.783 0.7777777910
59660  -28.949  -3.969  -13.262 0.6666666865
58740  -29.442  -4.785  -12.759 0.5555555820
109159  -29.321  -3.815  -13.282 0.6666666865
57841  -21.760  -5.557  -12.705 0.5555555820
56980  -24.081  -6.413  -11.586 0.3333333433
56979  -22.721  -6.217  -11.907 0.3333333433
56994  -22.276  -6.294  -12.198 0.6666666865
101585  -20.347  -3.525  -14.113 0.6666666865
58760  -19.617  -4.413  -14.641 0.7777777910
58776  -20.095  -4.528  -15.288 0.8888888955
57885  -21.628  -5.536  -15.097 1.0000000000
105468  -22.818  -3.744  -15.238 1.0000000000
58779  -25.947  -3.582  -14.455 0.7777777910
107796  -28.293  -3.788  -13.296 0.7777777910
60686  -19.462  -2.177  -15.055 0.8888888955
109495  -23.915  -2.044  -15.525 1.0000000000
60676  -29.548  -2.815  -13.045 0.7777777910
61658  -21.298  -1.377  -14.191 0.8888888955
61666  -23.928  -1.873  -15.258 1.0000000000
60672  -25.041  -2.794  -14.689 0.8888888955
60674  -28.402  -2.673  -13.156 0.7777777910
62505  -31.035  -0.344  -13.469 0.5555555820
59615  -24.598  -4.460  -12.417 0.5555555820
60642  -24.316  -3.722  -12.414 0.6666666865
114603  -26.229  -3.937  -13.244 1.0000000000
62512  -29.549  -0.584  -13.344 0.8888888955
62514  -30.993  -0.022  -13.954 0.6666666865
60643  -24.652  -3.118  -11.541 0.5555555820
59630  -25.237  -3.696  -12.008 1.0000000000
60644  -25.106  -2.328  -11.571 0.7777777910
60661  -26.598  -2.739  -12.603 0.8888888955
60660  -25.779  -2.673  -12.169 0.7777777910
65073  -31.237  1.927  -12.892 0.5555555820
62495  -24.667  -0.460  -11.022 0.5555555820
61625  -24.932  -1.250  -11.227 0.5555555820
62503  -26.178  -0.477  -12.458 0.6666666865
62510  -27.597  -0.408  -13.044 0.7777777910
65083  -29.653  2.191  -14.954 0.6666666865
65084  -30.403  2.384  -14.296 0.5555555820
65813  -30.928  3.316  -12.785 0.4444444478
63350  -26.679  1.123  -13.019 0.6666666865
63359  -26.989  1.167  -13.742 0.7777777910
67408  -30.587  5.538  -15.009 0.6666666865
65071  -25.586  2.004  -13.800 0.5555555820
65089  -25.574  2.612  -15.493 0.6666666865
65828  -29.208  3.563  -15.545 0.6666666865
67419  -30.227  5.808  -15.559 0.6666666865
61609  -24.126  -1.672  -10.111 0.3333333433
57826  -23.996  -6.196  -12.225 0.4444444478
58715  -24.690  -5.133  -11.208 0.4444444478
96953  -30.450  11.160  -17.997 0.3333333433
51102  -28.331  -12.378  -11.292 0.6666666865
48223  -24.651  -16.077  -6.867 0.4444444478
48211  -24.860  -16.841  -7.032 0.5555555820
53705  -28.818  -10.526  -13.348 0.7777777910
50135  -23.985  -13.627  -6.770 0.4444444478
56144  -28.501  -7.113  -13.458 0.6666666865
56106  -23.827  -6.641  -11.460 0.3333333433
56093  -24.199  -7.288  -9.821 0.3333333433
56080  -23.963  -7.173  -9.014 0.1111111119
106895  -24.140  -6.566  -9.745 0.1111111119
101209  -24.381  -4.378  -10.007 0.3333333433
59602  -24.518  -3.724  -10.598 0.3333333433
62480  -24.105  -0.126  -10.554 0.3333333433
96808  -30.310  10.323  -17.989 0.4444444478
107503  -28.913  -16.981  -8.911 0.4444444478
48239  -30.181  -16.765  -8.579 0.2222222239
47377  -26.526  -17.319  -8.190 0.4444444478
47386  -26.627  -16.795  -8.490 0.4444444478
48235  -26.320  -15.918  -8.552 0.4444444478
48236  -27.182  -16.483  -8.866 0.4444444478
48247  -27.777  -16.094  -9.246 0.4444444478
49258  -28.693  -15.438  -9.595 0.4444444478
49247  -30.152  -15.916  -9.038 0.2222222239
49257  -27.682  -15.238  -9.572 0.4444444478
49260  -30.384  -15.000  -9.278 0.1111111119
50153  -30.976  -14.555  -8.969 0.1111111119
50167  -28.191  -14.510  -9.896 0.4444444478
99344  -29.908  -14.450  -9.707 0.3333333433
50166  -27.330  -14.096  -9.839 0.4444444478
50168  -29.084  -14.590  -9.874 0.3333333433
50183  -29.450  -13.752  -10.189 0.3333333433
50169  -30.635  -14.214  -9.513 0.2222222239
50182  -28.545  -13.730  -10.242 0.4444444478
50181  -27.779  -13.683  -10.211 0.4444444478
51104  -30.115  -12.746  -11.457 0.2222222239
51970  -30.645  -12.678  -11.068 0.1111111119
51971  -31.340  -12.314  -10.505 0.1111111119
51103  -29.379  -12.495  -11.318 0.3333333433
106990  -29.748  -12.238  -12.008 0.3333333433
51995  -28.372  -11.585  -11.881 0.4444444478
52829  -28.655  -11.331  -12.396 0.5555555820
52842  -28.902  -10.756  -12.840 0.6666666865
118357  -30.243  -10.571  -12.636 0.4444444478
53693  -28.719  -10.194  -12.967 0.6666666865
101784  -29.982  -8.881  -12.128 0.3333333433
54534  -29.092  -8.913  -12.653 0.5555555820
54560  -28.860  -9.268  -13.188 0.6666666865
55324  -28.777  -8.163  -12.792 0.5555555820
55311  -28.957  -8.053  -12.533 0.5555555820
100785  -29.257  -8.921  -12.554 0.4444444478
56120  -29.069  -7.315  -12.455 0.3333333433
55339  -28.717  -8.400  -12.959 0.5555555820
57005  -28.923  -6.414  -12.532 0.4444444478
57843  -29.342  -5.735  -12.515 0.5555555820
66599  -28.127  4.528  -15.681 0.5555555820
115708  -27.863  5.485  -15.693 0.5555555820
67418  -29.459  5.800  -15.822 0.5555555820
113917  -29.664  7.780  -16.732 0.5555555820
70387  -29.966  8.937  -17.540 0.5555555820
96804  -30.037  10.374  -19.107 0.5555555820
47388  -28.576  -17.634  -8.580 0.4444444478
51093  -30.499  -13.203  -10.673 0.2222222239
51997  -29.896  -11.897  -12.496 0.4444444478
51984  -30.264  -12.340  -11.925 0.3333333433
51996  -29.147  -11.697  -12.157 0.4444444478
53680  -29.369  -10.418  -12.839 0.4444444478
56995  -29.467  -6.583  -12.358 0.3333333433
59633  -30.869  -3.062  -12.044 0.4444444478
68207  -28.749  6.564  -16.103 0.5555555820
102051  -28.164  7.400  -16.228 0.5555555820
53672  -30.446  -10.568  -12.097 0.2222222239
97039  -30.095  9.524  -17.872 0.5555555820
46473  -27.466  -18.572  -7.602 0.4444444478
47378  -27.937  -18.120  -8.106 0.4444444478
110767  -28.725  -18.301  -8.124 0.4444444478
47380  -30.007  -17.408  -7.878 0.2222222239
106915  -30.423  -17.055  -7.101 0.1111111119
47376  -25.993  -17.631  -7.674 0.4444444478
106607  -26.970  -17.903  -7.921 0.4444444478
49248  -30.750  -15.247  -8.679 0.1111111119
48226  -30.543  -16.594  -7.695 0.1111111119
50154  -31.602  -14.216  -8.657 0.1111111119
51075  -30.974  -13.622  -9.952 0.1111111119
111446  -31.853  -12.660  -9.808 0.1111111119
52792  -31.964  -11.794  -9.919 0.1111111119
52808  -31.414  -11.411  -10.560 0.1111111119
54509  -31.011  -10.109  -11.294 0.2222222239
55298  -30.245  -8.080  -11.794 0.1111111119
54524  -30.567  -9.615  -11.830 0.2222222239
56121  -29.774  -7.336  -12.061 0.2222222239
56981  -30.396  -6.604  -11.884 0.2222222239
110010  -29.956  -6.013  -12.365 0.3333333433
58741  -30.123  -4.323  -12.760 0.4444444478
59616  -30.785  -3.823  -12.001 0.3333333433
100873  -31.586  -2.679  -11.498 0.3333333433
60662  -30.272  -2.756  -12.687 0.4444444478
118120  -31.048  -2.482  -12.198 0.3333333433
61624  -24.232  -0.954  -10.583 0.4444444478
63351  -31.337  0.556  -13.776 0.4444444478
66592  -31.324  4.677  -12.859 0.3333333433
97094  -30.327  11.191  -19.122 0.5555555820
67407  -26.491  5.312  -15.970 0.5555555820
68904  -29.122  7.307  -16.568 0.5555555820
70406  -29.597  9.688  -18.217 0.5555555820
97217  -29.251  10.631  -19.386 0.5555555820
108227  -26.967  6.265  -16.001 0.5555555820
48225  -25.846  -16.728  -8.103 0.4444444478
52841  -28.649  -11.269  -12.646 0.6666666865
56145  -28.548  -7.483  -12.988 0.5555555820
100419  -28.593  -6.782  -12.842 0.5555555820
67392  -31.228  5.378  -13.287 0.3333333433
51091  -28.922  -13.010  -10.735 0.3333333433
48237  -28.070  -16.845  -8.942 0.4444444478
48238  -29.610  -16.646  -9.043 0.4444444478
47389  -29.537  -17.343  -8.637 0.3333333433
48248  -28.665  -16.270  -9.203 0.4444444478
47387  -27.390  -17.346  -8.504 0.4444444478
49246  -26.992  -15.624  -9.138 0.4444444478
117189  -28.192  -15.800  -9.428 0.4444444478
48249  -29.371  -15.938  -9.280 0.4444444478
49259  -29.645  -15.292  -9.526 0.4444444478
50170  -31.338  -13.959  -9.292 0.1111111119
114363  -31.231  -14.740  -8.457 0.1111111119
51092  -29.863  -13.185  -10.840 0.3333333433
50184  -30.229  -13.720  -10.110 0.2222222239
52807  -30.823  -11.989  -11.277 0.1111111119
51983  -28.835  -11.946  -11.650 0.3333333433
52830  -29.266  -11.257  -12.655 0.4444444478
54535  -29.833  -9.781  -12.592 0.3333333433
52820  -30.418  -11.607  -12.086 0.3333333433
54525  -30.901  -8.856  -11.442 0.1111111119
115208  -29.306  -9.639  -12.748 0.4444444478
54546  -28.949  -9.074  -12.876 0.5555555820
53679  -29.026  -9.841  -12.885 0.5555555820
56131  -28.791  -7.388  -12.683 0.5555555820
55312  -29.387  -8.102  -12.233 0.3333333433
57844  -29.951  -5.214  -12.388 0.4444444478
67417  -28.299  6.008  -15.770 0.5555555820
69632  -29.711  8.416  -17.125 0.5555555820
51094  -31.229  -13.064  -10.343 0.1111111119
53660  -30.911  -11.033  -11.258 0.2222222239
46474  -28.408  -18.803  -7.702 0.4444444478
47379  -29.331  -17.980  -8.156 0.4444444478
108849  -29.591  -18.058  -7.512 0.2222222239
47367  -25.301  -17.530  -7.085 0.4444444478
99692  -30.625  -15.935  -8.241 0.1111111119
105193  -28.168  -24.376  -4.171 0.1111111119
42967  -26.032  -22.257  -5.518 0.3333333433
42067  -27.558  -23.557  -5.374 0.2222222239
42052  -28.041  -23.937  -4.906 0.2222222239
41233  -28.678  -23.785  -4.222 0.1111111119
42053  -28.872  -23.216  -4.504 0.1111111119
44753  -25.050  -20.327  -5.602 0.3333333433
43907  -24.648  -21.057  -5.105 0.3333333433
43885  -25.124  -22.018  -5.093 0.3333333433
111537  -27.145  -21.703  -6.175 0.3333333433
43910  -27.740  -22.056  -6.209 0.3333333433
43911  -28.400  -22.257  -5.950 0.2222222239
42970  -28.359  -22.933  -5.256 0.2222222239
46415  -24.112  -18.737  -5.167 0.2222222239
45570  -24.380  -19.424  -5.393 0.2222222239
43908  -25.529  -21.339  -5.545 0.3333333433
43909  -26.421  -21.585  -5.891 0.3333333433
46456  -24.821  -17.993  -6.077 0.2222222239
46439  -24.658  -18.699  -5.721 0.3333333433
45571  -25.178  -19.423  -5.887 0.3333333433
46457  -25.397  -18.645  -6.342 0.3333333433
45586  -26.003  -19.451  -6.350 0.3333333433
44768  -25.738  -20.036  -6.001 0.3333333433
44769  -27.384  -20.445  -6.518 0.3333333433
45587  -27.015  -19.573  -6.743 0.3333333433
44770  -28.248  -20.693  -6.527 0.3333333433
114197  -28.023  -19.959  -6.923 0.3333333433
44771  -28.922  -20.869  -6.237 0.3333333433
47347  -24.497  -17.309  -5.917 0.2222222239
47366  -24.768  -17.378  -6.519 0.3333333433
46471  -25.760  -18.195  -7.018 0.3333333433
46458  -26.304  -18.847  -6.786 0.3333333433
45598  -27.055  -18.914  -7.122 0.3333333433
45599  -27.806  -19.269  -7.304 0.3333333433
45588  -28.898  -20.019  -6.752 0.3333333433
101075  -29.473  -20.142  -5.989 0.1111111119
48194  -24.376  -16.450  -5.622 0.3333333433
48210  -24.516  -16.604  -6.370 0.3333333433
106763  -25.348  -17.034  -7.557 0.3333333433
46472  -26.566  -18.365  -7.375 0.3333333433
45600  -28.594  -19.438  -7.301 0.3333333433
46475  -29.151  -18.658  -7.691 0.3333333433
57827  -30.554  -5.629  -11.802 0.2222222239
58725  -30.642  -4.691  -11.841 0.2222222239
99681  -31.414  -0.781  -12.548 0.3333333433
61626  -31.628  -1.515  -11.967 0.2222222239
42946  -26.509  -23.157  -5.450 0.3333333433
42066  -27.144  -23.192  -5.583 0.3333333433
42947  -29.125  -22.667  -4.785 0.1111111119
43925  -26.841  -21.005  -6.219 0.3333333433
43926  -27.637  -21.261  -6.357 0.3333333433
43927  -28.360  -21.533  -6.294 0.3333333433
45601  -29.168  -19.283  -7.238 0.3333333433
41214  -27.550  -25.008  -4.018 0.1111111119
42944  -24.777  -22.780  -4.691 0.3333333433
42945  -25.664  -23.010  -5.138 0.3333333433
42049  -25.417  -23.739  -4.668 0.3333333433
42050  -26.204  -23.997  -5.148 0.3333333433
42051  -26.918  -23.942  -5.389 0.3333333433
106474  -27.308  -24.327  -5.203 0.3333333433
41196  -28.379  -24.642  -3.333 0.1111111119
43928  -28.987  -21.654  -5.895 0.1111111119
45589  -29.559  -19.419  -6.492 0.1111111119
46459  -29.651  -18.561  -6.865 0.1111111119
59617  -31.583  -3.377  -11.390 0.2222222239
100239  -31.687  -0.178  -12.199 0.2222222239
50120  -24.053  -14.191  -6.211 0.2222222239
52774  -24.212  -11.185  -8.189 0.5555555820
60646  -32.040  -2.410  -11.218 0.2222222239
41215  -28.987  -24.106  -3.674 0.1111111119
41232  -27.426  -24.778  -4.842 0.1111111119
44752  -24.208  -20.157  -4.984 0.2222222239
114715  -24.002  -20.756  -4.634 0.2222222239
42968  -26.965  -22.420  -5.883 0.3333333433
42969  -27.701  -22.753  -5.757 0.3333333433
44754  -25.990  -20.763  -5.953 0.3333333433
42971  -29.017  -22.257  -5.360 0.1111111119
46438  -24.514  -18.039  -5.495 0.2222222239
108604  -25.206  -17.950  -6.597 0.3333333433
106186  -26.487  -20.212  -6.297 0.3333333433
44755  -29.519  -20.909  -5.570 0.1111111119
47346  -24.425  -17.360  -5.367 0.2222222239
40424  -26.767  -25.380  -3.659 0.1111111119
41230  -25.864  -24.773  -4.727 0.3333333433
41231  -26.673  -24.841  -5.100 0.3333333433
58726  -31.509  -4.217  -11.360 0.1111111119
59605  -32.494  -3.226  -10.690 0.1111111119
59604  -32.197  -3.805  -10.999 0.1111111119
60635  -32.515  -2.452  -10.868 0.1111111119
60645  -31.528  -2.053  -11.919 0.1111111119
61615  -32.563  -1.760  -10.891 0.1111111119
61627  -32.073  -1.948  -11.338 0.1111111119
65065  -31.364  2.467  -11.792 0.2222222239
62497  -31.907  -1.115  -11.446 0.1111111119
62486  -32.054  -0.209  -11.148 0.1111111119
67368  -31.890  4.794  -12.100 0.1111111119
66580  -31.440  4.024  -12.362 0.2222222239
68172  -31.770  6.126  -13.000 0.1111111119
65802  -31.371  3.331  -11.904 0.1111111119
68173  -32.566  6.570  -12.498 0.1111111119
66598  -26.522  4.095  -15.968 0.4444444478
68889  -31.745  7.540  -13.900 0.1111111119
67406  -25.200  5.570  -15.490 0.4444444478
70361  -32.477  9.710  -15.244 0.1111111119
68916  -29.166  8.195  -16.818 0.4444444478
73037  -30.283  12.047  -19.096 0.3333333433
96913  -30.446  11.501  -18.546 0.2222222239
110956  -30.638  11.995  -17.699 0.1111111119
71052  -31.684  10.860  -16.206 0.1111111119
71726  -31.513  11.656  -16.331 0.1111111119
69631  -29.232  8.739  -17.149 0.4444444478
68903  -28.421  8.057  -16.403 0.4444444478
113955  -27.944  10.053  -18.015 0.4444444478
69637  -29.499  9.055  -17.513 0.4444444478
110900  -27.688  10.733  -18.888 0.4444444478
96990  -29.333  10.019  -19.008 0.4444444478
72366  -27.770  11.617  -19.217 0.4444444478
73036  -28.120  12.612  -19.335 0.4444444478
73674  -27.868  13.465  -19.467 0.2222222239
113639  -29.136  13.072  -19.685 0.2222222239
73682  -28.200  14.276  -20.084 0.2222222239
73675  -28.989  13.855  -19.853 0.2222222239
73043  -21.813  12.735  -19.250 0.1111111119
71758  -23.238  10.001  -21.763 0.1111111119
73069  -28.190  14.093  -21.199 0.1111111119
67390  -24.818  6.474  -14.779 0.4444444478
68192  -24.958  7.573  -15.326 0.4444444478
68193  -25.958  7.284  -16.186 0.4444444478
68898  -27.514  8.192  -15.834 0.3333333433
70386  -29.002  9.230  -17.152 0.4444444478
96909  -27.388  10.483  -17.927 0.4444444478
73023  -27.066  12.692  -18.400 0.4444444478
114092  -26.922  11.305  -18.471 0.4444444478
72356  -27.071  11.960  -18.631 0.4444444478
73035  -27.089  12.726  -19.006 0.4444444478
73022  -26.404  13.597  -18.699 0.3333333433
117958  -26.188  13.731  -19.693 0.3333333433
73046  -25.674  13.497  -20.578 0.1111111119
73047  -26.467  13.743  -20.496 0.1111111119
72376  -25.794  12.886  -21.503 0.1111111119
73048  -27.411  14.080  -20.501 0.2222222239
73058  -26.619  13.693  -21.100 0.1111111119
113826  -25.540  11.996  -22.155 0.1111111119
69625  -28.096  8.683  -15.939 0.3333333433
97002  -27.634  10.507  -17.451 0.3333333433
72351  -26.744  11.791  -17.994 0.3333333433
107193  -26.539  13.291  -18.901 0.4444444478
73034  -25.840  13.786  -19.457 0.2222222239
72375  -25.155  12.380  -21.201 0.1111111119
73033  -25.290  14.030  -19.589 0.1111111119
72365  -24.215  12.903  -20.114 0.1111111119
71752  -24.597  11.058  -21.050 0.1111111119
73032  -24.463  13.714  -19.995 0.1111111119
72364  -23.278  11.818  -19.511 0.1111111119
72373  -23.852  10.612  -20.003 0.1111111119
70373  -28.503  9.085  -16.379 0.3333333433
69615  -28.250  9.171  -15.360 0.3333333433
115354  -28.757  9.933  -16.852 0.3333333433
96800  -27.141  11.102  -17.245 0.3333333433
73014  -27.112  12.687  -18.135 0.2222222239
73021  -25.737  13.990  -18.845 0.2222222239
73662  -25.538  14.545  -18.839 0.1111111119
73672  -23.922  14.269  -19.642 0.1111111119
112317  -21.958  11.849  -18.808 0.1111111119
74860  -21.222  15.997  -17.336 0.1111111119
69604  -26.713  9.120  -13.628 0.1111111119
70358  -27.702  9.500  -14.258 0.1111111119
100076  -28.782  9.851  -16.034 0.2222222239
99546  -28.675  10.968  -16.848 0.2222222239
105631  -27.587  10.860  -17.150 0.3333333433
96801  -28.170  11.496  -17.081 0.2222222239
96803  -27.122  11.878  -17.654 0.3333333433
96802  -27.760  11.970  -17.367 0.3333333433
73015  -27.552  13.110  -17.680 0.2222222239
100195  -27.120  13.922  -17.988 0.1111111119
74275  -27.128  14.905  -17.734 0.1111111119
97555  -26.602  14.704  -18.176 0.1111111119
74289  -25.760  15.408  -18.514 0.1111111119
73661  -24.820  14.462  -19.606 0.1111111119
105858  -23.777  14.977  -19.447 0.1111111119
74287  -22.989  15.267  -18.674 0.1111111119
73659  -22.205  13.983  -18.700 0.1111111119
73680  -21.917  13.697  -19.287 0.1111111119
104592  -22.402  13.882  -20.371 0.1111111119
70359  -28.762  9.744  -14.956 0.1111111119
70349  -28.388  10.108  -13.686 0.1111111119
71721  -29.427  10.932  -15.394 0.1111111119
73000  -29.711  13.290  -16.292 0.1111111119
97260  -29.106  13.562  -16.978 0.1111111119
105460  -28.232  12.889  -17.351 0.2222222239
73651  -28.342  13.743  -17.331 0.1111111119
74276  -27.931  15.324  -17.428 0.1111111119
102696  -26.635  15.508  -18.005 0.1111111119
74851  -26.953  16.195  -17.852 0.1111111119
103398  -25.372  16.077  -18.383 0.1111111119
71041  -29.612  11.137  -14.441 0.1111111119
70345  -29.523  10.294  -12.910 0.1111111119
97084  -29.827  11.664  -14.852 0.1111111119
110913  -30.018  12.876  -15.726 0.1111111119
97297  -30.198  13.665  -15.457 0.1111111119
96807  -29.731  14.214  -16.262 0.1111111119
74266  -28.585  15.119  -17.049 0.1111111119
71718  -30.325  11.814  -13.771 0.1111111119
71714  -30.467  11.432  -12.880 0.1111111119
110899  -30.225  12.534  -14.353 0.1111111119
59618  -32.148  -2.972  -11.033 0.1111111119
63333  -31.930  0.521  -11.766 0.1111111119
64224  -32.003  1.203  -11.337 0.1111111119
68183  -32.141  7.027  -13.244 0.1111111119
97257  -29.697  11.640  -19.498 0.4444444478
72367  -28.943  12.139  -19.735 0.3333333433
73024  -29.844  12.767  -19.380 0.2222222239
96809  -30.284  12.862  -18.966 0.1111111119
101206  -29.931  13.670  -18.888 0.1111111119
117045  -32.189  11.528  -15.653 0.1111111119
70398  -29.263  9.548  -17.726 0.4444444478
71759  -24.111  10.764  -22.305 0.1111111119
72391  -25.239  12.357  -22.151 0.1111111119
110939  -26.697  11.064  -17.756 0.3333333433
71742  -21.589  10.018  -18.212 0.1111111119
96806  -28.835  12.534  -17.015 0.2222222239
73641  -29.022  14.578  -16.912 0.1111111119
96810  -30.330  14.061  -14.503 0.1111111119
97128  -30.383  13.452  -13.910 0.1111111119
59593  -32.849  -3.579  -10.052 0.1111111119
100983  -31.782  1.005  -12.326 0.2222222239
111354  -32.082  8.231  -14.019 0.1111111119
108570  -25.531  4.690  -15.777 0.4444444478
68206  -27.411  7.171  -16.125 0.4444444478
97138  -28.223  9.970  -17.749 0.4444444478
71036  -29.284  10.647  -13.958 0.1111111119
71032  -30.089  10.809  -12.954 0.1111111119
96968  -29.913  12.259  -15.366 0.1111111119
116866  -30.172  13.155  -14.860 0.1111111119
57828  -31.338  -5.161  -11.187 0.1111111119
58716  -31.992  -4.657  -10.948 0.1111111119
114021  -32.529  -3.887  -10.572 0.1111111119
105353  -33.499  -3.145  -9.425 0.1111111119
61598  -33.363  -1.622  -9.981 0.1111111119
61616  -32.993  -1.495  -10.403 0.1111111119
62471  -33.289  -0.824  -9.774 0.1111111119
115996  -32.415  -0.128  -10.599 0.1111111119
65052  -31.728  2.156  -10.766 0.1111111119
64225  -32.341  1.490  -10.292 0.1111111119
63334  -32.336  0.561  -10.689 0.1111111119
102740  -32.386  5.009  -11.319 0.1111111119
68879  -32.803  7.260  -12.782 0.1111111119
68890  -32.524  7.863  -13.372 0.1111111119
69618  -32.892  8.897  -14.127 0.1111111119
73642  -30.406  13.807  -17.888 0.1111111119
72340  -32.251  12.320  -15.658 0.1111111119
116396  -24.706  5.673  -14.499 0.4444444478
101699  -25.570  6.428  -15.844 0.4444444478
73684  -29.819  14.574  -21.199 0.1111111119
73700  -27.395  14.227  -21.341 0.1111111119
68180  -24.659  7.499  -13.791 0.2222222239
68897  -26.045  8.434  -15.501 0.3333333433
68888  -24.865  8.565  -14.220 0.2222222239
69614  -27.177  8.871  -14.883 0.2222222239
109017  -24.711  12.641  -22.295 0.1111111119
69593  -25.515  8.784  -13.062 0.1111111119
113551  -28.577  9.475  -15.939 0.2222222239
73056  -22.418  13.104  -20.842 0.1111111119
102021  -22.723  14.705  -20.972 0.1111111119
69585  -26.496  8.308  -12.209 0.1111111119
70337  -28.036  9.390  -12.183 0.1111111119
70344  -28.695  9.935  -12.601 0.1111111119
74886  -21.911  15.722  -19.719 0.1111111119
69587  -28.459  9.258  -11.202 0.1111111119
97650  -29.705  10.025  -11.973 0.1111111119
75557  -26.371  16.795  -17.871 0.1111111119
75566  -25.427  17.393  -18.058 0.1111111119
75565  -23.619  17.512  -19.293 0.1111111119
100325  -23.334  17.675  -19.395 0.1111111119
74261  -29.581  15.151  -15.769 0.1111111119
74853  -29.061  16.731  -17.225 0.1111111119
64234  -31.630  1.594  -12.090 0.1111111119
110820  -30.894  11.798  -17.103 0.1111111119
71744  -28.677  11.256  -19.609 0.4444444478
67379  -31.725  5.328  -12.648 0.2222222239
60636  -33.056  -2.062  -10.512 0.1111111119
62487  -32.531  -0.839  -10.578 0.1111111119
67380  -32.371  5.655  -12.119 0.1111111119
66569  -31.809  4.166  -11.260 0.1111111119
71053  -32.743  10.792  -15.275 0.1111111119
114330  -30.267  13.478  -18.548 0.1111111119
96970  -31.016  12.663  -16.799 0.1111111119
73673  -27.041  13.708  -19.686 0.2222222239
73049  -28.405  14.129  -20.945 0.2222222239
73683  -29.376  14.251  -20.963 0.1111111119
72381  -21.891  12.181  -20.328 0.1111111119
73658  -21.999  13.509  -18.902 0.1111111119
114889  -24.252  10.098  -22.353 0.1111111119
71086  -22.238  9.940  -18.949 0.1111111119
72382  -22.592  11.964  -21.307 0.1111111119
72389  -23.682  12.342  -22.154 0.1111111119
73701  -28.306  14.364  -21.401 0.1111111119
74310  -29.928  14.427  -20.919 0.1111111119
73059  -27.487  14.019  -20.987 0.2222222239
72392  -26.035  12.979  -21.972 0.2222222239
71051  -28.676  9.504  -16.712 0.3333333433
73045  -24.955  13.300  -20.441 0.2222222239
72374  -24.481  11.980  -20.460 0.1111111119
73031  -23.605  13.205  -19.655 0.1111111119
69603  -26.018  8.816  -14.148 0.1111111119
73650  -26.705  13.638  -18.370 0.1111111119
73663  -26.146  14.487  -18.511 0.1111111119
102494  -24.222  15.018  -19.549 0.1111111119
104356  -22.238  14.750  -18.106 0.1111111119
74285  -21.912  14.871  -17.767 0.1111111119
74286  -22.033  15.271  -16.891 0.1111111119
74298  -21.853  14.669  -18.482 0.1111111119
75553  -21.651  16.610  -16.857 0.1111111119
69594  -26.904  9.000  -12.677 0.1111111119
97844  -29.024  10.408  -16.328 0.1111111119
74274  -26.151  15.503  -18.276 0.1111111119
74299  -24.127  15.791  -19.455 0.1111111119
74861  -22.614  15.863  -17.188 0.1111111119
74863  -24.734  16.331  -19.193 0.1111111119
71040  -29.179  10.353  -15.232 0.1111111119
70348  -27.630  9.553  -13.181 0.1111111119
96805  -29.436  11.328  -15.916 0.1111111119
97283  -29.358  12.073  -16.411 0.1111111119
73640  -27.866  14.405  -17.450 0.1111111119
108268  -27.283  15.609  -17.696 0.1111111119
74852  -28.105  16.256  -17.671 0.1111111119
74850  -26.072  16.113  -17.997 0.1111111119
75556  -25.622  16.636  -17.926 0.1111111119
74864  -25.261  16.653  -18.195 0.1111111119
108027  -29.978  11.201  -13.582 0.1111111119
73636  -30.119  14.549  -15.274 0.1111111119
74267  -29.228  15.405  -16.480 0.1111111119
74842  -29.005  15.936  -16.955 0.1111111119
58717  -32.380  -4.466  -10.573 0.1111111119
60619  -32.934  -2.763  -10.203 0.1111111119
73664  -28.975  14.562  -19.372 0.1111111119
73067  -26.114  13.681  -22.045 0.1111111119
73066  -25.193  13.448  -22.196 0.1111111119
60620  -33.488  -2.233  -9.786 0.1111111119
70338  -29.105  9.664  -11.647 0.1111111119
65789  -31.583  3.226  -10.863 0.1111111119
68164  -32.993  6.252  -11.847 0.1111111119
74865  -28.849  15.254  -19.335 0.1111111119
73699  -26.488  14.285  -21.665 0.1111111119
73065  -24.072  13.409  -22.202 0.1111111119
108341  -25.260  8.135  -12.370 0.1111111119
73057  -23.191  13.185  -21.696 0.1111111119
101181  -25.969  17.510  -17.943 0.1111111119
114872  -24.712  16.949  -19.105 0.1111111119
74838  -29.642  16.157  -15.829 0.1111111119
41229  -25.189  -24.349  -4.273 0.2222222239
54480  -23.844  -10.377  -8.039 0.2222222239
55270  -23.984  -8.958  -8.699 0.2222222239
51045  -23.688  -12.785  -6.779 0.3333333433
53646  -24.196  -9.985  -8.753 0.4444444478
66590  -24.329  4.008  -14.492 0.3333333433
65819  -24.515  3.221  -13.954 0.2222222239
67389  -24.469  5.060  -13.809 0.1111111119
67378  -24.879  6.311  -13.316 0.1111111119
62479  -23.611  -0.620  -9.798 0.1111111119
52773  -23.821  -11.280  -7.562 0.2222222239
64233  -25.348  1.525  -11.352 0.1111111119
65811  -24.946  3.523  -13.023 0.1111111119
66568  -25.083  4.596  -12.695 0.1111111119
51033  -23.715  -13.340  -6.290 0.2222222239
51940  -23.680  -11.708  -7.172 0.2222222239
57810  -24.563  -5.837  -10.815 0.2222222239
56964  -24.290  -6.124  -10.267 0.1111111119
67405  -24.679  4.802  -15.079 0.3333333433
112486  -23.942  -10.915  -7.895 0.2222222239
66578  -24.616  4.296  -13.356 0.1111111119
65047  -25.541  2.009  -11.604 0.1111111119
65064  -25.569  2.738  -12.398 0.1111111119
53661  -31.465  -10.463  -10.618 0.1111111119
41211  -24.562  -24.454  -3.827 0.1111111119
41213  -26.046  -25.397  -4.406 0.1111111119
42027  -23.199  -23.506  -3.034 0.1111111119
42033  -23.901  -23.519  -3.653 0.1111111119
42937  -23.965  -22.651  -4.147 0.1111111119
43884  -24.101  -21.727  -4.640 0.1111111119
43883  -23.521  -20.882  -4.115 0.1111111119
50113  -23.885  -13.978  -5.896 0.1111111119
97397  -23.724  -9.502  -8.175 0.1111111119
59588  -23.914  -3.331  -9.381 0.2222222239
60613  -23.561  -2.255  -8.971 0.2222222239
98357  -24.202  -8.181  -9.194 0.1111111119
41195  -23.103  -24.310  -2.660 0.1111111119
41212  -25.264  -25.229  -4.144 0.1111111119
42936  -23.241  -22.554  -3.426 0.1111111119
43878  -23.436  -21.759  -3.887 0.1111111119
44730  -23.573  -20.070  -4.425 0.1111111119
45546  -23.759  -19.380  -4.817 0.1111111119
101124  -23.594  -12.678  -6.411 0.1111111119
112905  -23.560  -9.938  -7.517 0.1111111119
59572  -23.438  -3.399  -8.597 0.2222222239
60612  -23.298  -1.523  -8.588 0.2222222239
62465  -23.337  -0.791  -8.917 0.1111111119
100620  -26.880  -25.236  -4.598 0.1111111119
40422  -24.404  -25.519  -3.533 0.1111111119
61608  -23.597  -1.477  -9.315 0.2222222239
107900  -23.806  -4.321  -9.208 0.2222222239
46414  -23.749  -18.818  -4.564 0.1111111119
46437  -24.291  -18.013  -4.895 0.1111111119
49219  -24.198  -14.708  -5.786 0.1111111119
42034  -24.644  -23.556  -4.188 0.1111111119
53612  -23.667  -10.803  -7.502 0.1111111119
52755  -23.553  -11.265  -7.127 0.1111111119
41210  -23.791  -24.470  -3.296 0.1111111119
50103  -24.039  -13.803  -4.732 0.1111111119
104994  -23.498  -2.785  -8.776 0.1111111119
102150  -23.030  -21.703  -3.254 0.1111111119
43877  -23.141  -20.988  -3.351 0.1111111119
111123  -24.235  -14.817  -5.510 0.1111111119
61593  -23.233  -1.022  -8.377 0.1111111119
62448  -23.260  -0.461  -8.624 0.1111111119
63327  -24.459  0.483  -10.573 0.1111111119
63326  -23.674  0.137  -9.897 0.1111111119
51992  -26.533  -11.596  -11.318 1.0000000000
52828  -26.268  -11.539  -11.357 1.0000000000
52831  -29.985  -11.129  -12.676 0.4444444478
53692  -28.730  -11.205  -12.765 0.8888888955
53702  -26.520  -10.631  -13.931 1.0000000000
53703  -27.270  -10.662  -14.085 1.0000000000
54559  -28.716  -9.714  -13.779 0.6666666865
54570  -19.740  -8.571  -16.237 0.8888888955
54571  -20.087  -8.784  -16.233 0.8888888955
55321  -21.889  -7.800  -14.213 1.0000000000
55330  -20.066  -9.008  -15.339 1.0000000000
55349  -19.701  -9.007  -16.193 0.8888888955
55350  -20.433  -8.809  -16.039 1.0000000000
55359  -19.793  -8.392  -16.178 0.8888888955
55360  -20.101  -8.646  -16.193 0.8888888955
56129  -20.991  -6.873  -14.191 0.8888888955
56138  -19.296  -8.424  -15.793 0.8888888955
56139  -19.660  -8.155  -15.313 1.0000000000
56143  -28.290  -7.390  -14.206 0.6666666865
56155  -19.522  -8.317  -16.105 0.8888888955
56156  -20.646  -8.331  -15.597 1.0000000000
56157  -21.386  -7.866  -15.217 1.0000000000
57013  -19.522  -7.893  -15.650 0.8888888955
57014  -19.332  -6.471  -14.991 0.8888888955
57015  -22.840  -6.787  -14.564 1.0000000000
57019  -28.188  -5.974  -12.945 0.6666666865
57029  -20.405  -7.444  -15.563 0.8888888955
57854  -21.089  -5.159  -13.657 0.6666666865
57866  -23.262  -6.003  -14.508 1.0000000000
57884  -19.887  -5.512  -15.435 0.8888888955
58724  -23.773  -5.380  -12.497 0.4444444478
58751  -29.191  -4.337  -13.008 0.5555555820
58766  -28.556  -4.300  -13.042 0.6666666865
58780  -26.787  -3.960  -13.940 0.7777777910
59627  -20.784  -2.495  -13.455 0.7777777910
59654  -19.292  -3.191  -14.919 0.7777777910
59673  -24.583  -2.818  -15.491 0.8888888955
59683  -21.212  -2.516  -15.335 1.0000000000
59684  -21.994  -2.072  -15.307 1.0000000000
60656  -20.804  -1.333  -13.000 0.7777777910
60657  -20.872  -1.612  -13.117 0.7777777910
60658  -21.835  -1.716  -13.479 0.7777777910
60669  -20.670  -2.104  -14.161 0.8888888955
60697  -19.592  -2.546  -15.210 0.8888888955
60699  -22.973  -1.911  -15.520 1.0000000000
60700  -23.074  -1.637  -15.207 1.0000000000
60711  -19.992  -1.043  -16.427 0.8888888955
60712  -21.008  -1.526  -16.010 0.8888888955
61576  -23.164  -1.289  -8.096 0.1111111119
61635  -20.740  -0.948  -12.918 0.8888888955
61645  -20.815  -1.186  -13.327 0.8888888955
61646  -21.216  -1.296  -13.444 0.8888888955
61655  -19.585  -1.222  -15.465 0.8888888955
61656  -19.733  -0.922  -15.240 0.8888888955
61657  -20.536  -0.930  -14.787 0.8888888955
61664  -19.722  -1.640  -15.474 0.8888888955
61665  -20.580  -0.429  -15.329 0.8888888955
61675  -19.425  -0.956  -16.110 0.8888888955
62519  -19.306  -0.724  -15.841 0.8888888955
62520  -19.769  -0.460  -15.507 0.8888888955
63342  -31.511  0.544  -12.817 0.2222222239
64250  -29.619  1.324  -14.235 0.6666666865
68195  -31.075  7.052  -14.695 0.5555555820
68905  -29.992  7.220  -16.452 0.6666666865
69605  -32.595  8.483  -13.832 0.1111111119
69617  -32.281  8.538  -14.483 0.1111111119
69630  -28.778  8.689  -16.681 0.4444444478
70360  -31.875  8.990  -15.223 0.2222222239
70374  -30.328  8.615  -16.790 0.6666666865
70376  -31.810  10.106  -15.855 0.2222222239
70399  -29.718  9.384  -17.780 0.5555555820
70416  -23.902  9.325  -21.108 0.1111111119
70422  -23.998  9.474  -21.570 0.1111111119
71085  -21.464  9.897  -18.840 0.1111111119
71090  -21.602  10.132  -19.572 0.1111111119
71091  -22.299  10.098  -19.958 0.1111111119
71092  -23.319  9.740  -20.344 0.1111111119
71093  -23.832  9.442  -20.805 0.1111111119
71097  -22.218  10.029  -20.792 0.1111111119
71098  -23.340  9.624  -21.187 0.1111111119
71099  -24.046  9.466  -21.488 0.1111111119
71104  -23.911  9.695  -21.871 0.1111111119
71743  -22.562  10.130  -18.573 0.1111111119
71749  -21.203  10.250  -18.803 0.1111111119
71750  -23.320  9.914  -19.920 0.1111111119
71751  -24.211  9.866  -20.826 0.1111111119
71763  -24.327  10.612  -22.336 0.1111111119
72355  -22.126  12.872  -18.884 0.1111111119
72362  -21.592  10.986  -18.452 0.1111111119
72363  -21.983  10.937  -18.282 0.1111111119
72372  -21.600  11.732  -19.295 0.1111111119
72383  -24.518  11.994  -22.279 0.1111111119
72390  -24.745  11.473  -22.449 0.1111111119
73020  -22.801  13.451  -18.932 0.1111111119
73029  -21.826  12.320  -19.015 0.1111111119
73030  -22.488  12.355  -18.931 0.1111111119
73044  -21.820  12.948  -19.882 0.1111111119
73068  -26.643  13.797  -21.313 0.1111111119
73660  -22.906  14.349  -18.788 0.1111111119
73665  -29.482  13.824  -19.378 0.2222222239
73666  -29.968  14.314  -18.418 0.1111111119
73689  -22.894  13.994  -21.328 0.1111111119
73691  -28.983  14.291  -21.275 0.1111111119
74265  -21.688  15.924  -16.586 0.1111111119
74288  -24.902  15.366  -19.142 0.1111111119
74290  -29.263  14.715  -18.830 0.1111111119
74300  -29.053  14.734  -19.935 0.1111111119
74301  -29.296  15.301  -20.204 0.1111111119
74308  -21.965  14.948  -19.357 0.1111111119
74846  -21.457  16.042  -16.739 0.1111111119
74847  -22.007  16.131  -16.516 0.1111111119
74848  -22.390  16.627  -16.857 0.1111111119
74849  -25.639  16.170  -18.133 0.1111111119
74862  -22.991  16.752  -18.578 0.1111111119
74877  -24.177  16.762  -19.403 0.1111111119
75549  -21.743  16.249  -16.614 0.1111111119
75554  -22.104  16.770  -16.715 0.1111111119
75555  -22.484  17.260  -17.572 0.1111111119
76204  -22.113  17.281  -17.344 0.1111111119
76212  -22.444  17.547  -18.113 0.1111111119
76213  -22.562  17.546  -18.157 0.1111111119
96738  -19.791  -8.113  -16.088 0.8888888955
96746  -22.249  -1.573  -13.905 0.8888888955
96747  -23.454  -1.685  -14.667 1.0000000000
96799  -28.275  10.350  -17.186 0.3333333433
97097  -28.773  9.837  -17.428 0.4444444478
97146  -19.619  -0.540  -16.109 0.8888888955
97169  -30.051  9.948  -18.456 0.5555555820
97344  -29.827  9.948  -18.774 0.5555555820
99185  -24.620  11.594  -22.324 0.1111111119
100004  -21.535  15.629  -16.913 0.1111111119
102315  -28.770  -8.908  -13.449 0.6666666865
102488  -32.810  9.120  -14.758 0.1111111119
103544  -19.526  -7.058  -15.069 0.8888888955
103592  -24.238  -2.365  -14.277 1.0000000000
104076  -31.169  5.985  -13.688 0.4444444478
105509  -21.692  -3.630  -15.142 0.8888888955
105659  -21.483  -8.036  -14.542 1.0000000000
105846  -20.770  -1.379  -14.325 0.8888888955
106536  -23.510  16.166  -19.226 0.1111111119
106557  -21.671  10.825  -20.198 0.1111111119
107531  -22.000  -4.592  -15.065 1.0000000000
107702  -23.429  11.067  -22.142 0.1111111119
107767  -19.528  -7.460  -15.186 0.8888888955
107823  -20.203  -2.849  -15.321 1.0000000000
108535  -27.772  -11.649  -11.828 0.7777777910
109298  -28.159  -4.867  -12.893 0.7777777910
110815  -28.840  9.773  -18.420 0.4444444478
110819  -30.426  12.067  -18.779 0.2222222239
110842  -21.676  -1.414  -15.001 1.0000000000
110857  -30.280  10.573  -18.721 0.5555555820
110874  -30.511  12.473  -18.223 0.1111111119
110902  -30.769  13.135  -17.349 0.1111111119
110935  -31.433  12.324  -16.330 0.1111111119
110957  -30.430  12.869  -18.520 0.1111111119
110965  -28.847  9.688  -17.983 0.4444444478
110966  -28.321  10.103  -18.708 0.4444444478
111056  -21.446  15.345  -17.644 0.1111111119
111734  -24.266  14.181  -22.156 0.1111111119
113574  -25.444  -10.626  -11.298 1.0000000000
113822  -24.134  9.918  -22.082 0.1111111119
115011  -20.753  -1.023  -13.104 0.8888888955
115292  -25.406  14.180  -19.051 0.1111111119
116086  -25.682  -12.005  -12.426 1.0000000000
116350  -28.881  -19.089  -7.538 0.3333333433
116599  -30.151  13.969  -15.913 0.1111111119
116830  -22.489  10.673  -21.360 0.1111111119
117164  -27.540  12.409  -17.526 0.3333333433
117580  -21.831  12.978  -19.088 0.1111111119
117901  -24.816  -3.167  -13.733 1.0000000000
118222  -23.670  -5.404  -14.538 1.0000000000
