#!ascii label  , from subject sub-027S6002 vox2ras=TkReg
663
111768  -38.232  -60.756  -3.856 0.5000000000
12644  -38.181  -61.868  -4.525 0.8000000119
12030  -36.773  -63.849  -6.049 0.8000000119
12015  -37.861  -63.498  -5.521 0.8000000119
12651  -37.802  -62.017  -5.567 0.8000000119
13263  -38.829  -60.309  -2.767 0.5000000000
13268  -38.233  -61.182  -4.774 0.6000000238
12653  -35.732  -61.449  -5.577 0.6999999881
12654  -36.250  -61.526  -6.035 0.6999999881
13271  -38.759  -60.475  -5.551 0.6999999881
13911  -38.257  -59.061  -3.034 0.6000000238
104548  -38.443  -59.996  -3.241 0.5000000000
13269  -38.287  -60.084  -4.020 0.6000000238
101233  -35.402  -59.397  -5.252 0.6999999881
113510  -38.966  -60.060  -4.989 0.6000000238
13270  -35.522  -60.375  -5.328 0.6999999881
12655  -37.390  -61.437  -5.894 0.6999999881
13920  -41.554  -59.103  -5.952 0.6000000238
12652  -38.102  -60.889  -5.582 0.8000000119
13276  -39.004  -60.486  -5.867 0.8000000119
13272  -39.835  -60.112  -5.950 0.6999999881
14526  -38.627  -57.734  -3.468 0.4000000060
14528  -39.264  -58.504  -4.502 0.6000000238
115836  -41.020  -58.698  -5.644 0.6000000238
13921  -35.381  -58.854  -5.783 0.6999999881
13273  -35.813  -60.491  -5.834 0.6999999881
13274  -36.650  -60.559  -5.964 0.6999999881
13278  -38.481  -60.085  -6.196 0.6000000238
13280  -40.227  -59.773  -6.109 0.6999999881
15223  -42.065  -57.719  -6.459 0.5000000000
13277  -37.099  -59.702  -6.069 0.6000000238
13926  -38.590  -59.316  -6.386 0.6000000238
13927  -39.760  -59.407  -6.390 0.6000000238
109881  -40.042  -58.727  -6.499 0.6000000238
104660  -39.669  -57.647  -6.562 0.6000000238
15222  -40.630  -57.093  -6.594 0.5000000000
15211  -39.283  -57.160  -4.177 0.4000000060
14525  -35.104  -58.064  -4.795 0.6999999881
14529  -40.444  -58.271  -4.972 0.6000000238
15213  -41.964  -57.181  -5.209 0.6000000238
13922  -35.882  -58.951  -6.131 0.6999999881
14533  -42.476  -58.736  -5.992 0.6000000238
100072  -43.006  -58.210  -6.002 0.5000000000
15224  -43.045  -57.748  -6.146 0.6000000238
13925  -37.208  -58.816  -6.275 0.6999999881
14535  -38.788  -58.373  -6.499 0.6000000238
100052  -41.623  -56.658  -6.621 0.5000000000
15943  -42.728  -56.544  -6.407 0.5000000000
15927  -34.789  -56.136  -4.187 0.6000000238
111577  -39.640  -56.115  -4.243 0.5000000000
15931  -40.683  -56.087  -4.707 0.5000000000
15207  -34.900  -57.046  -4.563 0.6999999881
15212  -40.516  -57.137  -4.814 0.5000000000
15932  -42.115  -56.104  -5.046 0.5000000000
110278  -42.656  -54.848  -5.223 0.4000000060
14527  -34.970  -58.056  -5.605 0.6999999881
16701  -42.969  -55.804  -5.496 0.5000000000
14531  -35.293  -58.228  -5.889 0.6999999881
117575  -43.383  -55.316  -5.721 0.5000000000
14532  -36.199  -58.259  -6.121 0.6999999881
14534  -37.292  -57.867  -6.352 0.6000000238
15219  -43.311  -56.988  -5.993 0.5000000000
104930  -38.277  -57.111  -6.432 0.6000000238
15939  -43.199  -55.646  -6.139 0.5000000000
15940  -37.974  -55.943  -6.332 0.5000000000
15221  -39.258  -56.406  -6.561 0.5000000000
15941  -40.323  -55.922  -6.608 0.5000000000
16707  -42.414  -54.605  -6.592 0.5000000000
16706  -41.375  -54.652  -6.756 0.5000000000
17413  -42.439  -53.742  -6.713 0.3000000119
18917  -43.529  -52.193  -4.471 0.3000000119
16687  -34.576  -55.334  -3.737 0.6000000238
17398  -41.336  -54.206  -4.562 0.4000000060
17399  -42.518  -54.008  -4.808 0.4000000060
15209  -34.128  -56.475  -5.479 0.6000000238
17408  -43.391  -54.608  -5.493 0.5000000000
15214  -34.829  -57.249  -5.754 0.6999999881
16702  -43.562  -55.007  -5.911 0.5000000000
15220  -36.964  -56.811  -6.239 0.5000000000
16703  -43.675  -54.312  -6.026 0.5000000000
18145  -43.801  -52.785  -6.219 0.4000000060
17414  -43.276  -53.729  -6.459 0.3000000119
18144  -43.244  -52.959  -6.575 0.4000000060
17412  -41.441  -53.788  -6.790 0.5000000000
16686  -33.637  -55.128  -4.364 0.6000000238
15926  -33.680  -55.988  -4.794 0.6000000238
15930  -33.524  -56.045  -5.251 0.6000000238
15933  -33.787  -56.039  -5.639 0.6000000238
18125  -44.090  -52.997  -5.185 0.3000000119
17401  -43.952  -53.644  -5.451 0.4000000060
15934  -34.569  -56.363  -5.966 0.6000000238
18126  -44.505  -52.694  -5.288 0.3000000119
15215  -35.709  -56.632  -6.064 0.6999999881
18127  -45.102  -52.291  -5.078 0.3000000119
18139  -44.102  -53.164  -5.672 0.3000000119
18930  -44.986  -52.004  -5.363 0.3000000119
18140  -44.292  -52.324  -5.612 0.3000000119
16699  -36.901  -54.876  -5.679 0.5000000000
15216  -36.752  -56.039  -6.174 0.5000000000
19784  -44.620  -51.317  -5.412 0.3000000119
15937  -38.321  -55.065  -6.191 0.5000000000
100431  -39.175  -55.343  -6.411 0.5000000000
18929  -43.400  -51.815  -6.172 0.3000000119
18142  -41.564  -53.004  -6.742 0.4000000060
18935  -42.447  -52.273  -6.561 0.3000000119
17386  -33.530  -54.367  -3.802 0.5000000000
16685  -32.749  -54.906  -4.721 0.6000000238
16692  -33.050  -55.565  -5.092 0.5000000000
104279  -33.854  -55.471  -5.714 0.5000000000
19786  -46.306  -51.000  -5.279 0.3000000119
20553  -46.853  -48.798  -5.717 0.3000000119
19785  -45.354  -51.187  -5.273 0.3000000119
15935  -35.860  -55.698  -6.080 0.6000000238
15936  -37.309  -55.380  -6.001 0.5000000000
17406  -38.611  -53.733  -5.739 0.5000000000
18141  -40.591  -53.130  -6.601 0.4000000060
18137  -40.850  -52.454  -6.355 0.4000000060
17392  -32.138  -54.556  -4.874 0.5000000000
16691  -32.610  -55.032  -5.109 0.5000000000
16695  -32.703  -54.801  -5.380 0.5000000000
15929  -33.179  -55.547  -5.294 0.5000000000
16696  -33.696  -54.672  -5.620 0.5000000000
19791  -50.244  -49.404  -7.199 0.3000000119
20554  -48.064  -49.031  -6.552 0.3000000119
103224  -34.632  -55.610  -5.956 0.6000000238
16698  -35.766  -54.912  -5.715 0.6000000238
112254  -41.845  -51.720  -6.192 0.4000000060
19780  -41.274  -51.191  -5.634 0.4000000060
112641  -32.394  -54.215  -5.480 0.5000000000
104129  -33.066  -53.991  -5.670 0.5000000000
17393  -33.996  -53.624  -5.429 0.5000000000
19788  -50.780  -50.761  -6.895 0.4000000060
20557  -50.032  -48.004  -7.367 0.4000000060
16697  -34.780  -54.725  -5.620 0.5000000000
20556  -49.069  -48.338  -7.168 0.4000000060
17394  -35.033  -53.704  -4.984 0.4000000060
20552  -45.769  -49.653  -5.104 0.3000000119
17395  -35.914  -54.164  -4.913 0.5000000000
17404  -36.650  -54.343  -5.245 0.4000000060
17405  -37.576  -54.091  -5.353 0.4000000060
18926  -40.288  -52.027  -5.771 0.4000000060
18133  -32.475  -52.431  -5.407 0.5000000000
17403  -32.487  -53.439  -5.602 0.5000000000
18116  -33.480  -52.859  -5.482 0.5000000000
20555  -50.661  -48.417  -6.813 0.4000000060
97071  -48.775  -46.514  -7.371 0.4000000060
21350  -47.552  -46.750  -7.232 0.4000000060
102524  -34.570  -52.792  -4.845 0.4000000060
108247  -36.212  -53.194  -4.495 0.4000000060
20548  -45.945  -47.700  -5.541 0.4000000060
17396  -36.970  -53.627  -4.881 0.4000000060
18134  -38.025  -53.259  -5.170 0.4000000060
18135  -38.982  -52.886  -5.688 0.4000000060
18120  -38.391  -52.456  -4.933 0.4000000060
112845  -39.910  -51.710  -5.393 0.4000000060
19773  -41.522  -50.570  -5.175 0.4000000060
18915  -40.401  -51.332  -5.378 0.4000000060
20550  -50.036  -49.000  -5.547 0.4000000060
21351  -50.241  -47.027  -6.964 0.4000000060
18115  -33.379  -51.972  -5.180 0.5000000000
18911  -34.177  -51.979  -4.858 0.4000000060
18117  -35.540  -52.608  -4.353 0.4000000060
21346  -46.341  -45.759  -6.170 0.4000000060
18119  -37.324  -52.756  -4.608 0.4000000060
19774  -42.295  -50.509  -5.280 0.3000000119
18121  -39.393  -52.112  -5.394 0.4000000060
101315  -32.862  -51.496  -5.121 0.4000000060
111233  -33.802  -51.256  -4.896 0.5000000000
22186  -48.572  -45.035  -6.066 0.4000000060
18899  -34.667  -51.166  -4.364 0.4000000060
18912  -35.040  -51.922  -4.301 0.4000000060
105725  -35.478  -51.188  -3.767 0.4000000060
18118  -36.564  -52.167  -4.033 0.4000000060
18913  -37.678  -51.915  -4.283 0.4000000060
18914  -38.692  -51.652  -4.600 0.4000000060
20542  -41.039  -50.034  -4.524 0.4000000060
19771  -39.897  -50.721  -4.672 0.4000000060
19772  -40.734  -50.632  -4.996 0.4000000060
19769  -33.315  -50.680  -4.877 0.4000000060
19752  -34.263  -50.453  -4.623 0.4000000060
19753  -35.164  -50.316  -3.830 0.4000000060
18106  -35.780  -51.863  -3.857 0.4000000060
106237  -36.305  -51.320  -3.595 0.4000000060
20543  -41.839  -49.942  -4.664 0.4000000060
18900  -37.093  -51.436  -3.768 0.4000000060
18901  -37.939  -51.038  -3.957 0.4000000060
117593  -37.737  -50.466  -3.590 0.4000000060
19770  -38.992  -50.881  -4.318 0.4000000060
19757  -39.354  -50.209  -3.995 0.4000000060
20523  -34.716  -49.691  -4.403 0.4000000060
103819  -35.779  -49.819  -3.288 0.4000000060
19754  -35.989  -50.535  -3.342 0.4000000060
19755  -37.020  -50.654  -3.433 0.4000000060
20526  -37.647  -49.840  -3.285 0.4000000060
20541  -40.218  -50.090  -4.315 0.4000000060
21341  -34.498  -49.041  -4.894 0.4000000060
21342  -35.017  -48.556  -4.882 0.4000000060
21328  -34.953  -49.088  -4.316 0.4000000060
20524  -35.311  -49.411  -3.657 0.4000000060
20525  -36.563  -49.819  -3.118 0.4000000060
20518  -37.120  -49.043  -2.867 0.4000000060
20531  -42.239  -49.305  -4.125 0.4000000060
20530  -41.387  -49.427  -4.001 0.3000000119
19756  -38.402  -50.349  -3.735 0.4000000060
20528  -39.684  -49.539  -3.694 0.5000000000
20529  -40.543  -49.494  -3.864 0.4000000060
20527  -38.727  -49.627  -3.482 0.5000000000
22178  -34.983  -48.060  -5.430 0.4000000060
22179  -35.337  -47.921  -4.835 0.4000000060
21329  -35.378  -48.522  -3.772 0.4000000060
20519  -38.125  -48.981  -3.049 0.4000000060
21331  -39.104  -48.927  -3.228 0.5000000000
22976  -35.336  -47.651  -5.678 0.4000000060
22977  -35.629  -47.516  -5.540 0.4000000060
23682  -36.098  -47.201  -6.624 0.4000000060
22984  -35.709  -47.438  -6.184 0.4000000060
22985  -36.130  -47.361  -6.250 0.4000000060
21318  -38.553  -48.347  -2.767 0.5000000000
24385  -37.014  -46.290  -7.607 0.4000000060
23690  -36.471  -46.643  -7.077 0.4000000060
23691  -37.110  -46.723  -7.393 0.4000000060
23684  -37.299  -46.732  -7.292 0.5000000000
24379  -36.301  -45.539  -6.943 0.4000000060
16704  -39.203  -54.344  -6.217 0.5000000000
17407  -39.595  -53.368  -6.264 0.5000000000
12005  -39.104  -61.666  -3.318 0.5000000000
11452  -37.563  -65.016  -5.398 0.8000000119
11455  -36.101  -63.914  -5.833 0.8000000119
12028  -35.402  -62.442  -5.113 0.6999999881
13252  -39.245  -59.639  -2.020 0.5000000000
12650  -35.399  -61.314  -4.677 0.6999999881
102816  -39.036  -58.892  -1.813 0.5000000000
13267  -35.548  -60.164  -4.138 0.6999999881
100193  -38.453  -58.103  -2.768 0.4000000060
13915  -35.478  -59.029  -4.420 0.6999999881
15208  -38.656  -56.842  -3.180 0.4000000060
115766  -39.824  -55.337  -4.302 0.4000000060
15922  -35.441  -55.623  -2.906 0.6000000238
18122  -41.423  -53.200  -4.305 0.4000000060
102170  -34.398  -54.539  -3.320 0.6000000238
17385  -32.603  -54.171  -4.200 0.5000000000
17391  -31.692  -54.126  -4.980 0.5000000000
18132  -31.790  -53.143  -5.371 0.4000000060
19768  -32.249  -51.047  -4.842 0.4000000060
20539  -32.642  -50.177  -4.710 0.4000000060
20540  -33.774  -49.736  -4.832 0.4000000060
98970  -34.528  -48.441  -5.210 0.4000000060
114775  -34.800  -47.535  -5.643 0.4000000060
22983  -35.060  -47.217  -5.919 0.4000000060
23681  -35.319  -46.950  -6.245 0.4000000060
11436  -38.603  -64.891  -5.011 0.8000000119
101977  -37.014  -62.484  -6.026 0.8000000119
13916  -38.239  -58.968  -3.900 0.5000000000
12029  -35.957  -62.763  -5.872 0.6999999881
13923  -40.754  -59.426  -6.029 0.6999999881
13279  -39.581  -60.057  -6.123 0.6999999881
15938  -43.233  -57.026  -5.678 0.6000000238
14537  -42.474  -58.491  -6.136 0.6000000238
13928  -40.663  -59.280  -6.190 0.6000000238
15210  -34.595  -57.194  -5.329 0.6999999881
15218  -43.339  -57.786  -5.957 0.5000000000
15206  -34.018  -56.534  -5.076 0.6000000238
16693  -40.665  -55.002  -4.608 0.5000000000
16694  -41.902  -55.149  -5.024 0.5000000000
17400  -43.469  -53.900  -5.139 0.3000000119
17411  -40.369  -53.932  -6.655 0.5000000000
18136  -39.917  -52.630  -6.120 0.4000000060
19781  -42.029  -51.159  -5.751 0.4000000060
102646  -39.567  -51.402  -4.953 0.4000000060
23683  -36.742  -46.915  -6.838 0.4000000060
7759  -42.048  -68.025  1.035 0.4000000060
8418  -42.763  -67.696  0.809 0.4000000060
8398  -42.929  -67.155  1.082 0.4000000060
9682  -43.286  -66.127  1.116 0.4000000060
104768  -41.854  -67.017  1.741 0.4000000060
9068  -42.618  -66.664  1.396 0.4000000060
108111  -43.172  -65.304  1.028 0.4000000060
9681  -42.337  -64.885  1.203 0.4000000060
10786  -43.574  -63.790  0.393 0.5000000000
9067  -41.891  -66.260  1.736 0.4000000060
9671  -42.538  -65.788  1.403 0.4000000060
10785  -42.675  -63.554  0.291 0.5000000000
10795  -42.366  -63.048  -0.415 0.6000000238
9660  -41.117  -65.860  2.095 0.4000000060
10233  -41.503  -64.541  1.348 0.4000000060
13903  -38.601  -58.331  -2.118 0.3000000119
102052  -38.542  -57.162  -2.503 0.4000000060
17389  -40.438  -53.381  -3.962 0.3000000119
10796  -43.181  -63.029  -0.296 0.5000000000
12633  -40.520  -60.745  -2.476 0.5000000000
12622  -40.124  -59.840  -1.777 0.4000000060
10231  -39.989  -64.105  1.937 0.4000000060
10242  -41.991  -63.965  0.769 0.5000000000
107813  -42.005  -63.366  0.156 0.5000000000
10221  -40.420  -65.003  2.254 0.4000000060
9669  -41.131  -65.014  1.815 0.4000000060
105011  -42.781  -62.828  -1.279 0.6000000238
105363  -42.273  -63.293  -3.131 0.6999999881
11413  -43.136  -62.918  -2.689 0.6999999881
11442  -43.315  -62.992  -4.008 0.6999999881
12007  -41.045  -61.965  -3.280 0.6999999881
11428  -42.757  -63.289  -3.758 0.6999999881
11441  -42.362  -63.497  -4.014 0.6999999881
10773  -41.080  -63.814  1.020 0.5000000000
10784  -41.377  -63.318  0.364 0.6000000238
10794  -41.640  -62.964  -0.412 0.6000000238
11411  -40.934  -63.104  -2.027 0.6000000238
10772  -40.298  -63.644  1.258 0.5000000000
11379  -40.907  -62.771  -0.236 0.6000000238
11394  -41.987  -62.840  -1.236 0.6000000238
11412  -41.712  -62.941  -2.106 0.6000000238
17397  -40.242  -54.102  -4.141 0.3000000119
110425  -42.344  -62.834  -2.084 0.6000000238
10818  -42.064  -63.885  -4.001 0.6999999881
12006  -40.007  -61.922  -3.149 0.6000000238
12632  -39.577  -60.602  -2.513 0.5000000000
11366  -39.125  -62.816  1.055 0.6000000238
11377  -39.389  -62.559  0.316 0.6000000238
11391  -39.569  -62.499  -0.443 0.6999999881
11392  -40.362  -62.628  -0.977 0.6000000238
11426  -40.707  -63.601  -2.921 0.6000000238
10771  -39.542  -63.448  1.502 0.5000000000
10783  -40.602  -63.192  0.570 0.6000000238
10829  -41.366  -64.038  -3.975 0.6000000238
11439  -41.188  -63.932  -4.152 0.6999999881
12018  -40.729  -63.232  -4.026 0.6999999881
11440  -41.901  -63.861  -4.161 0.6999999881
11390  -38.141  -62.099  -0.331 0.6000000238
105570  -38.930  -62.469  -0.912 0.6999999881
114107  -39.639  -62.628  -1.221 0.6999999881
11425  -39.844  -63.736  -3.193 0.6000000238
12645  -38.457  -61.151  -3.556 0.5000000000
10817  -40.611  -64.197  -3.973 0.6999999881
11438  -40.361  -64.158  -4.163 0.6999999881
10814  -36.928  -64.490  -4.138 0.6999999881
10828  -37.792  -65.162  -4.941 0.6999999881
109154  -37.752  -63.171  -2.619 0.6999999881
10815  -38.169  -64.295  -3.817 0.6000000238
107301  -38.969  -64.705  -4.529 0.5000000000
11409  -39.233  -62.904  -1.939 0.6999999881
113748  -39.248  -64.432  -3.845 0.6000000238
10816  -39.774  -64.439  -4.088 0.6999999881
12016  -38.726  -63.089  -4.412 0.5000000000
11437  -39.465  -64.414  -4.373 0.6999999881
12017  -39.847  -63.410  -4.110 0.6000000238
10827  -36.714  -65.071  -4.868 0.6999999881
10837  -37.086  -65.280  -5.219 0.6999999881
10826  -35.835  -64.259  -4.840 0.6999999881
8397  -42.341  -67.388  1.357 0.4000000060
10243  -42.943  -64.399  0.721 0.4000000060
9670  -41.759  -65.396  1.605 0.4000000060
10232  -40.743  -64.327  1.619 0.4000000060
97693  -42.520  -63.268  -4.143 0.6999999881
12019  -41.655  -63.288  -4.165 0.6999999881
11393  -41.239  -62.772  -1.151 0.6000000238
10782  -39.847  -63.039  0.801 0.6999999881
11378  -40.134  -62.645  0.032 0.6000000238
11410  -40.126  -63.009  -2.057 0.6000000238
11424  -38.768  -63.414  -2.875 0.6999999881
104391  -38.097  -62.603  -1.600 0.5000000000
10770  -38.809  -63.173  1.777 0.4000000060
11376  -38.664  -62.319  0.512 0.5000000000
11408  -36.791  -62.647  -1.904 0.6000000238
10760  -38.449  -63.530  2.474 0.4000000060
11364  -37.684  -62.197  1.594 0.5000000000
11365  -38.397  -62.515  1.310 0.5000000000
11977  -37.269  -61.796  0.007 0.5000000000
11389  -37.021  -62.125  -0.838 0.5000000000
106012  -35.470  -62.221  -1.234 0.5000000000
11423  -36.844  -63.480  -2.998 0.6000000238
11422  -35.893  -63.511  -3.396 0.5000000000
11407  -35.646  -62.835  -2.355 0.5000000000
11406  -35.103  -62.830  -2.846 0.6999999881
12004  -34.826  -62.455  -2.813 0.6000000238
108290  -35.081  -62.639  -3.502 0.6000000238
11355  -37.384  -62.547  2.357 0.5000000000
11965  -37.203  -61.663  1.210 0.5000000000
11987  -36.257  -61.641  -0.195 0.5000000000
11421  -35.346  -63.282  -3.768 0.6000000238
11995  -34.601  -62.303  -2.040 0.6000000238
12014  -34.707  -62.043  -2.963 0.5000000000
12643  -35.145  -61.317  -3.439 0.6000000238
11955  -37.033  -61.811  1.914 0.5000000000
105534  -36.844  -61.486  0.622 0.5000000000
11976  -35.750  -60.988  0.491 0.5000000000
11986  -35.067  -61.529  -0.527 0.5000000000
107159  -34.591  -61.850  -1.279 0.5000000000
11435  -35.250  -63.181  -4.468 0.6000000238
12631  -34.471  -61.487  -2.418 0.5000000000
11354  -36.692  -62.238  2.659 0.5000000000
11964  -36.482  -61.135  1.377 0.5000000000
115670  -35.658  -60.643  1.252 0.5000000000
111191  -34.871  -60.418  0.743 0.5000000000
13230  -34.089  -59.906  0.024 0.6000000238
12597  -34.687  -60.786  -0.109 0.4000000060
13893  -34.493  -59.246  -0.340 0.4000000060
12609  -34.426  -60.429  -0.442 0.5000000000
12620  -34.470  -60.688  -1.081 0.5000000000
12610  -34.524  -61.178  -0.882 0.4000000060
14498  -35.011  -58.067  -0.571 0.4000000060
111014  -35.469  -57.838  -1.467 0.5000000000
13241  -34.657  -59.924  -1.108 0.5000000000
98114  -35.382  -56.933  -1.038 0.4000000060
13250  -34.529  -60.728  -1.818 0.6000000238
13262  -35.217  -60.456  -2.785 0.6000000238
104182  -35.731  -58.507  -3.638 0.6000000238
97805  -35.195  -58.853  -1.236 0.5000000000
107661  -35.837  -57.155  -2.245 0.5000000000
15912  -35.532  -55.306  -1.769 0.4000000060
15190  -35.747  -56.155  -2.009 0.5000000000
103142  -35.782  -58.399  -2.387 0.6000000238
13902  -35.321  -59.628  -1.999 0.6000000238
15201  -35.721  -56.500  -3.246 0.5000000000
16682  -34.252  -53.918  -2.988 0.3000000119
16677  -34.793  -54.129  -2.329 0.4000000060
14520  -35.837  -57.553  -3.498 0.6000000238
18910  -31.842  -51.845  -5.103 0.3000000119
18113  -31.362  -52.916  -4.775 0.3000000119
18114  -31.563  -53.554  -4.749 0.4000000060
17384  -31.869  -53.910  -4.494 0.4000000060
102519  -31.472  -50.677  -4.521 0.3000000119
21340  -33.694  -48.700  -4.946 0.3000000119
118287  -32.953  -49.411  -4.700 0.3000000119
22177  -34.101  -47.793  -5.297 0.3000000119
22975  -34.188  -47.015  -5.543 0.3000000119
109205  -34.369  -46.447  -5.742 0.3000000119
102193  -35.501  -46.409  -6.460 0.3000000119
16683  -35.101  -54.829  -2.562 0.5000000000
10813  -36.110  -64.184  -4.288 0.5000000000
11375  -37.801  -61.934  0.700 0.5000000000
12621  -34.308  -61.568  -1.717 0.5000000000
13910  -35.639  -59.351  -3.164 0.6000000238
12634  -41.577  -60.798  -2.530 0.3000000119
12020  -43.333  -62.492  -3.839 0.6000000238
12008  -42.229  -62.028  -3.455 0.6000000238
109566  -39.652  -56.521  -1.134 0.3000000119
14510  -40.141  -57.243  -1.146 0.3000000119
14509  -39.071  -57.356  -1.572 0.3000000119
13904  -39.468  -58.139  -1.475 0.3000000119
103281  -40.529  -58.037  -1.157 0.3000000119
13253  -39.815  -58.931  -1.519 0.3000000119
12646  -43.153  -61.447  -3.350 0.6000000238
15914  -39.084  -55.537  -0.936 0.3000000119
110108  -38.784  -55.734  -1.621 0.3000000119
15191  -38.766  -56.604  -1.718 0.3000000119
15202  -38.596  -56.274  -2.365 0.3000000119
109981  -40.850  -58.882  -1.423 0.3000000119
12623  -41.158  -59.866  -1.777 0.3000000119
12635  -42.629  -60.661  -2.632 0.4000000060
10761  -39.201  -63.835  2.194 0.4000000060
15913  -38.851  -54.998  -1.532 0.3000000119
16684  -38.895  -54.503  -2.168 0.3000000119
15923  -38.796  -55.334  -2.435 0.3000000119
9683  -44.639  -65.645  0.610 0.5000000000
10245  -45.026  -64.834  0.545 0.5000000000
9089  -44.063  -66.431  0.679 0.4000000060
9090  -45.219  -66.306  0.193 0.5000000000
11396  -44.677  -62.525  -0.677 0.5000000000
10788  -45.440  -64.146  0.390 0.5000000000
117285  -43.853  -65.699  0.862 0.4000000060
11996  -45.550  -61.756  -2.972 0.6000000238
11415  -44.864  -62.087  -1.857 0.6000000238
10787  -44.572  -63.987  0.453 0.5000000000
10244  -43.974  -64.824  0.722 0.4000000060
12009  -45.115  -61.801  -3.426 0.6000000238
11414  -44.010  -62.565  -2.697 0.6000000238
11395  -43.772  -62.559  -1.251 0.6000000238
10797  -44.131  -63.110  -0.119 0.5000000000
12648  -44.933  -61.472  -3.515 0.6000000238
13254  -41.882  -58.812  -1.432 0.3000000119
12636  -43.717  -60.557  -2.749 0.4000000060
11443  -44.233  -62.258  -3.535 0.6000000238
13905  -41.581  -57.971  -1.089 0.3000000119
12624  -42.210  -59.799  -1.832 0.3000000119
11429  -43.637  -62.730  -3.541 0.6000000238
12021  -44.157  -62.206  -3.614 0.6000000238
11430  -44.615  -62.255  -3.259 0.6000000238
13264  -43.294  -59.665  -1.970 0.3000000119
12010  -45.790  -61.283  -3.169 0.5000000000
12638  -46.047  -60.811  -3.050 0.5000000000
12023  -45.439  -61.416  -3.362 0.5000000000
12639  -46.691  -60.264  -2.407 0.4000000060
107786  -45.639  -60.787  -3.256 0.5000000000
12011  -46.506  -60.634  -2.459 0.5000000000
11997  -46.307  -61.137  -2.376 0.5000000000
13259  -47.314  -59.968  -2.058 0.4000000060
13258  -46.553  -59.799  -2.263 0.4000000060
13266  -45.549  -59.913  -2.530 0.4000000060
12637  -44.803  -60.596  -3.076 0.5000000000
114362  -45.660  -62.184  -0.839 0.5000000000
117882  -45.896  -61.581  -1.831 0.5000000000
13265  -44.409  -59.733  -2.179 0.4000000060
7303  -44.722  -68.898  -4.237 0.3000000119
7289  -44.632  -69.961  -4.000 0.3000000119
7304  -45.391  -68.825  -4.177 0.3000000119
7291  -45.944  -68.149  -4.451 0.3000000119
7292  -46.399  -68.292  -3.913 0.4000000060
7856  -45.042  -68.026  -4.646 0.3000000119
8476  -45.005  -67.395  -4.479 0.3000000119
7846  -46.971  -67.490  -3.996 0.4000000060
8478  -47.051  -67.096  -4.472 0.4000000060
8486  -45.700  -67.478  -4.720 0.3000000119
7833  -47.498  -67.381  -3.199 0.4000000060
8469  -47.696  -66.683  -3.295 0.4000000060
9130  -47.111  -66.882  -4.364 0.4000000060
8477  -45.910  -66.924  -4.693 0.4000000060
108541  -44.940  -66.908  -4.080 0.4000000060
8468  -45.857  -66.588  -3.891 0.4000000060
9091  -49.028  -65.726  -0.046 0.3000000119
8454  -48.159  -66.594  -2.491 0.4000000060
8455  -48.860  -65.856  -1.749 0.4000000060
9116  -48.122  -66.170  -2.565 0.4000000060
9115  -47.633  -66.101  -2.809 0.4000000060
9123  -46.764  -66.359  -3.435 0.4000000060
8453  -45.765  -66.593  -2.578 0.4000000060
10237  -49.626  -63.965  0.299 0.3000000119
9699  -49.366  -64.588  -0.587 0.4000000060
9697  -48.926  -65.002  -1.341 0.4000000060
9708  -48.755  -65.575  -1.718 0.4000000060
9707  -48.357  -65.578  -2.046 0.4000000060
10253  -48.126  -64.373  -0.721 0.4000000060
9105  -47.220  -65.843  -1.388 0.4000000060
9696  -47.530  -65.188  -0.658 0.4000000060
9114  -46.558  -66.330  -2.012 0.4000000060
8436  -45.524  -66.851  -1.287 0.4000000060
10801  -49.644  -62.881  -0.294 0.4000000060
10254  -48.853  -64.233  -0.848 0.4000000060
10799  -47.552  -63.754  -0.379 0.4000000060
10247  -46.939  -64.573  -0.095 0.4000000060
9104  -46.066  -66.442  -0.656 0.4000000060
8452  -44.862  -67.112  -1.946 0.4000000060
10800  -49.255  -63.014  -0.635 0.4000000060
100571  -48.605  -63.651  -0.681 0.4000000060
9685  -46.439  -65.211  0.051 0.4000000060
9103  -45.196  -66.861  -0.388 0.4000000060
9684  -45.599  -65.479  0.320 0.4000000060
97795  -48.463  -62.906  -0.601 0.4000000060
11397  -46.568  -62.659  -0.397 0.4000000060
10798  -45.305  -63.189  -0.029 0.4000000060
11999  -48.443  -60.645  -1.216 0.4000000060
110382  -48.034  -62.139  -0.725 0.4000000060
11988  -46.977  -61.635  -1.309 0.4000000060
13245  -47.209  -59.792  -1.628 0.3000000119
13244  -46.179  -59.566  -1.391 0.3000000119
10246  -45.949  -64.730  0.303 0.4000000060
11998  -47.252  -60.808  -1.751 0.4000000060
109880  -44.789  -59.378  -1.596 0.3000000119
8479  -47.343  -66.961  -3.976 0.4000000060
9124  -47.411  -66.547  -3.702 0.4000000060
9092  -49.455  -65.089  -0.009 0.4000000060
9106  -49.192  -65.315  -0.909 0.4000000060
9073  -49.503  -64.675  0.280 0.3000000119
10790  -49.796  -63.054  0.031 0.3000000119
10256  -49.655  -63.693  -0.206 0.4000000060
106620  -49.178  -64.743  -0.861 0.4000000060
109225  -49.637  -61.988  -0.611 0.4000000060
116539  -47.326  -63.101  -0.354 0.4000000060
9695  -46.350  -65.784  -0.161 0.4000000060
104855  -46.399  -63.791  0.063 0.4000000060
11989  -48.540  -61.122  -1.215 0.4000000060
7798  -47.693  -67.724  -0.574 0.3000000119
98931  -46.470  -69.100  -2.737 0.3000000119
7276  -46.170  -69.377  -3.343 0.3000000119
7816  -47.003  -68.410  -2.345 0.3000000119
7817  -47.676  -67.512  -1.888 0.3000000119
7277  -46.764  -68.362  -3.321 0.3000000119
8437  -48.423  -66.735  -1.346 0.3000000119
8438  -48.879  -66.155  -0.728 0.3000000119
11383  -49.682  -62.277  -0.418 0.3000000119
11399  -49.711  -61.652  -0.723 0.3000000119
11990  -49.436  -61.053  -0.917 0.3000000119
12626  -48.298  -60.523  -1.231 0.3000000119
8401  -48.671  -66.454  0.211 0.3000000119
11398  -49.603  -61.793  -0.786 0.3000000119
6810  -44.571  -70.894  -4.454 0.3000000119
7845  -46.628  -67.424  -4.515 0.4000000060
8487  -46.260  -67.284  -4.731 0.3000000119
8488  -46.709  -66.988  -4.726 0.4000000060
9069  -43.286  -66.731  0.990 0.4000000060
9129  -46.699  -66.680  -4.322 0.4000000060
9686  -49.646  -64.172  0.117 0.4000000060
9698  -49.064  -65.173  -1.251 0.4000000060
10248  -49.721  -63.771  0.127 0.4000000060
10255  -49.397  -64.001  -0.529 0.4000000060
10789  -49.764  -62.561  -0.127 0.3000000119
10802  -49.760  -62.998  -0.109 0.3000000119
10843  -36.670  -64.717  -5.619 0.6999999881
11356  -38.089  -62.856  2.068 0.5000000000
11427  -41.501  -63.532  -3.164 0.6000000238
11450  -35.639  -63.563  -5.392 0.6999999881
11451  -36.096  -64.350  -5.472 0.8000000119
12022  -44.861  -61.869  -3.500 0.6000000238
12596  -34.222  -60.148  0.242 0.5000000000
12615  -48.892  -60.709  -1.047 0.3000000119
12625  -47.523  -60.274  -1.765 0.4000000060
12647  -44.052  -61.514  -3.459 0.6000000238
13240  -34.344  -60.108  -0.564 0.5000000000
13246  -47.819  -60.204  -1.484 0.3000000119
13251  -38.608  -59.312  -2.453 0.5000000000
13257  -45.691  -59.521  -1.812 0.3000000119
13275  -37.948  -60.648  -6.012 0.6000000238
13917  -35.189  -58.619  -5.328 0.6999999881
13918  -39.407  -59.579  -5.134 0.6000000238
13919  -40.397  -59.221  -5.604 0.6000000238
13924  -41.692  -59.078  -6.056 0.6999999881
14521  -38.590  -57.494  -2.075 0.4000000060
14530  -41.712  -58.306  -5.543 0.6000000238
14536  -41.142  -58.421  -6.372 0.6000000238
15217  -42.931  -58.060  -5.813 0.6000000238
15942  -41.451  -55.638  -6.692 0.5000000000
16678  -38.832  -54.278  -1.436 0.3000000119
16688  -38.985  -54.703  -2.942 0.3000000119
16689  -39.529  -54.522  -3.807 0.3000000119
16690  -32.175  -54.523  -5.161 0.5000000000
16700  -38.013  -54.578  -5.882 0.5000000000
16705  -40.268  -54.900  -6.561 0.5000000000
16708  -43.260  -54.529  -6.278 0.5000000000
17390  -31.508  -53.482  -5.102 0.4000000060
17402  -31.890  -53.913  -5.350 0.5000000000
17409  -43.766  -54.263  -5.724 0.5000000000
17410  -43.871  -53.649  -6.038 0.5000000000
18123  -42.496  -53.091  -4.576 0.3000000119
18124  -43.487  -53.091  -4.866 0.4000000060
18131  -31.378  -52.873  -5.074 0.3000000119
18138  -41.704  -52.325  -6.504 0.4000000060
18143  -42.446  -52.950  -6.744 0.3000000119
18925  -31.619  -52.511  -5.195 0.3000000119
18927  -41.086  -51.829  -6.006 0.4000000060
18931  -45.668  -52.080  -5.208 0.3000000119
18936  -43.070  -52.277  -6.496 0.3000000119
19790  -49.340  -50.417  -6.605 0.3000000119
19792  -50.881  -49.365  -7.107 0.4000000060
20551  -51.067  -50.080  -6.348 0.4000000060
20558  -50.455  -47.873  -7.027 0.4000000060
21345  -45.558  -46.682  -5.278 0.4000000060
21348  -49.948  -47.643  -6.365 0.4000000060
22183  -47.866  -45.183  -5.579 0.4000000060
22184  -49.128  -46.494  -6.194 0.4000000060
22979  -48.258  -44.986  -5.850 0.4000000060
22986  -48.311  -44.492  -6.340 0.4000000060
23673  -48.425  -45.217  -5.720 0.4000000060
23674  -48.531  -45.383  -5.617 0.4000000060
24367  -48.574  -45.925  -5.058 0.4000000060
96528  -49.645  -46.725  -7.179 0.4000000060
97081  -49.121  -45.829  -6.903 0.4000000060
97087  -48.307  -45.178  -5.623 0.4000000060
102093  -35.943  -57.518  -5.985 0.6999999881
102734  -35.838  -59.672  -6.013 0.6999999881
103668  -42.337  -55.405  -6.575 0.5000000000
105783  -34.356  -61.997  -2.309 0.5000000000
105938  -35.223  -62.181  -3.966 0.6000000238
107790  -38.904  -56.111  -3.375 0.4000000060
110922  -48.502  -44.687  -6.820 0.4000000060
111232  -36.519  -64.891  -5.217 0.8000000119
111455  -43.350  -56.033  -5.898 0.5000000000
111599  -35.605  -59.661  -5.706 0.6999999881
111761  -46.185  -60.375  -2.772 0.4000000060
111775  -38.949  -62.316  -0.147 0.6000000238
112484  -46.639  -46.483  -6.545 0.4000000060
113835  -39.204  -55.974  -1.137 0.3000000119
114406  -37.851  -59.446  -6.249 0.6000000238
114959  -42.479  -57.208  -6.428 0.5000000000
116981  -37.957  -58.547  -6.410 0.6000000238
