#!ascii label  , from subject sub-027S6002 vox2ras=TkReg
2146
106805  -33.053  -43.002  -5.646 0.5000000000
101777  -32.658  -43.850  -5.575 0.5000000000
107264  -34.220  -43.009  -5.572 0.5000000000
26845  -35.429  -41.791  -5.407 0.5000000000
42130  -40.155  -23.902  -11.953 0.5000000000
42137  -39.889  -23.186  -11.876 0.4000000060
43042  -39.949  -22.552  -12.182 0.4000000060
43033  -39.227  -22.769  -11.695 0.4000000060
43041  -38.772  -21.971  -11.950 0.6000000238
44825  -38.793  -20.840  -12.324 0.5000000000
43976  -37.772  -21.289  -12.000 0.5000000000
109400  -38.086  -19.895  -12.524 0.4000000060
44823  -36.118  -20.353  -12.712 0.5000000000
44824  -37.308  -20.496  -12.406 0.5000000000
45637  -38.249  -19.171  -13.209 0.4000000060
24375  -32.334  -44.665  -5.564 0.5000000000
25193  -33.875  -43.914  -5.675 0.5000000000
25194  -34.962  -44.025  -5.863 0.5000000000
25966  -36.205  -43.391  -6.290 0.5000000000
107917  -36.019  -42.429  -5.688 0.5000000000
26846  -36.354  -41.687  -5.599 0.5000000000
40496  -40.049  -25.221  -11.571 0.5000000000
41298  -40.839  -25.267  -12.957 0.5000000000
116380  -40.340  -24.659  -12.157 0.5000000000
42138  -40.641  -23.407  -12.705 0.5000000000
43977  -39.900  -21.697  -12.485 0.6000000238
48282  -39.531  -16.089  -13.529 0.3000000119
106742  -39.285  -19.937  -12.599 0.4000000060
47430  -38.566  -16.890  -13.755 0.3000000119
46514  -36.715  -18.874  -14.445 0.4000000060
114093  -38.045  -18.041  -14.059 0.4000000060
25965  -35.343  -42.985  -5.667 0.5000000000
109349  -40.689  -22.509  -12.839 0.6000000238
48281  -37.919  -15.937  -13.892 0.3000000119
19730  -41.564  -50.516  -0.992 0.3000000119
116161  -42.070  -50.563  -1.621 0.3000000119
19743  -42.805  -50.620  -1.783 0.4000000060
19744  -43.655  -50.631  -1.972 0.4000000060
19758  -42.122  -50.807  -2.648 0.4000000060
19759  -43.162  -50.812  -2.869 0.4000000060
19760  -44.107  -50.880  -3.037 0.4000000060
102880  -42.766  -51.386  -3.622 0.4000000060
19762  -46.014  -51.421  -3.344 0.4000000060
99339  -47.095  -51.894  -3.459 0.4000000060
19731  -42.591  -50.636  -0.617 0.3000000119
19719  -43.805  -50.654  -0.502 0.3000000119
19720  -44.713  -50.806  -0.746 0.4000000060
19732  -43.396  -50.734  -0.869 0.4000000060
113661  -44.796  -50.940  -1.171 0.4000000060
19745  -44.518  -50.679  -2.088 0.4000000060
19746  -45.438  -50.872  -2.087 0.4000000060
19761  -45.023  -51.090  -3.194 0.4000000060
18922  -49.511  -52.712  -5.122 0.4000000060
18908  -47.756  -52.556  -4.701 0.4000000060
20490  -45.789  -49.493  0.031 0.3000000119
20503  -45.184  -50.391  -0.328 0.3000000119
20504  -46.270  -50.532  -0.245 0.3000000119
19734  -45.573  -51.256  -0.968 0.4000000060
19735  -46.603  -51.680  -0.809 0.4000000060
18886  -47.640  -52.334  -1.096 0.4000000060
18894  -47.910  -52.239  -2.329 0.4000000060
105389  -48.221  -52.472  -3.545 0.4000000060
18112  -52.119  -53.776  -4.120 0.4000000060
18110  -49.607  -53.086  -4.238 0.4000000060
19789  -51.237  -51.166  -6.367 0.4000000060
18924  -51.821  -52.601  -5.684 0.4000000060
18923  -51.333  -52.985  -5.672 0.4000000060
21292  -45.449  -48.626  0.250 0.3000000119
115198  -44.705  -49.336  0.072 0.3000000119
18874  -47.632  -52.093  -0.652 0.3000000119
18103  -50.890  -53.780  -2.019 0.4000000060
18896  -52.268  -53.337  -3.415 0.4000000060
18104  -51.869  -53.776  -2.737 0.4000000060
18895  -49.436  -52.983  -2.825 0.4000000060
19764  -51.910  -52.255  -4.170 0.4000000060
19778  -50.944  -50.689  -4.994 0.4000000060
20491  -46.989  -49.540  0.154 0.3000000119
20505  -47.596  -50.581  -0.041 0.3000000119
19723  -48.180  -51.548  -0.222 0.4000000060
18875  -48.922  -52.282  -0.490 0.4000000060
18086  -50.980  -53.061  -0.947 0.4000000060
18102  -49.272  -53.049  -1.393 0.4000000060
19736  -49.270  -50.425  -1.679 0.3000000119
19749  -51.718  -52.407  -2.661 0.4000000060
18095  -51.429  -53.494  -1.626 0.4000000060
19763  -50.207  -50.951  -3.467 0.3000000119
18887  -52.049  -53.248  -2.009 0.4000000060
22892  -46.811  -46.396  1.391 0.3000000119
22908  -46.369  -47.071  0.985 0.3000000119
23601  -47.137  -45.697  1.684 0.3000000119
22122  -46.919  -47.779  0.685 0.3000000119
21293  -46.376  -48.593  0.352 0.3000000119
21294  -47.599  -48.648  0.617 0.3000000119
109299  -48.795  -48.638  0.828 0.3000000119
108543  -48.620  -49.598  0.471 0.3000000119
19708  -50.699  -50.387  -0.141 0.3000000119
19706  -49.109  -50.720  0.172 0.3000000119
20514  -50.553  -50.439  -0.403 0.3000000119
19724  -49.633  -51.564  -0.168 0.3000000119
19737  -51.309  -51.935  -1.226 0.3000000119
18877  -51.042  -52.271  -0.805 0.4000000060
19747  -48.940  -50.368  -2.564 0.3000000119
20533  -48.345  -49.582  -3.388 0.4000000060
21325  -47.338  -48.562  -2.886 0.4000000060
21339  -47.656  -47.909  -4.010 0.4000000060
22909  -47.481  -47.068  1.101 0.3000000119
22893  -47.992  -46.311  1.362 0.3000000119
22123  -48.172  -47.877  0.997 0.3000000119
20494  -50.751  -49.076  0.162 0.3000000119
21295  -49.943  -49.012  0.673 0.3000000119
20506  -50.318  -49.259  -0.300 0.3000000119
20507  -50.715  -49.505  0.108 0.3000000119
20492  -50.181  -50.003  0.309 0.3000000119
21313  -49.050  -48.874  -0.650 0.3000000119
20513  -49.132  -49.658  -0.931 0.3000000119
21312  -47.907  -48.662  -1.366 0.3000000119
20511  -47.302  -48.788  -2.113 0.3000000119
21324  -46.860  -47.734  -2.547 0.3000000119
22171  -47.218  -45.497  -4.850 0.4000000060
114863  -47.902  -45.592  1.612 0.3000000119
22108  -48.736  -47.208  1.195 0.3000000119
22894  -49.249  -46.629  1.253 0.3000000119
104888  -49.209  -45.252  1.457 0.3000000119
22109  -49.757  -47.438  0.970 0.3000000119
22895  -50.019  -46.894  0.809 0.3000000119
24292  -49.575  -44.590  1.295 0.3000000119
22136  -50.328  -48.052  -0.092 0.3000000119
22126  -50.556  -48.571  0.180 0.3000000119
22125  -50.240  -48.230  0.591 0.3000000119
21306  -49.849  -48.450  -0.378 0.3000000119
21307  -50.676  -48.838  -0.021 0.3000000119
21305  -48.517  -48.051  -0.753 0.3000000119
21311  -46.764  -47.767  -1.972 0.3000000119
21338  -46.861  -46.706  -3.655 0.4000000060
22162  -46.372  -46.066  -3.142 0.4000000060
22170  -45.745  -45.303  -5.132 0.5000000000
23602  -48.762  -45.836  1.505 0.3000000119
23603  -49.822  -46.112  1.024 0.3000000119
113407  -50.201  -47.483  0.601 0.3000000119
22910  -50.368  -47.010  0.339 0.3000000119
112497  -50.377  -44.958  0.531 0.3000000119
25106  -50.785  -44.117  0.415 0.3000000119
104459  -50.119  -47.024  -0.261 0.3000000119
109368  -50.415  -47.623  0.236 0.3000000119
25125  -51.008  -45.359  -0.981 0.3000000119
22135  -49.370  -47.577  -0.475 0.3000000119
25126  -51.373  -45.188  -1.255 0.3000000119
22928  -47.740  -46.144  -0.738 0.3000000119
22134  -48.085  -47.072  -0.794 0.3000000119
25159  -51.212  -45.365  -2.660 0.3000000119
22148  -47.368  -47.480  -1.306 0.3000000119
22944  -46.963  -46.341  -1.177 0.3000000119
22147  -46.458  -46.530  -1.951 0.3000000119
116280  -46.243  -45.660  -1.907 0.3000000119
22957  -45.444  -44.583  -3.492 0.4000000060
22968  -45.273  -44.450  -3.884 0.5000000000
111879  -50.352  -46.534  0.480 0.3000000119
23614  -50.533  -46.088  0.264 0.3000000119
102246  -50.126  -45.451  0.786 0.3000000119
22931  -50.475  -46.889  -0.015 0.3000000119
103714  -50.555  -46.452  0.001 0.3000000119
24309  -50.673  -45.724  -0.083 0.3000000119
115773  -49.836  -46.489  -0.550 0.3000000119
25124  -50.764  -45.219  -0.127 0.3000000119
111195  -48.474  -45.941  -0.699 0.3000000119
105599  -50.983  -45.521  -1.869 0.3000000119
105151  -51.321  -42.239  -0.896 0.3000000119
110622  -50.635  -43.403  -1.759 0.3000000119
24328  -46.982  -44.346  -0.641 0.3000000119
103277  -46.383  -44.792  -1.000 0.3000000119
104272  -46.317  -45.428  -1.538 0.3000000119
22943  -46.037  -44.545  -2.734 0.3000000119
22930  -50.237  -46.322  -0.454 0.3000000119
23615  -50.508  -45.969  -0.474 0.3000000119
103015  -48.759  -45.456  -0.800 0.3000000119
23630  -49.453  -46.104  -0.762 0.3000000119
114893  -49.840  -45.660  -0.966 0.3000000119
25144  -49.728  -44.998  -1.317 0.3000000119
25145  -50.607  -45.225  -1.634 0.3000000119
24310  -50.524  -45.619  -0.993 0.3000000119
23629  -47.563  -45.251  -0.654 0.3000000119
24330  -49.001  -45.020  -0.962 0.3000000119
25915  -49.145  -43.699  -0.891 0.3000000119
113165  -49.821  -44.224  -1.443 0.3000000119
25142  -47.385  -43.674  -0.482 0.3000000119
26799  -50.153  -42.843  -1.029 0.3000000119
26784  -50.536  -41.657  0.069 0.3000000119
115678  -50.814  -42.223  -0.713 0.3000000119
26763  -50.934  -41.279  1.021 0.3000000119
26785  -51.245  -41.596  0.135 0.3000000119
25157  -46.080  -44.036  -1.608 0.4000000060
26764  -51.591  -41.214  0.872 0.3000000119
24337  -45.736  -44.422  -1.891 0.4000000060
28471  -53.291  -39.624  0.426 0.3000000119
107464  -45.513  -44.355  -2.606 0.3000000119
23641  -45.534  -44.502  -3.184 0.4000000060
29257  -53.577  -38.721  -0.095 0.3000000119
23651  -45.063  -44.626  -3.094 0.5000000000
22956  -44.989  -45.180  -3.154 0.5000000000
24329  -48.063  -44.601  -0.548 0.3000000119
25143  -48.518  -43.924  -0.660 0.3000000119
25914  -48.543  -42.691  -0.391 0.3000000119
26798  -49.335  -42.526  -0.542 0.3000000119
26783  -49.786  -41.724  0.071 0.3000000119
25141  -46.501  -43.638  -0.891 0.4000000060
26762  -50.129  -41.313  1.058 0.3000000119
27603  -51.361  -40.546  1.366 0.3000000119
25925  -46.057  -43.091  -3.748 0.4000000060
25156  -45.686  -43.602  -2.658 0.5000000000
27604  -52.130  -40.657  1.061 0.3000000119
28470  -52.586  -39.657  0.939 0.4000000060
29243  -52.189  -38.940  1.139 0.4000000060
25155  -45.342  -43.691  -2.391 0.5000000000
24327  -44.769  -44.031  -1.748 0.6000000238
29256  -52.803  -38.658  0.559 0.3000000119
24335  -44.499  -44.561  -1.587 0.6000000238
23639  -44.226  -45.136  -1.585 0.6000000238
25913  -47.646  -42.799  -0.364 0.3000000119
103549  -47.801  -41.891  -0.166 0.3000000119
26760  -48.376  -41.260  0.833 0.3000000119
25912  -46.538  -42.767  -0.967 0.3000000119
25896  -48.558  -41.783  0.040 0.3000000119
26761  -49.296  -41.309  1.010 0.3000000119
27601  -49.564  -40.767  1.729 0.4000000060
25926  -46.559  -42.315  -3.252 0.4000000060
27602  -50.462  -40.476  1.662 0.4000000060
27586  -49.752  -39.913  2.150 0.4000000060
25936  -46.363  -42.035  -4.639 0.5000000000
28454  -51.053  -39.573  1.699 0.4000000060
29241  -50.681  -38.797  1.877 0.4000000060
98622  -50.867  -38.248  1.653 0.4000000060
25924  -45.544  -42.323  -3.860 0.5000000000
25140  -44.655  -43.321  -1.749 0.6000000238
28455  -51.843  -39.666  1.374 0.4000000060
29242  -51.466  -38.721  1.506 0.4000000060
30044  -51.320  -37.905  1.321 0.4000000060
30051  -50.964  -37.246  0.926 0.4000000060
30053  -52.442  -37.824  0.264 0.3000000119
30052  -51.689  -37.547  0.631 0.4000000060
24326  -43.847  -44.110  -0.996 0.6000000238
24325  -42.809  -44.590  -0.463 0.6000000238
22926  -42.498  -45.451  -0.603 0.6999999881
26797  -46.964  -41.881  -0.658 0.3000000119
26759  -47.312  -40.923  0.620 0.3000000119
27599  -47.783  -40.578  1.428 0.3000000119
26796  -46.602  -40.968  -1.790 0.3000000119
27600  -48.709  -40.772  1.669 0.3000000119
27584  -48.215  -40.035  2.068 0.4000000060
26806  -46.570  -41.272  -3.107 0.5000000000
27585  -49.027  -40.098  2.222 0.4000000060
29232  -50.010  -38.766  2.177 0.4000000060
28482  -45.828  -39.719  -2.132 0.5000000000
30036  -50.231  -38.227  1.884 0.4000000060
27637  -45.242  -40.539  -3.158 0.5000000000
26795  -44.575  -41.191  -2.091 0.6000000238
30764  -50.182  -36.975  1.174 0.4000000060
30773  -50.710  -36.459  0.577 0.4000000060
25139  -43.666  -43.253  -0.686 0.6000000238
30783  -51.190  -35.992  -0.103 0.4000000060
31572  -50.866  -35.280  -0.434 0.4000000060
114868  -42.248  -44.200  -0.075 0.6999999881
23627  -41.462  -45.413  -0.368 0.6999999881
22925  -41.788  -45.991  -0.670 0.6999999881
27618  -46.511  -40.382  -0.049 0.4000000060
27598  -46.876  -40.276  1.005 0.4000000060
28452  -47.273  -39.820  1.848 0.4000000060
99322  -47.167  -39.214  2.453 0.4000000060
102409  -46.355  -40.182  -1.496 0.4000000060
100174  -46.259  -39.852  0.398 0.4000000060
28437  -47.844  -39.470  2.362 0.4000000060
28469  -45.863  -39.517  -0.886 0.4000000060
105218  -48.969  -39.052  2.587 0.4000000060
99654  -48.942  -37.945  2.423 0.4000000060
102721  -49.645  -38.252  2.210 0.4000000060
30756  -48.898  -37.020  2.086 0.4000000060
30042  -49.687  -37.543  1.848 0.4000000060
31551  -49.298  -35.715  1.301 0.4000000060
104553  -43.905  -40.361  -1.045 0.6000000238
30772  -49.989  -36.099  0.939 0.4000000060
31571  -50.171  -34.904  -0.022 0.4000000060
111808  -43.706  -41.573  -0.604 0.6000000238
110083  -43.024  -41.905  0.114 0.6999999881
25894  -42.548  -42.589  0.207 0.6999999881
32328  -50.375  -34.732  -0.833 0.4000000060
25122  -42.156  -43.471  0.186 0.6999999881
23626  -40.577  -45.376  -0.359 0.6999999881
28436  -46.562  -39.387  2.000 0.4000000060
28481  -45.059  -39.298  -1.661 0.4000000060
98892  -45.632  -39.396  0.405 0.4000000060
98786  -47.992  -38.171  2.517 0.4000000060
27628  -44.655  -39.805  -1.980 0.6000000238
107234  -44.475  -38.823  -1.052 0.5000000000
98608  -48.171  -37.305  2.364 0.4000000060
27617  -43.509  -39.831  -0.475 0.6999999881
30762  -48.782  -36.199  1.849 0.4000000060
26780  -43.119  -40.908  0.108 0.6999999881
31559  -49.086  -34.909  1.020 0.4000000060
108691  -42.265  -41.809  0.455 0.6999999881
32327  -49.650  -34.435  -0.548 0.4000000060
32326  -48.955  -34.068  -0.300 0.4000000060
25121  -41.226  -43.406  0.287 0.6999999881
32332  -49.657  -34.044  -2.019 0.4000000060
24307  -41.578  -44.148  0.094 0.6999999881
24323  -40.249  -44.673  -0.163 0.6999999881
32340  -49.237  -33.949  -2.968 0.4000000060
32360  -48.271  -34.238  -5.342 0.4000000060
29240  -44.836  -38.523  1.170 0.4000000060
29227  -45.496  -38.344  2.133 0.4000000060
28450  -45.693  -39.122  1.532 0.4000000060
98602  -47.154  -38.515  2.651 0.4000000060
28480  -44.186  -39.125  -1.309 0.6999999881
29239  -44.028  -38.123  0.879 0.5000000000
98784  -47.235  -37.520  2.584 0.4000000060
28466  -43.156  -38.876  -0.060 0.6999999881
31541  -48.082  -35.932  2.148 0.4000000060
31550  -48.559  -35.426  1.591 0.4000000060
108897  -42.789  -39.737  0.261 0.6999999881
31549  -47.775  -35.179  1.894 0.4000000060
32315  -47.861  -34.005  0.703 0.4000000060
108516  -41.287  -41.809  0.658 0.6999999881
32316  -48.678  -34.299  0.521 0.4000000060
25893  -41.700  -42.625  0.448 0.6999999881
118309  -48.456  -33.568  -0.850 0.4000000060
33174  -49.102  -33.850  -1.275 0.4000000060
33182  -47.490  -33.426  -2.728 0.4000000060
25892  -40.773  -42.606  0.427 0.6999999881
33183  -48.683  -33.543  -2.333 0.4000000060
25120  -40.390  -43.340  0.153 0.6999999881
102166  -47.828  -33.734  -3.897 0.4000000060
33209  -48.164  -33.775  -5.244 0.4000000060
30034  -45.097  -37.714  2.274 0.4000000060
114463  -45.753  -37.605  2.456 0.4000000060
98785  -46.446  -37.331  2.544 0.4000000060
30041  -43.818  -37.617  1.670 0.6000000238
110411  -45.219  -37.084  2.415 0.5000000000
30752  -46.018  -36.824  2.463 0.4000000060
27680  -37.431  -40.870  -6.443 0.4000000060
27681  -38.203  -40.867  -7.099 0.5000000000
29238  -43.246  -37.895  0.894 0.6000000238
32300  -46.957  -34.934  2.127 0.4000000060
29250  -41.652  -38.508  0.936 0.6000000238
32308  -47.424  -34.440  1.482 0.4000000060
109327  -41.041  -39.257  0.925 0.6000000238
98449  -47.420  -33.277  0.011 0.4000000060
27615  -40.419  -40.116  0.733 0.6999999881
33167  -48.232  -33.663  -0.097 0.4000000060
27614  -39.865  -40.974  0.310 0.6999999881
33166  -47.667  -33.151  -0.944 0.4000000060
25119  -39.766  -43.383  -0.157 0.6999999881
33181  -47.094  -33.184  -2.931 0.4000000060
33951  -47.817  -33.192  -3.922 0.4000000060
33959  -49.237  -32.394  -5.004 0.4000000060
34808  -49.773  -32.331  -5.902 0.4000000060
30033  -44.478  -37.362  2.256 0.5000000000
107611  -43.068  -37.241  1.568 0.6000000238
30032  -43.730  -36.968  2.228 0.5000000000
111737  -45.019  -35.761  2.507 0.5000000000
28518  -36.913  -39.163  -6.861 0.3000000119
28525  -37.733  -39.959  -6.803 0.4000000060
28526  -38.500  -39.896  -7.475 0.5000000000
29236  -41.562  -37.826  1.195 0.6000000238
29237  -42.422  -37.680  1.211 0.6000000238
31539  -46.480  -35.383  2.383 0.4000000060
29249  -40.634  -38.429  0.933 0.6000000238
103610  -46.540  -34.103  1.805 0.5000000000
28463  -39.474  -39.299  0.067 0.6999999881
28464  -40.087  -39.301  0.606 0.6000000238
33155  -47.076  -33.645  0.936 0.4000000060
28478  -39.377  -39.342  -0.662 0.8000000119
102521  -39.677  -40.033  0.226 0.6999999881
33925  -46.839  -32.739  -0.931 0.4000000060
33172  -46.990  -33.076  -2.070 0.4000000060
33950  -47.164  -32.709  -3.162 0.4000000060
34789  -48.608  -32.348  -4.261 0.4000000060
34798  -49.965  -31.395  -5.386 0.4000000060
34799  -50.350  -31.368  -6.166 0.4000000060
30761  -42.076  -36.340  1.683 0.6000000238
30750  -42.939  -36.465  2.024 0.6000000238
108718  -43.742  -36.133  2.387 0.5000000000
31537  -44.358  -35.623  2.520 0.5000000000
102699  -37.698  -39.229  -7.346 0.4000000060
29321  -38.200  -38.971  -7.795 0.4000000060
101358  -39.957  -37.843  0.748 0.6000000238
30039  -41.541  -37.026  1.391 0.6000000238
109101  -44.855  -35.077  2.581 0.5000000000
28532  -38.947  -39.460  -8.099 0.5000000000
29264  -39.353  -38.533  -0.330 0.6999999881
29248  -39.693  -38.592  0.442 0.6999999881
33134  -45.811  -34.178  2.233 0.5000000000
27688  -39.372  -40.379  -8.301 0.5000000000
29271  -39.299  -38.078  -1.151 0.6999999881
118256  -39.378  -38.777  -1.080 0.6999999881
33144  -45.774  -33.552  1.830 0.5000000000
28539  -41.792  -39.955  -9.436 0.6999999881
28538  -40.607  -39.736  -9.111 0.6000000238
100121  -39.406  -39.221  -2.537 0.6999999881
108732  -39.328  -38.559  -1.806 0.6999999881
28490  -39.360  -39.357  -1.502 0.6999999881
33911  -46.132  -32.524  0.439 0.5000000000
29335  -43.854  -39.335  -9.619 0.6999999881
28540  -43.134  -40.262  -9.801 0.6999999881
101947  -39.353  -40.108  -1.998 0.6999999881
33912  -46.672  -32.952  0.177 0.4000000060
28502  -39.471  -39.518  -3.565 0.6999999881
27647  -39.428  -40.242  -2.969 0.8000000119
33933  -46.393  -32.271  -1.108 0.4000000060
33942  -46.862  -32.597  -2.470 0.4000000060
34782  -48.899  -31.356  -3.801 0.4000000060
34790  -49.474  -31.382  -4.543 0.4000000060
35708  -50.442  -30.483  -5.805 0.4000000060
31548  -41.649  -35.597  1.711 0.6000000238
31535  -42.503  -35.703  2.133 0.6000000238
32296  -43.590  -34.585  2.664 0.6000000238
115737  -44.193  -34.958  2.636 0.5000000000
98964  -37.939  -38.438  -7.492 0.4000000060
29327  -39.043  -39.014  -8.228 0.6999999881
30770  -39.855  -36.541  0.518 0.6999999881
30759  -40.800  -36.752  1.260 0.6000000238
30760  -41.358  -36.334  1.483 0.6000000238
32295  -42.755  -34.293  2.611 0.5000000000
28533  -39.664  -39.619  -8.584 0.6999999881
30082  -39.282  -37.638  -2.005 0.6999999881
106031  -39.322  -36.636  -0.925 0.6999999881
30782  -39.493  -36.612  -0.130 0.6999999881
30050  -40.226  -37.087  0.825 0.6999999881
33132  -44.404  -33.384  2.396 0.5000000000
32297  -44.430  -34.285  2.599 0.5000000000
29333  -41.646  -38.834  -8.929 0.6999999881
30059  -39.371  -37.515  -0.447 0.6999999881
33143  -45.085  -33.087  1.893 0.5000000000
108342  -41.298  -39.397  -9.147 0.6999999881
30092  -39.547  -37.593  -2.947 0.6999999881
29280  -39.377  -38.298  -2.540 0.6999999881
34738  -45.888  -31.954  -0.110 0.4000000060
105942  -42.659  -39.447  -9.594 0.6999999881
30101  -39.810  -37.517  -3.861 0.6999999881
29290  -39.528  -38.470  -3.434 0.6999999881
107226  -40.416  -36.023  -4.543 0.6000000238
30102  -40.306  -37.424  -4.726 0.6000000238
29300  -39.852  -38.233  -4.397 0.6999999881
33924  -46.329  -32.392  -0.442 0.4000000060
34763  -46.364  -31.737  -1.390 0.4000000060
30122  -44.432  -37.935  -9.622 0.6999999881
107658  -40.699  -36.688  -5.015 0.6000000238
34773  -46.980  -31.915  -2.606 0.4000000060
30113  -41.181  -37.393  -5.625 0.6000000238
112377  -47.732  -31.213  -2.409 0.4000000060
35693  -48.832  -30.532  -3.353 0.4000000060
35694  -49.514  -30.267  -4.075 0.4000000060
35707  -50.078  -30.401  -4.971 0.4000000060
36614  -50.677  -29.724  -6.265 0.4000000060
31534  -42.203  -34.921  2.255 0.6000000238
30119  -38.420  -37.976  -7.192 0.6000000238
30126  -39.370  -38.064  -7.382 0.6000000238
117549  -39.454  -38.623  -7.965 0.6999999881
109532  -39.526  -35.074  -1.043 0.6000000238
109183  -39.617  -35.858  0.244 0.6999999881
115524  -39.931  -35.323  0.599 0.6999999881
113534  -41.025  -35.231  1.455 0.6000000238
114781  -39.388  -36.166  -2.234 0.6000000238
30793  -39.331  -35.813  -1.520 0.6000000238
31570  -39.415  -35.824  -0.538 0.6999999881
29332  -40.196  -39.052  -8.588 0.6999999881
30807  -39.632  -36.058  -2.956 0.6000000238
33142  -44.523  -32.675  2.053 0.5000000000
30132  -41.997  -38.180  -8.914 0.6999999881
30808  -39.931  -36.020  -3.796 0.6000000238
30817  -39.788  -36.794  -3.377 0.6000000238
34731  -45.171  -31.578  0.844 0.4000000060
30128  -44.293  -38.382  -10.153 0.6999999881
29334  -43.354  -38.752  -9.888 0.6999999881
30818  -40.135  -36.734  -4.225 0.6999999881
30852  -44.286  -37.656  -10.354 0.6999999881
34750  -45.771  -31.390  -0.381 0.4000000060
34751  -46.083  -31.821  -0.786 0.4000000060
108636  -41.085  -36.042  -5.254 0.6000000238
108825  -47.315  -30.033  -1.459 0.4000000060
35663  -46.633  -30.980  -1.484 0.4000000060
113842  -44.242  -37.260  -8.874 0.6999999881
30842  -43.275  -36.639  -7.490 0.6999999881
31626  -42.342  -35.656  -6.708 0.6999999881
115588  -41.808  -37.616  -6.369 0.6000000238
36579  -48.591  -29.804  -2.787 0.4000000060
37452  -49.490  -29.118  -3.971 0.4000000060
36602  -49.972  -29.430  -4.705 0.4000000060
37469  -50.222  -28.781  -5.203 0.4000000060
36613  -50.394  -29.589  -5.482 0.4000000060
37470  -50.635  -28.930  -6.053 0.3000000119
32307  -41.477  -34.738  1.804 0.6000000238
101001  -39.133  -37.354  -6.799 0.5000000000
33171  -39.611  -33.535  -1.650 0.6000000238
32325  -39.572  -34.320  -0.927 0.6000000238
31557  -39.605  -35.002  -0.071 0.6000000238
32306  -40.795  -34.608  1.377 0.6000000238
33141  -41.224  -33.963  1.786 0.6000000238
32294  -41.925  -34.109  2.299 0.6000000238
100722  -40.073  -37.561  -7.409 0.5000000000
32338  -39.538  -34.570  -2.517 0.6000000238
31587  -39.452  -35.424  -2.409 0.6000000238
102605  -39.384  -34.911  -1.790 0.6000000238
33888  -42.193  -32.684  2.217 0.5000000000
33889  -42.988  -32.748  2.396 0.4000000060
33890  -43.828  -32.738  2.328 0.5000000000
118374  -41.046  -37.704  -8.054 0.6999999881
34710  -42.599  -32.027  2.171 0.5000000000
33903  -43.383  -32.005  2.152 0.4000000060
33904  -44.201  -32.032  1.888 0.4000000060
30127  -42.037  -37.437  -9.042 0.8000000119
32348  -39.916  -34.215  -3.255 0.6000000238
34736  -44.910  -31.015  0.579 0.4000000060
35647  -45.391  -30.706  -0.106 0.4000000060
31636  -44.073  -37.186  -10.419 0.6999999881
116614  -40.532  -34.160  -4.475 0.6000000238
107843  -46.540  -30.109  -0.937 0.4000000060
30849  -44.526  -37.370  -10.056 0.6999999881
32371  -40.844  -34.557  -5.099 0.6000000238
36568  -46.911  -29.360  -1.025 0.4000000060
116948  -48.304  -29.604  -2.266 0.4000000060
30843  -44.264  -36.844  -9.033 0.6999999881
31627  -43.691  -36.102  -8.148 0.6999999881
32372  -41.613  -34.783  -6.102 0.6999999881
105746  -48.381  -29.003  -2.443 0.4000000060
107559  -48.892  -28.804  -3.204 0.4000000060
32378  -42.728  -35.033  -7.281 0.6999999881
37445  -48.473  -28.160  -2.594 0.4000000060
38442  -49.419  -27.259  -4.252 0.3000000119
37459  -49.813  -28.568  -4.554 0.4000000060
38448  -49.796  -27.390  -5.096 0.4000000060
38449  -50.366  -28.063  -5.560 0.3000000119
116939  -39.547  -33.876  -1.307 0.6000000238
33923  -40.005  -32.690  -0.497 0.6000000238
33152  -40.073  -33.280  0.139 0.6000000238
33153  -40.432  -33.112  0.990 0.6000000238
34727  -41.546  -31.738  1.616 0.5000000000
30841  -40.347  -36.169  -7.461 0.6000000238
115049  -39.887  -36.891  -7.145 0.6000000238
33940  -39.733  -33.093  -2.065 0.6000000238
33931  -39.838  -32.891  -1.382 0.6000000238
34728  -42.216  -31.477  1.806 0.5000000000
30120  -40.824  -37.037  -7.836 0.6999999881
33941  -39.929  -32.999  -2.707 0.6000000238
35625  -42.511  -30.813  1.403 0.5000000000
34729  -42.950  -31.370  1.822 0.4000000060
106318  -43.757  -31.367  1.618 0.4000000060
30848  -43.292  -37.255  -10.203 0.6999999881
31631  -42.871  -36.616  -10.103 0.6999999881
33189  -40.322  -33.751  -3.931 0.6000000238
108508  -40.207  -32.973  -3.502 0.6000000238
35626  -43.297  -30.694  1.294 0.5000000000
35646  -44.612  -30.308  0.432 0.5000000000
32384  -43.874  -36.335  -10.675 0.8000000119
111249  -45.101  -29.762  0.094 0.4000000060
36554  -45.837  -30.000  -0.431 0.4000000060
32385  -44.465  -36.152  -10.420 0.8000000119
33198  -40.710  -33.720  -4.784 0.6000000238
33218  -44.484  -35.456  -9.772 0.6999999881
33207  -41.240  -33.930  -5.617 0.6999999881
41205  -46.880  -24.197  -1.740 0.5000000000
111000  -46.413  -25.434  -1.105 0.5000000000
39439  -46.625  -26.087  -1.212 0.5000000000
38414  -46.470  -27.630  -0.863 0.4000000060
37435  -46.780  -28.547  -0.936 0.4000000060
32379  -44.165  -35.898  -9.103 0.6999999881
112789  -43.396  -34.865  -8.170 0.6999999881
33208  -41.817  -34.208  -6.431 0.6999999881
101998  -41.674  -33.384  -6.253 0.6999999881
42028  -47.204  -23.609  -2.343 0.5000000000
40394  -46.938  -25.466  -1.613 0.5000000000
39440  -47.339  -26.227  -1.950 0.4000000060
113352  -47.445  -27.072  -1.932 0.4000000060
38428  -48.001  -27.588  -2.161 0.4000000060
42046  -47.416  -23.065  -3.078 0.4000000060
41206  -47.458  -24.446  -2.370 0.5000000000
40428  -48.099  -24.873  -3.068 0.4000000060
40429  -48.489  -25.727  -3.679 0.4000000060
39462  -48.985  -26.499  -3.942 0.4000000060
38429  -48.499  -27.361  -2.813 0.4000000060
42047  -47.839  -23.406  -3.638 0.4000000060
41238  -48.207  -24.092  -3.763 0.4000000060
41226  -48.414  -24.929  -4.041 0.4000000060
104542  -48.816  -25.865  -4.478 0.4000000060
39466  -49.305  -26.546  -4.772 0.4000000060
97421  -39.944  -32.046  -1.078 0.6000000238
106555  -40.327  -32.435  0.436 0.6000000238
31625  -40.239  -35.323  -7.275 0.5000000000
33932  -39.918  -32.310  -2.079 0.6000000238
34762  -40.071  -31.323  -1.636 0.6000000238
35662  -40.188  -30.476  -1.194 0.6000000238
35642  -40.733  -30.576  0.450 0.5000000000
35643  -41.406  -30.450  0.885 0.5000000000
34735  -41.077  -31.217  1.108 0.5000000000
31630  -41.327  -35.780  -8.332 0.6000000238
30847  -41.749  -36.667  -8.814 0.6999999881
34780  -40.465  -31.487  -3.427 0.6000000238
101892  -40.137  -32.256  -3.037 0.6000000238
36534  -41.166  -29.798  0.446 0.5000000000
105523  -42.062  -30.396  1.069 0.5000000000
32383  -42.070  -35.569  -9.364 0.6000000238
101918  -40.535  -32.973  -4.350 0.6000000238
33949  -40.407  -32.213  -3.895 0.6000000238
36536  -43.298  -29.199  0.506 0.5000000000
35644  -42.731  -30.015  0.878 0.5000000000
111725  -43.755  -35.735  -11.016 0.8000000119
116525  -45.632  -26.193  -0.544 0.5000000000
37402  -43.328  -28.384  0.307 0.5000000000
37403  -44.005  -28.644  0.297 0.5000000000
36537  -44.250  -29.504  0.387 0.5000000000
32388  -44.671  -35.911  -11.081 0.8000000119
33966  -41.049  -32.964  -5.316 0.6000000238
42019  -45.660  -23.400  -1.335 0.5000000000
41182  -43.892  -24.650  -0.699 0.5000000000
40393  -45.809  -24.962  -0.806 0.5000000000
39413  -45.174  -26.576  -0.300 0.5000000000
37419  -44.558  -28.159  0.141 0.5000000000
38397  -45.658  -27.461  -0.361 0.4000000060
33225  -44.843  -35.094  -10.641 0.8000000119
41184  -45.277  -24.104  -0.842 0.5000000000
41185  -46.145  -24.126  -1.211 0.5000000000
39414  -46.088  -26.658  -0.708 0.5000000000
106918  -44.103  -34.253  -9.333 0.8000000119
33974  -42.494  -32.878  -7.056 0.6999999881
33967  -41.606  -32.426  -6.148 0.6999999881
42921  -45.144  -22.677  -1.515 0.5000000000
42922  -46.055  -22.669  -1.796 0.4000000060
33213  -42.407  -34.027  -7.160 0.6999999881
106984  -46.821  -22.785  -2.380 0.4000000060
99650  -40.169  -31.821  -0.169 0.5000000000
114646  -40.383  -33.932  -7.760 0.5000000000
34772  -40.276  -31.474  -2.552 0.6000000238
35677  -40.419  -30.495  -2.170 0.6000000238
36551  -40.667  -29.753  -0.040 0.5000000000
32377  -40.630  -34.758  -7.737 0.5000000000
37418  -41.300  -28.542  -0.154 0.5000000000
37401  -42.073  -28.455  0.176 0.5000000000
33212  -39.699  -33.958  -7.078 0.5000000000
105852  -40.721  -33.428  -8.403 0.5000000000
33216  -41.297  -34.447  -8.625 0.5000000000
34787  -40.712  -31.392  -4.305 0.6000000238
39411  -42.967  -26.365  -0.583 0.5000000000
38371  -42.786  -27.802  0.072 0.5000000000
105723  -42.761  -28.592  0.366 0.5000000000
33956  -40.792  -32.169  -4.733 0.6000000238
35692  -41.158  -30.068  -3.987 0.6000000238
40392  -43.261  -24.925  -0.961 0.5000000000
40372  -43.101  -25.660  -0.787 0.5000000000
39412  -43.689  -26.214  -0.392 0.5000000000
99290  -44.230  -26.796  -0.173 0.5000000000
32394  -44.152  -35.355  -11.279 0.6999999881
33957  -41.227  -32.097  -5.449 0.6000000238
110050  -44.482  -25.937  -0.369 0.5000000000
32396  -44.708  -35.013  -11.342 0.6999999881
34797  -41.626  -31.509  -6.061 0.6999999881
41183  -44.350  -24.063  -0.782 0.5000000000
33226  -44.679  -34.688  -11.097 0.6999999881
42930  -45.529  -21.960  -1.965 0.4000000060
34807  -42.889  -31.793  -7.421 0.6999999881
42931  -46.313  -22.048  -2.457 0.5000000000
43871  -45.792  -21.410  -2.565 0.5000000000
33982  -44.205  -33.687  -9.918 0.6999999881
33975  -43.425  -32.924  -8.368 0.8000000119
42941  -46.983  -22.178  -3.238 0.4000000060
43881  -47.255  -21.957  -4.064 0.5000000000
44774  -47.533  -20.551  -6.635 0.4000000060
102293  -47.611  -21.025  -7.188 0.5000000000
45603  -47.636  -19.469  -7.579 0.5000000000
43009  -48.027  -22.024  -8.295 0.5000000000
118006  -47.812  -20.820  -7.728 0.5000000000
44791  -47.872  -20.185  -8.051 0.5000000000
99596  -40.410  -29.828  -1.535 0.6000000238
36567  -40.413  -29.724  -0.787 0.5000000000
102822  -40.624  -30.862  -2.984 0.6000000238
36576  -40.661  -29.444  -2.186 0.6000000238
37433  -40.577  -29.025  -1.317 0.6000000238
37434  -40.903  -28.049  -0.912 0.5000000000
97997  -41.813  -27.668  -0.419 0.5000000000
33224  -42.659  -34.655  -10.609 0.6999999881
36577  -41.117  -29.051  -2.967 0.6000000238
40391  -42.705  -25.447  -1.383 0.5000000000
38394  -42.160  -26.758  -0.855 0.5000000000
33981  -40.675  -32.601  -8.874 0.5000000000
33989  -42.199  -33.507  -10.638 0.6000000238
35700  -41.269  -30.499  -4.741 0.6000000238
39410  -42.643  -26.072  -0.969 0.5000000000
104677  -41.537  -29.628  -4.607 0.6000000238
98542  -43.435  -24.027  -1.017 0.5000000000
33240  -43.801  -33.911  -11.245 0.6999999881
36611  -41.955  -29.766  -5.520 0.6000000238
109976  -43.994  -23.472  -1.066 0.5000000000
42929  -44.601  -21.999  -1.781 0.6000000238
111649  -43.318  -22.641  -1.652 0.4000000060
43870  -44.983  -21.323  -2.180 0.5000000000
34806  -42.122  -31.850  -6.730 0.6999999881
46423  -46.877  -18.624  -4.233 0.4000000060
46449  -47.220  -18.268  -5.701 0.4000000060
98639  -42.906  -31.033  -7.480 0.6999999881
45578  -47.457  -19.202  -5.732 0.4000000060
100372  -43.082  -31.356  -8.142 0.6999999881
45592  -47.509  -19.592  -6.696 0.4000000060
101506  -43.919  -32.823  -9.947 0.6999999881
44792  -48.177  -21.068  -8.436 0.5000000000
112738  -48.329  -21.815  -9.164 0.5000000000
109523  -48.361  -20.125  -8.904 0.5000000000
37443  -40.901  -28.361  -2.057 0.5000000000
38393  -41.465  -27.312  -0.999 0.5000000000
37451  -41.448  -28.611  -3.786 0.6000000238
100870  -41.354  -28.296  -2.987 0.5000000000
39437  -41.770  -26.833  -1.520 0.5000000000
34820  -40.735  -31.955  -9.633 0.6000000238
33995  -41.735  -32.619  -10.729 0.6000000238
117458  -41.607  -28.980  -4.439 0.6000000238
108447  -42.308  -25.762  -1.989 0.5000000000
117054  -42.373  -32.411  -11.323 0.6000000238
36600  -42.094  -29.048  -5.172 0.5000000000
111157  -42.289  -27.566  -4.513 0.5000000000
41181  -42.711  -24.467  -1.592 0.5000000000
42016  -42.877  -23.656  -1.518 0.5000000000
33996  -42.911  -33.108  -11.321 0.6999999881
36601  -42.525  -28.588  -5.599 0.6000000238
42017  -43.371  -23.243  -1.377 0.5000000000
42919  -42.733  -22.974  -1.851 0.6000000238
43869  -44.067  -21.351  -2.048 0.5000000000
34005  -43.425  -32.879  -11.309 0.6999999881
35706  -42.524  -29.910  -6.382 0.6999999881
45536  -44.523  -19.303  -2.663 0.5000000000
47323  -45.273  -17.892  -3.483 0.4000000060
33997  -43.843  -33.363  -11.106 0.6999999881
35718  -42.728  -30.284  -6.941 0.6999999881
97709  -42.532  -29.522  -7.131 0.6999999881
44718  -44.452  -20.654  -2.327 0.5000000000
45537  -45.384  -19.327  -2.886 0.5000000000
46401  -45.788  -18.647  -3.342 0.4000000060
46422  -46.198  -18.059  -3.948 0.4000000060
46448  -46.765  -18.088  -4.791 0.4000000060
34828  -43.806  -32.626  -10.662 0.6999999881
47358  -46.905  -17.469  -5.227 0.4000000060
47359  -47.304  -17.516  -5.998 0.4000000060
97960  -43.454  -31.755  -10.563 0.6999999881
36641  -42.431  -30.647  -8.610 0.6999999881
46477  -47.378  -18.236  -7.067 0.4000000060
35738  -42.707  -30.934  -10.111 0.6999999881
36640  -41.985  -30.294  -8.999 0.6999999881
46464  -47.399  -18.680  -6.498 0.4000000060
111919  -47.687  -18.583  -7.794 0.4000000060
44801  -48.519  -20.833  -9.704 0.5000000000
45610  -47.981  -19.374  -8.358 0.5000000000
38427  -41.902  -26.985  -3.050 0.5000000000
39455  -42.037  -26.372  -2.344 0.5000000000
38435  -41.744  -27.725  -3.681 0.5000000000
40427  -42.225  -25.870  -3.513 0.5000000000
98194  -42.265  -25.817  -2.763 0.5000000000
108751  -42.428  -23.715  -2.125 0.5000000000
34837  -41.569  -31.737  -10.970 0.6000000238
38441  -42.511  -27.150  -4.832 0.5000000000
40418  -42.404  -25.205  -2.206 0.5000000000
117963  -43.025  -32.044  -11.866 0.6999999881
37458  -42.514  -27.924  -5.234 0.5000000000
117986  -42.316  -23.090  -2.530 0.6000000238
43868  -43.200  -21.524  -2.215 0.5000000000
111521  -42.588  -28.306  -5.858 0.6000000238
37468  -42.673  -28.826  -6.191 0.6999999881
44717  -43.507  -20.748  -2.377 0.5000000000
46400  -44.724  -18.538  -3.001 0.4000000060
34844  -43.263  -31.435  -12.072 0.6999999881
36620  -42.592  -29.517  -6.618 0.8000000119
45528  -43.865  -19.843  -2.466 0.5000000000
106422  -43.807  -18.954  -2.798 0.5000000000
47338  -46.371  -17.322  -4.431 0.4000000060
48203  -47.176  -16.752  -5.545 0.4000000060
34838  -43.425  -32.142  -11.465 0.6999999881
39502  -41.088  -27.598  -7.846 0.6000000238
48220  -47.502  -16.823  -6.296 0.4000000060
35730  -42.673  -30.510  -7.520 0.6999999881
36630  -42.299  -30.126  -7.909 0.6999999881
98848  -41.524  -28.632  -7.787 0.6000000238
39488  -40.833  -26.417  -7.777 0.6000000238
48230  -47.736  -16.840  -7.073 0.4000000060
36653  -42.411  -30.227  -10.291 0.6999999881
101133  -41.781  -29.749  -9.320 0.6000000238
37506  -41.463  -28.894  -9.005 0.6999999881
38475  -41.081  -27.707  -9.047 0.6000000238
39501  -40.789  -26.884  -8.527 0.6000000238
47383  -47.655  -17.689  -7.479 0.4000000060
36654  -43.277  -30.611  -11.631 0.6999999881
40483  -41.190  -26.103  -9.531 0.6000000238
40474  -40.711  -25.939  -8.739 0.6000000238
46486  -48.243  -18.669  -8.702 0.5000000000
40484  -41.759  -25.886  -10.128 0.6000000238
41282  -41.041  -25.187  -9.487 0.6000000238
45611  -48.408  -19.336  -9.354 0.5000000000
44809  -48.062  -20.169  -10.731 0.5000000000
107926  -42.141  -25.287  -3.059 0.6000000238
35756  -40.970  -30.754  -10.918 0.5000000000
39465  -42.313  -26.303  -4.288 0.5000000000
111322  -41.892  -24.700  -3.337 0.6000000238
42045  -41.949  -23.770  -3.109 0.6000000238
35767  -42.709  -30.703  -12.262 0.6000000238
115160  -43.102  -31.293  -12.276 0.6000000238
40434  -42.274  -25.738  -4.932 0.6000000238
106859  -41.964  -25.351  -4.015 0.6000000238
99377  -42.581  -21.867  -2.614 0.5000000000
43867  -42.725  -21.024  -2.704 0.5000000000
37539  -42.762  -29.350  -12.452 0.6000000238
36673  -42.991  -29.505  -12.345 0.6000000238
39469  -42.435  -26.589  -5.218 0.6000000238
40440  -42.219  -26.031  -5.575 0.6000000238
102771  -42.265  -20.526  -3.385 0.5000000000
46398  -42.955  -18.736  -3.370 0.5000000000
47322  -44.697  -17.222  -3.662 0.4000000060
47337  -45.642  -17.222  -3.864 0.4000000060
37529  -43.061  -29.295  -11.779 0.6999999881
37530  -43.126  -29.212  -12.293 0.6000000238
38456  -42.348  -27.753  -6.298 0.6999999881
40449  -42.044  -26.265  -6.062 0.6000000238
44725  -42.938  -20.154  -2.707 0.5000000000
111087  -43.191  -19.429  -2.833 0.5000000000
46399  -43.762  -18.176  -3.264 0.5000000000
48183  -46.008  -16.491  -4.165 0.4000000060
48202  -46.646  -16.627  -4.806 0.4000000060
49216  -46.902  -15.816  -5.197 0.4000000060
37492  -42.344  -28.833  -7.085 0.6999999881
39489  -41.348  -26.834  -6.994 0.6999999881
105073  -40.962  -24.912  -7.052 0.6999999881
115542  -41.891  -21.126  -3.886 0.5000000000
45535  -42.581  -19.636  -3.321 0.5000000000
49217  -47.378  -16.151  -5.884 0.4000000060
40464  -40.711  -25.392  -7.808 0.6000000238
42094  -40.710  -23.364  -7.606 0.6999999881
49230  -47.563  -16.044  -6.602 0.4000000060
36663  -42.957  -29.957  -11.436 0.6999999881
38489  -41.852  -28.268  -10.188 0.6000000238
41264  -40.650  -24.380  -7.870 0.6000000238
42998  -40.622  -22.452  -7.799 0.6000000238
49240  -47.838  -15.842  -7.492 0.4000000060
103357  -42.457  -26.585  -10.595 0.6000000238
39513  -41.629  -26.978  -9.999 0.6000000238
42116  -40.755  -23.579  -9.169 0.6000000238
43017  -40.825  -22.776  -9.316 0.6000000238
48242  -48.170  -16.888  -7.909 0.4000000060
102453  -41.209  -24.230  -9.683 0.6000000238
47394  -48.655  -17.981  -9.134 0.5000000000
108949  -48.456  -17.301  -8.668 0.4000000060
45615  -47.986  -19.227  -10.662 0.5000000000
46503  -47.943  -18.446  -11.102 0.5000000000
42060  -41.696  -24.392  -4.037 0.6000000238
41237  -41.907  -24.935  -4.840 0.6000000238
42044  -41.652  -23.413  -4.096 0.6000000238
43879  -42.216  -21.482  -3.301 0.5000000000
36671  -42.045  -30.073  -12.152 0.6000000238
41242  -41.659  -24.641  -5.584 0.6000000238
42957  -41.669  -22.614  -4.278 0.5000000000
47320  -43.003  -17.711  -3.728 0.5000000000
48182  -45.062  -16.430  -3.857 0.4000000060
37540  -43.072  -29.089  -12.406 0.6000000238
38512  -43.277  -28.681  -12.374 0.6000000238
117642  -41.458  -24.180  -5.978 0.6000000238
42081  -41.259  -23.708  -6.308 0.6000000238
99442  -41.555  -22.126  -4.890 0.5000000000
111512  -41.254  -19.979  -5.412 0.5000000000
45554  -41.642  -19.727  -4.686 0.5000000000
45555  -42.284  -19.187  -4.069 0.5000000000
50111  -46.201  -15.174  -4.719 0.4000000060
41250  -41.350  -24.609  -6.346 0.6999999881
42985  -41.140  -22.902  -6.372 0.5000000000
43895  -41.597  -21.283  -4.598 0.5000000000
100467  -42.025  -19.894  -3.883 0.5000000000
49229  -47.255  -15.406  -5.984 0.4000000060
39526  -43.510  -27.859  -11.935 0.6000000238
43939  -40.553  -21.583  -7.993 0.6000000238
50131  -47.382  -15.143  -6.880 0.4000000060
105187  -43.201  -26.783  -11.257 0.6000000238
40492  -42.929  -25.683  -10.655 0.6000000238
44799  -40.659  -21.327  -8.874 0.6000000238
35758  -43.444  -31.324  -11.695 0.6999999881
41289  -42.621  -24.659  -10.426 0.6000000238
48243  -48.556  -16.524  -8.805 0.4000000060
103758  -48.267  -16.000  -8.219 0.4000000060
107381  -41.816  -24.936  -10.180 0.6000000238
42117  -41.291  -23.363  -9.827 0.6000000238
47402  -48.853  -17.945  -10.276 0.5000000000
103457  -48.828  -17.179  -9.517 0.4000000060
47413  -48.278  -17.735  -11.325 0.5000000000
46508  -47.968  -18.307  -11.670 0.4000000060
41236  -41.665  -24.040  -4.882 0.6000000238
99506  -41.445  -23.090  -5.030 0.5000000000
46447  -42.071  -18.044  -4.886 0.5000000000
102444  -42.483  -17.430  -4.490 0.5000000000
115874  -43.290  -17.029  -3.990 0.5000000000
49199  -44.440  -15.645  -4.017 0.4000000060
39536  -43.651  -27.953  -12.550 0.6000000238
40497  -43.891  -26.906  -11.810 0.6000000238
42069  -41.478  -23.791  -5.605 0.6000000238
45576  -41.477  -19.254  -5.545 0.5000000000
45577  -41.938  -18.811  -4.855 0.5000000000
46421  -42.412  -18.296  -4.163 0.5000000000
49200  -45.503  -15.581  -4.220 0.4000000060
111208  -45.520  -14.778  -4.524 0.4000000060
50118  -46.666  -14.869  -5.406 0.4000000060
44773  -40.875  -21.216  -6.451 0.5000000000
50130  -46.970  -14.563  -6.213 0.4000000060
116126  -43.616  -26.243  -11.096 0.6000000238
41290  -43.414  -24.775  -10.676 0.6000000238
44790  -40.792  -20.436  -9.044 0.6000000238
50158  -47.785  -14.314  -8.494 0.4000000060
42121  -42.182  -23.024  -10.305 0.6000000238
44800  -41.101  -20.988  -9.729 0.6000000238
49252  -48.583  -15.586  -8.924 0.4000000060
108669  -41.912  -24.024  -10.255 0.6000000238
43018  -41.392  -22.480  -9.984 0.6000000238
48253  -48.981  -16.165  -9.881 0.4000000060
49271  -49.241  -15.374  -10.648 0.3000000119
47405  -48.870  -17.090  -10.676 0.5000000000
48260  -48.962  -16.365  -11.103 0.4000000060
114980  -49.237  -15.955  -11.499 0.3000000119
111044  -42.358  -16.570  -5.079 0.5000000000
47336  -42.815  -16.787  -4.376 0.5000000000
50110  -44.780  -14.829  -4.305 0.5000000000
51018  -45.142  -14.135  -4.655 0.5000000000
46446  -41.645  -18.272  -5.668 0.5000000000
47356  -41.677  -17.435  -6.167 0.6000000238
51029  -45.572  -13.589  -5.156 0.5000000000
117320  -46.065  -13.797  -5.313 0.4000000060
111905  -44.497  -25.386  -11.459 0.6000000238
42131  -44.599  -23.732  -11.566 0.6000000238
46463  -41.337  -18.934  -6.523 0.6000000238
51042  -46.685  -13.735  -6.398 0.4000000060
50144  -47.086  -14.244  -7.128 0.4000000060
41291  -44.169  -24.587  -11.000 0.6000000238
42123  -43.867  -23.452  -10.827 0.6000000238
98298  -40.930  -19.829  -7.033 0.6999999881
51055  -47.185  -13.911  -8.022 0.3000000119
43025  -43.967  -22.127  -10.818 0.6000000238
111516  -41.153  -19.102  -8.517 0.6000000238
51066  -47.430  -13.557  -8.868 0.3000000119
108160  -43.223  -22.930  -10.491 0.6000000238
43024  -42.926  -22.160  -10.412 0.6000000238
45609  -41.115  -19.554  -9.192 0.6000000238
50159  -48.406  -14.711  -9.011 0.4000000060
43023  -41.961  -22.149  -10.416 0.6000000238
43955  -41.534  -21.591  -10.194 0.6000000238
45614  -41.610  -19.195  -10.060 0.6000000238
49263  -48.872  -15.085  -9.734 0.3000000119
50187  -49.009  -14.476  -10.452 0.3000000119
50188  -49.451  -14.626  -11.135 0.3000000119
106242  -49.562  -15.187  -11.574 0.3000000119
48201  -41.939  -16.814  -5.840 0.6000000238
49214  -42.529  -15.479  -5.233 0.5000000000
112402  -43.659  -14.272  -4.799 0.5000000000
50109  -44.320  -14.205  -4.649 0.5000000000
111487  -41.502  -18.063  -6.513 0.6000000238
51912  -45.376  -12.736  -5.517 0.4000000060
102883  -46.458  -13.050  -6.466 0.4000000060
41299  -44.772  -24.664  -11.757 0.6000000238
108218  -41.413  -18.244  -7.299 0.6000000238
51054  -46.697  -13.314  -7.356 0.3000000119
43034  -44.475  -22.739  -11.448 0.6000000238
43970  -45.021  -21.589  -11.745 0.6000000238
44808  -44.188  -20.248  -10.496 0.6000000238
46493  -41.414  -18.586  -9.373 0.6000000238
43961  -43.568  -21.223  -10.501 0.6000000238
50172  -48.139  -13.942  -9.311 0.3000000119
43960  -42.362  -21.397  -10.467 0.6000000238
109456  -42.037  -19.694  -10.329 0.6000000238
50173  -48.583  -14.390  -9.726 0.3000000119
50194  -49.119  -13.790  -11.030 0.3000000119
117155  -49.270  -13.851  -11.357 0.3000000119
49228  -42.030  -15.162  -6.113 0.6000000238
50116  -42.559  -14.568  -5.690 0.6000000238
49215  -43.124  -14.730  -4.971 0.5000000000
101407  -43.155  -13.868  -5.286 0.5000000000
51027  -43.868  -13.742  -4.929 0.4000000060
48218  -41.673  -16.580  -6.682 0.6000000238
49227  -41.683  -15.621  -6.723 0.6000000238
51922  -45.596  -12.014  -5.892 0.4000000060
101726  -41.516  -16.765  -7.654 0.6000000238
51935  -46.358  -12.470  -6.935 0.4000000060
43035  -45.025  -22.821  -12.365 0.6000000238
47382  -41.456  -17.559  -7.969 0.6000000238
51948  -46.497  -12.501  -7.916 0.3000000119
43962  -44.674  -20.890  -10.831 0.6000000238
47392  -41.512  -17.689  -9.038 0.6000000238
51962  -47.305  -12.431  -9.591 0.3000000119
46501  -42.179  -18.382  -10.285 0.6000000238
51080  -47.892  -13.131  -9.741 0.3000000119
44807  -43.251  -19.678  -10.458 0.6000000238
45621  -42.720  -18.952  -10.457 0.6000000238
51097  -48.601  -13.174  -10.744 0.3000000119
51109  -49.011  -13.300  -11.385 0.3000000119
50128  -41.980  -14.405  -6.406 0.6000000238
50129  -42.453  -13.763  -6.035 0.5000000000
51026  -42.895  -13.028  -5.708 0.5000000000
51910  -43.481  -12.349  -5.656 0.4000000060
51911  -44.357  -12.540  -5.410 0.4000000060
113702  -41.666  -14.919  -6.760 0.6000000238
52751  -45.304  -11.432  -6.190 0.4000000060
48229  -41.593  -15.951  -7.500 0.6000000238
52752  -45.948  -11.829  -6.504 0.4000000060
52780  -46.460  -11.650  -8.383 0.3000000119
43963  -45.395  -20.506  -11.634 0.6000000238
101896  -41.521  -16.869  -8.661 0.6000000238
116458  -46.290  -11.051  -8.445 0.3000000119
45629  -45.595  -19.858  -11.977 0.6000000238
45623  -45.139  -19.965  -11.029 0.6000000238
53653  -46.937  -11.103  -9.751 0.3000000119
47401  -41.797  -17.834  -9.924 0.6000000238
46502  -43.759  -18.205  -10.772 0.6000000238
47404  -42.858  -17.628  -10.548 0.6000000238
50143  -41.609  -14.374  -7.167 0.6000000238
51041  -42.341  -13.052  -6.447 0.4000000060
51921  -42.745  -12.288  -6.196 0.4000000060
52749  -43.433  -11.479  -6.143 0.4000000060
52737  -44.132  -11.859  -5.697 0.4000000060
50157  -41.534  -14.522  -8.021 0.5000000000
49239  -41.551  -15.114  -7.413 0.5000000000
52765  -45.703  -11.116  -6.884 0.4000000060
49250  -41.580  -15.405  -8.387 0.5000000000
53623  -46.001  -10.919  -7.815 0.3000000119
48241  -41.632  -16.141  -9.182 0.5000000000
53639  -46.084  -10.580  -8.588 0.3000000119
45643  -45.458  -19.607  -12.544 0.6000000238
48252  -41.926  -16.946  -10.090 0.5000000000
45628  -45.242  -19.334  -11.763 0.6000000238
45622  -44.199  -18.812  -10.914 0.6000000238
46507  -44.472  -18.132  -11.557 0.6000000238
108265  -44.343  -17.562  -11.117 0.6000000238
109606  -43.734  -16.988  -10.851 0.6000000238
47412  -44.807  -17.375  -11.972 0.5000000000
110194  -44.608  -17.051  -11.574 0.5000000000
51934  -41.792  -12.825  -7.698 0.4000000060
106520  -42.164  -12.462  -6.919 0.4000000060
53608  -43.975  -10.686  -6.519 0.3000000119
112627  -41.529  -13.990  -8.498 0.5000000000
53620  -43.618  -10.099  -7.115 0.3000000119
53621  -44.496  -10.209  -7.038 0.3000000119
53622  -45.322  -10.463  -7.250 0.3000000119
49262  -41.664  -15.437  -9.634 0.5000000000
54487  -44.173  -9.002  -8.145 0.3000000119
54471  -44.927  -9.907  -7.528 0.3000000119
101188  -41.896  -16.095  -10.195 0.5000000000
53638  -45.573  -10.141  -7.971 0.3000000119
48258  -42.936  -16.288  -10.865 0.5000000000
54514  -46.453  -9.630  -10.235 0.3000000119
51946  -41.679  -12.420  -8.304 0.3000000119
51947  -41.939  -11.976  -7.551 0.3000000119
52779  -42.288  -11.061  -7.447 0.3000000119
51079  -41.575  -13.226  -9.724 0.3000000119
51064  -41.606  -13.218  -8.620 0.4000000060
52764  -43.035  -10.735  -6.770 0.3000000119
54469  -43.376  -9.539  -7.686 0.3000000119
109326  -41.606  -13.999  -10.089 0.3000000119
109656  -43.746  -9.230  -7.885 0.3000000119
49269  -42.370  -15.586  -10.673 0.4000000060
54488  -45.013  -9.428  -8.168 0.3000000119
54500  -45.413  -9.191  -9.013 0.3000000119
55277  -45.761  -8.997  -9.779 0.3000000119
49270  -43.783  -15.647  -11.578 0.5000000000
55292  -46.183  -8.754  -10.515 0.3000000119
48266  -44.874  -16.669  -12.360 0.4000000060
48259  -44.397  -16.372  -11.576 0.5000000000
51961  -41.594  -12.414  -9.216 0.3000000119
52778  -41.745  -11.550  -8.457 0.3000000119
101615  -42.107  -10.655  -8.106 0.3000000119
53619  -42.748  -10.131  -7.528 0.3000000119
51096  -41.797  -13.454  -10.789 0.3000000119
54486  -43.357  -8.830  -8.242 0.3000000119
55263  -44.029  -8.302  -8.553 0.3000000119
113882  -42.793  -14.748  -11.894 0.3000000119
50192  -42.084  -14.349  -11.063 0.3000000119
55264  -44.747  -8.733  -8.640 0.3000000119
50186  -42.673  -15.132  -11.366 0.4000000060
112759  -44.592  -8.091  -8.908 0.3000000119
55275  -44.917  -7.654  -9.417 0.3000000119
105776  -43.945  -15.144  -12.128 0.4000000060
56099  -46.050  -7.933  -10.744 0.3000000119
49276  -44.698  -15.770  -12.493 0.4000000060
56113  -46.594  -7.816  -11.300 0.3000000119
51972  -41.732  -12.455  -10.465 0.3000000119
52795  -41.700  -11.610  -9.672 0.3000000119
53636  -41.817  -10.766  -9.001 0.3000000119
53637  -42.319  -9.933  -8.434 0.3000000119
117160  -42.267  -9.598  -8.939 0.3000000119
54485  -42.583  -9.074  -8.617 0.3000000119
55262  -42.854  -8.306  -8.683 0.3000000119
51107  -42.335  -13.912  -11.825 0.3000000119
56073  -43.375  -7.910  -8.717 0.3000000119
56957  -43.698  -6.717  -9.422 0.3000000119
56097  -44.523  -6.850  -9.584 0.3000000119
56098  -45.429  -7.130  -10.172 0.3000000119
49280  -44.466  -15.535  -13.068 0.4000000060
56986  -45.551  -6.324  -10.805 0.3000000119
100992  -45.536  -5.539  -11.455 0.3000000119
56125  -46.864  -7.238  -11.660 0.3000000119
114784  -47.148  -6.029  -12.629 0.3000000119
52810  -41.974  -11.622  -10.665 0.3000000119
53651  -41.987  -10.922  -10.132 0.3000000119
53652  -42.106  -10.138  -9.421 0.3000000119
54499  -42.163  -9.400  -9.587 0.3000000119
54513  -42.113  -9.572  -10.652 0.3000000119
55290  -41.925  -8.723  -10.112 0.3000000119
51987  -42.246  -13.048  -12.186 0.3000000119
51986  -41.996  -12.972  -11.427 0.3000000119
55274  -42.359  -8.464  -9.208 0.3000000119
56084  -42.679  -7.608  -9.132 0.3000000119
56085  -43.328  -7.219  -9.058 0.3000000119
51108  -42.519  -13.956  -12.500 0.3000000119
109111  -42.155  -7.206  -9.841 0.3000000119
116203  -42.866  -6.256  -9.981 0.3000000119
105270  -44.125  -15.218  -12.737 0.4000000060
56969  -43.353  -6.124  -9.979 0.3000000119
49292  -43.577  -15.023  -13.201 0.4000000060
56970  -44.081  -6.278  -9.866 0.3000000119
56971  -44.794  -6.257  -10.179 0.3000000119
48274  -43.534  -15.656  -13.397 0.4000000060
56987  -46.317  -6.394  -11.527 0.3000000119
56999  -47.037  -6.555  -12.173 0.3000000119
57849  -46.870  -5.367  -12.883 0.3000000119
53663  -42.215  -10.300  -10.662 0.3000000119
52811  -42.309  -11.163  -11.252 0.3000000119
51973  -42.190  -12.108  -11.604 0.3000000119
51999  -42.276  -12.987  -12.660 0.3000000119
57814  -42.812  -5.899  -10.371 0.3000000119
57815  -43.257  -5.581  -10.530 0.3000000119
57816  -44.059  -5.672  -10.415 0.3000000119
57833  -44.497  -5.156  -11.127 0.3000000119
57848  -45.857  -5.013  -12.215 0.3000000119
48283  -41.543  -16.177  -13.433 0.3000000119
57834  -46.458  -5.719  -12.209 0.3000000119
116342  -46.836  -4.865  -13.186 0.3000000119
57859  -47.510  -5.057  -13.491 0.3000000119
52822  -42.526  -11.338  -12.463 0.3000000119
103676  -42.463  -10.678  -11.771 0.3000000119
98990  -42.387  -10.034  -11.617 0.3000000119
54512  -41.861  -9.082  -11.374 0.3000000119
55289  -41.671  -7.926  -10.619 0.3000000119
52833  -42.426  -12.036  -12.880 0.3000000119
56096  -41.879  -7.037  -10.591 0.3000000119
56997  -41.777  -6.587  -11.888 0.3000000119
56985  -42.395  -5.975  -10.728 0.3000000119
57831  -42.595  -5.353  -11.099 0.3000000119
57832  -43.555  -5.091  -11.021 0.3000000119
58730  -44.944  -4.742  -11.833 0.3000000119
58746  -45.371  -4.352  -12.522 0.3000000119
58745  -44.355  -4.141  -12.311 0.3000000119
58747  -46.291  -4.710  -12.846 0.3000000119
58756  -45.810  -3.932  -13.137 0.3000000119
58757  -46.784  -4.255  -13.480 0.3000000119
58771  -47.754  -4.214  -14.147 0.3000000119
53683  -42.618  -10.771  -13.102 0.3000000119
53674  -42.596  -10.491  -12.521 0.3000000119
54527  -42.404  -9.760  -12.435 0.3000000119
52846  -42.526  -11.315  -13.225 0.3000000119
113183  -42.554  -10.473  -13.262 0.3000000119
103200  -42.596  -10.210  -13.004 0.3000000119
55301  -42.030  -8.917  -12.459 0.3000000119
55315  -41.940  -8.047  -12.548 0.3000000119
104971  -42.367  -11.885  -13.227 0.3000000119
57830  -42.060  -6.000  -11.294 0.3000000119
52010  -41.927  -12.376  -13.471 0.3000000119
58728  -43.021  -4.637  -11.694 0.3000000119
58729  -43.941  -4.584  -11.658 0.3000000119
59637  -44.828  -3.636  -12.843 0.3000000119
59651  -46.224  -3.397  -13.716 0.3000000119
53697  -42.435  -10.663  -13.507 0.3000000119
52845  -42.223  -11.328  -13.678 0.3000000119
53708  -41.877  -10.620  -14.010 0.3000000119
53696  -41.112  -11.121  -13.919 0.3000000119
116749  -42.538  -10.828  -13.315 0.3000000119
42999  -40.889  -22.658  -7.027 0.6999999881
43914  -41.268  -21.482  -5.553 0.5000000000
38502  -43.268  -28.639  -11.916 0.6000000238
34814  -43.318  -31.821  -8.219 0.6999999881
19729  -40.017  -50.895  -1.068 0.3000000119
19741  -40.751  -50.714  -1.422 0.3000000119
18884  -40.180  -51.156  -1.865 0.3000000119
19742  -41.386  -50.702  -1.945 0.3000000119
18893  -41.204  -51.150  -2.697 0.4000000060
18903  -41.792  -51.499  -3.472 0.4000000060
18109  -41.568  -52.312  -3.978 0.4000000060
18904  -43.750  -51.444  -3.830 0.4000000060
18905  -44.645  -51.683  -4.053 0.4000000060
18907  -46.391  -52.402  -4.711 0.4000000060
18920  -45.825  -52.437  -4.965 0.4000000060
18933  -50.256  -51.861  -6.001 0.4000000060
116483  -47.651  -52.430  -4.890 0.4000000060
18934  -51.273  -51.912  -6.144 0.4000000060
21347  -48.616  -47.371  -5.207 0.4000000060
24277  -48.586  -44.315  1.856 0.3000000119
25104  -49.211  -43.814  1.697 0.3000000119
25105  -50.046  -44.008  1.002 0.3000000119
25897  -51.275  -44.089  -0.012 0.3000000119
25146  -51.314  -45.457  -2.044 0.3000000119
22169  -45.470  -44.984  -4.467 0.5000000000
22967  -45.276  -44.421  -4.172 0.5000000000
29266  -53.491  -38.119  -0.738 0.3000000119
29265  -53.085  -38.089  -0.077 0.3000000119
30061  -52.704  -37.553  -0.659 0.3000000119
100323  -43.434  -45.721  -1.271 0.6000000238
30784  -51.716  -36.464  -0.595 0.4000000060
104063  -42.487  -46.272  -1.093 0.6000000238
31573  -51.461  -35.725  -0.909 0.4000000060
31588  -50.982  -35.087  -2.252 0.4000000060
32350  -48.553  -34.198  -3.893 0.4000000060
32349  -48.299  -34.383  -4.764 0.4000000060
27674  -36.696  -40.813  -5.805 0.4000000060
26847  -37.115  -41.747  -6.134 0.5000000000
26853  -37.846  -41.857  -6.842 0.5000000000
24322  -39.467  -44.444  -0.429 0.6999999881
33976  -49.376  -33.298  -6.218 0.4000000060
25138  -39.269  -43.619  -0.630 0.6999999881
33977  -50.132  -32.465  -6.843 0.4000000060
27687  -38.837  -40.880  -7.715 0.5000000000
109959  -39.448  -41.543  -8.209 0.5000000000
27696  -41.333  -41.289  -9.441 0.6000000238
27695  -40.319  -40.387  -8.992 0.6000000238
109557  -42.408  -41.570  -9.733 0.8000000119
25923  -39.170  -42.078  -1.072 0.8000000119
25909  -39.445  -42.281  -0.411 0.6999999881
109056  -39.414  -40.950  -2.418 0.8000000119
25922  -38.989  -42.983  -1.492 0.6999999881
34809  -50.504  -31.491  -6.913 0.4000000060
117149  -39.348  -40.758  -1.618 0.8000000119
27654  -39.437  -40.458  -3.900 0.8000000119
107895  -39.408  -41.168  -3.353 0.8000000119
35719  -50.636  -30.610  -6.640 0.4000000060
29330  -44.249  -38.741  -9.607 0.6999999881
27663  -39.856  -40.665  -4.684 0.8000000119
29324  -43.777  -38.325  -8.291 0.6999999881
29316  -42.716  -37.915  -7.016 0.6999999881
28521  -40.668  -39.987  -5.992 0.8000000119
99964  -41.420  -38.259  -6.205 0.6000000238
38463  -50.655  -27.836  -7.378 0.3000000119
41239  -48.410  -24.260  -4.590 0.4000000060
39471  -49.648  -26.525  -5.657 0.4000000060
38457  -50.288  -27.224  -5.988 0.4000000060
38458  -50.687  -27.954  -6.426 0.3000000119
42061  -48.114  -23.366  -4.404 0.4000000060
41244  -48.583  -24.351  -5.438 0.4000000060
40441  -48.862  -25.107  -5.858 0.4000000060
39470  -49.078  -25.824  -5.310 0.4000000060
42958  -47.538  -22.245  -4.827 0.4000000060
42082  -48.080  -22.842  -7.239 0.4000000060
43000  -47.819  -22.206  -7.521 0.5000000000
43897  -47.234  -21.348  -4.558 0.5000000000
107329  -47.531  -20.145  -5.851 0.4000000060
43941  -47.569  -21.698  -7.028 0.5000000000
43001  -48.179  -22.766  -8.088 0.5000000000
43010  -48.361  -22.603  -8.893 0.4000000060
44720  -46.100  -20.968  -3.136 0.5000000000
45538  -46.287  -19.461  -3.396 0.5000000000
45557  -47.491  -19.774  -4.947 0.4000000060
43956  -48.642  -21.660  -10.243 0.5000000000
44816  -48.006  -20.419  -11.168 0.5000000000
44832  -48.379  -19.965  -11.530 0.5000000000
111676  -40.527  -30.074  -10.986 0.5000000000
47414  -48.530  -17.487  -11.455 0.4000000060
38500  -41.202  -28.348  -12.021 0.6000000238
101032  -42.144  -28.784  -12.496 0.6000000238
38521  -43.222  -28.335  -12.739 0.6000000238
48267  -49.048  -16.559  -11.559 0.3000000119
39548  -43.589  -26.901  -13.752 0.6000000238
40503  -44.533  -26.423  -13.147 0.6000000238
40499  -44.851  -25.566  -12.357 0.6000000238
49281  -49.759  -14.863  -12.162 0.3000000119
41300  -45.046  -24.661  -12.710 0.6000000238
42132  -45.014  -23.931  -12.307 0.6000000238
99101  -45.392  -21.574  -12.711 0.6000000238
43982  -45.528  -20.532  -12.882 0.6000000238
45642  -44.925  -19.408  -12.695 0.6000000238
45627  -44.806  -18.805  -11.767 0.6000000238
45641  -43.888  -19.274  -12.552 0.6000000238
46517  -44.308  -17.811  -12.338 0.5000000000
47421  -44.565  -16.999  -12.654 0.4000000060
107742  -43.441  -16.600  -13.191 0.4000000060
58744  -43.364  -4.107  -12.312 0.3000000119
59636  -43.770  -3.520  -12.792 0.3000000119
59663  -45.603  -2.646  -14.207 0.3000000119
58770  -46.988  -3.636  -14.030 0.3000000119
52844  -41.111  -11.776  -13.765 0.3000000119
52009  -40.634  -12.461  -13.605 0.3000000119
33210  -48.534  -33.967  -5.772 0.4000000060
43019  -48.753  -22.436  -9.784 0.5000000000
20502  -44.200  -50.340  -0.268 0.3000000119
19721  -45.797  -51.124  -0.652 0.3000000119
18885  -46.574  -51.520  -1.910 0.4000000060
19722  -46.872  -51.421  -0.489 0.3000000119
20534  -49.270  -50.004  -4.398 0.4000000060
22907  -45.569  -47.021  0.964 0.3000000119
114314  -51.464  -52.939  -1.201 0.4000000060
22124  -49.399  -48.077  0.977 0.3000000119
22969  -45.428  -44.847  -4.026 0.4000000060
25916  -50.393  -44.702  -2.023 0.3000000119
26786  -52.047  -41.456  0.211 0.3000000119
27619  -52.802  -40.678  0.598 0.3000000119
29267  -54.277  -38.835  -0.860 0.3000000119
26782  -49.108  -41.643  0.259 0.3000000119
25910  -44.158  -42.412  -1.246 0.6000000238
30060  -51.997  -37.203  -0.219 0.4000000060
24308  -42.892  -43.818  -0.351 0.6000000238
99497  -41.953  -44.811  -0.121 0.6999999881
26781  -46.910  -41.155  -0.333 0.3000000119
32333  -50.403  -34.599  -1.693 0.4000000060
24306  -40.758  -44.064  0.058 0.6999999881
28468  -45.087  -38.885  -0.646 0.4000000060
31560  -49.761  -35.274  0.652 0.4000000060
29252  -43.559  -38.489  0.148 0.6000000238
26779  -41.955  -40.893  0.629 0.6999999881
26777  -40.344  -41.797  0.453 0.6999999881
116587  -39.631  -43.855  -0.308 0.6999999881
30753  -46.826  -36.663  2.533 0.4000000060
29251  -42.652  -38.395  0.646 0.6000000238
109427  -47.474  -33.477  -3.303 0.4000000060
25891  -39.923  -42.597  0.105 0.6999999881
33958  -48.299  -33.279  -4.776 0.4000000060
33968  -48.845  -33.277  -5.437 0.4000000060
28519  -37.032  -40.077  -6.248 0.3000000119
117818  -41.961  -37.381  1.370 0.6000000238
26776  -39.736  -41.814  0.066 0.6999999881
110250  -39.495  -42.940  -0.395 0.6999999881
29235  -40.752  -37.520  1.115 0.6000000238
33154  -46.352  -33.229  1.138 0.5000000000
27626  -39.402  -40.588  -0.324 0.6999999881
114183  -39.478  -37.983  0.234 0.6999999881
27636  -39.268  -40.155  -1.005 0.6999999881
26804  -39.251  -41.071  -0.976 0.8000000119
107671  -48.410  -31.330  -3.263 0.4000000060
30771  -40.073  -35.910  0.863 0.6999999881
98389  -39.513  -36.836  -2.529 0.6000000238
28511  -39.654  -39.740  -4.394 0.6999999881
31606  -40.205  -35.422  -4.137 0.6000000238
29301  -40.411  -38.176  -5.279 0.6999999881
28520  -40.081  -39.866  -5.188 0.6999999881
29315  -40.525  -39.050  -5.672 0.8000000119
115255  -41.421  -36.678  -5.666 0.6000000238
36631  -50.855  -29.283  -7.532 0.4000000060
117763  -50.838  -29.314  -6.670 0.3000000119
32313  -39.838  -34.074  -0.033 0.6000000238
109339  -40.215  -33.789  0.651 0.6000000238
102922  -40.596  -33.867  1.246 0.6999999881
31595  -39.823  -35.170  -3.329 0.6000000238
30121  -43.716  -37.558  -7.909 0.6999999881
30835  -41.821  -36.235  -6.239 0.6999999881
31618  -41.377  -35.414  -5.638 0.6999999881
33901  -41.535  -32.525  1.843 0.4000000060
37444  -47.981  -28.458  -1.953 0.3000000119
38438  -49.396  -28.093  -3.855 0.3000000119
38443  -49.720  -27.888  -4.537 0.3000000119
34734  -40.553  -31.525  0.598 0.5000000000
35624  -41.777  -30.991  1.364 0.5000000000
36553  -44.812  -28.895  0.181 0.4000000060
107051  -46.041  -28.357  -0.478 0.4000000060
42029  -47.746  -23.902  -3.030 0.4000000060
114275  -47.517  -25.295  -2.250 0.4000000060
106052  -46.839  -26.930  -1.403 0.4000000060
38415  -47.267  -27.863  -1.530 0.4000000060
42020  -46.505  -23.436  -1.728 0.5000000000
39456  -48.016  -26.769  -2.426 0.4000000060
40435  -48.632  -25.137  -4.861 0.4000000060
35654  -40.357  -30.438  -0.334 0.5000000000
36535  -42.384  -29.184  0.533 0.5000000000
33217  -42.464  -35.273  -10.104 0.6999999881
106087  -43.779  -25.437  -0.565 0.5000000000
111060  -43.684  -32.545  -9.074 0.8000000119
33223  -41.421  -33.518  -9.610 0.5000000000
35705  -41.752  -30.615  -5.843 0.6999999881
43880  -46.724  -21.363  -3.760 0.5000000000
34821  -43.504  -31.985  -9.321 0.6999999881
108608  -47.486  -18.895  -7.144 0.4000000060
43948  -47.804  -21.500  -7.694 0.5000000000
111594  -41.644  -27.027  -2.197 0.5000000000
44719  -45.353  -20.752  -2.605 0.5000000000
36612  -42.659  -29.220  -5.954 0.6999999881
45556  -47.110  -19.434  -4.079 0.4000000060
46424  -47.349  -18.867  -4.829 0.4000000060
112526  -46.558  -18.815  -3.739 0.4000000060
45529  -44.910  -19.992  -2.566 0.5000000000
116246  -41.237  -28.249  -8.383 0.6000000238
47393  -48.077  -17.870  -8.224 0.4000000060
46494  -48.631  -18.675  -9.868 0.5000000000
35766  -41.562  -30.403  -11.683 0.5000000000
35768  -43.180  -30.860  -12.166 0.6999999881
39477  -42.288  -26.867  -5.883 0.6000000238
112234  -42.454  -28.428  -6.574 0.6999999881
40465  -41.167  -25.802  -7.083 0.6999999881
37519  -42.265  -29.377  -10.461 0.6000000238
41271  -40.651  -24.338  -8.926 0.6000000238
45624  -47.934  -19.552  -11.294 0.5000000000
36662  -40.875  -29.565  -11.499 0.5000000000
42940  -42.058  -22.564  -3.286 0.6000000238
47321  -43.823  -17.418  -3.628 0.4000000060
39476  -41.955  -26.979  -6.390 0.6999999881
104439  -41.371  -25.362  -6.550 0.6999999881
42095  -40.979  -23.326  -6.861 0.6999999881
41265  -40.955  -24.036  -6.982 0.6999999881
39525  -42.721  -27.697  -11.051 0.6000000238
43008  -40.610  -23.023  -8.481 0.6000000238
43954  -40.961  -21.904  -9.484 0.6000000238
48169  -43.995  -16.544  -3.850 0.4000000060
103276  -41.326  -22.468  -5.697 0.5000000000
43930  -41.129  -22.085  -6.400 0.5000000000
44781  -40.661  -20.806  -7.343 0.6999999881
45602  -40.793  -19.927  -8.140 0.6000000238
50145  -47.570  -14.743  -7.698 0.4000000060
42122  -43.005  -23.869  -10.461 0.6000000238
47406  -48.656  -17.088  -11.388 0.4000000060
47357  -42.038  -17.438  -5.360 0.6000000238
103134  -43.555  -15.804  -4.191 0.4000000060
116601  -40.867  -20.452  -6.543 0.6999999881
43940  -40.770  -21.814  -7.152 0.6000000238
104847  -41.364  -20.079  -9.834 0.6000000238
49272  -49.320  -15.734  -11.419 0.3000000119
49198  -43.137  -15.371  -4.609 0.5000000000
102649  -43.825  -14.915  -4.362 0.5000000000
51028  -44.602  -13.420  -5.034 0.4000000060
51030  -46.181  -13.322  -5.719 0.4000000060
45591  -41.200  -19.069  -7.612 0.6000000238
51065  -46.875  -13.157  -8.402 0.3000000119
108463  -47.179  -12.979  -9.130 0.3000000119
46485  -41.364  -18.378  -8.281 0.6000000238
44806  -41.951  -20.579  -10.373 0.6000000238
50195  -49.495  -14.330  -11.682 0.3000000119
47371  -41.517  -17.442  -7.028 0.6000000238
107807  -43.018  -20.601  -10.459 0.6000000238
51081  -48.545  -13.798  -10.204 0.3000000119
113992  -41.576  -16.217  -8.223 0.6000000238
52766  -46.187  -11.729  -7.394 0.4000000060
51949  -46.823  -12.451  -8.809 0.3000000119
51974  -48.141  -12.333  -10.446 0.3000000119
51040  -41.877  -13.712  -6.786 0.5000000000
53609  -44.910  -10.779  -6.558 0.4000000060
51053  -41.899  -13.128  -7.102 0.4000000060
51052  -41.637  -13.674  -7.700 0.4000000060
52763  -42.527  -11.608  -6.748 0.4000000060
101757  -41.574  -14.635  -9.032 0.5000000000
54501  -45.936  -9.637  -9.477 0.3000000119
107314  -41.544  -13.896  -9.220 0.4000000060
118281  -41.569  -14.340  -9.592 0.4000000060
100280  -41.752  -14.818  -10.234 0.4000000060
54468  -42.837  -9.428  -7.984 0.3000000119
55276  -45.190  -8.455  -9.255 0.3000000119
55291  -45.586  -8.151  -9.989 0.3000000119
56086  -44.070  -7.463  -8.977 0.3000000119
50193  -43.192  -14.786  -12.424 0.3000000119
56112  -46.148  -7.122  -11.019 0.3000000119
57817  -44.922  -5.716  -10.718 0.3000000119
57850  -47.610  -5.944  -13.175 0.3000000119
104019  -42.338  -12.287  -12.470 0.3000000119
56111  -41.726  -7.367  -11.546 0.3000000119
57847  -42.177  -4.926  -12.082 0.3000000119
59650  -45.275  -3.151  -13.419 0.3000000119
59665  -47.425  -3.415  -14.648 0.3000000119
54538  -42.399  -9.484  -13.103 0.3000000119
54549  -42.421  -9.875  -13.388 0.3000000119
60682  -44.688  -2.639  -13.809 0.3000000119
25908  -39.154  -42.891  -0.861 0.6999999881
29322  -41.382  -39.256  -6.459 0.8000000119
42096  -48.417  -23.516  -7.805 0.4000000060
99734  -43.890  -18.621  -12.347 0.5000000000
43915  -47.458  -21.585  -5.436 0.4000000060
42986  -47.680  -22.290  -6.728 0.4000000060
114431  -50.686  -24.581  -12.702 0.3000000119
43045  -49.801  -22.651  -11.476 0.4000000060
41307  -51.465  -24.041  -13.084 0.3000000119
43026  -48.563  -22.419  -10.906 0.4000000060
43036  -48.566  -22.456  -10.923 0.4000000060
43964  -48.272  -21.618  -10.982 0.4000000060
43047  -51.724  -22.991  -12.804 0.3000000119
43983  -49.483  -21.554  -11.589 0.4000000060
43984  -50.423  -21.796  -12.004 0.3000000119
44759  -47.445  -20.725  -5.180 0.3000000119
43973  -48.635  -21.449  -11.211 0.4000000060
45644  -49.581  -20.011  -11.891 0.3000000119
44833  -48.952  -20.636  -11.829 0.4000000060
104263  -51.630  -20.263  -12.538 0.3000000119
105159  -50.671  -20.174  -12.130 0.3000000119
114076  -48.721  -19.725  -11.794 0.4000000060
44817  -48.378  -20.714  -11.382 0.4000000060
45646  -51.406  -19.258  -12.323 0.3000000119
45645  -50.253  -19.229  -11.910 0.3000000119
46519  -49.726  -18.332  -11.673 0.3000000119
38520  -42.599  -27.887  -12.910 0.5000000000
47422  -50.477  -17.467  -11.815 0.3000000119
46509  -48.418  -18.270  -11.844 0.3000000119
38510  -41.718  -27.810  -12.555 0.5000000000
40501  -41.135  -26.122  -13.095 0.5000000000
39542  -41.828  -27.028  -12.944 0.5000000000
41303  -41.314  -25.680  -14.445 0.5000000000
109374  -43.064  -26.256  -14.278 0.5000000000
47415  -49.202  -17.416  -11.635 0.3000000119
40514  -43.194  -25.502  -14.182 0.5000000000
113520  -44.603  -22.928  -13.465 0.5000000000
43054  -41.514  -23.059  -14.453 0.5000000000
43055  -42.397  -22.535  -14.420 0.5000000000
43062  -41.918  -23.217  -14.990 0.5000000000
43998  -43.201  -22.168  -14.255 0.4000000060
43043  -41.317  -22.348  -13.441 0.5000000000
42143  -41.150  -24.008  -13.669 0.5000000000
43991  -44.085  -21.560  -13.699 0.5000000000
43989  -42.083  -22.041  -13.753 0.4000000060
44840  -43.448  -20.586  -13.273 0.5000000000
43979  -41.652  -21.342  -13.378 0.4000000060
109293  -43.920  -19.804  -12.986 0.5000000000
44826  -40.026  -20.787  -12.861 0.4000000060
44827  -41.078  -20.621  -13.215 0.5000000000
45640  -42.813  -19.355  -12.736 0.4000000060
45638  -40.376  -19.919  -13.050 0.5000000000
45639  -41.578  -19.681  -13.104 0.4000000060
114494  -40.888  -19.203  -12.804 0.4000000060
46516  -42.595  -18.124  -12.600 0.4000000060
106194  -42.152  -18.874  -12.894 0.3000000119
107613  -40.827  -18.502  -12.759 0.3000000119
47419  -41.335  -17.698  -12.918 0.3000000119
47420  -42.994  -17.417  -12.786 0.3000000119
46515  -39.371  -18.562  -12.937 0.3000000119
112659  -39.789  -17.854  -12.977 0.3000000119
48273  -41.862  -17.027  -13.145 0.3000000119
115532  -39.124  -17.440  -13.476 0.3000000119
48272  -40.231  -17.033  -13.313 0.3000000119
39534  -40.654  -25.893  -12.387 0.5000000000
40511  -50.961  -25.964  -13.078 0.3000000119
42133  -48.418  -23.458  -11.128 0.4000000060
104964  -40.847  -24.382  -12.950 0.4000000060
43053  -41.176  -23.281  -13.646 0.5000000000
43978  -40.780  -21.596  -13.000 0.5000000000
111616  -46.847  -20.941  -4.166 0.4000000060
111928  -47.479  -21.013  -6.003 0.4000000060
43044  -45.036  -22.612  -13.060 0.5000000000
42070  -48.029  -22.891  -6.323 0.4000000060
105946  -48.717  -23.080  -9.492 0.4000000060
104080  -48.050  -20.980  -10.852 0.4000000060
46518  -48.889  -19.117  -11.935 0.3000000119
39547  -42.641  -26.971  -13.863 0.5000000000
40504  -44.694  -25.473  -13.287 0.5000000000
41304  -44.783  -24.483  -13.372 0.5000000000
43981  -45.041  -21.481  -13.172 0.5000000000
44842  -44.888  -20.621  -13.258 0.5000000000
44829  -44.603  -20.073  -13.254 0.5000000000
41311  -51.272  -24.966  -13.162 0.3000000119
42141  -49.816  -23.730  -11.702 0.4000000060
42142  -50.699  -23.804  -12.417 0.3000000119
43037  -49.005  -22.532  -11.006 0.4000000060
42134  -48.330  -23.640  -11.172 0.4000000060
42140  -48.888  -23.742  -11.147 0.4000000060
43046  -50.706  -22.818  -12.091 0.3000000119
41292  -48.411  -24.096  -10.912 0.4000000060
44834  -49.970  -20.910  -12.077 0.4000000060
46520  -50.935  -18.356  -11.974 0.3000000119
39524  -40.594  -27.269  -11.799 0.5000000000
39535  -40.988  -26.706  -12.455 0.5000000000
41308  -41.302  -24.856  -14.745 0.5000000000
40507  -42.374  -26.450  -14.342 0.5000000000
41313  -41.744  -24.870  -15.020 0.5000000000
40509  -44.173  -25.146  -13.822 0.5000000000
42148  -42.168  -23.893  -14.887 0.5000000000
42149  -43.241  -23.817  -14.375 0.5000000000
43057  -44.433  -22.360  -13.534 0.5000000000
42147  -41.533  -23.980  -14.805 0.5000000000
42144  -41.263  -24.014  -14.401 0.5000000000
43980  -42.529  -21.137  -13.443 0.4000000060
118268  -43.490  -23.060  -14.323 0.4000000060
44828  -42.554  -20.212  -13.091 0.5000000000
109792  -39.829  -19.214  -12.747 0.3000000119
42125  -47.976  -24.367  -11.335 0.4000000060
25982  -42.803  -43.106  -8.670 0.6999999881
27675  -40.354  -40.847  -5.523 0.6999999881
27676  -41.121  -41.040  -6.452 0.6999999881
109649  -42.147  -41.704  -7.583 0.6999999881
109695  -43.268  -41.705  -8.632 0.6999999881
26870  -43.269  -42.127  -9.398 0.6999999881
27682  -41.933  -40.591  -7.182 0.6999999881
27683  -42.963  -40.683  -8.187 0.6999999881
27689  -43.623  -40.696  -9.125 0.6999999881
28541  -43.484  -40.622  -9.448 0.6999999881
40451  -49.404  -25.788  -6.300 0.3000000119
40467  -49.509  -25.894  -7.411 0.3000000119
40450  -49.006  -25.108  -6.929 0.3000000119
110385  -49.329  -25.820  -8.382 0.3000000119
41272  -48.705  -24.277  -8.373 0.3000000119
40466  -49.002  -25.133  -8.073 0.3000000119
28528  -42.482  -39.707  -7.446 0.6999999881
28534  -43.708  -39.954  -8.832 0.6999999881
41251  -48.710  -24.309  -6.403 0.3000000119
41266  -48.707  -24.311  -7.404 0.3000000119
115751  -48.906  -24.843  -8.892 0.3000000119
40485  -49.172  -25.339  -9.958 0.3000000119
40494  -49.132  -24.997  -10.879 0.3000000119
29329  -43.509  -39.089  -8.469 0.6000000238
108594  -43.935  -39.499  -9.475 0.6999999881
42071  -48.434  -23.580  -5.903 0.3000000119
42083  -48.452  -23.541  -6.844 0.3000000119
41283  -49.023  -24.297  -10.366 0.3000000119
41284  -48.971  -24.621  -10.741 0.3000000119
41293  -47.991  -25.020  -11.266 0.3000000119
42106  -48.581  -23.457  -8.792 0.3000000119
109271  -48.626  -24.446  -11.621 0.3000000119
99088  -48.010  -22.948  -5.295 0.3000000119
109286  -48.052  -24.295  -11.734 0.3000000119
42974  -47.621  -22.297  -5.822 0.3000000119
26834  -39.658  -41.404  -4.201 0.6999999881
26826  -39.392  -41.851  -2.727 0.6999999881
25213  -41.296  -43.722  -8.529 0.6999999881
26848  -40.219  -41.685  -4.973 0.6999999881
26861  -42.900  -42.729  -8.220 0.6999999881
25989  -41.868  -43.126  -9.269 0.6999999881
26868  -42.158  -42.335  -9.644 0.6999999881
110433  -49.982  -26.588  -7.394 0.3000000119
39490  -49.694  -26.419  -8.164 0.3000000119
39503  -49.446  -26.135  -9.138 0.3000000119
39527  -49.635  -25.910  -11.045 0.3000000119
40505  -49.204  -25.029  -11.590 0.3000000119
39545  -49.929  -25.762  -12.051 0.3000000119
41305  -49.286  -24.904  -11.777 0.3000000119
39478  -49.922  -26.499  -6.615 0.3000000119
103795  -48.873  -24.282  -9.301 0.3000000119
40475  -49.126  -25.399  -9.030 0.3000000119
21344  -44.887  -47.816  -4.604 0.4000000060
21337  -44.668  -47.428  -4.148 0.4000000060
22180  -45.268  -46.009  -4.959 0.4000000060
21352  -47.901  -45.055  -7.368 0.4000000060
21336  -43.702  -48.267  -3.779 0.4000000060
22955  -44.091  -46.391  -2.509 0.5000000000
22161  -44.665  -46.225  -3.339 0.4000000060
22168  -45.160  -46.012  -4.099 0.4000000060
22167  -44.212  -47.281  -3.532 0.4000000060
22181  -46.053  -45.035  -5.408 0.4000000060
22160  -43.680  -47.155  -2.849 0.5000000000
21335  -42.712  -48.648  -3.615 0.4000000060
22941  -43.321  -46.401  -1.789 0.5000000000
21323  -43.215  -47.928  -3.172 0.5000000000
21334  -41.780  -48.805  -3.496 0.5000000000
113647  -43.181  -46.941  -2.287 0.5000000000
22159  -42.697  -47.512  -2.551 0.5000000000
21321  -41.283  -48.311  -2.844 0.5000000000
21333  -40.886  -48.869  -3.415 0.5000000000
21332  -40.006  -48.903  -3.344 0.5000000000
22158  -41.718  -47.678  -2.313 0.5000000000
22940  -41.538  -46.579  -1.051 0.6000000238
22157  -40.729  -47.795  -2.174 0.5000000000
21320  -40.355  -48.374  -2.789 0.5000000000
110687  -38.902  -47.813  -2.296 0.6000000238
113590  -37.849  -47.398  -2.269 0.5000000000
22145  -41.157  -47.230  -1.561 0.6000000238
22939  -40.589  -46.685  -1.014 0.6000000238
22156  -39.794  -47.878  -2.142 0.5000000000
22142  -38.373  -47.213  -1.923 0.6000000238
22141  -37.582  -47.009  -2.223 0.5000000000
23661  -36.405  -46.066  -4.253 0.5000000000
23649  -36.680  -45.974  -3.259 0.5000000000
22953  -36.870  -46.599  -2.690 0.5000000000
25202  -37.444  -45.332  -7.622 0.4000000060
112755  -38.622  -44.279  -7.877 0.5000000000
22923  -40.112  -46.061  -0.634 0.6000000238
22144  -40.184  -47.349  -1.480 0.5000000000
24393  -38.495  -45.505  -7.933 0.5000000000
22922  -39.305  -46.029  -0.835 0.6000000238
22937  -38.905  -46.651  -1.345 0.6000000238
24386  -37.759  -46.233  -7.664 0.5000000000
22936  -38.242  -46.495  -1.740 0.6000000238
22954  -37.689  -46.217  -2.141 0.6000000238
23671  -36.597  -46.928  -5.757 0.5000000000
23662  -36.973  -45.355  -3.506 0.5000000000
23650  -37.285  -45.745  -2.662 0.5000000000
25196  -36.606  -44.780  -6.994 0.4000000060
105884  -37.848  -44.099  -7.442 0.5000000000
25195  -35.828  -44.276  -6.294 0.4000000060
25980  -39.099  -43.529  -7.961 0.5000000000
24394  -39.369  -45.616  -7.942 0.5000000000
108062  -38.635  -45.946  -1.253 0.6000000238
117838  -38.149  -45.882  -1.684 0.6000000238
117200  -38.159  -44.650  -1.947 0.6000000238
24357  -36.840  -45.527  -4.784 0.5000000000
24344  -37.654  -45.002  -2.741 0.6000000238
24358  -37.449  -44.648  -3.755 0.5000000000
118283  -37.698  -45.050  -5.180 0.5000000000
25972  -37.025  -43.777  -6.860 0.4000000060
111839  -38.239  -43.047  -7.329 0.5000000000
25981  -39.973  -44.048  -8.440 0.5000000000
25988  -40.777  -43.402  -8.695 0.5000000000
25209  -40.374  -44.537  -8.307 0.5000000000
24389  -40.668  -44.683  -8.049 0.5000000000
25137  -38.919  -43.526  -1.188 0.6000000238
23624  -38.955  -45.253  -0.788 0.6000000238
115510  -40.271  -45.356  -7.951 0.5000000000
24387  -38.633  -45.843  -7.613 0.5000000000
25154  -38.603  -43.766  -1.891 0.6000000238
24345  -38.144  -44.267  -2.767 0.6000000238
24380  -37.927  -46.227  -6.736 0.5000000000
24381  -38.820  -46.000  -7.159 0.5000000000
24366  -38.590  -45.410  -6.015 0.5000000000
26859  -39.684  -42.791  -8.254 0.5000000000
25210  -41.736  -43.661  -8.237 0.6000000238
25203  -41.234  -44.209  -7.580 0.5000000000
113102  -40.573  -45.012  -7.551 0.5000000000
24388  -39.821  -45.629  -7.639 0.5000000000
25177  -38.691  -43.532  -2.857 0.6000000238
25198  -40.366  -45.017  -6.844 0.5000000000
24359  -38.201  -43.976  -3.844 0.5000000000
25184  -38.756  -44.051  -4.936 0.5000000000
25973  -37.447  -42.787  -6.728 0.4000000060
26860  -40.265  -42.265  -8.584 0.4000000060
25967  -36.686  -42.569  -6.139 0.4000000060
25975  -42.283  -43.285  -7.892 0.6000000238
25974  -41.646  -43.458  -7.106 0.6000000238
104278  -39.211  -42.774  -3.055 0.6000000238
25199  -40.911  -44.116  -6.664 0.5000000000
25197  -39.572  -45.050  -6.252 0.5000000000
25948  -39.328  -42.954  -4.242 0.6000000238
25185  -39.696  -43.559  -5.177 0.5000000000
26854  -38.658  -42.017  -7.692 0.5000000000
109935  -40.286  -41.325  -8.774 0.4000000060
26867  -41.178  -42.370  -9.174 0.5000000000
26855  -41.458  -42.388  -6.722 0.6000000238
25968  -41.182  -43.077  -6.204 0.6000000238
112696  -40.260  -44.202  -6.019 0.5000000000
107564  -40.509  -42.995  -5.495 0.5000000000
23692  -37.345  -46.580  -7.547 0.5000000000
23685  -37.860  -46.361  -7.529 0.5000000000
23672  -37.219  -46.566  -6.277 0.5000000000
22182  -46.930  -44.781  -6.025 0.4000000060
22146  -42.284  -46.981  -1.788 0.6000000238
23625  -39.733  -45.327  -0.446 0.6000000238
26814  -39.358  -41.534  -1.797 0.6000000238
25934  -39.227  -42.415  -2.040 0.6000000238
25949  -39.502  -42.118  -3.699 0.6000000238
25958  -39.856  -42.410  -4.599 0.6000000238
26849  -40.761  -41.973  -5.840 0.6000000238
21322  -42.233  -48.200  -2.966 0.5000000000
21319  -39.448  -48.384  -2.786 0.5000000000
22143  -39.278  -47.318  -1.622 0.6000000238
25208  -39.506  -44.995  -8.289 0.5000000000
23638  -38.363  -45.254  -1.419 0.6000000238
24321  -38.725  -44.339  -1.123 0.6000000238
25933  -38.941  -43.095  -2.227 0.6000000238
114593  -38.851  -43.352  -3.756 0.6000000238
31582  -51.475  -35.707  -1.848 0.3000000119
30785  -52.224  -36.874  -1.040 0.3000000119
30801  -51.836  -36.344  -2.353 0.3000000119
31589  -51.389  -35.776  -2.820 0.3000000119
30819  -51.094  -36.002  -3.786 0.3000000119
116553  -50.601  -35.910  -4.302 0.3000000119
32351  -49.804  -34.598  -3.558 0.3000000119
31596  -50.734  -35.167  -3.214 0.3000000119
112258  -50.340  -35.344  -4.041 0.3000000119
31619  -49.522  -35.827  -5.474 0.3000000119
32362  -49.395  -34.830  -4.411 0.3000000119
32361  -49.119  -35.139  -5.064 0.3000000119
105414  -50.318  -32.595  -8.460 0.3000000119
34815  -50.539  -31.854  -7.873 0.3000000119
34822  -50.412  -31.923  -9.145 0.3000000119
35731  -50.679  -30.790  -7.567 0.3000000119
103031  -50.374  -30.347  -9.366 0.3000000119
35740  -50.525  -30.972  -8.600 0.3000000119
36642  -50.667  -29.980  -8.249 0.3000000119
105709  -52.544  -37.236  -1.452 0.3000000119
30802  -52.189  -36.929  -2.688 0.3000000119
30820  -51.474  -36.745  -4.038 0.3000000119
31620  -50.239  -36.564  -5.160 0.3000000119
108748  -48.740  -34.967  -5.539 0.3000000119
32373  -48.660  -34.746  -5.993 0.3000000119
33984  -50.198  -32.779  -7.679 0.3000000119
33220  -50.044  -33.532  -8.216 0.3000000119
33227  -49.919  -34.426  -8.356 0.3000000119
99626  -50.161  -34.065  -9.214 0.3000000119
33998  -50.211  -32.375  -10.119 0.3000000119
116296  -50.301  -31.115  -9.505 0.3000000119
30809  -51.723  -36.501  -3.226 0.3000000119
30836  -49.757  -36.749  -5.849 0.3000000119
111379  -31.634  -53.026  -4.200 0.4000000060
99987  -31.200  -52.119  -4.740 0.3000000119
19767  -31.391  -51.450  -4.697 0.3000000119
22165  -35.684  -47.770  -3.732 0.4000000060
22166  -36.192  -47.259  -3.213 0.4000000060
20517  -36.120  -49.001  -3.079 0.4000000060
22978  -35.982  -47.035  -4.965 0.4000000060
22965  -35.732  -47.306  -4.219 0.4000000060
22966  -36.244  -46.618  -3.674 0.4000000060
21316  -36.861  -48.247  -2.762 0.4000000060
109465  -37.446  -47.670  -2.504 0.4000000060
20518  -37.120  -49.043  -2.867 0.4000000060
21317  -37.682  -48.311  -2.725 0.4000000060
102151  -34.532  -45.865  -5.894 0.3000000119
22985  -36.130  -47.361  -6.250 0.4000000060
24378  -35.636  -45.304  -6.383 0.3000000119
24377  -34.718  -45.022  -5.901 0.3000000119
22154  -36.838  -47.469  -2.679 0.4000000060
21330  -36.179  -48.051  -3.119 0.4000000060
18918  -44.338  -52.364  -4.723 0.3000000119
18919  -45.038  -52.387  -4.918 0.3000000119
18128  -45.955  -52.389  -4.911 0.3000000119
115307  -48.508  -51.922  -5.559 0.3000000119
19787  -47.626  -50.718  -5.717 0.3000000119
19777  -44.893  -50.115  -5.029 0.3000000119
19783  -43.838  -51.274  -5.705 0.3000000119
19782  -42.744  -51.142  -5.840 0.3000000119
19776  -44.054  -50.336  -5.145 0.3000000119
19775  -43.151  -50.500  -5.368 0.3000000119
19774  -42.295  -50.509  -5.280 0.3000000119
20547  -45.213  -48.598  -4.914 0.3000000119
20545  -43.525  -49.595  -4.722 0.3000000119
20544  -42.658  -49.816  -4.754 0.3000000119
21343  -44.070  -48.632  -4.289 0.3000000119
19790  -49.340  -50.417  -6.605 0.3000000119
20532  -43.136  -49.086  -4.224 0.3000000119
18932  -46.798  -52.179  -5.190 0.3000000119
18085  -49.771  -52.940  -0.871 0.4000000060
18094  -50.605  -53.348  -1.317 0.4000000060
18111  -51.217  -53.862  -3.450 0.4000000060
18129  -51.281  -53.629  -4.794 0.4000000060
18130  -52.068  -53.492  -5.170 0.4000000060
18864  -50.609  -51.461  -0.399 0.3000000119
18876  -50.297  -52.322  -0.577 0.3000000119
18882  -38.993  -51.957  -1.188 0.3000000119
18892  -40.452  -51.461  -2.558 0.4000000060
18906  -45.516  -52.020  -4.371 0.4000000060
18909  -52.302  -53.168  -4.821 0.4000000060
18916  -42.552  -52.163  -4.241 0.4000000060
18921  -46.609  -52.446  -4.840 0.4000000060
18928  -42.553  -51.701  -6.280 0.3000000119
19707  -50.342  -50.856  0.062 0.3000000119
19725  -50.664  -51.412  -0.529 0.4000000060
19733  -44.116  -50.838  -1.072 0.4000000060
19748  -50.213  -51.186  -2.232 0.3000000119
19779  -51.731  -51.829  -5.593 0.4000000060
20493  -50.675  -49.455  0.214 0.3000000119
20512  -48.090  -49.530  -1.751 0.3000000119
20520  -47.976  -49.612  -2.319 0.3000000119
20546  -44.399  -49.210  -4.715 0.3000000119
20549  -48.563  -49.003  -4.435 0.4000000060
21296  -50.597  -48.930  0.319 0.3000000119
21349  -47.141  -45.353  -6.858 0.4000000060
22155  -38.113  -47.774  -2.431 0.5000000000
22185  -47.790  -44.444  -6.903 0.4000000060
22924  -40.986  -46.019  -0.650 0.6999999881
22927  -46.784  -45.498  -0.957 0.3000000119
22929  -49.036  -46.685  -0.668 0.3000000119
22938  -39.697  -46.735  -1.056 0.5000000000
22942  -44.431  -45.552  -2.122 0.5000000000
22958  -46.128  -44.704  -3.077 0.3000000119
23628  -43.558  -44.977  -0.979 0.6000000238
23637  -37.847  -45.449  -2.044 0.6000000238
23640  -45.031  -44.659  -2.460 0.5000000000
23642  -45.925  -44.733  -1.968 0.3000000119
23652  -45.279  -44.429  -3.560 0.5000000000
24291  -48.269  -45.098  1.734 0.3000000119
24305  -40.037  -43.973  -0.098 0.6999999881
24324  -41.084  -44.759  -0.100 0.6999999881
24336  -45.418  -44.391  -2.202 0.5000000000
24395  -40.072  -45.403  -8.158 0.5000000000
25123  -42.892  -43.140  -0.153 0.6000000238
25158  -50.810  -45.023  -2.547 0.3000000119
25204  -41.720  -43.659  -7.694 0.6000000238
25895  -43.342  -42.503  -0.291 0.6999999881
25911  -44.918  -42.377  -2.828 0.6000000238
25935  -45.707  -41.573  -3.985 0.5000000000
25983  -43.047  -42.750  -9.333 0.6999999881
25990  -42.362  -43.231  -9.041 0.6999999881
26778  -40.819  -40.967  0.776 0.6999999881
26794  -39.447  -41.443  -0.389 0.6999999881
26805  -45.272  -41.523  -3.491 0.5000000000
26815  -46.089  -41.292  -3.902 0.5000000000
26816  -46.583  -41.505  -3.876 0.5000000000
26856  -42.171  -42.878  -7.514 0.6000000238
26862  -43.319  -42.447  -8.989 0.6999999881
26869  -42.986  -42.152  -9.707 0.6999999881
27616  -41.503  -40.015  0.832 0.6999999881
27627  -43.916  -39.436  -1.232 0.6999999881
27629  -45.502  -39.834  -2.802 0.4000000060
27630  -46.237  -40.346  -2.845 0.5000000000
27638  -45.841  -40.686  -3.411 0.5000000000
27639  -46.235  -41.067  -3.532 0.5000000000
27648  -45.644  -41.101  -3.677 0.5000000000
27690  -43.485  -41.559  -9.274 0.6999999881
27697  -42.134  -40.732  -9.643 0.8000000119
27698  -43.280  -41.580  -9.533 0.6999999881
27701  -43.074  -41.206  -9.751 0.6999999881
28438  -48.568  -39.371  2.476 0.4000000060
28439  -49.251  -39.390  2.419 0.4000000060
28440  -49.754  -39.229  2.302 0.4000000060
28451  -46.387  -39.669  1.269 0.4000000060
28453  -50.319  -39.431  2.042 0.4000000060
28465  -42.132  -39.051  0.557 0.6000000238
28467  -43.851  -38.777  -0.724 0.6999999881
28479  -43.573  -39.113  -0.731 0.6999999881
28527  -41.414  -40.073  -6.613 0.8000000119
28535  -43.849  -39.974  -9.440 0.6999999881
29226  -44.634  -37.926  1.783 0.4000000060
29228  -46.362  -38.872  2.367 0.4000000060
29229  -47.886  -38.948  2.659 0.4000000060
29230  -48.627  -38.707  2.584 0.4000000060
29231  -49.327  -38.754  2.449 0.4000000060
29253  -44.380  -38.530  -0.147 0.5000000000
29254  -45.049  -38.828  0.389 0.4000000060
29255  -52.033  -38.228  0.994 0.4000000060
29314  -39.886  -38.977  -4.882 0.6999999881
29323  -42.470  -38.719  -7.248 0.6999999881
29328  -40.508  -38.268  -8.002 0.6999999881
30035  -46.372  -38.075  2.619 0.4000000060
30040  -42.341  -37.005  1.552 0.6000000238
30043  -50.551  -37.692  1.508 0.4000000060
30049  -39.669  -37.275  0.307 0.6999999881
30070  -39.305  -37.337  -1.264 0.6999999881
30114  -42.279  -37.128  -6.571 0.6999999881
30125  -38.633  -38.568  -7.693 0.4000000060
30133  -43.472  -37.944  -10.085 0.6999999881
30751  -44.571  -36.493  2.447 0.5000000000
30754  -47.648  -36.616  2.401 0.4000000060
30755  -48.325  -36.594  2.198 0.4000000060
30763  -49.465  -36.599  1.537 0.4000000060
30774  -51.360  -36.845  0.190 0.4000000060
30794  -51.867  -36.294  -1.440 0.3000000119
30795  -52.210  -36.830  -1.877 0.3000000119
30800  -39.307  -36.736  -1.748 0.6999999881
30844  -49.538  -36.902  -6.597 0.3000000119
31536  -43.683  -35.352  2.536 0.6000000238
31538  -45.692  -35.397  2.480 0.5000000000
31540  -47.185  -35.794  2.383 0.4000000060
31547  -40.765  -35.951  1.329 0.6000000238
31558  -40.414  -35.273  1.120 0.6999999881
31561  -50.498  -35.606  0.318 0.4000000060
31581  -51.028  -35.114  -1.301 0.4000000060
31607  -50.018  -35.739  -4.737 0.3000000119
31617  -40.658  -35.328  -4.813 0.6000000238
31632  -44.475  -36.787  -10.024 0.6999999881
32298  -45.353  -34.592  2.453 0.5000000000
32299  -46.165  -34.763  2.320 0.5000000000
32309  -48.271  -34.677  1.253 0.4000000060
32314  -40.141  -34.561  0.740 0.6000000238
32317  -49.438  -34.607  0.283 0.4000000060
32331  -39.415  -34.179  -1.745 0.6000000238
32339  -39.660  -33.717  -2.456 0.6000000238
32341  -50.208  -34.517  -2.615 0.3000000119
32359  -40.319  -34.642  -4.141 0.6000000238
32395  -44.749  -35.318  -11.281 0.6999999881
33129  -41.697  -33.313  2.104 0.6000000238
33130  -42.490  -33.463  2.440 0.6000000238
33131  -43.493  -33.631  2.615 0.5000000000
33133  -45.147  -33.848  2.343 0.5000000000
33140  -41.044  -33.166  1.564 0.4000000060
33165  -39.774  -33.528  -0.827 0.6000000238
33173  -48.094  -33.315  -1.714 0.4000000060
33180  -39.977  -33.536  -3.165 0.6000000238
33190  -47.420  -33.326  -3.415 0.4000000060
33191  -47.990  -33.741  -3.260 0.4000000060
33199  -47.975  -33.823  -4.691 0.4000000060
33214  -43.291  -34.043  -8.200 0.6999999881
33233  -43.409  -34.302  -11.222 0.6999999881
33234  -44.421  -34.875  -11.339 0.6999999881
33241  -44.379  -34.431  -11.199 0.6999999881
33900  -40.866  -32.218  1.262 0.6000000238
33902  -41.974  -32.056  2.046 0.5000000000
33905  -45.021  -32.201  1.426 0.4000000060
33906  -45.695  -32.757  1.260 0.5000000000
33910  -45.627  -32.029  0.683 0.4000000060
33934  -46.634  -32.429  -1.729 0.4000000060
33983  -49.742  -33.449  -7.109 0.3000000119
33990  -44.210  -33.642  -10.768 0.6999999881
33991  -50.241  -33.026  -9.419 0.3000000119
34730  -44.565  -31.451  1.272 0.4000000060
34737  -45.462  -31.439  0.202 0.4000000060
34749  -40.091  -31.181  -0.710 0.5000000000
34764  -46.630  -31.830  -2.039 0.4000000060
34774  -47.669  -31.749  -2.990 0.4000000060
34781  -48.064  -32.166  -3.558 0.4000000060
34788  -41.182  -31.370  -5.179 0.6000000238
35627  -44.163  -30.774  0.996 0.4000000060
35645  -43.706  -30.083  0.697 0.5000000000
35655  -46.071  -30.981  -0.829 0.4000000060
35664  -47.157  -31.099  -2.011 0.4000000060
35678  -48.079  -30.320  -2.083 0.4000000060
35679  -48.328  -30.841  -2.724 0.4000000060
35691  -40.786  -30.720  -3.781 0.6000000238
35717  -42.481  -30.893  -6.756 0.6999999881
35739  -42.805  -31.295  -8.977 0.6999999881
35757  -42.210  -31.167  -11.771 0.6000000238
36552  -41.030  -29.206  0.086 0.5000000000
36555  -46.319  -29.244  -0.622 0.3000000119
36578  -47.991  -29.376  -1.871 0.4000000060
36589  -40.923  -30.035  -3.098 0.6000000238
36590  -41.286  -29.408  -3.807 0.6000000238
36591  -49.080  -29.683  -3.482 0.4000000060
36664  -43.049  -29.870  -12.201 0.6999999881
36672  -42.802  -30.002  -12.297 0.6000000238
37400  -41.605  -29.143  0.332 0.5000000000
37417  -40.740  -29.005  -0.478 0.5000000000
37420  -45.265  -28.231  -0.072 0.4000000060
37436  -47.426  -28.915  -1.401 0.3000000119
37457  -42.078  -28.314  -4.665 0.5000000000
37481  -42.614  -28.910  -6.594 0.8000000119
37482  -50.878  -28.648  -6.957 0.3000000119
37491  -41.807  -29.552  -8.080 0.6999999881
38372  -43.850  -27.720  0.119 0.5000000000
38395  -43.343  -26.990  -0.214 0.5000000000
38396  -44.798  -27.456  -0.042 0.5000000000
38413  -41.290  -27.498  -1.642 0.5000000000
38426  -41.440  -27.625  -2.578 0.5000000000
38436  -42.250  -27.002  -3.967 0.5000000000
38437  -48.998  -27.258  -3.506 0.4000000060
38447  -42.468  -27.611  -5.683 0.6000000238
38455  -41.899  -27.934  -6.889 0.6999999881
38501  -42.734  -28.676  -11.180 0.6000000238
38511  -42.758  -28.669  -12.672 0.6000000238
39438  -42.289  -26.187  -1.460 0.5000000000
39457  -48.522  -26.574  -3.163 0.4000000060
39461  -42.196  -26.383  -3.362 0.5000000000
39512  -40.955  -26.708  -9.222 0.6000000238
39514  -49.441  -25.978  -10.148 0.3000000119
39537  -44.173  -27.234  -12.852 0.6000000238
39538  -49.699  -25.743  -11.633 0.3000000119
39543  -42.720  -27.459  -13.335 0.5000000000
39544  -43.450  -27.611  -13.180 0.6000000238
40373  -44.710  -24.952  -0.586 0.5000000000
40374  -45.302  -25.738  -0.512 0.5000000000
40375  -46.015  -25.828  -0.735 0.5000000000
40419  -48.074  -25.893  -2.699 0.4000000060
40439  -41.755  -25.482  -5.979 0.6000000238
40448  -41.626  -26.102  -6.464 0.6999999881
40493  -44.029  -25.744  -10.994 0.6000000238
40498  -44.475  -26.292  -12.027 0.6000000238
40500  -48.612  -25.025  -11.393 0.3000000119
40502  -41.720  -26.502  -13.730 0.5000000000
40506  -41.799  -26.318  -14.347 0.5000000000
40508  -44.055  -26.086  -13.902 0.5000000000
40512  -41.613  -25.751  -14.778 0.5000000000
40513  -42.329  -25.736  -14.730 0.5000000000
41186  -46.563  -24.841  -1.362 0.5000000000
41225  -42.240  -24.529  -2.557 0.5000000000
41243  -41.997  -25.366  -5.399 0.6000000238
41273  -49.055  -24.854  -9.722 0.3000000119
41301  -48.105  -24.824  -11.764 0.3000000119
41302  -41.059  -24.863  -14.041 0.5000000000
41306  -49.868  -24.641  -12.070 0.3000000119
41309  -44.236  -24.171  -13.937 0.5000000000
41314  -42.565  -24.793  -14.488 0.5000000000
42018  -44.767  -23.401  -1.114 0.5000000000
42062  -48.343  -23.696  -5.112 0.3000000119
42105  -40.619  -23.722  -8.393 0.6000000238
42118  -48.924  -23.708  -9.871 0.4000000060
42124  -48.892  -23.186  -10.398 0.4000000060
42139  -45.118  -23.702  -12.967 0.6000000238
42145  -44.703  -23.536  -13.423 0.5000000000
42150  -44.180  -23.175  -14.006 0.5000000000
42920  -44.119  -22.765  -1.422 0.5000000000
42928  -42.928  -22.231  -2.011 0.6000000238
42942  -47.614  -22.679  -3.964 0.4000000060
43056  -43.686  -22.501  -14.118 0.4000000060
43063  -42.819  -22.963  -14.705 0.4000000060
43862  -43.682  -22.063  -1.809 0.4000000060
43896  -41.830  -21.860  -4.045 0.5000000000
43931  -47.500  -21.717  -6.282 0.5000000000
43947  -40.607  -22.194  -8.658 0.6000000238
43971  -45.567  -20.825  -12.342 0.6000000238
43972  -45.668  -20.267  -12.367 0.6000000238
43990  -43.137  -21.480  -13.926 0.4000000060
44726  -45.827  -20.154  -2.961 0.5000000000
44739  -41.341  -20.591  -5.015 0.5000000000
44740  -46.609  -20.412  -3.689 0.4000000060
44741  -47.188  -20.448  -4.417 0.4000000060
44782  -47.628  -20.272  -7.325 0.5000000000
44815  -44.600  -19.394  -10.936 0.6000000238
44830  -45.378  -19.901  -13.038 0.6000000238
44831  -45.619  -19.943  -12.702 0.6000000238
44841  -44.101  -20.798  -13.552 0.5000000000
45630  -48.028  -19.022  -11.872 0.5000000000
47372  -47.453  -17.570  -6.754 0.4000000060
48180  -42.840  -16.038  -4.518 0.5000000000
48181  -43.262  -16.436  -4.166 0.5000000000
48219  -41.995  -16.032  -5.926 0.6000000238
48261  -48.924  -16.563  -11.455 0.3000000119
48275  -44.755  -16.176  -13.074 0.4000000060
49201  -46.334  -15.902  -4.516 0.4000000060
49251  -48.155  -15.156  -8.233 0.4000000060
50117  -45.994  -14.294  -4.942 0.4000000060
51923  -46.125  -12.495  -6.059 0.4000000060
52738  -44.917  -11.915  -5.697 0.4000000060
52750  -44.461  -11.290  -6.049 0.4000000060
52781  -46.879  -11.768  -9.273 0.3000000119
54470  -44.179  -9.588  -7.585 0.3000000119
54489  -45.755  -9.880  -8.773 0.3000000119
55300  -41.707  -8.275  -11.710 0.3000000119
55302  -46.646  -8.519  -11.186 0.3000000119
56956  -42.886  -6.710  -9.543 0.3000000119
56968  -42.435  -6.457  -10.227 0.3000000119
56984  -41.987  -6.520  -11.000 0.3000000119
96527  -48.160  -44.455  -7.085 0.4000000060
97611  -46.399  -21.572  -3.049 0.5000000000
97661  -46.589  -41.797  -1.869 0.3000000119
98157  -39.593  -38.974  -4.153 0.6999999881
98351  -48.559  -45.324  -7.176 0.4000000060
99567  -41.122  -19.826  -6.129 0.6999999881
99648  -49.849  -34.353  -1.259 0.4000000060
99664  -43.680  -13.128  -5.267 0.4000000060
99686  -42.975  -35.106  2.520 0.6000000238
99810  -41.881  -29.808  0.719 0.5000000000
100547  -46.460  -14.074  -5.605 0.4000000060
101132  -45.315  -42.959  -3.000 0.5000000000
101707  -48.547  -52.605  -0.875 0.3000000119
102519  -31.472  -50.677  -4.521 0.3000000119
103263  -42.550  -28.385  -6.246 0.6999999881
103387  -46.151  -43.316  -2.463 0.4000000060
103553  -42.521  -22.524  -2.427 0.6000000238
103566  -50.030  -28.144  -4.959 0.3000000119
103829  -46.310  -36.032  2.488 0.4000000060
103951  -45.493  -36.263  2.479 0.5000000000
104127  -48.892  -27.915  -3.177 0.4000000060
104266  -40.592  -25.024  -8.577 0.6000000238
104645  -41.111  -25.680  -13.837 0.5000000000
105458  -41.843  -29.378  -12.261 0.6000000238
105714  -43.219  -50.676  -0.268 0.3000000119
106404  -44.451  -17.833  -3.379 0.4000000060
107810  -42.621  -42.812  -9.511 0.6999999881
108059  -50.801  -29.947  -7.148 0.4000000060
108418  -47.857  -18.867  -11.452 0.5000000000
108773  -48.575  -19.931  -9.860 0.5000000000
108838  -41.313  -23.182  -5.819 0.6000000238
108858  -41.115  -40.363  -9.417 0.6999999881
109026  -39.392  -39.886  -0.299 0.8000000119
110632  -41.286  -32.810  -9.869 0.6000000238
110748  -50.456  -27.133  -6.922 0.3000000119
110990  -41.744  -20.514  -4.216 0.5000000000
111119  -45.576  -29.086  -0.195 0.4000000060
111149  -41.066  -20.586  -5.828 0.5000000000
111646  -50.747  -36.420  -4.501 0.3000000119
114111  -40.306  -36.466  1.010 0.6999999881
114119  -47.281  -18.063  -6.461 0.4000000060
114238  -40.611  -20.818  -8.265 0.6000000238
114358  -46.373  -5.199  -12.547 0.3000000119
114366  -43.174  -35.758  2.347 0.6000000238
114622  -47.771  -41.472  0.291 0.3000000119
114716  -40.308  -31.075  0.037 0.5000000000
114728  -42.591  -27.108  -0.406 0.5000000000
114870  -43.418  -24.732  -14.080 0.5000000000
115462  -43.604  -24.162  -10.705 0.6000000238
115494  -48.584  -25.426  -4.272 0.4000000060
116020  -43.254  -51.182  -5.837 0.3000000119
116139  -47.521  -21.221  -6.649 0.5000000000
116149  -47.806  -22.788  -4.626 0.3000000119
116201  -43.389  -25.908  -0.584 0.5000000000
116417  -47.123  -24.838  -1.817 0.5000000000
116748  -41.586  -34.235  -9.388 0.5000000000
116870  -39.457  -34.592  -1.393 0.6000000238
116961  -50.237  -31.922  -6.442 0.4000000060
117075  -48.067  -24.694  -10.934 0.3000000119
117233  -42.023  -7.938  -9.665 0.3000000119
117445  -40.761  -50.958  -2.129 0.3000000119
117453  -42.879  -17.236  -4.124 0.5000000000
117978  -42.082  -38.129  1.082 0.6000000238
118303  -50.728  -29.323  -6.273 0.3000000119
118362  -48.127  -21.053  -11.147 0.4000000060
