#!ascii label  , from subject sub-027S6002 vox2ras=TkReg
1378
22152  -29.476  -47.760  -1.704 0.5000000000
22153  -30.626  -47.317  -1.254 0.6000000238
22950  -30.258  -46.957  -2.045 0.6000000238
22948  -28.528  -47.379  -2.899 0.6000000238
22949  -29.092  -47.171  -2.399 0.5000000000
22947  -28.528  -46.716  -3.616 0.6000000238
116290  -29.697  -46.558  -2.558 0.6999999881
22963  -28.789  -46.471  -3.237 0.6999999881
23655  -28.155  -45.553  -4.203 0.5000000000
23656  -28.074  -45.536  -3.850 0.6999999881
22885  -25.322  -46.596  1.545 0.5000000000
22951  -31.539  -46.764  -2.032 0.6999999881
23645  -30.895  -46.375  -2.559 0.6999999881
23657  -28.660  -45.396  -3.502 0.6999999881
100911  -30.157  -45.130  -3.404 0.6999999881
22964  -29.841  -45.941  -2.978 0.6999999881
24353  -28.872  -44.370  -3.481 0.6999999881
24351  -27.756  -44.713  -4.286 0.6000000238
23612  -32.630  -45.340  0.901 0.6999999881
23623  -33.792  -45.517  -0.625 0.6999999881
23646  -32.151  -46.156  -2.612 0.6999999881
22952  -32.693  -46.485  -1.948 0.6999999881
23595  -25.513  -45.757  1.418 0.6000000238
22884  -24.556  -46.785  1.191 0.4000000060
23658  -31.269  -45.669  -3.045 0.6999999881
24352  -27.774  -44.627  -3.831 0.6999999881
25171  -27.628  -43.452  -4.014 0.6999999881
24372  -28.453  -43.950  -5.174 0.6000000238
24272  -32.058  -44.735  2.240 0.6999999881
23597  -32.439  -44.883  1.453 0.6999999881
22906  -33.082  -46.126  -0.097 0.6999999881
23613  -33.231  -45.380  0.257 0.6999999881
24303  -32.941  -44.486  0.664 0.6999999881
24287  -26.463  -44.413  1.489 0.6000000238
23659  -32.481  -45.358  -3.078 0.6999999881
23635  -33.657  -45.953  -1.571 0.6999999881
24319  -33.719  -44.657  -0.075 0.6999999881
23610  -24.198  -45.916  0.665 0.5000000000
23594  -24.848  -46.067  1.163 0.5000000000
108680  -30.565  -44.364  -3.523 0.6999999881
24320  -34.238  -44.725  -0.718 0.6999999881
22904  -23.784  -46.570  0.667 0.4000000060
107136  -27.723  -43.979  -3.751 0.6999999881
23648  -34.116  -45.397  -2.124 0.6999999881
23636  -34.371  -45.019  -1.470 0.6999999881
22116  -23.302  -47.232  0.718 0.4000000060
24354  -31.553  -44.808  -3.361 0.6999999881
24356  -33.953  -44.414  -2.921 0.6999999881
24343  -34.366  -44.676  -2.299 0.6999999881
25175  -32.943  -43.664  -3.473 0.6999999881
114862  -33.371  -44.221  -3.238 0.6999999881
103392  -27.435  -44.031  -4.068 0.6999999881
25174  -31.734  -43.843  -3.569 0.6999999881
25191  -28.613  -43.118  -5.191 0.6000000238
109112  -28.149  -43.105  -4.520 0.6999999881
106013  -28.160  -43.026  -4.337 0.6999999881
26841  -30.362  -41.782  -5.681 0.5000000000
25963  -29.966  -42.434  -5.636 0.5000000000
106805  -33.053  -43.002  -5.646 0.4000000060
114749  -32.352  -42.411  -5.614 0.5000000000
25117  -33.500  -43.637  0.174 0.6999999881
24302  -25.825  -43.888  0.871 0.6000000238
23647  -33.338  -45.736  -2.517 0.6999999881
23611  -24.706  -45.175  0.747 0.5000000000
24334  -34.537  -44.135  -1.085 0.6999999881
25173  -30.197  -43.634  -3.641 0.6999999881
25172  -28.588  -43.433  -3.628 0.6999999881
103284  -31.251  -43.000  -3.712 0.6999999881
106822  -28.768  -40.859  -5.686 0.6999999881
25183  -28.085  -43.452  -4.678 0.6999999881
26840  -29.385  -41.696  -5.658 0.6999999881
25190  -28.403  -42.515  -4.976 0.6999999881
106845  -29.900  -41.115  -5.700 0.6999999881
25100  -29.533  -42.770  1.486 0.6999999881
25101  -30.579  -42.664  1.127 0.8000000119
110265  -31.908  -42.478  0.698 0.8000000119
25099  -28.558  -42.948  1.485 0.6000000238
25866  -28.979  -42.252  0.971 0.6000000238
25867  -29.891  -42.169  0.828 0.6000000238
25102  -31.468  -42.981  1.077 0.8000000119
25865  -28.061  -42.325  0.862 0.6000000238
25883  -27.634  -41.640  0.394 0.6000000238
25116  -32.818  -43.442  0.641 0.6999999881
25097  -26.690  -43.477  1.101 0.6000000238
25115  -26.967  -42.426  0.570 0.6000000238
25114  -25.953  -42.897  0.498 0.6000000238
24304  -34.084  -43.947  -0.431 0.6999999881
24301  -24.948  -44.191  0.508 0.6000000238
101454  -34.663  -44.062  -1.849 0.6999999881
25176  -33.782  -43.661  -3.211 0.6999999881
108774  -28.198  -40.427  -5.191 0.8000000119
25954  -28.277  -42.224  -4.691 0.6999999881
25943  -29.825  -42.795  -3.711 0.6999999881
25942  -28.337  -42.565  -3.871 0.6999999881
25956  -29.457  -41.937  -3.637 0.6999999881
106821  -31.342  -41.336  -5.639 0.5000000000
26843  -33.384  -42.006  -5.539 0.5000000000
106418  -33.632  -41.106  -5.576 0.5000000000
112075  -30.595  -42.070  0.593 0.6999999881
103542  -31.254  -42.167  0.573 0.8999999762
25884  -28.537  -41.704  0.612 0.6000000238
25887  -33.221  -42.872  0.401 0.8000000119
25881  -25.889  -41.841  0.012 0.6000000238
24300  -24.044  -44.278  -0.170 0.6000000238
25113  -25.112  -43.281  0.272 0.6000000238
104703  -25.105  -42.318  -0.258 0.6000000238
25118  -34.023  -43.103  -0.206 0.6999999881
23609  -23.739  -45.032  0.061 0.5000000000
25152  -34.852  -43.382  -1.419 0.6999999881
25906  -34.992  -42.629  -0.999 0.6999999881
22902  -22.879  -46.393  0.259 0.5000000000
117215  -22.976  -44.920  -0.447 0.5000000000
25166  -34.994  -43.236  -2.209 0.6999999881
25165  -34.405  -43.759  -2.632 0.6999999881
27666  -27.598  -39.594  -5.158 0.8000000119
25941  -28.139  -41.944  -4.500 0.8000000119
25957  -30.859  -42.241  -3.677 0.6999999881
25945  -32.684  -42.187  -3.755 0.6999999881
25955  -28.481  -41.676  -3.878 0.6999999881
26842  -32.217  -41.837  -5.629 0.5000000000
25885  -29.316  -41.720  0.709 0.6999999881
26772  -29.449  -41.084  0.811 0.6999999881
25886  -30.050  -41.692  0.755 0.6999999881
25868  -30.864  -41.657  0.811 0.8000000119
25869  -31.906  -41.829  0.826 0.8000000119
25870  -32.670  -42.477  0.665 0.8000000119
25882  -26.608  -41.419  0.174 0.6000000238
25871  -33.427  -42.223  0.675 0.6999999881
25112  -24.270  -43.435  -0.306 0.6000000238
111929  -24.447  -42.714  -0.393 0.6000000238
105895  -34.488  -42.687  -0.419 0.8000000119
105869  -34.281  -42.342  0.094 0.6999999881
24318  -23.080  -43.267  -0.791 0.6000000238
25889  -34.844  -42.108  -0.287 0.8000000119
22919  -22.419  -45.396  -0.543 0.4000000060
25946  -33.469  -42.805  -3.494 0.6999999881
116531  -34.672  -43.162  -2.680 0.6999999881
25153  -35.212  -42.821  -1.707 0.6999999881
22114  -21.661  -47.143  -0.261 0.4000000060
26823  -33.593  -41.773  -3.589 0.6999999881
25931  -34.940  -42.564  -2.697 0.6999999881
26829  -28.242  -41.037  -4.845 0.8000000119
25944  -31.758  -41.765  -3.759 0.6999999881
27668  -29.252  -40.455  -5.777 0.8000000119
27669  -30.730  -40.550  -5.673 0.6999999881
27672  -34.344  -40.610  -5.511 0.5000000000
106820  -32.694  -41.194  -5.625 0.5000000000
115224  -34.579  -42.233  -5.444 0.4000000060
27612  -28.802  -40.428  0.892 0.6000000238
26753  -30.088  -40.980  1.137 0.6999999881
26771  -28.119  -40.774  0.507 0.6999999881
26770  -27.078  -40.702  0.276 0.6999999881
26755  -32.926  -41.858  1.121 0.8000000119
26769  -26.076  -40.505  -0.041 0.6000000238
26744  -32.318  -41.296  1.855 0.8000000119
26792  -25.127  -40.330  -0.486 0.6000000238
26756  -33.756  -41.722  1.313 0.8000000119
26773  -34.093  -42.002  0.706 0.8000000119
25135  -23.355  -42.381  -0.796 0.6000000238
25904  -23.922  -41.663  -0.688 0.6000000238
26774  -34.834  -41.676  0.492 0.8000000119
25932  -35.323  -42.553  -2.142 0.8000000119
25921  -35.446  -42.197  -1.616 0.8000000119
23622  -22.153  -44.218  -0.886 0.5000000000
108131  -33.662  -40.983  -3.606 0.8000000119
26824  -34.346  -42.204  -3.252 0.6999999881
23621  -21.414  -44.444  -0.811 0.4000000060
28515  -27.617  -39.480  -5.310 0.8000000119
26830  -28.172  -40.956  -4.448 0.8000000119
26831  -29.081  -41.024  -3.677 0.8000000119
26832  -30.530  -41.456  -3.657 0.8000000119
27667  -28.194  -40.054  -5.496 0.8000000119
27660  -29.373  -40.221  -3.684 0.8000000119
103906  -28.754  -39.802  -5.736 0.8000000119
102482  -28.406  -39.447  -3.851 0.8000000119
27670  -32.098  -40.515  -5.606 0.6000000238
103905  -31.605  -39.793  -5.630 0.6000000238
27592  -28.663  -39.589  1.545 0.6000000238
27610  -27.354  -39.851  0.630 0.6000000238
101693  -30.662  -40.918  1.515 0.6999999881
27609  -26.398  -39.884  0.330 0.6000000238
27611  -28.085  -39.787  1.066 0.6000000238
28446  -28.028  -39.444  1.749 0.6000000238
98121  -25.846  -39.617  0.420 0.6000000238
26745  -33.279  -41.316  1.980 0.8000000119
102512  -24.211  -40.171  -0.595 0.6000000238
27625  -25.419  -39.846  -0.154 0.6000000238
25903  -22.881  -41.144  -1.128 0.5000000000
26757  -34.470  -41.488  1.257 0.8000000119
100474  -21.825  -43.080  -0.860 0.3000000119
26793  -35.539  -40.927  -0.584 0.8000000119
25890  -35.257  -41.516  -0.143 0.8000000119
26813  -35.412  -41.796  -2.304 0.8000000119
26803  -35.544  -41.367  -1.497 0.8000000119
27652  -33.236  -40.392  -3.709 0.8000000119
27659  -28.094  -40.128  -4.074 0.8000000119
26833  -31.457  -40.967  -3.785 0.8000000119
105803  -30.279  -40.783  -3.612 0.8000000119
103922  -30.213  -39.881  -5.680 0.6999999881
109731  -32.644  -39.774  -5.558 0.6000000238
112914  -35.907  -40.847  -5.394 0.3000000119
27594  -30.103  -40.011  1.855 0.6999999881
27595  -30.889  -40.399  2.048 0.6999999881
24264  -23.317  -44.515  1.872 0.5000000000
28460  -26.766  -39.503  0.766 0.6000000238
104887  -27.623  -39.570  1.671 0.6000000238
27581  -32.771  -40.568  2.490 0.6999999881
27606  -23.350  -40.555  -0.748 0.5000000000
28459  -24.955  -39.528  -0.007 0.5000000000
28445  -26.901  -39.433  1.196 0.6000000238
27582  -33.684  -40.551  2.355 0.6999999881
25879  -22.440  -41.449  -0.306 0.3000000119
26790  -22.726  -40.837  -0.798 0.5000000000
114318  -34.620  -40.963  1.610 0.8000000119
26825  -35.269  -41.010  -2.812 0.8999999762
26775  -35.387  -41.006  0.353 0.8000000119
26758  -35.066  -41.050  1.090 0.8000000119
24316  -21.422  -43.480  -0.742 0.4000000060
107036  -34.125  -40.330  -3.546 0.8999999762
102892  -34.508  -41.172  -3.359 0.8999999762
27635  -35.587  -40.473  -1.465 0.8999999762
29306  -27.976  -38.783  -5.210 0.8000000119
28506  -27.120  -39.295  -4.843 0.8000000119
27661  -30.886  -40.215  -3.828 0.8000000119
26822  -32.691  -41.208  -3.755 0.8000000119
106285  -28.552  -39.095  -5.547 0.8000000119
106203  -31.196  -39.007  -5.633 0.6999999881
28517  -35.326  -39.098  -5.647 0.6000000238
97382  -28.501  -39.320  2.056 0.6000000238
28447  -29.227  -39.390  1.948 0.6000000238
28428  -28.023  -39.414  1.991 0.6000000238
27579  -30.741  -39.727  2.525 0.6999999881
28427  -27.389  -39.607  1.653 0.6000000238
27580  -31.693  -40.336  2.431 0.8000000119
26750  -23.805  -40.427  0.131 0.6000000238
26751  -24.996  -40.088  0.740 0.5000000000
27575  -26.638  -39.688  1.521 0.6000000238
25862  -22.325  -41.994  -0.058 0.4000000060
25902  -22.595  -41.218  -0.689 0.4000000060
26746  -34.064  -41.171  1.868 0.8000000119
28489  -35.436  -39.462  -1.568 0.8000000119
27597  -35.298  -40.355  0.840 0.8000000119
105882  -33.675  -39.806  -3.646 0.8999999762
27646  -35.370  -40.222  -2.306 0.8000000119
27613  -35.491  -40.232  0.042 0.8000000119
28501  -34.264  -39.531  -3.424 0.8000000119
28509  -30.557  -38.893  -3.948 0.8000000119
27662  -32.171  -40.322  -3.824 0.6999999881
29295  -27.206  -39.087  -4.899 0.8000000119
28510  -31.576  -39.430  -3.861 0.8000000119
104692  -30.051  -39.515  -3.858 0.8000000119
106200  -29.833  -39.083  -5.501 0.8000000119
115729  -27.746  -38.661  -4.063 0.8000000119
106552  -32.515  -38.882  -5.506 0.6999999881
103904  -33.506  -39.273  -5.479 0.6999999881
29312  -35.214  -38.188  -6.239 0.6000000238
30112  -35.831  -37.967  -6.831 0.6000000238
29319  -36.637  -38.280  -7.055 0.6000000238
27577  -27.938  -39.551  2.162 0.6000000238
28430  -29.795  -39.578  2.506 0.8000000119
24266  -24.956  -44.212  2.782 0.5000000000
26742  -26.734  -40.448  1.906 0.5000000000
25852  -25.170  -42.496  2.002 0.5000000000
26752  -25.925  -39.951  1.474 0.5000000000
28432  -32.360  -39.623  2.902 0.8000000119
25078  -24.452  -43.294  1.903 0.5000000000
28433  -33.262  -39.717  2.751 0.8000000119
28434  -34.232  -39.650  2.462 0.8000000119
27583  -34.416  -40.487  2.041 0.8000000119
27596  -34.954  -40.423  1.537 0.8000000119
28448  -34.841  -39.904  2.004 0.8000000119
111089  -35.614  -39.937  -0.758 0.8000000119
117670  -34.680  -39.238  -3.041 0.8000000119
28477  -35.453  -39.417  -0.234 0.8000000119
29297  -28.484  -38.109  -3.985 0.8000000119
29287  -32.599  -38.812  -3.757 0.8000000119
29299  -31.433  -38.484  -3.753 0.8999999762
29307  -29.265  -38.162  -5.466 0.8000000119
30096  -27.773  -38.673  -4.643 0.8000000119
29308  -30.696  -38.178  -5.585 0.6999999881
28516  -34.400  -38.600  -5.665 0.6999999881
29309  -31.859  -38.098  -5.621 0.6999999881
29310  -33.016  -37.857  -5.701 0.6999999881
116589  -34.302  -37.588  -5.885 0.6999999881
114233  -34.626  -37.853  -6.051 0.6999999881
26738  -29.142  -41.040  3.258 0.8000000119
27578  -28.531  -39.472  2.322 0.6000000238
109942  -29.000  -39.875  2.861 0.6000000238
28417  -30.258  -39.653  3.237 0.8000000119
22828  -26.308  -46.797  5.146 0.6000000238
106084  -26.215  -45.330  4.138 0.5000000000
27567  -27.840  -39.986  2.421 0.6000000238
26737  -28.147  -40.943  2.795 0.6000000238
100515  -30.812  -39.491  3.118 0.8000000119
21201  -25.338  -48.420  6.576 0.6000000238
22049  -26.111  -47.549  5.824 0.6000000238
117442  -26.772  -45.868  4.889 0.6000000238
25067  -26.314  -43.597  3.470 0.5000000000
26736  -26.692  -41.579  2.484 0.5000000000
22790  -24.199  -46.312  7.446 0.5000000000
22005  -24.677  -47.683  7.394 0.5000000000
22007  -26.106  -47.086  6.898 0.6000000238
22829  -26.958  -46.415  5.698 0.6000000238
25079  -25.065  -43.510  2.615 0.5000000000
25842  -26.580  -42.665  3.039 0.5000000000
107727  -25.119  -46.388  7.488 0.5000000000
25853  -26.010  -42.253  2.476 0.5000000000
22811  -22.338  -46.463  6.843 0.4000000060
106020  -25.790  -41.200  1.725 0.5000000000
97704  -35.381  -39.005  0.084 0.8000000119
28449  -35.249  -39.596  1.373 0.8000000119
28435  -35.027  -39.161  2.151 0.6999999881
29289  -34.207  -38.590  -3.281 0.8000000119
28495  -35.110  -39.356  -2.469 0.8000000119
29247  -35.451  -38.929  0.708 0.8000000119
117375  -35.455  -39.203  -0.839 0.8000000119
29270  -35.323  -38.611  -1.180 0.8000000119
30106  -29.382  -37.179  -5.285 0.8999999762
101803  -28.073  -38.521  -4.136 0.8999999762
29298  -30.094  -38.173  -3.962 0.8000000119
28500  -33.561  -39.108  -3.628 0.8000000119
116222  -31.273  -37.508  -5.721 0.6999999881
26739  -29.891  -40.238  3.522 0.8000000119
22813  -27.217  -46.114  6.200 0.6000000238
25843  -28.492  -41.958  3.662 0.6000000238
28403  -31.120  -39.444  3.902 0.8000000119
22006  -25.454  -47.268  7.255 0.5000000000
22028  -26.407  -47.111  6.398 0.6000000238
102634  -27.343  -45.298  5.177 0.6000000238
105716  -27.499  -41.993  3.188 0.6000000238
28419  -32.166  -39.071  3.503 0.8000000119
28420  -32.892  -39.038  3.267 0.6999999881
22791  -25.982  -46.527  7.266 0.5000000000
25045  -27.846  -43.817  4.532 0.6000000238
22789  -23.274  -46.375  7.196 0.4000000060
24190  -24.899  -44.756  7.460 0.4000000060
108115  -25.629  -45.593  7.477 0.4000000060
23507  -26.565  -45.915  7.210 0.4000000060
29223  -33.689  -38.922  2.970 0.6999999881
24189  -23.992  -44.717  7.201 0.4000000060
112576  -25.664  -44.759  7.501 0.4000000060
117570  -28.169  -44.565  6.115 0.4000000060
103312  -25.304  -44.040  7.473 0.4000000060
24992  -26.860  -43.892  7.504 0.5000000000
29234  -35.460  -38.653  1.557 0.6999999881
24989  -24.422  -43.932  7.277 0.3000000119
106265  -26.820  -43.042  7.595 0.5000000000
24193  -27.509  -44.411  7.211 0.5000000000
29278  -34.770  -38.572  -2.607 0.8000000119
29279  -35.230  -38.598  -1.925 0.8000000119
29263  -35.407  -38.717  -0.501 0.8000000119
97841  -35.529  -38.423  0.012 0.8000000119
101508  -28.936  -37.054  -4.776 0.8000000119
30098  -28.787  -37.215  -4.166 1.0000000000
30100  -31.071  -37.596  -3.664 0.8000000119
107177  -32.355  -37.925  -3.636 0.8000000119
30091  -33.837  -37.767  -3.196 0.8000000119
30080  -34.362  -37.797  -2.707 0.8000000119
30814  -28.847  -36.300  -4.375 1.0000000000
30090  -33.097  -37.381  -3.351 0.8000000119
30816  -29.375  -36.564  -3.803 0.8000000119
30089  -32.054  -37.006  -3.528 0.8000000119
30107  -30.338  -37.355  -5.598 0.8999999762
30108  -32.138  -37.294  -5.695 0.6999999881
30109  -33.837  -37.370  -5.791 0.6999999881
30111  -35.275  -37.663  -6.297 0.6999999881
112875  -37.031  -36.791  -5.994 0.6999999881
30110  -34.717  -37.079  -5.808 0.6999999881
101618  -38.235  -37.454  -6.637 0.6000000238
30838  -37.629  -37.159  -6.290 0.6000000238
27555  -30.768  -39.955  4.247 0.8000000119
23542  -27.345  -45.760  5.715 0.5000000000
25826  -28.930  -42.679  4.531 0.8000000119
25827  -29.686  -42.336  4.976 0.8000000119
26724  -30.004  -41.580  4.156 0.8000000119
22792  -26.565  -46.588  6.840 0.5000000000
104135  -27.831  -45.035  5.812 0.6000000238
25023  -28.259  -44.214  5.545 0.5000000000
26723  -29.265  -42.019  4.094 0.8000000119
28418  -31.605  -39.222  3.665 0.6999999881
102527  -26.387  -45.101  7.394 0.4000000060
24205  -27.862  -44.736  6.598 0.5000000000
25812  -29.198  -43.029  5.400 0.6999999881
25046  -28.618  -43.453  4.965 0.6999999881
29214  -32.651  -38.531  3.866 0.6999999881
29224  -34.494  -38.656  2.666 0.6999999881
25783  -26.819  -42.220  7.550 0.5000000000
29225  -35.246  -38.262  2.321 0.6999999881
25782  -25.483  -42.484  7.363 0.4000000060
111463  -26.218  -42.566  7.515 0.4000000060
30069  -35.180  -38.046  -1.486 0.8000000119
30081  -34.921  -37.881  -2.091 0.8000000119
99031  -35.075  -37.424  -1.501 0.6999999881
30088  -30.666  -36.720  -3.700 0.8000000119
30079  -33.750  -37.016  -2.742 0.8000000119
30826  -29.209  -36.186  -5.085 0.8999999762
111547  -30.039  -36.662  -5.562 0.8999999762
30815  -28.802  -35.944  -3.950 0.8000000119
30804  -30.030  -35.738  -3.712 0.8000000119
30827  -31.079  -36.706  -5.802 0.8999999762
109613  -30.159  -35.887  -5.539 0.8000000119
30828  -32.258  -36.476  -5.689 0.8999999762
30829  -33.120  -36.353  -5.635 0.8000000119
29320  -37.394  -38.654  -7.400 0.4000000060
30830  -33.837  -36.638  -5.677 0.8000000119
31611  -34.518  -36.011  -5.426 0.6999999881
30832  -36.271  -36.900  -5.951 0.6999999881
30840  -39.350  -36.414  -6.646 0.5000000000
110141  -30.271  -41.734  4.981 0.6999999881
26725  -30.563  -41.031  4.614 0.8000000119
26713  -30.000  -41.926  5.776 0.6999999881
27547  -31.334  -39.701  4.942 0.6999999881
24191  -26.162  -44.296  7.501 0.4000000060
26704  -29.048  -42.256  7.142 0.6000000238
26714  -30.536  -41.256  5.562 0.6999999881
28405  -32.121  -38.728  4.190 0.6999999881
29215  -33.347  -38.423  3.613 0.6999999881
26690  -27.668  -42.026  7.563 0.5000000000
29216  -34.094  -38.205  3.335 0.6999999881
26689  -26.836  -41.288  7.459 0.4000000060
30030  -34.735  -37.847  2.918 0.6999999881
26688  -25.795  -40.928  7.191 0.3000000119
27515  -26.514  -40.406  7.344 0.3000000119
108994  -27.717  -41.236  7.481 0.5000000000
30048  -35.619  -37.798  0.056 0.6999999881
30031  -35.359  -37.410  2.554 0.6999999881
27516  -27.353  -40.578  7.443 0.4000000060
98269  -35.726  -38.147  0.781 0.6999999881
30781  -35.451  -37.187  -0.241 0.6999999881
30068  -34.530  -37.076  -2.128 0.6999999881
30806  -32.883  -36.456  -3.215 0.8000000119
30805  -31.656  -36.097  -3.489 0.8000000119
31600  -28.675  -35.230  -4.759 0.8000000119
106227  -31.323  -35.662  -5.571 0.8000000119
31610  -30.307  -34.706  -5.395 0.8000000119
31609  -29.207  -35.113  -5.272 0.8999999762
103014  -32.578  -35.490  -5.373 0.8000000119
30839  -38.494  -36.755  -6.289 0.6000000238
31612  -35.653  -36.059  -5.557 0.6999999881
30833  -36.773  -36.028  -5.695 0.6999999881
32368  -36.888  -34.337  -5.284 0.6999999881
27546  -30.909  -40.444  5.305 0.6999999881
27533  -30.065  -41.184  6.497 0.6000000238
27534  -30.702  -40.488  6.145 0.6999999881
28393  -31.617  -39.154  5.656 0.6999999881
28404  -31.710  -39.108  4.534 0.6999999881
26691  -28.422  -42.354  7.405 0.5000000000
26705  -29.552  -42.064  6.544 0.6000000238
29202  -32.119  -38.593  5.264 0.6999999881
29203  -32.647  -38.250  4.742 0.6999999881
26687  -25.211  -41.672  7.116 0.3000000119
107845  -28.467  -41.690  7.427 0.5000000000
100458  -29.264  -41.474  7.141 0.5000000000
106588  -30.182  -40.076  6.786 0.6000000238
100365  -33.774  -37.724  3.982 0.6999999881
28361  -27.769  -40.039  7.436 0.4000000060
107431  -28.356  -40.756  7.393 0.5000000000
28376  -29.470  -39.526  7.280 0.6000000238
30022  -34.441  -37.424  3.626 0.6999999881
100573  -35.743  -37.655  1.683 0.6999999881
98601  -35.720  -37.324  0.629 0.6999999881
29178  -27.252  -38.327  7.308 0.3000000119
30798  -33.672  -36.008  -2.707 0.8000000119
115441  -34.123  -36.581  -2.440 0.6999999881
30799  -34.410  -36.223  -2.114 0.6999999881
112399  -35.361  -36.530  -0.648 0.6999999881
31593  -30.082  -34.618  -3.687 0.8000000119
31585  -32.465  -35.389  -3.080 0.8000000119
108976  -28.551  -35.163  -4.240 0.8000000119
31592  -28.892  -34.930  -3.863 0.8000000119
31594  -31.220  -35.237  -3.512 0.8000000119
112396  -31.531  -34.141  -5.439 0.8000000119
33960  -29.945  -31.961  -5.860 0.8000000119
33186  -29.498  -32.766  -4.398 0.8000000119
33945  -30.467  -31.811  -4.648 0.8000000119
31623  -38.743  -35.844  -6.166 0.6000000238
30834  -37.775  -36.141  -5.871 0.6999999881
31604  -35.020  -35.172  -4.957 0.8000000119
31614  -37.362  -35.211  -5.472 0.6000000238
33205  -37.111  -33.347  -5.685 0.6999999881
33206  -38.135  -33.728  -5.956 0.6000000238
114818  -30.718  -39.683  6.474 0.6000000238
27532  -29.383  -40.521  7.157 0.6000000238
30013  -33.055  -37.596  5.079 0.6999999881
29204  -33.146  -38.002  4.245 0.6999999881
29166  -27.678  -39.215  7.454 0.4000000060
28362  -28.531  -39.860  7.375 0.4000000060
115621  -30.193  -38.021  7.013 0.5000000000
29192  -32.294  -37.711  5.679 0.6999999881
29180  -29.435  -38.702  7.384 0.5000000000
30023  -34.926  -37.203  3.148 0.6999999881
118012  -28.020  -38.493  7.394 0.3000000119
100016  -28.772  -38.192  7.378 0.4000000060
115977  -35.267  -37.130  -0.954 0.6999999881
30741  -35.262  -36.589  2.904 0.6999999881
109754  -27.863  -37.054  6.891 0.3000000119
30758  -35.848  -36.741  1.271 0.6999999881
30749  -35.733  -36.802  2.144 0.6999999881
30769  -35.592  -36.462  0.300 0.6999999881
99164  -35.933  -36.057  1.020 0.6999999881
31579  -34.824  -35.691  -1.634 0.6999999881
30792  -35.016  -36.575  -1.471 0.6999999881
31569  -35.287  -35.871  -1.020 0.6999999881
104603  -35.529  -35.308  -0.501 0.6999999881
32344  -28.680  -33.927  -4.402 0.8000000119
32346  -30.064  -33.641  -3.727 0.8000000119
31586  -34.109  -35.384  -2.139 0.6999999881
31580  -35.238  -35.120  -1.239 0.6999999881
32324  -35.535  -34.547  -0.723 0.6999999881
112806  -28.854  -33.906  -5.092 0.8000000119
32345  -28.966  -33.885  -3.938 0.8000000119
32347  -31.307  -34.245  -3.211 0.8000000119
111018  -33.323  -35.110  -2.524 0.8000000119
32329  -34.602  -34.846  -1.717 0.8000000119
32330  -35.151  -34.307  -1.394 0.6999999881
32366  -30.252  -33.270  -5.715 0.8000000119
33187  -30.737  -32.955  -3.697 0.8000000119
33188  -31.915  -33.411  -2.973 0.8000000119
32337  -33.704  -34.300  -2.211 0.8000000119
33202  -31.103  -32.369  -6.384 0.8000000119
33944  -29.789  -31.984  -5.228 0.8000000119
33178  -33.396  -33.221  -2.445 0.8000000119
32367  -32.699  -34.354  -5.162 0.8000000119
112087  -31.032  -31.461  -6.537 0.8000000119
33946  -31.553  -31.665  -4.391 0.8000000119
101280  -31.581  -32.405  -3.649 0.8000000119
102192  -33.179  -32.312  -2.818 0.8000000119
32354  -32.309  -33.106  -5.694 0.8000000119
33955  -31.264  -31.149  -5.559 0.8000000119
32355  -33.467  -33.900  -4.997 0.8000000119
31624  -39.539  -35.556  -6.630 0.5000000000
31615  -38.255  -35.194  -5.747 0.6000000238
33196  -34.016  -33.159  -5.210 0.8000000119
114726  -35.605  -33.687  -5.168 0.8000000119
31616  -38.987  -35.138  -6.128 0.6000000238
33212  -39.699  -33.958  -7.078 0.6000000238
32375  -38.917  -33.913  -6.436 0.6000000238
28378  -31.102  -39.057  6.445 0.6999999881
28379  -31.554  -38.279  6.157 0.6999999881
28377  -30.287  -38.909  7.051 0.6000000238
30002  -31.595  -37.396  6.239 0.6999999881
30720  -32.712  -36.960  5.596 0.6999999881
29991  -30.890  -37.354  6.569 0.5000000000
109397  -29.724  -37.130  6.952 0.4000000060
30733  -34.138  -36.740  4.498 0.6999999881
30740  -34.845  -36.698  3.705 0.6999999881
30703  -28.315  -36.465  6.640 0.3000000119
30704  -29.361  -36.595  6.714 0.3000000119
30705  -30.178  -36.254  7.479 0.5000000000
31519  -34.739  -35.947  4.152 0.6999999881
30702  -27.404  -36.454  6.622 0.3000000119
109679  -29.105  -35.428  6.038 0.3000000119
31527  -35.343  -35.759  2.925 0.6999999881
31545  -36.138  -35.381  1.415 0.6999999881
31556  -35.793  -35.547  0.398 0.6999999881
33185  -28.977  -33.373  -4.522 0.8000000119
114029  -34.540  -34.094  -1.788 0.8000000119
33200  -29.450  -33.014  -5.491 0.8000000119
33179  -34.171  -33.385  -2.034 0.8000000119
33201  -30.298  -32.205  -6.152 0.8000000119
33177  -32.548  -32.827  -2.919 0.8000000119
116404  -33.824  -32.650  -2.323 0.8000000119
33954  -30.499  -31.385  -5.885 0.8000000119
118164  -33.062  -31.354  -4.714 0.8000000119
111710  -33.836  -31.939  -2.614 0.8000000119
33195  -33.074  -32.251  -6.132 0.8000000119
113479  -31.279  -30.940  -6.520 0.8000000119
34793  -32.049  -30.751  -6.442 0.8000000119
33948  -34.003  -31.449  -3.255 0.8000000119
104402  -36.191  -33.467  -5.406 0.8000000119
29181  -30.704  -38.169  6.690 0.6000000238
29988  -28.839  -37.294  7.011 0.3000000119
29989  -29.701  -37.910  7.225 0.5000000000
30706  -30.629  -36.346  7.517 0.5000000000
30719  -31.852  -36.584  6.141 0.6999999881
109891  -33.590  -36.043  5.225 0.6999999881
30718  -30.753  -36.057  6.426 0.6000000238
108963  -32.755  -36.034  5.661 0.6999999881
31518  -34.039  -35.633  4.747 0.6999999881
31499  -28.348  -35.302  5.856 0.3000000119
31485  -29.827  -35.981  6.501 0.3000000119
31517  -33.302  -35.168  5.348 0.6999999881
31483  -27.858  -35.767  6.347 0.3000000119
33097  -30.540  -33.944  4.797 0.3000000119
32275  -34.530  -35.067  4.284 0.6999999881
31526  -35.081  -35.361  3.642 0.6999999881
33095  -28.574  -33.673  4.177 0.3000000119
33096  -29.542  -33.776  4.453 0.3000000119
33114  -30.328  -33.250  3.995 0.3000000119
33112  -28.298  -33.146  3.566 0.3000000119
31546  -36.220  -34.874  0.811 0.6999999881
33170  -34.979  -33.437  -1.616 0.8000000119
33938  -34.530  -32.434  -1.938 0.8000000119
33203  -32.011  -31.634  -6.915 0.8000000119
99417  -32.030  -30.982  -6.896 0.8000000119
33961  -32.917  -31.103  -7.102 0.8000000119
34794  -32.840  -30.749  -6.949 0.8000000119
34785  -33.772  -30.838  -6.353 0.8000000119
34778  -33.650  -31.326  -4.650 0.8000000119
33204  -35.228  -32.653  -5.762 0.8000000119
33965  -36.815  -32.329  -6.166 0.6999999881
33971  -37.599  -32.138  -6.473 0.6000000238
30707  -31.016  -36.732  6.458 0.6000000238
31503  -32.472  -35.247  5.676 0.6000000238
32272  -30.945  -34.517  5.429 0.4000000060
32274  -32.498  -34.604  5.234 0.6000000238
117477  -33.850  -34.886  4.713 0.6999999881
33099  -32.629  -33.934  4.543 0.4000000060
32284  -34.803  -34.503  3.690 0.6999999881
101929  -30.858  -32.547  3.584 0.3000000119
32283  -34.058  -34.236  4.228 0.6000000238
33119  -35.091  -33.931  3.163 0.6999999881
107706  -36.031  -34.883  2.140 0.6999999881
32305  -36.204  -34.516  1.499 0.6999999881
33138  -36.076  -33.713  1.649 0.6999999881
33139  -36.193  -34.067  0.743 0.6999999881
33151  -36.026  -33.312  0.148 0.6999999881
33947  -33.203  -31.672  -3.633 0.8000000119
101214  -34.435  -31.562  -2.354 0.8000000119
34777  -32.343  -31.320  -4.881 0.8000000119
34779  -34.546  -31.219  -4.326 0.8000000119
33963  -34.560  -31.369  -6.623 0.8000000119
33962  -33.681  -30.931  -6.988 0.8000000119
34786  -34.613  -30.752  -5.950 0.8000000119
34795  -34.212  -30.792  -6.919 0.8000000119
116738  -38.479  -33.315  -6.357 0.6000000238
98618  -35.834  -32.247  -6.036 0.8000000119
34804  -38.422  -31.900  -6.860 0.6000000238
34803  -37.373  -31.475  -6.903 0.6999999881
31502  -31.690  -35.620  6.024 0.6000000238
32256  -32.005  -34.989  5.702 0.6000000238
118319  -31.322  -34.142  5.022 0.3000000119
33115  -31.255  -33.089  3.947 0.3000000119
106083  -31.983  -33.410  4.247 0.3000000119
33100  -33.351  -33.828  4.298 0.5000000000
33116  -32.840  -33.279  4.044 0.3000000119
34685  -30.414  -31.865  3.164 0.3000000119
34686  -31.494  -31.877  3.270 0.3000000119
33873  -34.787  -32.675  3.051 0.4000000060
116028  -35.777  -33.495  2.196 0.6999999881
34704  -30.128  -31.240  2.704 0.3000000119
100074  -35.842  -33.014  2.004 0.6000000238
33899  -36.217  -33.126  1.116 0.6000000238
33164  -35.576  -33.582  -0.857 0.8000000119
33922  -35.863  -32.590  -0.465 0.6999999881
33909  -36.207  -32.318  0.533 0.6000000238
33930  -35.389  -32.607  -1.330 0.8000000119
106778  -36.126  -31.851  -0.196 0.6999999881
33939  -35.128  -31.694  -1.683 0.8000000119
97328  -35.703  -31.803  -0.903 0.6999999881
111603  -34.569  -31.242  -2.933 0.8000000119
34771  -34.995  -30.979  -2.116 0.6999999881
34761  -35.534  -30.933  -1.247 0.6999999881
35675  -35.565  -30.412  -2.219 0.6999999881
115896  -35.438  -30.606  -1.730 0.6999999881
102090  -35.171  -30.927  -3.140 0.8000000119
115884  -34.889  -30.506  -6.339 0.8000000119
105505  -34.036  -31.920  -6.285 0.8000000119
34796  -34.790  -31.180  -6.735 0.8000000119
35703  -34.573  -30.715  -6.667 0.8000000119
33964  -35.797  -31.659  -6.460 0.8000000119
35716  -36.014  -31.088  -7.143 0.6999999881
34813  -39.252  -31.746  -7.522 0.6000000238
33970  -36.475  -31.624  -6.621 0.8000000119
34811  -37.071  -30.943  -7.437 0.6999999881
36629  -37.013  -30.049  -8.421 0.6999999881
33117  -33.807  -33.382  3.795 0.5000000000
101074  -34.486  -33.843  3.659 0.5000000000
33871  -33.162  -32.625  3.610 0.4000000060
33118  -34.615  -33.274  3.339 0.5000000000
33128  -35.320  -33.233  2.712 0.6000000238
105229  -32.065  -31.223  2.839 0.3000000119
34706  -33.087  -31.224  2.879 0.3000000119
33887  -35.294  -32.302  2.483 0.6000000238
33898  -35.937  -32.318  1.610 0.6000000238
35595  -30.001  -30.525  2.282 0.3000000119
35596  -31.598  -30.557  2.357 0.3000000119
35598  -33.596  -30.622  2.467 0.3000000119
36490  -30.857  -30.238  1.983 0.3000000119
35620  -30.270  -29.956  1.758 0.3000000119
35689  -35.443  -30.850  -4.307 0.8000000119
109347  -35.883  -30.611  -3.266 0.6999999881
35690  -36.284  -30.436  -4.025 0.6999999881
35699  -35.475  -30.572  -5.466 0.8000000119
36610  -36.584  -29.519  -5.467 0.6999999881
35704  -34.719  -30.433  -6.821 0.6999999881
102513  -35.609  -30.200  -5.805 0.6000000238
35748  -40.366  -31.053  -9.907 0.6000000238
113877  -35.033  -30.982  -6.982 0.6999999881
35727  -35.818  -30.624  -7.665 0.6999999881
35726  -34.708  -30.241  -8.045 0.6999999881
35728  -37.875  -30.515  -7.828 0.6999999881
35736  -38.402  -30.109  -8.503 0.6999999881
114595  -36.774  -30.503  -7.925 0.6999999881
38486  -36.337  -26.924  -10.362 0.5000000000
39522  -37.807  -26.200  -10.490 0.5000000000
34709  -35.568  -31.676  2.043 0.6000000238
34748  -36.160  -30.714  0.156 0.6000000238
34747  -36.040  -31.157  -0.387 0.6999999881
35653  -35.919  -30.320  -0.516 0.6999999881
35661  -35.716  -30.228  -1.387 0.6999999881
36532  -29.120  -29.163  0.957 0.3000000119
36574  -35.996  -29.679  -1.747 0.6999999881
36609  -35.297  -29.851  -6.455 0.6999999881
36588  -36.890  -29.711  -3.709 0.6000000238
36598  -36.542  -30.074  -4.798 0.6999999881
35715  -34.704  -30.466  -7.427 0.6999999881
36619  -34.489  -29.900  -7.435 0.6999999881
97988  -35.042  -29.421  -7.011 0.6000000238
35725  -34.279  -29.731  -8.221 0.6999999881
35737  -39.439  -30.544  -9.103 0.6000000238
34819  -39.915  -31.256  -9.015 0.5000000000
37505  -36.206  -28.852  -9.468 0.6999999881
36651  -37.929  -28.786  -9.250 0.6999999881
34725  -35.438  -30.963  1.933 0.5000000000
35623  -35.056  -30.131  1.653 0.4000000060
109902  -35.865  -30.667  0.989 0.6000000238
35640  -35.507  -29.980  0.952 0.5000000000
35641  -35.897  -30.144  0.338 0.6000000238
111419  -35.896  -29.683  -0.070 0.6000000238
107589  -29.149  -28.384  0.582 0.3000000119
37373  -29.843  -28.632  0.811 0.3000000119
35676  -36.433  -29.985  -2.802 0.6000000238
37466  -35.910  -29.123  -6.317 0.6000000238
36627  -34.208  -29.510  -8.068 0.6999999881
37489  -34.158  -28.996  -8.306 0.6999999881
37490  -34.522  -28.480  -8.045 0.6000000238
36637  -35.708  -29.568  -9.030 0.6999999881
37518  -38.787  -28.347  -9.859 0.6999999881
36652  -39.156  -29.204  -9.624 0.6000000238
37528  -40.768  -28.760  -11.548 0.5000000000
36661  -39.891  -29.315  -10.423 0.6000000238
37517  -36.738  -27.826  -9.710 0.6000000238
38488  -39.165  -27.813  -10.311 0.5000000000
38499  -40.056  -27.775  -11.026 0.5000000000
105130  -39.547  -26.606  -10.757 0.5000000000
40491  -38.763  -25.552  -10.750 0.5000000000
36515  -35.081  -29.428  1.189 0.4000000060
36513  -32.825  -29.421  1.756 0.4000000060
38365  -29.822  -27.791  0.429 0.3000000119
38366  -30.751  -27.468  0.314 0.3000000119
37394  -31.176  -28.026  0.859 0.3000000119
36565  -36.028  -28.926  -1.367 0.6000000238
38387  -30.642  -26.915  -0.187 0.3000000119
36566  -36.493  -29.015  -2.053 0.6000000238
37450  -37.395  -28.395  -3.947 0.5000000000
36575  -36.998  -29.079  -2.841 0.6000000238
37467  -36.896  -28.766  -5.782 0.6000000238
37456  -37.375  -28.679  -4.998 0.6000000238
37479  -35.300  -28.764  -7.176 0.6000000238
37480  -36.438  -28.368  -6.523 0.6000000238
35724  -34.192  -29.300  -8.410 0.6999999881
38460  -35.154  -27.692  -8.585 0.6000000238
37516  -35.362  -28.204  -9.532 0.6999999881
38487  -37.871  -27.356  -9.984 0.5000000000
37377  -33.583  -28.828  1.497 0.4000000060
36516  -35.182  -28.909  0.701 0.4000000060
37378  -34.552  -28.800  1.231 0.4000000060
36533  -35.550  -29.545  0.526 0.5000000000
37397  -34.080  -28.171  1.017 0.4000000060
105583  -35.683  -29.032  0.033 0.4000000060
36550  -35.814  -29.455  -0.827 0.5000000000
38388  -31.378  -26.928  -0.167 0.3000000119
38367  -31.729  -27.457  0.375 0.4000000060
39406  -31.907  -26.316  -0.700 0.3000000119
38389  -32.288  -26.932  -0.152 0.4000000060
37442  -37.297  -28.322  -3.050 0.5000000000
118077  -37.280  -28.995  -3.553 0.5000000000
38440  -37.460  -27.660  -4.449 0.5000000000
38453  -35.713  -28.022  -7.512 0.6000000238
38461  -36.334  -27.363  -7.694 0.6000000238
38474  -35.211  -27.769  -9.326 0.6000000238
39486  -35.405  -27.070  -9.360 0.6000000238
38485  -35.630  -27.201  -10.027 0.5000000000
39521  -36.183  -26.194  -10.683 0.5000000000
41288  -37.282  -24.843  -10.917 0.5000000000
114789  -38.816  -24.809  -10.962 0.5000000000
37399  -35.255  -28.348  0.235 0.4000000060
37416  -35.751  -28.418  -0.623 0.4000000060
38370  -34.606  -27.842  0.448 0.4000000060
37432  -36.335  -28.083  -1.486 0.4000000060
39405  -30.954  -26.431  -0.627 0.3000000119
117747  -37.202  -27.705  -2.625 0.4000000060
40385  -30.941  -25.449  -1.729 0.3000000119
38434  -37.367  -27.490  -3.380 0.4000000060
38446  -37.616  -27.036  -4.952 0.5000000000
39464  -37.758  -26.215  -4.934 0.4000000060
38454  -36.918  -27.554  -6.741 0.6000000238
106392  -37.312  -27.857  -5.625 0.5000000000
39487  -36.298  -26.818  -8.448 0.6000000238
39475  -37.127  -26.778  -7.169 0.5000000000
113937  -35.787  -26.501  -10.390 0.5000000000
39499  -35.619  -26.679  -10.066 0.6000000238
39500  -35.800  -26.437  -9.518 0.6000000238
40481  -35.601  -26.094  -10.243 0.6000000238
40490  -36.678  -25.454  -10.772 0.5000000000
106901  -39.518  -24.360  -11.356 0.5000000000
38497  -35.655  -26.062  -10.566 0.5000000000
41217  -30.847  -24.246  -3.759 0.3000000119
41218  -31.700  -24.323  -3.778 0.4000000060
41219  -32.563  -24.251  -3.649 0.4000000060
106531  -36.567  -26.078  -8.669 0.5000000000
42055  -30.986  -23.303  -4.585 0.4000000060
40473  -36.300  -25.760  -9.503 0.5000000000
41263  -37.818  -24.604  -7.301 0.5000000000
40482  -35.803  -25.503  -10.562 0.5000000000
113179  -37.417  -24.537  -8.417 0.5000000000
40489  -35.872  -25.441  -10.795 0.5000000000
41281  -35.804  -24.852  -11.039 0.6000000238
42129  -39.022  -23.493  -11.367 0.5000000000
41287  -36.575  -24.271  -11.183 0.5000000000
41297  -38.121  -24.203  -11.077 0.6000000238
42038  -32.143  -23.881  -4.277 0.4000000060
41220  -33.425  -24.168  -3.477 0.4000000060
100122  -36.076  -24.728  -10.494 0.5000000000
42115  -36.063  -23.943  -10.730 0.5000000000
102112  -36.021  -24.896  -11.212 0.5000000000
107540  -35.975  -24.289  -11.080 0.5000000000
43032  -38.112  -22.773  -11.558 0.4000000060
42128  -36.280  -23.564  -11.154 0.5000000000
41296  -37.399  -23.541  -11.302 0.5000000000
42952  -33.046  -22.911  -4.478 0.4000000060
43889  -32.032  -22.010  -4.476 0.4000000060
41270  -36.711  -24.990  -9.445 0.5000000000
42093  -37.883  -23.820  -8.039 0.4000000060
43022  -36.127  -22.655  -11.095 0.4000000060
43031  -36.855  -22.868  -11.429 0.5000000000
43969  -37.245  -22.027  -11.646 0.3000000119
42104  -37.596  -23.154  -8.656 0.4000000060
42120  -36.019  -23.354  -10.988 0.4000000060
118376  -36.528  -22.342  -11.363 0.5000000000
43968  -36.546  -21.201  -12.094 0.4000000060
43030  -36.045  -21.760  -11.483 0.4000000060
42114  -35.976  -22.521  -10.846 0.4000000060
45636  -36.622  -19.655  -13.539 0.4000000060
44814  -35.706  -20.955  -12.100 0.4000000060
107164  -35.427  -21.302  -10.608 0.4000000060
44823  -36.118  -20.353  -12.712 0.4000000060
46514  -36.715  -18.874  -14.445 0.4000000060
43967  -35.426  -21.221  -11.344 0.3000000119
44822  -35.719  -20.242  -12.473 0.4000000060
44805  -35.304  -20.641  -10.919 0.4000000060
44797  -35.595  -20.632  -10.032 0.4000000060
45626  -35.680  -19.629  -12.368 0.3000000119
45635  -35.622  -19.672  -13.219 0.4000000060
44813  -35.536  -20.519  -11.762 0.3000000119
46505  -35.647  -18.898  -12.045 0.4000000060
46512  -35.098  -18.773  -13.239 0.5000000000
45620  -35.552  -19.898  -11.373 0.4000000060
25103  -32.159  -43.243  0.918 0.6999999881
25888  -33.710  -42.669  0.234 0.8000000119
27593  -29.402  -40.208  1.351 0.6000000238
113871  -22.456  -42.724  0.603 0.4000000060
28507  -27.274  -39.293  -4.269 0.8000000119
27569  -29.292  -39.628  2.700 0.6000000238
24253  -25.433  -44.566  3.175 0.5000000000
28462  -35.397  -39.587  0.487 0.8000000119
28431  -31.528  -39.451  3.041 0.8000000119
23506  -24.555  -45.541  7.431 0.4000000060
25825  -28.157  -42.937  4.033 0.6000000238
23508  -27.186  -45.249  7.041 0.5000000000
25024  -28.817  -43.583  5.811 0.6000000238
33937  -32.383  -31.986  -3.586 0.8000000119
30732  -33.377  -36.807  5.215 0.6999999881
105098  -35.805  -34.072  -0.110 0.6999999881
35599  -34.585  -30.700  2.323 0.4000000060
37398  -34.753  -28.401  0.750 0.4000000060
38411  -35.729  -27.471  -0.885 0.4000000060
43016  -36.178  -22.778  -10.375 0.4000000060
106608  -28.740  -47.742  -2.342 0.5000000000
22133  -31.613  -47.509  -0.279 0.6999999881
24364  -28.004  -44.671  -4.972 0.5000000000
22871  -26.179  -46.400  2.011 0.5000000000
111009  -27.666  -44.069  -4.531 0.6999999881
24355  -32.635  -44.469  -3.337 0.6999999881
23660  -33.382  -44.937  -3.068 0.6999999881
114573  -31.878  -42.454  -3.761 0.6999999881
25962  -28.988  -42.420  -5.498 0.6999999881
25964  -31.239  -42.287  -5.688 0.5000000000
26839  -28.593  -41.559  -5.402 0.6999999881
25098  -27.599  -43.144  1.320 0.6000000238
25136  -34.492  -43.326  -0.752 0.6999999881
26844  -34.421  -41.440  -5.456 0.4000000060
26768  -25.746  -41.032  -0.287 0.6000000238
25905  -24.903  -41.210  -0.589 0.6000000238
27658  -27.669  -39.881  -4.849 0.8000000119
109118  -28.878  -41.201  0.627 0.6999999881
24317  -22.111  -43.266  -0.977 0.5000000000
25907  -35.346  -41.806  -0.842 0.8000000119
27671  -33.350  -40.328  -5.578 0.5000000000
26754  -31.369  -41.181  1.638 0.6999999881
27624  -24.669  -40.024  -0.491 0.6000000238
26812  -34.985  -41.757  -2.936 0.8000000119
28443  -25.439  -39.676  0.541 0.6000000238
28499  -32.854  -39.654  -3.772 0.8999999762
28508  -29.222  -38.791  -3.898 0.8000000119
100860  -34.391  -39.663  -5.523 0.6000000238
105998  -36.241  -39.756  -5.743 0.4000000060
24285  -22.825  -43.594  1.241 0.3000000119
27589  -24.155  -39.940  0.036 0.5000000000
26749  -22.733  -40.864  -0.444 0.5000000000
25880  -22.596  -40.999  -0.614 0.5000000000
25094  -21.606  -43.058  0.520 0.4000000060
27653  -34.886  -40.121  -3.126 0.8999999762
28429  -28.965  -39.383  2.290 0.6000000238
27576  -27.439  -39.872  2.049 0.5000000000
25863  -22.832  -41.885  0.289 0.4000000060
25096  -24.106  -42.321  1.132 0.5000000000
25864  -24.614  -41.310  1.027 0.5000000000
106452  -33.509  -38.484  -5.592 0.6999999881
30118  -37.456  -37.936  -7.106 0.4000000060
27568  -28.362  -39.930  2.629 0.6000000238
23563  -24.839  -45.029  2.828 0.5000000000
115315  -24.518  -43.900  2.452 0.5000000000
22856  -25.790  -46.090  4.157 0.5000000000
25044  -26.927  -44.107  4.169 0.6000000238
24254  -26.094  -44.501  3.737 0.5000000000
24237  -26.849  -44.975  4.485 0.6000000238
23564  -25.572  -45.230  3.524 0.5000000000
26743  -27.431  -40.751  2.425 0.5000000000
22027  -25.804  -47.731  6.602 0.6000000238
25066  -25.580  -43.909  3.155 0.5000000000
25068  -27.216  -43.221  3.708 0.6000000238
25080  -25.791  -43.121  2.822 0.5000000000
23505  -23.626  -45.536  7.154 0.4000000060
29288  -33.369  -38.251  -3.565 0.8000000119
30099  -29.655  -37.345  -3.859 0.8999999762
23526  -27.453  -45.529  6.379 0.5000000000
24238  -27.617  -44.649  4.928 0.6000000238
24192  -26.876  -44.617  7.364 0.4000000060
24224  -28.409  -44.062  6.410 0.5000000000
24194  -28.092  -44.140  7.034 0.5000000000
24991  -25.943  -43.349  7.548 0.4000000060
25784  -27.400  -42.726  7.562 0.5000000000
25785  -28.088  -42.865  7.455 0.5000000000
98688  -35.342  -37.906  -0.745 0.6999999881
113664  -29.197  -43.126  6.014 0.6000000238
100691  -26.061  -41.838  7.362 0.4000000060
100330  -33.624  -35.817  -5.439 0.8000000119
25006  -28.843  -43.362  6.462 0.6000000238
25799  -28.736  -42.890  7.054 0.5000000000
28360  -27.031  -39.816  7.407 0.3000000119
31603  -34.105  -35.085  -4.966 0.8000000119
31602  -33.322  -34.959  -5.045 0.8000000119
31613  -36.467  -35.184  -5.258 0.6000000238
32369  -37.760  -34.389  -5.597 0.6000000238
32357  -35.348  -34.358  -4.927 0.8000000119
28392  -31.125  -39.807  5.878 0.6999999881
111382  -35.463  -35.940  -0.306 0.6999999881
32356  -34.506  -34.215  -4.867 0.8000000119
30014  -33.546  -37.407  4.604 0.6999999881
29990  -30.138  -37.173  6.920 0.5000000000
114936  -35.613  -36.157  2.413 0.6999999881
103807  -35.894  -36.114  1.769 0.6999999881
32312  -35.854  -34.752  0.092 0.6999999881
32336  -32.593  -34.384  -2.663 0.8000000119
110988  -32.839  -33.671  -2.576 0.8000000119
105395  -35.110  -36.088  3.503 0.6999999881
31484  -28.754  -35.886  6.378 0.3000000119
31486  -30.531  -35.884  7.274 0.5000000000
109681  -30.416  -35.692  6.311 0.4000000060
31533  -35.805  -35.535  2.292 0.6999999881
33098  -31.223  -33.609  4.491 0.3000000119
108879  -33.268  -34.441  4.740 0.6000000238
104348  -31.915  -34.048  4.810 0.4000000060
32285  -35.420  -34.854  2.899 0.6999999881
32293  -35.761  -34.074  2.355 0.6999999881
34812  -38.270  -31.187  -7.342 0.6000000238
35729  -39.127  -30.956  -8.168 0.6000000238
32273  -31.736  -34.563  5.367 0.5000000000
104294  -32.021  -32.690  3.689 0.3000000119
34733  -36.229  -31.364  0.385 0.6000000238
36638  -37.373  -29.448  -8.898 0.6999999881
34687  -32.574  -31.888  3.300 0.3000000119
34688  -33.602  -31.880  3.256 0.3000000119
36491  -31.524  -29.946  1.898 0.3000000119
34726  -35.970  -31.532  1.296 0.6000000238
35735  -35.756  -30.220  -8.343 0.6999999881
35734  -34.768  -29.886  -8.616 0.6999999881
36599  -37.192  -29.321  -4.430 0.6000000238
36636  -34.522  -29.267  -8.984 0.6999999881
114055  -39.884  -30.076  -9.966 0.5000000000
38473  -34.464  -28.569  -8.717 0.6000000238
37527  -39.967  -28.609  -10.751 0.6000000238
39523  -40.231  -26.172  -11.502 0.4000000060
36514  -34.337  -29.454  1.613 0.4000000060
37376  -32.516  -28.684  1.443 0.4000000060
105473  -30.119  -27.156  0.049 0.3000000119
37441  -36.956  -28.253  -2.275 0.5000000000
37504  -34.589  -28.631  -9.160 0.5000000000
38412  -36.258  -27.207  -1.411 0.4000000060
39468  -37.588  -26.763  -5.946 0.5000000000
118382  -33.013  -23.603  -4.105 0.4000000060
102878  -37.124  -25.319  -8.246 0.5000000000
43959  -35.734  -21.875  -10.974 0.4000000060
43952  -35.813  -21.965  -10.433 0.4000000060
46513  -35.402  -18.867  -14.515 0.4000000060
45613  -35.638  -19.994  -10.388 0.4000000060
46526  -35.023  -17.872  -14.928 0.3000000119
97489  -32.705  -48.090  3.124 0.5000000000
21263  -32.842  -48.191  2.406 0.5000000000
21250  -30.302  -47.835  4.110 0.4000000060
22065  -30.980  -47.697  4.219 0.5000000000
21237  -31.481  -48.113  4.161 0.5000000000
21251  -32.166  -48.034  3.677 0.5000000000
22091  -32.419  -47.401  2.651 0.6000000238
22103  -32.468  -47.472  1.841 0.6000000238
22077  -30.642  -47.083  3.987 0.5000000000
22076  -29.729  -47.224  3.880 0.5000000000
22861  -31.761  -46.816  3.300 0.5000000000
22858  -28.844  -46.652  3.543 0.5000000000
22874  -32.039  -46.690  2.823 0.6000000238
22886  -32.209  -46.501  2.095 0.6000000238
98379  -32.141  -46.935  1.174 0.6000000238
22905  -32.428  -46.541  0.481 0.6000000238
105646  -31.958  -47.272  0.383 0.6000000238
22934  -31.856  -47.021  -1.108 0.6000000238
22920  -32.466  -46.744  -0.379 0.6000000238
22859  -30.046  -46.226  3.728 0.5000000000
22860  -31.165  -46.433  3.597 0.5000000000
22873  -31.718  -46.270  3.136 0.6000000238
113166  -29.297  -45.974  3.539 0.5000000000
22872  -27.870  -46.194  2.949 0.5000000000
23579  -28.700  -45.604  3.211 0.5000000000
101419  -32.355  -46.008  1.223 0.6000000238
23567  -30.774  -45.779  3.483 0.5000000000
23568  -31.410  -45.724  3.195 0.5000000000
23565  -29.591  -45.473  3.444 0.5000000000
23580  -31.898  -45.766  2.629 0.6000000238
23578  -27.832  -45.329  2.579 0.5000000000
23581  -32.237  -45.490  1.910 0.6000000238
101246  -27.056  -45.823  2.309 0.5000000000
109256  -32.754  -45.910  0.545 0.6000000238
22935  -32.902  -46.555  -1.202 0.6000000238
24255  -29.188  -44.862  3.061 0.5000000000
24271  -31.366  -44.370  2.615 0.5000000000
108501  -31.616  -45.096  2.852 0.6000000238
22921  -33.278  -46.236  -0.808 0.6000000238
24269  -29.634  -44.104  2.843 0.5000000000
24270  -30.516  -44.130  2.873 0.5000000000
24267  -27.887  -44.520  2.294 0.5000000000
23577  -27.111  -44.902  2.049 0.5000000000
24288  -27.282  -44.013  1.749 0.6000000238
25083  -30.118  -43.364  2.270 0.6000000238
25084  -30.996  -43.522  2.107 0.5000000000
24289  -31.774  -43.835  1.812 0.6000000238
25081  -28.163  -43.738  1.951 0.6000000238
25082  -29.132  -43.549  2.126 0.6000000238
24290  -32.356  -44.094  1.338 0.6000000238
24286  -25.599  -44.802  1.224 0.4000000060
33211  -37.769  -32.942  -6.184 0.5000000000
34805  -39.247  -32.498  -7.066 0.5000000000
36639  -38.833  -29.654  -9.102 0.5000000000
47417  -34.458  -18.008  -13.908 0.4000000060
47418  -35.288  -16.989  -14.027 0.3000000119
48271  -35.956  -16.116  -14.183 0.3000000119
49278  -36.676  -15.644  -13.622 0.3000000119
21235  -30.065  -48.651  4.198 0.4000000060
20441  -30.682  -49.219  4.386 0.5000000000
99457  -31.278  -48.763  4.311 0.5000000000
21274  -32.608  -48.356  1.506 0.5000000000
21249  -29.489  -48.084  3.971 0.4000000060
22118  -32.081  -47.782  0.965 0.5000000000
21248  -28.562  -48.315  3.727 0.4000000060
22075  -28.399  -47.509  3.528 0.5000000000
112078  -27.079  -47.580  2.922 0.5000000000
22857  -27.811  -47.084  3.223 0.5000000000
22090  -27.061  -46.737  2.617 0.3000000119
27673  -35.231  -40.144  -5.495 0.4000000060
29313  -36.065  -38.638  -6.289 0.4000000060
31501  -30.840  -35.736  6.249 0.5000000000
32255  -31.362  -35.106  5.814 0.4000000060
111344  -39.124  -33.255  -6.754 0.5000000000
33980  -39.985  -32.488  -7.858 0.5000000000
112603  -39.997  -31.775  -8.413 0.5000000000
34708  -34.946  -31.446  2.496 0.4000000060
48265  -35.897  -16.010  -13.455 0.3000000119
111729  -37.678  -14.982  -12.367 0.3000000119
20452  -29.251  -48.933  4.048 0.4000000060
23596  -26.332  -45.370  1.734 0.5000000000
33973  -39.819  -33.256  -7.441 0.5000000000
21236  -30.817  -48.348  4.313 0.4000000060
22078  -31.514  -47.338  3.779 0.5000000000
22079  -32.201  -47.378  3.214 0.6000000238
118158  -28.999  -47.549  3.755 0.5000000000
24257  -30.872  -45.052  3.148 0.5000000000
24256  -30.004  -44.771  3.330 0.5000000000
109395  -28.464  -44.939  2.727 0.5000000000
24268  -28.725  -44.294  2.511 0.5000000000
47410  -35.477  -17.233  -12.818 0.4000000060
107586  -31.721  -48.065  0.217 0.4000000060
22074  -27.758  -47.945  3.350 0.4000000060
22854  -24.311  -46.482  3.284 0.4000000060
23562  -24.214  -45.726  2.754 0.3000000119
24265  -24.261  -44.408  2.456 0.4000000060
25095  -23.509  -43.062  1.169 0.4000000060
115207  -25.164  -47.223  4.308 0.4000000060
108071  -24.960  -45.870  3.383 0.4000000060
20387  -24.366  -49.369  7.116 0.4000000060
20403  -25.178  -49.059  6.256 0.4000000060
21233  -25.065  -47.989  4.627 0.4000000060
22842  -25.594  -46.824  4.462 0.4000000060
21181  -21.921  -48.920  7.222 0.3000000119
20386  -23.523  -49.566  7.356 0.3000000119
22002  -22.167  -48.058  7.109 0.4000000060
21219  -25.615  -48.320  6.077 0.4000000060
21182  -22.809  -48.842  7.389 0.4000000060
21184  -24.547  -48.512  7.251 0.5000000000
99606  -23.072  -48.174  7.400 0.4000000060
108092  -23.943  -47.103  7.524 0.4000000060
21185  -25.208  -48.134  7.056 0.5000000000
22003  -22.914  -47.317  7.244 0.4000000060
32254  -30.641  -35.104  5.893 0.3000000119
33872  -34.091  -32.629  3.392 0.3000000119
33886  -34.502  -31.979  3.007 0.3000000119
34707  -34.067  -31.283  2.776 0.3000000119
40462  -37.109  -26.040  -7.666 0.4000000060
109585  -33.569  -29.573  1.790 0.3000000119
37396  -33.130  -28.034  1.080 0.3000000119
37395  -32.117  -27.971  1.016 0.3000000119
38368  -32.710  -27.452  0.448 0.3000000119
40437  -37.805  -25.755  -5.688 0.4000000060
40447  -37.865  -25.170  -6.385 0.3000000119
40463  -37.575  -25.411  -7.197 0.4000000060
42103  -37.061  -24.067  -9.333 0.4000000060
109221  -36.762  -23.312  -9.634 0.3000000119
38369  -33.710  -27.547  0.515 0.3000000119
38391  -34.376  -27.151  -0.020 0.3000000119
38392  -35.226  -27.619  -0.131 0.3000000119
38390  -33.326  -26.878  -0.177 0.3000000119
39409  -35.091  -26.800  -0.539 0.3000000119
39435  -35.678  -26.645  -1.204 0.3000000119
38424  -36.862  -27.329  -1.996 0.3000000119
39407  -32.707  -26.447  -0.588 0.3000000119
39432  -32.660  -25.926  -1.100 0.3000000119
40387  -32.576  -25.423  -1.842 0.3000000119
38425  -37.188  -27.148  -2.684 0.3000000119
107108  -32.040  -25.780  -1.290 0.3000000119
40412  -32.647  -25.029  -2.525 0.3000000119
39460  -37.537  -26.629  -4.051 0.3000000119
99894  -37.707  -25.682  -4.324 0.3000000119
115065  -37.809  -25.505  -4.987 0.3000000119
42037  -31.343  -23.893  -4.317 0.3000000119
42951  -32.321  -22.801  -4.603 0.3000000119
42950  -31.507  -22.748  -4.682 0.3000000119
39408  -34.222  -26.454  -0.617 0.3000000119
39433  -33.390  -26.169  -0.862 0.3000000119
110396  -34.107  -25.864  -1.305 0.3000000119
39434  -34.970  -26.078  -1.073 0.3000000119
106240  -36.256  -25.859  -2.390 0.3000000119
39436  -36.352  -26.550  -1.767 0.3000000119
39453  -36.857  -26.592  -2.474 0.3000000119
39454  -37.252  -26.638  -3.175 0.3000000119
40388  -33.358  -25.633  -1.557 0.3000000119
115130  -33.988  -25.444  -1.903 0.3000000119
40389  -34.718  -25.613  -1.825 0.3000000119
117908  -32.115  -25.153  -2.349 0.3000000119
40413  -33.400  -25.155  -2.344 0.3000000119
40426  -37.433  -25.881  -3.607 0.3000000119
40438  -37.907  -24.928  -5.456 0.3000000119
42057  -32.461  -23.339  -4.484 0.3000000119
43890  -32.973  -22.014  -4.427 0.3000000119
41249  -38.083  -24.344  -6.164 0.3000000119
42080  -38.167  -23.655  -6.855 0.3000000119
43007  -36.939  -22.521  -9.191 0.3000000119
43953  -36.235  -22.024  -9.688 0.3000000119
40390  -35.578  -25.953  -1.738 0.3000000119
117382  -36.502  -25.540  -2.943 0.3000000119
40414  -34.331  -25.179  -2.432 0.3000000119
40415  -35.311  -25.349  -2.425 0.3000000119
40416  -36.032  -25.275  -2.682 0.3000000119
40417  -36.896  -26.027  -3.022 0.3000000119
41201  -32.996  -24.683  -3.001 0.3000000119
41202  -33.864  -24.729  -2.958 0.3000000119
41235  -37.753  -24.283  -4.702 0.3000000119
41234  -37.534  -24.985  -4.016 0.3000000119
104284  -33.620  -23.092  -4.212 0.3000000119
41241  -38.002  -24.188  -5.343 0.3000000119
100146  -33.830  -22.357  -4.240 0.3000000119
114993  -33.721  -21.554  -4.318 0.3000000119
42997  -38.134  -22.916  -7.542 0.3000000119
42996  -37.613  -22.215  -8.134 0.3000000119
40425  -36.414  -24.978  -3.089 0.3000000119
41222  -35.265  -24.211  -3.294 0.3000000119
41223  -36.201  -24.280  -3.265 0.3000000119
102085  -37.036  -25.345  -3.358 0.3000000119
42039  -33.883  -23.539  -3.742 0.3000000119
42042  -36.826  -23.775  -3.709 0.3000000119
41224  -36.983  -24.572  -3.543 0.3000000119
42040  -34.808  -23.537  -3.639 0.3000000119
42953  -34.344  -22.952  -4.001 0.3000000119
43891  -34.456  -21.494  -4.244 0.3000000119
44736  -34.998  -20.565  -4.368 0.3000000119
42973  -38.254  -22.741  -5.376 0.3000000119
42068  -38.253  -23.521  -5.803 0.3000000119
44735  -34.105  -20.754  -4.368 0.3000000119
42984  -38.358  -22.737  -6.387 0.3000000119
44798  -35.887  -21.345  -9.724 0.3000000119
42041  -35.893  -23.466  -3.569 0.3000000119
42043  -37.431  -24.089  -4.105 0.3000000119
112844  -36.061  -22.721  -3.856 0.3000000119
42058  -37.735  -23.616  -4.554 0.3000000119
97791  -34.815  -22.212  -4.063 0.3000000119
43892  -35.415  -21.356  -4.205 0.3000000119
102476  -34.015  -19.222  -4.697 0.3000000119
107362  -33.683  -20.020  -4.391 0.3000000119
45551  -34.494  -19.849  -4.501 0.3000000119
45552  -35.352  -19.702  -4.656 0.3000000119
43913  -38.231  -21.748  -5.891 0.3000000119
43938  -38.160  -21.949  -7.062 0.3000000119
98058  -37.186  -20.699  -8.214 0.3000000119
43946  -36.875  -21.509  -8.806 0.3000000119
44789  -36.515  -20.468  -9.049 0.3000000119
104344  -37.402  -23.304  -4.181 0.3000000119
42954  -36.650  -22.193  -4.087 0.3000000119
42955  -37.399  -22.499  -4.315 0.3000000119
43893  -36.397  -21.378  -4.294 0.3000000119
43894  -37.254  -21.654  -4.528 0.3000000119
42972  -37.939  -22.095  -4.910 0.3000000119
44737  -36.064  -20.359  -4.463 0.3000000119
44738  -36.981  -20.747  -4.782 0.3000000119
43929  -38.002  -21.025  -6.725 0.3000000119
43937  -37.643  -21.285  -7.721 0.3000000119
46499  -36.183  -19.224  -10.790 0.3000000119
46491  -36.439  -19.368  -9.830 0.3000000119
111685  -36.083  -19.952  -9.589 0.3000000119
45573  -34.771  -19.116  -4.878 0.3000000119
43912  -37.660  -21.222  -5.259 0.3000000119
46444  -35.098  -18.494  -5.170 0.3000000119
45574  -35.460  -19.118  -5.250 0.3000000119
45553  -36.027  -19.557  -4.899 0.3000000119
44757  -36.689  -19.874  -5.052 0.3000000119
44758  -37.348  -20.280  -5.583 0.3000000119
106645  -37.021  -19.612  -7.304 0.3000000119
44780  -37.500  -20.442  -7.408 0.3000000119
108105  -36.636  -19.171  -8.051 0.3000000119
46492  -36.813  -18.824  -9.263 0.3000000119
45608  -36.613  -19.418  -8.911 0.3000000119
110383  -34.820  -17.885  -5.160 0.3000000119
46445  -35.631  -18.656  -5.692 0.3000000119
106445  -36.158  -19.240  -5.793 0.3000000119
45575  -37.057  -19.602  -6.240 0.3000000119
44772  -37.574  -20.268  -6.500 0.3000000119
46461  -36.059  -18.764  -6.306 0.3000000119
46476  -36.795  -18.648  -7.728 0.3000000119
46483  -36.890  -18.693  -8.527 0.3000000119
109125  -36.908  -18.692  -10.074 0.3000000119
46484  -37.611  -18.315  -9.214 0.3000000119
46506  -35.527  -18.046  -12.019 0.3000000119
46500  -36.495  -18.424  -11.083 0.3000000119
47409  -34.795  -18.160  -12.755 0.3000000119
47353  -35.478  -17.820  -5.477 0.3000000119
47354  -36.370  -18.066  -6.348 0.3000000119
45590  -36.451  -19.132  -6.771 0.3000000119
104051  -36.533  -19.078  -7.445 0.3000000119
47403  -36.653  -17.504  -11.438 0.3000000119
108064  -35.906  -18.203  -5.926 0.3000000119
117920  -30.995  -47.619  -0.657 0.4000000060
20385  -22.570  -49.607  7.339 0.3000000119
22064  -25.701  -47.438  4.973 0.4000000060
21200  -24.918  -48.908  6.778 0.4000000060
116995  -24.701  -46.963  7.496 0.4000000060
40446  -37.596  -25.982  -6.635 0.4000000060
41200  -32.099  -24.693  -2.961 0.3000000119
42056  -31.802  -23.381  -4.579 0.3000000119
20401  -24.080  -50.196  7.053 0.4000000060
19633  -24.177  -50.591  6.468 0.4000000060
20425  -24.981  -49.720  5.882 0.4000000060
21234  -25.608  -48.064  5.433 0.4000000060
21199  -21.310  -48.356  6.863 0.3000000119
21183  -23.733  -48.759  7.398 0.4000000060
111221  -37.881  -24.595  -5.045 0.3000000119
103946  -32.504  -21.144  -4.407 0.3000000119
41203  -34.771  -24.796  -2.946 0.3000000119
41204  -35.661  -24.819  -2.926 0.3000000119
41221  -34.320  -24.186  -3.361 0.3000000119
42059  -38.068  -23.523  -5.033 0.3000000119
42939  -36.729  -22.979  -3.914 0.3000000119
42938  -35.256  -22.857  -3.858 0.3000000119
107369  -35.758  -22.122  -4.016 0.3000000119
42956  -37.919  -22.941  -4.666 0.3000000119
114690  -37.882  -20.866  -5.962 0.3000000119
103139  -36.995  -19.942  -8.149 0.3000000119
116112  -36.899  -19.706  -5.613 0.3000000119
47399  -37.407  -17.948  -10.315 0.3000000119
46462  -36.514  -18.613  -6.968 0.3000000119
47370  -36.981  -17.789  -6.667 0.3000000119
19631  -22.807  -51.057  7.094 0.4000000060
115511  -35.087  -40.964  -5.398 0.4000000060
22918  -22.112  -46.330  -0.351 0.3000000119
22115  -22.432  -47.126  0.304 0.3000000119
22917  -21.314  -46.288  -0.584 0.3000000119
113232  -21.439  -47.714  6.767 0.3000000119
112066  -24.651  -48.705  4.640 0.3000000119
19653  -24.592  -50.419  5.969 0.3000000119
21218  -25.204  -48.828  5.458 0.3000000119
20402  -24.683  -49.820  6.519 0.3000000119
22073  -24.428  -47.284  3.807 0.3000000119
18798  -24.111  -50.946  6.071 0.3000000119
20438  -24.623  -49.529  5.017 0.3000000119
19617  -23.199  -50.325  7.250 0.4000000060
21284  -21.464  -48.091  -0.262 0.4000000060
21286  -22.744  -48.017  0.770 0.4000000060
22004  -23.835  -47.936  7.467 0.4000000060
22026  -21.888  -47.193  6.847 0.3000000119
22050  -26.642  -46.967  5.898 0.6000000238
22117  -24.022  -47.258  1.057 0.4000000060
22812  -26.871  -46.579  6.315 0.6000000238
22855  -25.045  -46.632  3.846 0.4000000060
22903  -23.346  -45.699  0.153 0.5000000000
23525  -27.045  -46.037  6.706 0.5000000000
23566  -30.254  -45.451  3.485 0.5000000000
23668  -28.003  -45.094  -4.680 0.5000000000
24299  -23.008  -44.166  -0.669 0.5000000000
24342  -33.952  -45.103  -2.649 0.6999999881
24993  -27.663  -43.557  7.417 0.5000000000
24994  -28.422  -43.553  7.057 0.5000000000
25077  -23.882  -43.891  1.888 0.5000000000
25111  -21.829  -42.617  -0.128 0.3000000119
25134  -22.337  -42.239  -0.811 0.5000000000
25170  -27.732  -43.619  -4.272 0.6999999881
25800  -29.178  -42.743  6.514 0.6000000238
25813  -29.522  -42.595  5.897 0.6999999881
25947  -34.331  -43.060  -3.096 0.6999999881
26766  -22.707  -40.833  -0.772 0.5000000000
26767  -23.451  -40.470  -0.526 0.5000000000
26791  -23.441  -40.564  -0.733 0.6000000238
26838  -28.310  -41.526  -5.020 0.6999999881
27514  -25.842  -40.170  7.202 0.3000000119
27590  -24.898  -39.661  0.276 0.5000000000
27591  -25.656  -39.569  0.961 0.6000000238
27607  -23.977  -40.019  -0.438 0.5000000000
27608  -24.509  -39.716  -0.168 0.5000000000
27623  -23.994  -40.179  -0.592 0.5000000000
28444  -26.295  -39.444  1.099 0.6000000238
28458  -24.493  -39.825  -0.366 0.6000000238
28461  -27.428  -39.495  1.231 0.6000000238
28476  -25.075  -39.668  -0.200 0.5000000000
29179  -28.643  -38.994  7.480 0.4000000060
29296  -27.329  -38.931  -4.373 0.8000000119
29311  -33.967  -37.931  -5.825 0.6999999881
30097  -28.590  -37.706  -4.476 0.8000000119
30105  -28.539  -37.901  -5.033 0.8999999762
30117  -36.608  -37.583  -6.599 0.6000000238
30831  -35.569  -37.089  -5.974 0.6999999881
31601  -28.651  -34.470  -4.190 0.8000000119
31605  -35.762  -35.053  -5.014 0.8000000119
32353  -28.592  -34.406  -4.672 0.8000000119
32358  -36.098  -34.375  -5.057 0.8000000119
32364  -28.718  -34.537  -5.074 0.8000000119
32365  -29.338  -34.062  -5.318 0.8000000119
32370  -38.620  -34.504  -5.999 0.6000000238
32376  -39.555  -34.703  -6.633 0.6000000238
33193  -28.869  -33.548  -4.873 0.8000000119
33194  -29.319  -32.708  -5.061 0.8000000119
33197  -34.842  -33.374  -5.238 0.8000000119
33972  -38.458  -32.672  -6.559 0.6000000238
34784  -32.904  -30.773  -5.915 0.8000000119
35714  -34.326  -29.924  -7.888 0.6999999881
36628  -34.347  -29.198  -7.732 0.6000000238
37503  -34.255  -28.956  -8.682 0.6999999881
38498  -38.742  -27.023  -10.325 0.5000000000
39511  -37.235  -26.698  -10.370 0.5000000000
40433  -37.766  -24.994  -4.737 0.3000000119
98248  -21.489  -45.444  -0.694 0.4000000060
100477  -27.728  -38.707  -4.000 0.8000000119
101965  -35.521  -40.975  -2.112 0.8000000119
102159  -35.095  -28.941  -9.387 0.6999999881
102765  -35.841  -37.567  -6.455 0.6999999881
105111  -33.069  -37.021  -5.745 0.8000000119
106680  -23.539  -41.269  0.439 0.4000000060
108126  -32.399  -43.005  -3.706 0.6999999881
109193  -27.928  -37.771  7.204 0.3000000119
111390  -24.699  -50.026  5.564 0.3000000119
114005  -21.803  -49.603  7.197 0.3000000119
115054  -22.223  -41.349  -0.284 0.4000000060
116413  -32.420  -45.405  1.387 0.6999999881
118042  -34.349  -29.539  -8.522 0.6999999881
