#!ascii label  , from subject sub-027S6002 vox2ras=TkReg
426
14468  -33.411  -57.422  1.911 0.6999999881
15165  -34.181  -56.791  1.095 0.6000000238
14483  -34.323  -57.485  0.713 0.6000000238
14497  -34.506  -58.288  0.264 0.4000000060
16613  -30.441  -54.450  5.300 0.6999999881
17318  -30.775  -53.592  5.267 0.6999999881
15848  -29.951  -55.339  5.304 0.6999999881
15849  -30.916  -55.315  4.892 0.6999999881
109261  -31.196  -54.394  4.992 0.6000000238
105962  -31.055  -56.053  4.594 0.6000000238
16626  -31.820  -54.365  4.515 0.6000000238
15141  -31.828  -56.368  3.870 0.6000000238
108494  -32.041  -55.081  4.115 0.6000000238
16636  -32.934  -54.327  3.359 0.5000000000
15866  -32.774  -55.887  3.194 0.5000000000
16637  -33.450  -54.221  2.721 0.5000000000
15876  -33.681  -55.055  2.372 0.6000000238
15157  -33.357  -56.691  2.239 0.6000000238
108777  -34.172  -55.146  1.706 0.6000000238
15885  -34.553  -55.363  0.972 0.6000000238
103343  -34.518  -56.147  0.910 0.6000000238
18034  -30.267  -52.936  5.266 0.6000000238
18046  -31.077  -52.728  5.024 0.6000000238
116138  -31.581  -52.279  4.649 0.6000000238
106206  -31.865  -52.930  4.580 0.6000000238
18055  -32.930  -52.485  3.664 0.6000000238
17334  -32.177  -53.682  4.330 0.6000000238
114408  -32.690  -53.783  3.793 0.6000000238
17342  -33.172  -53.414  3.294 0.6000000238
17351  -33.753  -53.349  2.495 0.6000000238
17356  -34.262  -53.091  1.700 0.6999999881
16646  -34.044  -54.122  1.963 0.6000000238
16655  -34.539  -54.320  1.102 0.6000000238
15895  -34.964  -55.775  0.411 0.5000000000
15174  -35.201  -56.314  -0.193 0.5000000000
17316  -29.508  -53.269  5.291 0.6000000238
18045  -30.464  -52.239  4.989 0.6000000238
18831  -31.050  -51.806  4.782 0.6000000238
18832  -31.830  -51.689  4.502 0.6000000238
18047  -32.258  -52.352  4.305 0.6000000238
18839  -32.607  -51.708  4.047 0.6000000238
18840  -33.261  -51.739  3.325 0.6000000238
18848  -33.782  -51.686  2.405 0.6000000238
18056  -33.545  -52.563  2.927 0.6000000238
18066  -33.963  -52.576  2.263 0.6999999881
16661  -35.158  -54.728  0.316 0.6000000238
14484  -34.878  -57.300  -0.004 0.4000000060
18829  -29.422  -51.414  4.672 0.6000000238
18830  -30.307  -51.476  4.799 0.6000000238
117864  -30.859  -51.250  4.720 0.6000000238
108278  -32.180  -50.986  4.346 0.6000000238
19679  -33.106  -50.359  3.486 0.5000000000
19680  -33.473  -50.885  3.056 0.6000000238
18076  -34.465  -52.466  0.935 0.6000000238
17357  -34.687  -53.329  0.835 0.6000000238
109769  -34.960  -53.902  0.407 0.6000000238
17364  -35.262  -53.929  -0.288 0.6000000238
16669  -35.431  -54.583  -0.559 0.6000000238
15183  -35.531  -55.845  -0.999 0.4000000060
15896  -35.396  -55.382  -0.274 0.5000000000
108510  -29.931  -50.706  4.642 0.6000000238
19668  -30.763  -50.665  4.636 0.6000000238
114961  -31.628  -50.262  4.414 0.6000000238
108230  -31.371  -51.097  4.606 0.5000000000
20443  -32.213  -49.502  4.076 0.5000000000
19669  -32.544  -50.273  4.036 0.5000000000
20454  -33.384  -50.005  2.953 0.6000000238
20477  -33.271  -49.808  1.451 0.6000000238
19690  -33.608  -50.561  2.097 0.6999999881
18855  -33.957  -51.284  1.425 0.6999999881
18860  -34.112  -51.119  0.512 0.6000000238
18070  -34.160  -52.144  1.641 0.6999999881
18075  -34.238  -51.773  0.953 0.6000000238
18861  -34.416  -51.860  0.206 0.6000000238
103643  -34.724  -52.641  0.066 0.6000000238
17363  -34.994  -53.308  -0.101 0.6000000238
110602  -35.324  -54.491  -1.496 0.4000000060
99959  -29.664  -50.114  4.410 0.6000000238
19667  -30.320  -50.024  4.494 0.6000000238
106596  -30.960  -49.921  4.517 0.5000000000
20453  -32.912  -49.631  3.541 0.6000000238
21264  -33.148  -49.002  2.909 0.5000000000
20465  -33.310  -49.701  2.277 0.5000000000
20487  -33.212  -49.843  0.558 0.6000000238
20486  -32.578  -49.312  0.219 0.5000000000
19696  -33.637  -50.518  0.998 0.6000000238
20499  -32.183  -49.591  -0.498 0.4000000060
19703  -33.755  -50.457  0.083 0.6999999881
19714  -32.607  -50.252  -0.938 0.4000000060
19715  -33.436  -50.648  -0.702 0.5000000000
18870  -34.092  -51.190  -0.386 0.6000000238
19728  -32.932  -50.785  -1.389 0.5000000000
18881  -33.547  -51.415  -1.421 0.6000000238
18083  -34.758  -52.865  -0.713 0.6000000238
16677  -34.793  -54.129  -2.329 0.5000000000
18871  -34.402  -52.112  -0.849 0.6000000238
104785  -34.494  -52.811  -1.552 0.6000000238
112975  -35.297  -53.978  -0.984 0.6000000238
20440  -29.846  -49.454  4.316 0.5000000000
20442  -31.442  -49.405  4.345 0.5000000000
21238  -31.896  -48.747  4.086 0.5000000000
21252  -32.587  -48.803  3.570 0.4000000060
21274  -32.608  -48.356  1.506 0.4000000060
21275  -33.064  -49.025  1.951 0.5000000000
21288  -32.802  -49.165  1.042 0.5000000000
21287  -32.216  -48.574  0.644 0.5000000000
21310  -30.296  -48.863  -1.228 0.4000000060
20498  -31.239  -49.227  -0.822 0.4000000060
20510  -31.719  -49.904  -1.285 0.5000000000
19726  -31.420  -50.238  -2.126 0.5000000000
19727  -32.214  -50.493  -1.769 0.5000000000
18880  -32.600  -51.166  -2.133 0.5000000000
18098  -34.065  -52.877  -2.398 0.5000000000
17378  -34.544  -53.433  -2.190 0.5000000000
18091  -33.884  -52.253  -1.959 0.6000000238
21304  -31.866  -48.834  -0.140 0.5000000000
21303  -31.103  -48.350  -0.529 0.5000000000
20509  -30.671  -49.669  -1.869 0.4000000060
18097  -33.262  -52.687  -2.860 0.5000000000
17381  -33.602  -53.492  -3.218 0.3000000119
19738  -29.935  -49.814  -2.701 0.5000000000
18890  -32.976  -51.913  -2.472 0.5000000000
22140  -30.162  -48.130  -0.928 0.4000000060
21308  -28.776  -48.323  -2.258 0.4000000060
20508  -29.698  -49.236  -2.177 0.4000000060
20515  -28.899  -48.983  -2.494 0.4000000060
20516  -29.328  -49.507  -2.903 0.5000000000
111379  -31.634  -53.026  -4.200 0.4000000060
18105  -32.432  -53.365  -3.697 0.4000000060
19740  -31.695  -50.839  -2.672 0.5000000000
18096  -32.266  -52.484  -3.338 0.5000000000
19739  -30.631  -50.449  -2.934 0.5000000000
18888  -31.085  -51.385  -3.663 0.5000000000
18889  -32.028  -51.634  -3.061 0.5000000000
22151  -28.420  -48.014  -2.737 0.4000000060
20521  -28.867  -49.098  -3.070 0.4000000060
18897  -31.217  -52.214  -4.313 0.4000000060
19750  -30.003  -50.037  -3.272 0.5000000000
19751  -30.679  -50.771  -3.711 0.5000000000
21314  -28.412  -48.198  -3.042 0.4000000060
99797  -30.963  -51.529  -4.194 0.4000000060
22164  -28.526  -47.482  -3.554 0.4000000060
20537  -30.641  -49.998  -4.107 0.3000000119
19766  -30.928  -51.088  -4.171 0.3000000119
21327  -28.645  -48.572  -3.261 0.4000000060
19765  -30.346  -50.168  -3.585 0.5000000000
116053  -29.201  -48.647  -3.724 0.4000000060
20522  -29.575  -49.512  -3.280 0.5000000000
20536  -29.888  -49.559  -3.528 0.5000000000
22962  -28.486  -46.743  -4.002 0.4000000060
102519  -31.472  -50.677  -4.521 0.3000000119
22172  -28.602  -47.689  -3.706 0.4000000060
98468  -29.920  -48.951  -3.780 0.4000000060
22173  -28.767  -47.539  -4.079 0.4000000060
107197  -28.377  -45.687  -4.458 0.5000000000
98792  -31.035  -48.984  -4.449 0.3000000119
99209  -32.396  -48.753  -4.590 0.4000000060
20538  -31.857  -49.675  -4.491 0.4000000060
22971  -28.825  -46.551  -4.360 0.4000000060
98814  -30.399  -48.102  -4.281 0.5000000000
22972  -29.858  -46.386  -4.626 0.5000000000
99653  -29.321  -48.213  -4.026 0.5000000000
22174  -29.633  -47.324  -4.346 0.5000000000
22175  -30.796  -47.147  -4.589 0.4000000060
99234  -31.991  -47.005  -4.789 0.4000000060
98600  -31.622  -47.968  -4.569 0.4000000060
105548  -28.978  -45.788  -4.671 0.5000000000
22981  -32.152  -46.148  -5.134 0.4000000060
22982  -33.301  -46.200  -5.370 0.3000000119
24365  -28.751  -44.615  -5.346 0.5000000000
23679  -32.205  -45.393  -5.418 0.4000000060
22974  -33.159  -46.953  -5.076 0.4000000060
22975  -34.188  -47.015  -5.543 0.3000000119
23669  -28.601  -45.119  -5.032 0.5000000000
22973  -31.000  -46.195  -4.818 0.5000000000
23677  -29.701  -44.853  -5.328 0.5000000000
23680  -33.431  -45.512  -5.550 0.4000000060
106789  -29.336  -43.202  -5.525 0.5000000000
109205  -34.369  -46.447  -5.742 0.3000000119
24373  -29.781  -44.088  -5.490 0.5000000000
24374  -30.997  -44.705  -5.547 0.5000000000
23678  -30.997  -45.417  -5.250 0.5000000000
23670  -29.857  -45.557  -4.941 0.5000000000
24376  -33.601  -44.773  -5.654 0.4000000060
25963  -29.966  -42.434  -5.636 0.5000000000
106823  -31.856  -43.078  -5.586 0.5000000000
24377  -34.718  -45.022  -5.901 0.3000000119
102151  -34.532  -45.865  -5.894 0.3000000119
106846  -30.548  -43.168  -5.653 0.5000000000
15164  -33.782  -56.773  1.671 0.6000000238
106067  -32.589  -55.095  3.531 0.6000000238
17371  -34.983  -53.404  -1.074 0.6000000238
20500  -33.068  -49.964  -0.227 0.4000000060
21309  -29.500  -48.567  -1.780 0.4000000060
22176  -32.889  -47.830  -4.813 0.3000000119
25192  -31.320  -43.911  -5.616 0.5000000000
9611  -32.028  -65.444  6.432 0.5000000000
9613  -33.737  -64.920  6.037 0.5000000000
9612  -32.863  -65.223  6.293 0.5000000000
10190  -35.782  -63.915  5.257 0.5000000000
10189  -35.368  -64.663  5.533 0.5000000000
99871  -34.642  -64.875  5.709 0.4000000060
106857  -31.791  -64.079  6.537 0.5000000000
112167  -33.537  -64.121  5.984 0.6000000238
10187  -32.990  -64.389  6.245 0.6000000238
108848  -34.929  -64.031  5.527 0.5000000000
10188  -34.158  -64.142  5.735 0.5000000000
10750  -36.613  -63.274  3.691 0.4000000060
11317  -29.276  -62.386  5.997 0.6999999881
10714  -29.764  -63.235  6.277 0.6999999881
10716  -31.661  -63.098  6.468 0.6999999881
10718  -33.077  -63.621  6.054 0.5000000000
11297  -32.587  -63.000  6.132 0.6999999881
10742  -35.478  -63.127  4.673 0.5000000000
10734  -35.066  -63.401  5.167 0.5000000000
10733  -34.383  -63.405  5.364 0.5000000000
11944  -36.034  -61.892  2.967 0.5000000000
11335  -35.894  -62.876  3.972 0.5000000000
105155  -27.956  -61.771  4.282 0.5000000000
11332  -28.255  -62.328  4.838 0.6999999881
11912  -29.251  -61.526  5.927 0.6999999881
112245  -28.670  -62.607  5.523 0.6999999881
11893  -29.751  -61.848  6.228 0.6999999881
10715  -30.629  -63.197  6.519 0.6000000238
101370  -33.467  -62.348  5.431 0.6999999881
98864  -32.910  -62.194  5.918 0.6000000238
11334  -35.134  -62.473  4.175 0.5000000000
11333  -34.437  -62.052  4.312 0.6000000238
11914  -33.886  -62.138  4.840 0.6000000238
11345  -35.577  -62.227  3.550 0.5000000000
11953  -35.786  -60.841  1.929 0.5000000000
112259  -28.206  -60.917  4.890 0.5000000000
11911  -28.742  -61.004  5.463 0.6999999881
11894  -30.394  -61.711  6.409 0.6999999881
12512  -30.666  -60.858  6.520 0.6999999881
98004  -29.837  -60.358  6.372 0.6999999881
11896  -32.359  -61.555  6.243 0.8000000119
12514  -32.163  -60.680  6.236 0.6999999881
11925  -33.754  -61.341  4.705 0.6000000238
11913  -33.342  -61.617  5.448 0.6999999881
11942  -34.689  -60.955  3.325 0.6999999881
11926  -34.212  -61.242  4.031 0.6000000238
114416  -35.751  -61.280  2.589 0.6000000238
11943  -35.365  -61.469  3.165 0.6000000238
12583  -35.027  -60.302  1.602 0.6000000238
12554  -27.396  -60.578  3.969 0.5000000000
13156  -27.565  -59.692  5.196 0.6000000238
12543  -27.768  -60.481  4.685 0.5000000000
13157  -28.247  -59.653  5.726 0.6000000238
12530  -28.942  -60.105  5.985 0.6000000238
115760  -29.317  -60.838  6.025 0.6999999881
98818  -30.558  -59.755  6.575 0.6999999881
13799  -30.139  -58.849  6.500 0.6000000238
103724  -31.550  -61.150  6.488 0.6999999881
13158  -31.827  -59.098  6.006 0.6999999881
12515  -32.887  -61.042  5.891 0.6999999881
99448  -34.451  -60.270  2.867 0.6999999881
12569  -35.123  -60.630  2.552 0.6999999881
12568  -34.365  -59.873  2.062 0.6999999881
13173  -26.958  -59.385  4.643 0.5000000000
98734  -27.767  -58.993  5.748 0.6000000238
13143  -28.638  -59.065  6.222 0.6000000238
13144  -29.573  -59.471  6.441 0.6000000238
13159  -32.532  -59.422  5.503 0.8000000119
13817  -32.237  -58.648  5.238 0.5000000000
13816  -31.480  -58.357  5.717 0.6000000238
13160  -33.104  -59.889  4.926 0.6999999881
13831  -32.734  -58.892  3.735 0.6999999881
117560  -33.800  -59.448  2.122 0.6999999881
13191  -33.378  -59.219  2.659 0.6999999881
12582  -34.294  -59.897  1.047 0.5000000000
109610  -34.213  -59.650  0.762 0.5000000000
13189  -26.675  -59.087  3.839 0.5000000000
14426  -26.936  -58.011  5.229 0.5000000000
116205  -28.241  -56.712  5.641 0.6000000238
13813  -27.443  -58.349  5.539 0.6000000238
14428  -28.300  -57.345  5.798 0.6000000238
14429  -29.194  -57.358  5.937 0.6000000238
99819  -29.932  -56.174  5.377 0.6000000238
14412  -29.774  -58.008  6.187 0.6000000238
15132  -30.387  -56.838  5.453 0.6000000238
13842  -32.411  -58.225  3.459 0.6000000238
107783  -32.001  -57.758  3.984 0.5000000000
15133  -31.054  -56.678  4.910 0.5000000000
13843  -32.864  -58.695  3.011 0.6000000238
14449  -32.667  -57.953  2.771 0.6000000238
13205  -33.621  -59.025  1.904 0.6000000238
13855  -33.204  -58.517  2.371 0.6000000238
14439  -26.559  -57.483  4.528 0.5000000000
15129  -27.601  -56.623  5.417 0.6000000238
15847  -29.158  -55.948  5.459 0.6000000238
14440  -31.557  -57.238  4.554 0.5000000000
15857  -31.546  -55.751  4.267 0.5000000000
109791  -32.952  -57.329  2.445 0.4000000060
15156  -32.865  -56.647  2.788 0.5000000000
15148  -32.298  -56.673  3.355 0.5000000000
13865  -33.603  -58.271  1.725 0.6000000238
15147  -26.578  -56.732  3.934 0.5000000000
15139  -27.322  -55.898  5.052 0.6000000238
15845  -27.843  -55.722  5.243 0.6000000238
15130  -28.342  -56.189  5.479 0.6000000238
103481  -33.862  -55.972  2.095 0.5000000000
15875  -33.344  -55.908  2.661 0.4000000060
15864  -26.896  -55.936  3.710 0.5000000000
15856  -27.241  -55.517  4.413 0.5000000000
16610  -28.006  -54.945  5.083 0.6000000238
16612  -29.480  -54.286  5.419 0.6000000238
15873  -27.119  -55.634  2.781 0.5000000000
16624  -27.658  -54.610  4.317 0.5000000000
16625  -28.146  -54.178  4.892 0.6000000238
16611  -28.644  -54.585  5.280 0.6000000238
15874  -27.281  -55.254  2.282 0.5000000000
15865  -27.405  -55.060  3.303 0.5000000000
117135  -27.935  -53.975  4.394 0.5000000000
17332  -28.199  -53.394  4.540 0.6000000238
17315  -28.752  -53.721  5.182 0.6000000238
16645  -27.343  -54.691  2.680 0.5000000000
17340  -27.729  -53.742  3.747 0.5000000000
17350  -27.340  -53.895  2.895 0.5000000000
98920  -28.843  -52.853  4.967 0.5000000000
108781  -27.483  -53.190  3.259 0.5000000000
112561  -28.370  -52.606  4.434 0.5000000000
17349  -26.693  -53.709  2.491 0.5000000000
18065  -27.075  -53.005  2.851 0.5000000000
18054  -27.872  -52.865  3.835 0.5000000000
111857  -28.834  -52.066  4.621 0.4000000060
18052  -26.721  -52.056  2.974 0.5000000000
18053  -27.421  -52.404  3.349 0.5000000000
102252  -28.051  -51.934  4.021 0.4000000060
18828  -28.680  -51.377  4.392 0.4000000060
18837  -27.338  -51.378  3.434 0.4000000060
18838  -28.135  -50.968  3.974 0.4000000060
13879  -34.084  -58.332  1.025 0.5000000000
13880  -34.232  -59.175  0.574 0.4000000060
14431  -31.102  -57.512  5.382 0.6000000238
19666  -29.044  -50.618  4.377 0.4000000060
20439  -29.106  -49.754  4.179 0.4000000060
108492  -30.911  -62.336  6.492 0.6999999881
12531  -32.731  -60.248  5.693 0.6999999881
12556  -34.052  -60.401  3.445 0.6999999881
12544  -33.574  -60.445  4.236 0.6999999881
13829  -31.804  -57.968  4.848 0.6000000238
13815  -30.653  -58.186  6.076 0.6000000238
13215  -34.039  -59.443  1.479 0.6999999881
13175  -32.765  -59.095  4.639 0.6999999881
111298  -33.088  -59.240  3.317 0.6999999881
13866  -33.993  -59.072  1.292 0.6000000238
8954  -33.460  -65.864  5.982 0.5000000000
9610  -31.199  -65.585  6.449 0.5000000000
9624  -34.342  -65.752  5.795 0.4000000060
9625  -35.308  -65.607  5.542 0.5000000000
10177  -31.514  -64.795  6.578 0.5000000000
10178  -32.275  -64.630  6.461 0.6000000238
10717  -32.400  -63.802  6.359 0.6999999881
10732  -33.699  -63.509  5.674 0.5000000000
11296  -30.100  -62.443  6.359 0.6999999881
11298  -33.248  -62.928  5.704 0.5000000000
11316  -28.725  -61.885  5.446 0.6999999881
11318  -33.854  -62.857  5.250 0.6000000238
11319  -34.583  -62.774  4.787 0.6000000238
11346  -36.305  -62.591  3.327 0.4000000060
11895  -31.638  -62.008  6.454 0.6999999881
11924  -28.310  -61.515  4.849 0.5000000000
11927  -34.862  -61.797  3.733 0.6999999881
11954  -36.359  -61.484  2.264 0.5000000000
12511  -29.855  -61.195  6.288 0.6999999881
12513  -31.358  -60.307  6.502 0.6999999881
12529  -28.245  -60.334  5.332 0.5000000000
12532  -33.321  -60.743  5.224 0.6999999881
12555  -33.491  -59.774  3.378 0.6999999881
13145  -31.338  -59.590  6.441 0.6999999881
13146  -31.996  -59.880  6.108 0.8000000119
13155  -27.081  -58.848  5.291 0.6000000238
13174  -27.347  -60.034  4.465 0.5000000000
13192  -33.898  -59.792  2.747 0.6999999881
13798  -29.371  -58.727  6.388 0.6000000238
13800  -31.016  -58.945  6.430 0.6999999881
13814  -28.059  -58.267  5.869 0.6000000238
13828  -26.622  -58.525  4.682 0.5000000000
13830  -32.328  -58.417  4.277 0.5000000000
14411  -28.868  -58.149  6.116 0.6000000238
14427  -27.517  -57.632  5.526 0.6000000238
14430  -30.379  -57.553  5.822 0.6000000238
14441  -31.855  -57.046  3.862 0.5000000000
14447  -26.495  -57.379  3.526 0.5000000000
14448  -32.232  -57.535  3.345 0.5000000000
14457  -32.535  -57.262  2.901 0.4000000060
14458  -33.160  -57.907  2.237 0.6000000238
14469  -33.856  -57.515  1.350 0.6000000238
15128  -26.998  -57.225  5.184 0.6000000238
15131  -29.566  -56.710  5.654 0.6000000238
15140  -31.461  -56.514  4.306 0.5000000000
15154  -26.771  -56.517  2.933 0.5000000000
15173  -34.652  -56.637  0.495 0.6000000238
15846  -28.502  -55.406  5.357 0.6000000238
15855  -26.854  -56.433  4.715 0.6000000238
15858  -32.172  -55.822  3.724 0.6000000238
15867  -33.156  -55.071  2.968 0.5000000000
15884  -34.245  -56.066  1.473 0.6000000238
15904  -35.557  -55.098  -0.958 0.4000000060
16627  -32.421  -54.394  3.948 0.6000000238
16635  -27.526  -54.383  3.357 0.5000000000
17317  -30.100  -53.678  5.420 0.6999999881
17333  -31.495  -53.585  4.861 0.6000000238
17341  -32.591  -53.102  4.048 0.6000000238
18898  -31.485  -52.221  -3.763 0.5000000000
20535  -29.135  -49.004  -3.476 0.4000000060
21315  -28.534  -48.577  -2.820 0.4000000060
21326  -28.507  -48.041  -3.382 0.4000000060
22150  -28.436  -47.729  -3.159 0.4000000060
98096  -29.875  -57.282  5.847 0.6000000238
100436  -29.659  -52.306  4.987 0.5000000000
102394  -32.252  -62.363  6.304 0.8000000119
102701  -30.567  -56.053  5.062 0.6000000238
103608  -33.111  -59.576  3.991 0.6999999881
105444  -28.791  -48.306  -3.699 0.4000000060
108628  -28.792  -56.705  5.704 0.6000000238
109032  -32.923  -50.997  3.764 0.5000000000
109890  -29.123  -55.096  5.421 0.6000000238
110662  -27.586  -55.337  4.878 0.6000000238
111607  -31.043  -61.605  6.509 0.6999999881
115890  -32.898  -61.590  5.907 0.6999999881
116214  -34.083  -61.711  4.468 0.6000000238
116384  -34.396  -53.701  1.430 0.6000000238
116455  -31.515  -54.995  4.588 0.6000000238
117106  -35.023  -53.821  -1.607 0.6000000238
