#!ascii label  , from subject sub-027S6002 vox2ras=TkReg
1205
4696  -35.511  -73.553  -9.530 0.5000000000
5173  -34.930  -72.495  -9.448 0.6000000238
105582  -38.258  -74.521  -3.351 0.3000000119
99737  -32.739  -72.178  -9.238 0.5000000000
4664  -39.391  -74.274  -5.823 0.4000000060
4654  -39.496  -74.301  -4.751 0.4000000060
4646  -40.148  -74.167  -4.061 0.4000000060
4645  -39.114  -74.213  -3.731 0.3000000119
4665  -40.613  -74.170  -5.728 0.4000000060
102140  -35.898  -71.149  -8.320 0.5000000000
6323  -36.414  -71.335  -8.872 0.5000000000
5750  -35.668  -72.504  -9.525 0.5000000000
5726  -35.206  -71.519  -7.414 0.6000000238
6312  -34.911  -71.074  -8.397 0.5000000000
5744  -34.258  -71.787  -9.267 0.6000000238
4634  -38.089  -74.668  -2.604 0.3000000119
6320  -33.547  -71.434  -8.938 0.5000000000
5154  -39.864  -73.396  -7.441 0.5000000000
4674  -39.174  -74.097  -6.729 0.5000000000
4635  -38.954  -74.062  -2.893 0.3000000119
6311  -34.135  -71.186  -8.539 0.6000000238
5743  -33.296  -71.856  -9.287 0.5000000000
4675  -40.292  -73.804  -6.655 0.5000000000
4655  -40.948  -74.271  -4.784 0.4000000060
5118  -39.996  -73.861  -3.397 0.3000000119
5155  -40.997  -73.161  -7.379 0.4000000060
5147  -41.834  -73.865  -5.682 0.4000000060
5712  -37.958  -72.273  -5.707 0.6999999881
5728  -37.676  -71.910  -6.636 0.6999999881
6300  -37.387  -71.433  -7.544 0.6999999881
5174  -36.125  -73.245  -9.534 0.5000000000
111893  -36.695  -72.934  -4.772 0.6999999881
5711  -36.913  -72.653  -5.806 0.6999999881
117672  -36.850  -72.043  -6.757 0.8000000119
5727  -36.383  -71.544  -7.517 0.5000000000
5169  -36.971  -73.353  -9.168 0.5000000000
5710  -35.915  -72.501  -6.427 0.6999999881
5170  -38.689  -72.653  -8.592 0.4000000060
5160  -39.358  -73.000  -8.127 0.5000000000
5100  -38.860  -73.819  -2.090 0.3000000119
5725  -34.235  -71.713  -6.832 0.6000000238
6299  -34.231  -71.167  -7.820 0.5000000000
5161  -40.428  -72.609  -7.946 0.5000000000
5731  -42.521  -72.356  -7.026 0.4000000060
5156  -41.878  -72.886  -7.208 0.4000000060
4656  -42.073  -74.035  -4.845 0.4000000060
5119  -41.200  -74.014  -3.958 0.4000000060
5148  -43.282  -72.691  -6.181 0.3000000119
111301  -42.608  -73.049  -6.476 0.4000000060
5664  -37.443  -72.595  -2.520 0.5000000000
5679  -37.090  -72.962  -3.036 0.6000000238
5680  -37.720  -72.668  -3.209 0.6000000238
5696  -38.288  -72.379  -4.739 0.6000000238
6226  -37.305  -71.214  -1.467 0.5000000000
5646  -36.615  -72.253  -1.342 0.5000000000
5663  -36.684  -72.916  -2.324 0.6000000238
104559  -37.041  -72.929  -3.894 0.6999999881
6313  -36.943  -71.193  -8.346 0.6000000238
112994  -37.592  -74.709  -0.140 0.3000000119
101059  -35.367  -72.214  -0.547 0.6999999881
5645  -35.770  -72.812  -1.002 0.6000000238
5087  -35.943  -73.268  -1.690 0.6000000238
5117  -36.459  -73.348  -3.250 0.6999999881
5134  -36.198  -73.273  -4.185 0.6999999881
6315  -38.995  -71.269  -8.259 0.6000000238
6325  -38.484  -71.628  -8.599 0.6000000238
97455  -37.946  -72.413  -8.922 0.5000000000
101322  -34.948  -71.615  -0.302 0.6999999881
5072  -34.999  -73.123  -0.849 0.6000000238
117659  -35.358  -73.454  -1.317 0.6000000238
5099  -35.844  -73.545  -2.560 0.6000000238
5116  -35.624  -73.579  -3.499 0.6999999881
5694  -34.433  -73.200  -4.769 0.6999999881
5088  -38.656  -73.495  -1.267 0.3000000119
5602  -34.387  -71.603  0.236 0.6999999881
5623  -34.606  -72.506  -0.356 0.6000000238
5071  -34.089  -73.315  -0.773 0.6999999881
5098  -35.044  -73.822  -2.772 0.6000000238
99124  -34.179  -73.735  -2.982 0.6000000238
97333  -34.950  -72.354  -6.417 0.6999999881
5749  -39.412  -71.627  -8.411 0.5000000000
115419  -40.130  -71.723  -8.278 0.5000000000
5097  -33.581  -73.690  -2.285 0.6000000238
5708  -33.049  -71.925  -5.684 0.6000000238
115159  -33.502  -71.709  -6.378 0.6000000238
6317  -40.708  -71.720  -7.915 0.5000000000
5101  -39.862  -73.336  -2.623 0.3000000119
105818  -32.967  -72.774  0.080 0.6999999881
5622  -33.319  -73.146  -0.513 0.6000000238
5084  -33.857  -73.684  -1.482 0.6000000238
5113  -32.801  -73.342  -2.570 0.6000000238
5114  -33.270  -73.318  -3.182 0.5000000000
5678  -32.882  -72.756  -4.073 0.5000000000
5707  -32.292  -71.773  -5.808 0.5000000000
6290  -32.803  -71.478  -6.554 0.5000000000
6318  -41.607  -72.023  -7.472 0.5000000000
5717  -44.014  -72.122  -6.090 0.3000000119
5149  -43.616  -72.477  -6.080 0.3000000119
5136  -43.243  -73.170  -5.504 0.3000000119
109652  -42.741  -73.711  -4.951 0.4000000060
5120  -42.312  -73.859  -4.215 0.4000000060
6293  -43.937  -72.090  -6.323 0.3000000119
5716  -43.723  -72.227  -6.473 0.3000000119
5135  -42.739  -73.511  -5.607 0.4000000060
6790  -37.031  -70.047  -1.937 0.5000000000
6228  -38.662  -70.782  -1.806 0.5000000000
6243  -38.809  -71.508  -1.963 0.5000000000
6788  -35.963  -69.320  -1.959 0.5000000000
6789  -36.267  -70.131  -1.744 0.5000000000
117808  -36.800  -70.649  -1.502 0.5000000000
5647  -37.476  -72.160  -1.782 0.5000000000
5665  -38.256  -72.196  -2.350 0.5000000000
5681  -39.552  -72.006  -3.685 0.6000000238
5697  -39.174  -72.135  -4.675 0.6000000238
6211  -35.486  -70.961  -0.695 0.5000000000
5713  -38.928  -72.037  -5.692 0.6000000238
5729  -38.660  -71.646  -6.657 0.8000000119
4600  -37.244  -74.061  0.551 0.3000000119
6776  -35.110  -69.770  -1.002 0.6000000238
6210  -34.820  -70.672  -0.314 0.6000000238
6212  -36.013  -70.783  -1.170 0.6000000238
5714  -39.853  -71.779  -5.671 0.4000000060
5050  -37.545  -73.020  0.763 0.3000000119
6302  -39.387  -71.158  -7.654 0.5000000000
6301  -38.384  -71.297  -7.592 0.6000000238
5073  -38.455  -73.134  -0.474 0.3000000119
6202  -33.794  -70.927  0.889 0.6999999881
6291  -40.653  -71.377  -6.734 0.4000000060
5074  -39.140  -72.614  -0.901 0.3000000119
5601  -33.526  -72.045  0.636 0.6000000238
6303  -40.326  -71.248  -7.610 0.4000000060
5102  -40.920  -72.941  -2.727 0.3000000119
5577  -32.058  -72.091  1.315 0.6000000238
5600  -32.719  -72.318  0.752 0.6999999881
5070  -33.319  -73.481  -0.994 0.6000000238
5662  -31.994  -73.006  -2.517 0.5000000000
5677  -32.381  -72.862  -3.329 0.5000000000
5692  -32.532  -72.257  -4.974 0.6000000238
103316  -41.728  -71.572  -6.588 0.4000000060
6304  -41.235  -71.609  -7.384 0.4000000060
115157  -44.759  -71.691  -5.009 0.3000000119
6280  -44.330  -71.891  -5.559 0.3000000119
5701  -44.761  -71.674  -4.937 0.3000000119
5700  -44.414  -72.113  -5.279 0.3000000119
5122  -43.806  -72.759  -4.721 0.4000000060
112498  -40.740  -73.534  -3.234 0.3000000119
5621  -31.366  -72.882  -0.737 0.6000000238
5643  -30.925  -72.709  -1.703 0.5000000000
5661  -31.240  -72.720  -2.501 0.5000000000
5676  -31.589  -72.693  -3.417 0.5000000000
100994  -31.641  -72.398  -5.003 0.5000000000
5705  -31.416  -72.298  -5.876 0.5000000000
6305  -42.356  -71.945  -7.029 0.3000000119
5644  -31.740  -73.064  -1.607 0.5000000000
5675  -31.159  -72.746  -3.039 0.5000000000
5131  -30.962  -72.998  -4.021 0.5000000000
100990  -30.499  -73.614  -3.695 0.5000000000
7809  -37.173  -68.920  -1.987 0.5000000000
7259  -37.054  -69.277  -2.143 0.5000000000
116546  -38.307  -70.122  -2.126 0.5000000000
6799  -38.812  -69.775  -2.415 0.5000000000
6244  -39.532  -71.051  -2.131 0.5000000000
7246  -35.460  -69.074  -1.456 0.5000000000
6261  -40.034  -71.570  -2.872 0.4000000060
6777  -35.666  -69.957  -1.495 0.5000000000
4588  -36.847  -74.667  1.231 0.3000000119
5036  -36.923  -73.510  1.292 0.3000000119
6763  -34.449  -69.459  -0.541 0.6000000238
5682  -40.395  -71.756  -3.824 0.4000000060
5698  -40.041  -71.905  -4.684 0.4000000060
6762  -33.952  -69.881  0.237 0.6000000238
6203  -34.339  -70.541  0.177 0.6000000238
4612  -37.884  -73.577  0.037 0.3000000119
5051  -38.364  -72.697  0.371 0.3000000119
6186  -33.131  -70.790  1.325 0.6000000238
5715  -40.774  -71.617  -5.598 0.4000000060
109730  -32.645  -70.171  1.371 0.6000000238
97710  -41.712  -71.534  -5.298 0.4000000060
5089  -39.425  -72.861  -1.791 0.3000000119
6185  -32.445  -71.149  1.616 0.6999999881
6292  -43.041  -71.741  -6.328 0.3000000119
6279  -43.895  -71.606  -5.532 0.3000000119
7260  -37.721  -69.126  -2.318 0.5000000000
6798  -37.852  -69.555  -2.293 0.5000000000
7272  -38.412  -69.201  -2.535 0.5000000000
7274  -40.174  -69.256  -3.130 0.4000000060
7247  -35.957  -68.824  -1.823 0.5000000000
6800  -39.976  -70.194  -2.503 0.4000000060
6245  -40.544  -71.069  -2.585 0.4000000060
7791  -36.530  -68.605  -1.494 0.6000000238
6246  -41.323  -71.093  -2.898 0.4000000060
6262  -40.911  -71.416  -3.135 0.4000000060
5579  -38.086  -72.505  1.110 0.3000000119
5578  -37.397  -72.696  1.605 0.3000000119
6748  -33.359  -69.915  0.778 0.6000000238
6277  -41.340  -71.601  -4.046 0.4000000060
5699  -40.790  -71.709  -4.665 0.4000000060
6264  -43.046  -71.158  -4.080 0.4000000060
6278  -42.547  -71.397  -4.643 0.3000000119
6265  -44.110  -71.359  -5.017 0.3000000119
6184  -31.561  -71.399  1.788 0.6000000238
7810  -38.108  -68.846  -2.178 0.5000000000
7828  -38.799  -69.140  -2.571 0.5000000000
102656  -39.496  -68.765  -2.682 0.4000000060
7273  -39.346  -69.205  -2.824 0.4000000060
7792  -37.537  -68.572  -1.409 0.5000000000
7790  -35.786  -68.607  -1.215 0.6000000238
100088  -36.269  -68.413  -0.564 0.6000000238
104784  -37.156  -68.395  -0.578 0.6000000238
7275  -40.792  -69.093  -3.552 0.4000000060
7245  -34.897  -68.959  -1.028 0.6000000238
112544  -35.551  -68.392  -0.576 0.6000000238
6808  -41.734  -69.931  -3.111 0.4000000060
6247  -42.102  -70.882  -3.189 0.4000000060
7234  -33.706  -68.698  -0.140 0.6000000238
6263  -41.849  -71.241  -3.434 0.4000000060
6809  -43.382  -70.773  -3.925 0.4000000060
100091  -43.614  -69.961  -3.715 0.4000000060
5625  -38.925  -72.518  -0.147 0.3000000119
5603  -39.117  -72.295  0.552 0.3000000119
5648  -40.208  -72.193  -1.243 0.3000000119
6747  -31.848  -70.500  1.761 0.6000000238
110543  -31.412  -69.144  1.307 0.6999999881
7771  -32.444  -67.428  0.445 0.6999999881
103009  -31.255  -69.921  1.748 0.6000000238
7749  -31.155  -68.424  0.970 0.6999999881
7770  -31.624  -67.350  0.594 0.6999999881
7748  -30.479  -68.825  0.976 0.6000000238
8416  -32.868  -67.085  0.490 0.6999999881
8392  -32.521  -66.706  0.880 0.6000000238
7769  -30.802  -67.581  0.544 0.6999999881
8415  -32.025  -66.763  0.734 0.6999999881
7811  -38.847  -68.670  -2.165 0.5000000000
116746  -39.891  -68.411  -2.306 0.5000000000
115265  -37.976  -68.635  -0.545 0.5000000000
7793  -39.384  -68.622  -0.560 0.5000000000
100145  -38.564  -68.548  -1.286 0.5000000000
117791  -40.756  -68.190  -2.312 0.5000000000
112637  -40.311  -68.406  -2.846 0.4000000060
7829  -40.149  -68.932  -3.214 0.4000000060
7773  -36.909  -68.504  0.388 0.6000000238
7774  -37.859  -68.876  0.435 0.6000000238
7775  -38.818  -68.914  0.215 0.6000000238
7235  -34.527  -68.431  -0.583 0.6000000238
7755  -38.520  -68.944  1.385 0.6000000238
7287  -41.735  -68.709  -3.751 0.4000000060
99271  -34.900  -68.000  -0.215 0.6000000238
97409  -35.901  -68.356  0.320 0.6000000238
7753  -36.666  -68.787  1.396 0.6000000238
7754  -37.580  -68.987  1.435 0.6000000238
109088  -42.518  -69.654  -3.461 0.4000000060
7844  -44.301  -67.794  -4.364 0.4000000060
7772  -33.953  -67.663  -0.115 0.6000000238
7752  -35.273  -67.967  0.812 0.6000000238
114685  -35.956  -68.616  1.444 0.6000000238
7735  -36.449  -68.856  2.454 0.6000000238
7722  -37.322  -68.585  3.048 0.6000000238
7302  -43.612  -68.744  -4.062 0.4000000060
7220  -32.719  -68.865  0.526 0.6000000238
7751  -34.458  -67.574  0.471 0.5000000000
104924  -34.805  -67.952  1.633 0.6000000238
7734  -35.550  -68.602  2.114 0.6000000238
7721  -36.544  -68.480  3.473 0.6000000238
8355  -37.202  -68.089  3.788 0.6999999881
7233  -33.116  -67.718  0.154 0.6000000238
106368  -34.221  -67.474  1.216 0.6000000238
8337  -37.695  -67.494  4.020 0.6000000238
9639  -38.126  -66.048  3.915 0.6000000238
7720  -34.999  -68.522  3.035 0.6000000238
7714  -35.767  -68.327  3.971 0.6000000238
100881  -36.946  -67.528  4.388 0.6000000238
9001  -37.446  -66.617  4.421 0.6000000238
8393  -33.220  -66.993  0.698 0.6000000238
7733  -34.174  -67.919  2.386 0.6000000238
7713  -34.824  -68.120  4.059 0.5000000000
109011  -36.152  -67.709  4.592 0.6000000238
9000  -36.452  -66.788  4.861 0.6000000238
7718  -33.803  -67.961  3.267 0.5000000000
8391  -31.742  -66.453  1.007 0.6999999881
9044  -32.105  -66.802  1.723 0.5000000000
107004  -32.701  -67.368  2.485 0.6000000238
7712  -33.989  -67.966  4.059 0.5000000000
8334  -34.384  -67.599  4.752 0.5000000000
8354  -33.099  -67.740  3.575 0.6000000238
10260  -25.265  -64.545  -2.138 0.6000000238
10259  -24.670  -64.939  -1.162 0.6000000238
9706  -24.010  -65.521  -1.579 0.6000000238
99651  -39.496  -68.421  -1.682 0.5000000000
7794  -40.196  -68.585  -0.549 0.5000000000
7812  -40.417  -68.311  -1.699 0.5000000000
7813  -41.092  -68.133  -2.882 0.5000000000
7830  -40.938  -68.576  -3.443 0.4000000060
7756  -39.459  -68.771  1.278 0.5000000000
7738  -39.978  -68.305  1.996 0.5000000000
7831  -41.827  -68.065  -3.588 0.4000000060
8465  -42.833  -67.796  -3.827 0.4000000060
8475  -43.930  -67.418  -4.033 0.4000000060
8375  -38.902  -68.136  2.878 0.5000000000
7737  -39.124  -68.583  2.147 0.5000000000
7842  -42.568  -68.249  -3.954 0.4000000060
8356  -38.100  -68.113  3.433 0.6000000238
8357  -38.797  -67.488  3.387 0.6000000238
8338  -38.270  -67.388  3.750 0.6000000238
9023  -38.589  -66.771  3.687 0.5000000000
10201  -37.867  -65.138  3.829 0.4000000060
117340  -38.414  -65.394  3.473 0.4000000060
10219  -38.754  -64.269  2.761 0.4000000060
8977  -36.212  -65.806  5.210 0.6000000238
9637  -36.987  -65.817  4.798 0.6000000238
104078  -37.639  -64.329  3.698 0.5000000000
10208  -38.068  -63.884  3.124 0.4000000060
10209  -38.286  -64.664  3.303 0.4000000060
10759  -37.713  -63.231  2.756 0.4000000060
7768  -30.136  -68.419  0.174 0.6999999881
8999  -35.717  -67.252  4.937 0.6000000238
116297  -36.688  -65.130  5.042 0.5000000000
10751  -37.338  -63.594  3.408 0.4000000060
9043  -31.342  -66.471  1.549 0.6000000238
8333  -33.432  -67.580  4.647 0.5000000000
113065  -34.397  -67.065  5.320 0.5000000000
9626  -36.070  -64.889  5.395 0.5000000000
10743  -36.268  -63.542  4.472 0.5000000000
10744  -37.000  -63.954  4.125 0.4000000060
11347  -37.008  -62.924  3.045 0.4000000060
8353  -32.064  -67.301  3.191 0.6000000238
8975  -34.793  -66.498  5.494 0.5000000000
10811  -26.216  -64.142  -2.808 0.6999999881
10807  -25.999  -63.688  -1.631 0.6000000238
113705  -26.856  -63.030  -1.711 0.6999999881
101730  -25.269  -64.242  -1.190 0.6000000238
10808  -26.499  -63.130  -0.822 0.6000000238
9694  -24.063  -65.595  -0.644 0.6000000238
10792  -25.589  -63.756  -0.510 0.6000000238
10793  -26.246  -63.253  0.115 0.6000000238
10781  -26.860  -62.811  0.811 0.6000000238
11353  -27.398  -62.117  1.835 0.6000000238
9099  -23.503  -66.691  -0.818 0.5000000000
10240  -24.517  -64.976  0.749 0.6000000238
10241  -25.097  -64.145  1.079 0.6000000238
10780  -25.884  -63.366  0.966 0.6000000238
10769  -26.397  -63.117  1.612 0.6000000238
7795  -41.366  -68.227  -1.627 0.5000000000
8408  -23.893  -66.775  0.059 0.5000000000
116796  -23.929  -66.326  0.236 0.5000000000
10757  -25.662  -64.286  2.480 0.5000000000
10758  -26.164  -63.521  2.342 0.5000000000
7776  -39.861  -68.775  0.401 0.4000000060
7777  -40.784  -68.691  0.436 0.5000000000
7814  -41.937  -67.909  -2.467 0.5000000000
9085  -24.312  -67.089  0.796 0.5000000000
9668  -24.304  -65.790  1.389 0.5000000000
117742  -25.723  -64.724  3.041 0.5000000000
10218  -26.105  -64.062  3.026 0.5000000000
7758  -41.278  -68.355  1.215 0.5000000000
7832  -42.478  -67.740  -3.094 0.4000000060
8467  -44.301  -67.218  -2.932 0.4000000060
113746  -45.093  -66.807  -3.087 0.4000000060
8409  -24.820  -67.455  0.286 0.5000000000
8367  -24.933  -66.931  2.062 0.5000000000
9658  -25.158  -65.841  2.752 0.6000000238
9649  -26.224  -65.560  3.932 0.6000000238
116444  -26.262  -67.296  1.949 0.6000000238
8368  -25.724  -67.057  2.377 0.6000000238
9648  -25.690  -66.034  3.290 0.6999999881
8377  -40.289  -67.524  2.442 0.4000000060
9045  -39.988  -66.727  2.850 0.5000000000
8449  -28.431  -67.010  -2.383 0.6000000238
9650  -39.566  -65.987  3.035 0.5000000000
118312  -39.767  -65.355  2.670 0.4000000060
8450  -29.038  -67.128  -2.015 0.6000000238
10210  -38.988  -65.199  2.966 0.4000000060
7808  -29.438  -67.412  -1.328 0.6000000238
9102  -30.106  -66.526  -0.014 0.6000000238
9042  -30.664  -66.361  1.581 0.6000000238
8433  -30.435  -66.799  0.156 0.6999999881
8331  -31.559  -67.320  4.322 0.6000000238
8332  -32.480  -67.491  4.429 0.5000000000
8322  -33.712  -67.164  5.289 0.5000000000
11418  -27.384  -63.077  -2.568 0.6999999881
11404  -27.383  -62.643  -1.094 0.6999999881
11388  -27.867  -62.173  -0.558 0.6000000238
11374  -27.637  -62.268  0.398 0.6000000238
11975  -28.114  -61.585  -0.009 0.6000000238
11363  -27.442  -62.320  1.123 0.6000000238
11941  -27.405  -61.168  2.717 0.6999999881
98842  -27.367  -61.751  2.596 0.6000000238
11352  -26.794  -62.802  2.294 0.6000000238
7778  -41.623  -68.458  0.402 0.5000000000
106792  -41.950  -68.406  -0.439 0.5000000000
7796  -42.399  -68.253  -1.193 0.5000000000
11343  -26.914  -62.835  3.135 0.6000000238
11344  -27.316  -62.228  3.303 0.5000000000
108450  -42.678  -68.344  -0.354 0.5000000000
7815  -42.897  -67.901  -1.974 0.5000000000
8451  -43.922  -67.695  -1.597 0.4000000060
10198  -27.239  -64.882  4.872 0.6000000238
10207  -26.082  -64.720  3.610 0.6000000238
10749  -27.348  -63.009  3.868 0.5000000000
8395  -40.835  -68.003  1.859 0.5000000000
101497  -27.543  -66.955  -1.569 0.6000000238
102373  -27.626  -66.783  -0.714 0.4000000060
8388  -26.494  -67.322  1.187 0.6000000238
115853  -26.676  -66.651  3.365 0.6000000238
8994  -26.799  -65.983  4.365 0.6000000238
10740  -27.286  -63.901  4.567 0.6000000238
9046  -40.732  -66.685  2.382 0.4000000060
8378  -41.141  -67.293  2.052 0.4000000060
8412  -27.934  -66.648  -0.106 0.5000000000
105021  -27.497  -66.894  0.857 0.5000000000
8389  -27.073  -67.159  1.803 0.6000000238
100105  -26.655  -67.004  2.624 0.6999999881
8996  -27.919  -66.718  4.126 0.6000000238
8995  -27.528  -66.250  4.619 0.6000000238
9621  -27.870  -65.237  5.322 0.6000000238
9659  -40.311  -65.929  2.611 0.5000000000
8430  -28.543  -66.683  -1.391 0.6000000238
8390  -28.148  -66.717  1.559 0.6000000238
8369  -27.520  -66.991  2.393 0.6000000238
109184  -28.388  -66.508  4.823 0.6000000238
9622  -28.601  -65.542  5.632 0.6000000238
10186  -29.017  -64.920  6.032 0.6000000238
116466  -29.261  -66.336  0.083 0.5000000000
8413  -28.493  -66.497  0.439 0.6000000238
8350  -29.462  -66.922  3.400 0.6000000238
8997  -29.259  -66.768  4.963 0.6000000238
9623  -29.500  -65.778  5.951 0.6000000238
9101  -29.546  -66.549  -0.337 0.6000000238
9086  -29.930  -66.365  0.300 0.6000000238
9064  -29.299  -66.375  0.952 0.6000000238
8351  -30.340  -66.970  3.386 0.6000000238
8329  -29.765  -67.052  4.272 0.6000000238
8352  -31.161  -67.086  3.362 0.6000000238
8372  -31.500  -66.805  2.377 0.6000000238
8321  -32.838  -67.179  5.233 0.5000000000
105914  -33.994  -66.543  5.660 0.5000000000
10812  -28.013  -63.057  -3.592 0.6999999881
11419  -28.050  -62.509  -2.643 0.6999999881
12027  -29.024  -61.121  -5.768 0.6999999881
12003  -29.034  -60.942  -3.926 0.6999999881
11420  -28.502  -61.779  -2.817 0.6999999881
11985  -28.389  -61.438  -1.111 0.6999999881
100352  -28.133  -60.868  0.538 0.6000000238
98897  -27.242  -60.022  2.107 0.5000000000
113780  -27.663  -61.291  1.725 0.6999999881
98915  -27.244  -60.469  3.021 0.5000000000
111460  -27.454  -61.045  3.488 0.5000000000
102580  -27.512  -61.613  3.530 0.5000000000
7779  -42.413  -68.247  0.326 0.4000000060
7797  -43.222  -68.184  -0.822 0.5000000000
8434  -43.884  -67.709  -0.325 0.5000000000
8435  -44.695  -67.353  -0.801 0.5000000000
8396  -41.604  -67.700  1.590 0.4000000060
7780  -43.157  -68.061  0.110 0.4000000060
10741  -27.802  -63.068  4.612 0.6000000238
10729  -27.871  -64.268  5.289 0.6000000238
10730  -28.253  -63.302  5.314 0.6000000238
10175  -29.869  -64.935  6.302 0.6000000238
99939  -29.414  -64.090  6.161 0.6000000238
8972  -30.567  -66.733  5.521 0.6000000238
8951  -30.898  -66.251  6.100 0.6000000238
98960  -30.248  -64.071  6.475 0.6000000238
8330  -30.650  -67.174  4.393 0.6000000238
9609  -30.383  -65.660  6.289 0.5000000000
8974  -32.268  -66.693  5.720 0.6000000238
8952  -31.722  -66.185  6.177 0.5000000000
8953  -32.583  -66.039  6.120 0.5000000000
12649  -28.669  -60.514  -5.677 0.6999999881
12642  -29.042  -60.574  -5.182 0.6999999881
106485  -28.992  -60.268  -3.222 0.6999999881
11994  -28.679  -61.172  -2.374 0.6999999881
104575  -28.739  -59.705  -1.656 0.6000000238
12607  -28.462  -60.805  -0.597 0.6999999881
13228  -28.070  -59.889  0.551 0.4000000060
12640  -27.593  -59.870  -4.879 0.6999999881
12641  -28.459  -60.007  -5.214 0.6999999881
12619  -28.931  -59.501  -3.082 0.6000000238
13249  -28.851  -58.960  -2.219 0.6000000238
13214  -27.471  -59.594  1.274 0.5000000000
11993  -25.518  -60.950  -2.276 0.6999999881
12627  -26.633  -60.316  -3.220 0.6999999881
13204  -26.944  -59.565  2.972 0.5000000000
12617  -26.015  -60.164  -1.860 0.6999999881
13190  -27.071  -59.885  3.811 0.5000000000
12606  -25.570  -59.865  -0.952 0.6000000238
13236  -25.007  -59.547  -0.256 0.6000000238
13226  -24.518  -59.280  0.486 0.6000000238
13862  -23.291  -58.749  1.742 0.5000000000
14465  -22.985  -57.849  1.241 0.5000000000
8419  -43.560  -67.296  0.611 0.4000000060
9103  -45.196  -66.861  -0.388 0.4000000060
106355  -31.087  -64.031  6.639 0.6000000238
13239  -28.590  -59.083  -1.265 0.5000000000
12595  -28.511  -60.003  -0.467 0.5000000000
12629  -28.269  -59.309  -4.751 0.6000000238
104349  -28.759  -59.113  -4.330 0.6000000238
13901  -28.851  -58.270  -2.024 0.6000000238
13892  -28.413  -58.381  -0.917 0.6000000238
102199  -27.497  -58.177  0.751 0.5000000000
115236  -27.318  -58.854  1.221 0.5000000000
13854  -26.945  -59.062  2.044 0.5000000000
12618  -26.659  -59.732  -2.658 0.6999999881
13260  -27.511  -58.813  -4.483 0.6000000238
13908  -28.078  -58.459  -4.313 0.6000000238
13909  -28.576  -58.130  -3.021 0.6000000238
15189  -28.505  -57.259  -2.228 0.6000000238
13841  -26.427  -58.197  3.821 0.5000000000
13247  -26.254  -59.437  -1.745 0.6999999881
13900  -26.713  -58.778  -3.881 0.6000000238
14517  -26.638  -58.285  -4.382 0.6000000238
15205  -27.324  -56.789  -4.405 0.6000000238
15199  -27.572  -56.464  -3.423 0.6000000238
13237  -25.810  -59.068  -0.936 0.6000000238
13238  -26.395  -58.869  -2.005 0.6000000238
117435  -26.058  -58.234  -3.800 0.6000000238
15204  -26.531  -56.375  -4.643 0.6000000238
13227  -25.094  -58.829  -0.265 0.6000000238
14495  -25.422  -57.991  -1.587 0.6000000238
14507  -25.445  -57.923  -3.155 0.6000000238
15203  -25.965  -56.059  -4.739 0.6000000238
13877  -24.487  -58.480  0.391 0.5000000000
13876  -23.809  -58.164  0.921 0.5000000000
14494  -24.674  -57.399  -1.009 0.5000000000
107168  -24.879  -57.550  -2.118 0.6000000238
14522  -25.522  -56.269  -4.650 0.6000000238
8420  -44.497  -67.073  0.148 0.4000000060
13860  -21.691  -58.048  2.040 0.5000000000
14493  -23.789  -57.101  -0.732 0.5000000000
14506  -24.026  -57.017  -2.092 0.6000000238
15197  -24.823  -56.251  -4.068 0.6000000238
14463  -21.150  -57.603  1.187 0.5000000000
108674  -21.758  -57.631  -0.594 0.5000000000
14492  -22.697  -57.320  -0.643 0.4000000060
14505  -23.001  -57.179  -2.436 0.5000000000
14514  -23.810  -56.623  -3.030 0.6000000238
13878  -27.984  -58.289  -0.037 0.6000000238
14467  -27.262  -57.380  1.149 0.5000000000
13864  -27.070  -58.222  1.573 0.5000000000
14496  -28.229  -57.066  -0.678 0.6000000238
14482  -27.881  -57.238  0.181 0.5000000000
14456  -26.679  -57.408  2.646 0.5000000000
15903  -27.537  -56.229  -1.088 0.6999999881
104696  -27.816  -56.196  -0.171 0.6999999881
15921  -26.875  -55.904  -3.470 0.6000000238
15911  -27.267  -56.078  -2.382 0.6999999881
15920  -26.249  -55.572  -3.973 0.6000000238
15910  -26.466  -55.643  -2.750 0.6999999881
15919  -25.636  -55.535  -4.087 0.6000000238
15909  -25.685  -55.361  -3.130 0.6999999881
15918  -24.916  -55.640  -3.963 0.6000000238
16675  -25.216  -54.842  -2.164 0.6999999881
13875  -19.802  -58.381  0.310 0.5000000000
14491  -20.927  -58.166  -0.749 0.5000000000
110255  -22.829  -57.379  -1.740 0.4000000060
15196  -23.216  -56.305  -3.053 0.6000000238
104425  -24.223  -55.414  -3.259 0.6000000238
98690  -20.097  -58.461  -0.561 0.5000000000
103783  -21.811  -57.709  -1.516 0.4000000060
102794  -22.204  -57.456  -2.168 0.5000000000
15162  -27.005  -56.812  1.873 0.5000000000
15155  -27.181  -55.929  1.953 0.5000000000
15172  -27.962  -56.412  -0.016 0.6000000238
15894  -27.594  -55.955  0.461 0.5000000000
16654  -27.185  -55.097  1.909 0.5000000000
15893  -27.318  -55.756  -0.125 0.6999999881
16668  -26.401  -55.321  -0.583 0.6999999881
16676  -26.016  -55.233  -1.853 0.6000000238
16674  -24.500  -54.456  -2.244 0.6999999881
16667  -25.503  -54.799  -0.976 0.6000000238
15917  -23.579  -55.716  -3.208 0.6000000238
104544  -24.170  -54.687  -2.666 0.6000000238
109703  -20.334  -57.949  -1.812 0.5000000000
14512  -21.813  -57.314  -2.375 0.4000000060
97809  -22.932  -55.603  -2.827 0.6000000238
100492  -20.281  -57.643  -1.884 0.4000000060
14503  -20.972  -57.578  -2.059 0.4000000060
15915  -21.457  -56.127  -2.040 0.5000000000
15195  -22.241  -56.491  -2.562 0.5000000000
15882  -27.144  -55.504  0.983 0.6000000238
16644  -27.018  -54.445  2.339 0.5000000000
115901  -26.719  -55.381  0.366 0.6000000238
16653  -26.837  -54.855  1.643 0.5000000000
16660  -25.764  -55.016  0.347 0.6000000238
16651  -24.795  -54.632  1.027 0.6000000238
17355  -25.147  -54.281  1.862 0.5000000000
16659  -24.756  -54.486  -0.168 0.6000000238
17370  -24.064  -53.710  -0.904 0.6999999881
16650  -23.975  -54.037  0.437 0.5000000000
17380  -23.566  -54.127  -2.369 0.6000000238
16679  -22.962  -54.581  -2.445 0.5000000000
108767  -21.479  -55.030  -1.640 0.4000000060
16673  -22.250  -54.261  -1.922 0.5000000000
15144  -15.007  -55.909  2.796 0.4000000060
15145  -16.013  -55.760  3.175 0.3000000119
15861  -16.196  -54.898  2.784 0.4000000060
18064  -26.362  -52.849  2.602 0.5000000000
99581  -14.940  -55.337  1.715 0.3000000119
15872  -15.737  -54.666  2.045 0.4000000060
17354  -24.131  -53.992  1.507 0.5000000000
17348  -25.767  -53.609  2.312 0.5000000000
15889  -15.855  -55.516  1.207 0.3000000119
16639  -15.656  -54.836  1.841 0.4000000060
18069  -23.814  -52.969  1.761 0.5000000000
15171  -16.889  -56.085  0.397 0.3000000119
17362  -23.528  -53.088  -0.336 0.6000000238
17376  -23.495  -53.342  -2.063 0.6999999881
18082  -23.149  -52.290  -0.943 0.6000000238
18090  -23.090  -52.622  -1.995 0.5000000000
102343  -22.708  -52.631  -1.899 0.4000000060
18081  -22.579  -51.856  -1.064 0.4000000060
14437  -16.641  -57.322  4.494 0.3000000119
15135  -16.845  -56.572  3.959 0.3000000119
15146  -17.008  -55.691  3.538 0.3000000119
108130  -17.174  -54.909  3.147 0.3000000119
16630  -16.535  -54.458  2.408 0.4000000060
17347  -24.722  -53.439  2.176 0.5000000000
16648  -16.217  -54.614  1.790 0.4000000060
16641  -17.159  -54.186  2.130 0.4000000060
18062  -24.523  -52.407  2.298 0.5000000000
16657  -17.156  -54.667  1.364 0.4000000060
17360  -17.895  -54.188  1.351 0.4000000060
17353  -23.501  -53.255  0.857 0.5000000000
18061  -23.621  -51.962  1.968 0.5000000000
16658  -18.029  -54.704  0.686 0.4000000060
18074  -23.176  -52.387  0.073 0.5000000000
18073  -22.788  -51.907  -0.470 0.5000000000
18853  -22.785  -51.752  0.423 0.5000000000
16671  -20.615  -54.527  -1.154 0.3000000119
17373  -21.094  -53.529  -1.234 0.4000000060
18879  -22.080  -51.716  -1.170 0.4000000060
18859  -22.284  -51.335  -0.359 0.4000000060
13812  -17.132  -58.100  5.829 0.3000000119
15136  -17.881  -56.502  4.426 0.3000000119
16631  -18.418  -55.048  3.403 0.4000000060
16642  -18.046  -54.140  2.526 0.4000000060
18836  -26.612  -51.211  3.109 0.4000000060
100343  -17.972  -53.675  2.052 0.4000000060
108972  -26.054  -51.434  2.813 0.4000000060
16649  -16.962  -54.316  1.871 0.4000000060
17345  -18.519  -53.037  1.823 0.4000000060
18847  -25.350  -51.813  2.550 0.4000000060
107070  -18.587  -52.824  1.286 0.4000000060
19686  -23.567  -50.939  1.984 0.5000000000
110084  -18.431  -53.951  0.527 0.4000000060
107931  -18.993  -52.929  -0.463 0.3000000119
114892  -22.873  -50.824  1.376 0.5000000000
18878  -21.184  -51.766  -1.189 0.3000000119
15126  -18.044  -57.246  5.374 0.3000000119
15851  -18.707  -56.051  4.370 0.3000000119
15862  -17.866  -55.651  3.768 0.3000000119
16632  -19.053  -54.282  3.036 0.4000000060
18060  -19.760  -52.504  2.672 0.3000000119
17336  -18.591  -53.446  2.371 0.4000000060
19677  -27.576  -50.429  3.567 0.4000000060
19678  -28.364  -50.126  3.910 0.4000000060
19689  -26.158  -50.557  2.934 0.4000000060
18846  -24.427  -51.441  2.352 0.4000000060
18072  -18.577  -52.014  0.499 0.3000000119
19687  -24.450  -50.603  2.334 0.4000000060
17366  -18.825  -53.508  -0.211 0.3000000119
106996  -18.544  -51.632  -0.092 0.3000000119
18866  -19.129  -51.235  -0.503 0.3000000119
19702  -22.000  -50.544  0.120 0.4000000060
15127  -18.428  -57.091  6.122 0.3000000119
100998  -19.342  -55.639  4.331 0.4000000060
16633  -19.820  -54.309  3.596 0.4000000060
17337  -19.573  -53.453  2.994 0.4000000060
20439  -29.106  -49.754  4.179 0.4000000060
101616  -27.813  -49.701  3.601 0.4000000060
18059  -19.277  -52.004  1.970 0.4000000060
116191  -26.527  -50.136  3.111 0.4000000060
18058  -18.734  -52.118  1.403 0.4000000060
109403  -25.593  -50.039  2.669 0.4000000060
20464  -26.186  -49.620  2.869 0.4000000060
18851  -18.623  -51.360  0.664 0.3000000119
100039  -24.893  -49.960  2.417 0.4000000060
19709  -18.637  -50.463  -0.185 0.3000000119
20476  -23.992  -49.899  2.081 0.5000000000
18079  -19.071  -52.191  -0.462 0.3000000119
19710  -19.663  -50.382  -0.672 0.3000000119
20475  -23.413  -49.292  1.590 0.5000000000
19712  -21.607  -50.491  -0.764 0.3000000119
19694  -22.394  -50.348  1.005 0.4000000060
18868  -21.485  -51.048  -1.048 0.4000000060
15120  -19.204  -56.378  6.154 0.3000000119
18050  -20.603  -52.099  2.952 0.3000000119
18844  -20.187  -51.243  2.285 0.3000000119
20451  -28.460  -49.291  3.817 0.4000000060
19684  -19.437  -50.888  1.463 0.3000000119
99772  -27.008  -49.757  3.305 0.4000000060
20450  -27.619  -48.888  3.445 0.3000000119
19693  -19.223  -50.089  1.025 0.3000000119
21260  -25.997  -48.700  2.626 0.4000000060
20449  -26.710  -48.902  3.029 0.4000000060
20483  -18.723  -49.263  0.033 0.3000000119
98093  -19.117  -48.647  -0.132 0.3000000119
115571  -23.990  -49.225  1.965 0.4000000060
107535  -20.193  -49.751  -0.699 0.3000000119
20484  -21.528  -49.095  -0.290 0.3000000119
20474  -22.620  -48.936  1.053 0.3000000119
19685  -20.073  -50.360  1.799 0.3000000119
20461  -20.685  -49.771  2.188 0.3000000119
20473  -19.790  -49.477  1.482 0.3000000119
22074  -27.758  -47.945  3.350 0.3000000119
21261  -26.495  -48.117  2.750 0.4000000060
21262  -27.099  -48.288  3.123 0.4000000060
22130  -19.589  -47.277  -0.209 0.3000000119
112502  -25.412  -48.403  2.341 0.4000000060
100444  -25.815  -47.908  2.394 0.4000000060
20496  -20.054  -49.010  -0.528 0.3000000119
21302  -21.005  -48.600  -0.598 0.3000000119
21273  -24.061  -48.602  1.720 0.3000000119
21285  -22.022  -48.578  0.320 0.3000000119
118162  -19.649  -45.799  0.002 0.3000000119
22131  -20.350  -47.185  -0.527 0.3000000119
22088  -25.627  -47.194  2.021 0.3000000119
22089  -26.355  -47.311  2.462 0.3000000119
22132  -21.189  -47.475  -0.493 0.3000000119
22101  -24.523  -47.722  1.525 0.3000000119
101690  -22.014  -47.773  0.185 0.3000000119
22100  -23.700  -47.899  1.188 0.3000000119
24314  -20.211  -44.769  -0.230 0.3000000119
24298  -20.575  -43.702  -0.007 0.3000000119
99006  -20.645  -45.494  -0.532 0.3000000119
99166  -25.061  -47.234  1.616 0.3000000119
23620  -20.818  -44.720  -0.585 0.3000000119
24315  -20.680  -43.903  -0.365 0.3000000119
19713  -21.884  -50.726  -0.599 0.4000000060
18867  -20.443  -51.072  -0.991 0.3000000119
19711  -20.898  -50.327  -0.999 0.3000000119
6324  -37.409  -71.546  -8.834 0.5000000000
5746  -35.990  -71.692  -9.304 0.5000000000
6321  -34.564  -71.373  -8.924 0.5000000000
5175  -36.462  -72.384  -9.429 0.5000000000
4683  -38.828  -73.865  -7.540 0.5000000000
5145  -36.016  -72.996  -5.188 0.6999999881
4682  -38.173  -73.740  -8.223 0.4000000060
5144  -35.130  -72.952  -5.537 0.6999999881
5171  -39.750  -72.118  -8.449 0.5000000000
5090  -40.276  -72.561  -2.168 0.3000000119
5162  -41.227  -72.485  -7.688 0.5000000000
6306  -43.395  -72.166  -6.733 0.3000000119
5666  -39.174  -71.868  -2.630 0.6000000238
109142  -38.586  -72.367  -3.582 0.6000000238
5624  -36.051  -71.735  -0.823 0.6000000238
4613  -38.076  -74.277  -0.765 0.3000000119
5086  -35.252  -73.752  -1.911 0.6000000238
5133  -35.365  -73.409  -4.510 0.6999999881
6316  -39.868  -71.362  -8.138 0.5000000000
107887  -38.006  -71.875  -8.921 0.5000000000
5132  -33.827  -73.269  -3.937 0.6000000238
5693  -33.446  -72.659  -4.877 0.6999999881
5083  -32.830  -73.492  -1.669 0.5000000000
5649  -41.156  -72.388  -2.021 0.3000000119
106373  -31.949  -72.716  0.283 0.6000000238
110345  -31.695  -72.562  -4.358 0.5000000000
5137  -43.703  -72.671  -5.454 0.3000000119
5730  -39.683  -71.372  -6.728 0.5000000000
5690  -31.337  -72.764  -3.937 0.5000000000
6801  -41.071  -70.433  -2.747 0.4000000060
117996  -38.583  -72.420  0.824 0.3000000119
116535  -32.556  -68.027  0.347 0.6999999881
8417  -33.399  -67.316  0.301 0.6000000238
8373  -32.971  -67.008  1.501 0.6000000238
7757  -40.412  -68.571  1.295 0.5000000000
7736  -37.262  -68.904  2.228 0.6000000238
7723  -38.162  -68.728  2.460 0.5000000000
100319  -35.848  -68.761  3.072 0.6000000238
98316  -38.842  -66.013  3.433 0.4000000060
7789  -30.159  -67.462  -0.223 0.6000000238
9066  -31.073  -66.351  0.999 0.6999999881
10251  -24.565  -65.037  -0.172 0.6000000238
103692  -41.091  -68.591  -0.515 0.4000000060
10220  -39.528  -64.630  2.471 0.4000000060
8976  -35.596  -66.561  5.247 0.4000000060
108744  -29.708  -67.997  -0.618 0.6000000238
10229  -24.671  -64.976  1.501 0.6000000238
8386  -24.752  -67.145  1.426 0.5000000000
10739  -26.644  -63.776  3.677 0.6000000238
8410  -25.804  -67.440  0.487 0.4000000060
8370  -30.105  -66.599  2.470 0.5000000000
9047  -41.364  -66.658  2.022 0.5000000000
8328  -28.859  -66.908  4.226 0.6000000238
111743  -28.947  -66.518  1.871 0.5000000000
11974  -23.945  -60.891  -0.032 0.6000000238
14464  -22.040  -57.609  1.284 0.5000000000
14508  -28.782  -57.831  -2.084 0.5000000000
13907  -27.304  -58.447  -4.490 0.6000000238
13914  -28.206  -57.746  -3.869 0.6000000238
15181  -28.008  -56.660  -0.834 0.6000000238
13890  -25.750  -58.535  -1.177 0.6000000238
14462  -20.431  -57.798  1.047 0.5000000000
15883  -27.253  -55.660  1.341 0.5000000000
16666  -24.691  -54.329  -1.397 0.6000000238
13888  -20.891  -58.041  -1.544 0.5000000000
17377  -24.048  -53.689  -1.827 0.6000000238
15153  -14.300  -55.525  2.090 0.3000000119
16652  -25.930  -54.726  1.362 0.5000000000
16672  -21.509  -54.127  -1.461 0.3000000119
102726  -26.045  -52.150  2.669 0.4000000060
18088  -21.944  -52.396  -1.438 0.4000000060
17368  -20.120  -53.577  -0.909 0.3000000119
19676  -26.853  -50.584  3.254 0.4000000060
15137  -18.740  -56.673  5.338 0.3000000119
19700  -18.473  -50.673  0.090 0.3000000119
20462  -24.504  -49.198  2.205 0.4000000060
20485  -22.043  -49.588  0.446 0.3000000119
20471  -18.752  -49.950  0.330 0.3000000119
21272  -23.316  -48.551  1.300 0.4000000060
15842  -20.041  -55.806  5.842 0.3000000119
115064  -19.303  -47.658  0.323 0.3000000119
21259  -24.815  -48.453  2.101 0.4000000060
23607  -19.914  -45.607  -0.184 0.3000000119
3692  -27.190  -76.144  -2.828 0.5000000000
4188  -27.841  -75.666  -3.266 0.5000000000
4189  -28.568  -75.217  -3.695 0.5000000000
4642  -29.768  -74.168  -3.411 0.4000000060
3690  -25.740  -76.918  -1.971 0.5000000000
4176  -26.782  -75.870  -2.061 0.5000000000
4177  -27.527  -75.441  -2.483 0.5000000000
4178  -28.330  -75.010  -2.850 0.5000000000
104671  -28.978  -74.485  -3.221 0.5000000000
5112  -30.822  -72.940  -3.130 0.4000000060
3676  -25.996  -76.260  -1.612 0.4000000060
4167  -27.078  -75.156  -1.708 0.5000000000
4632  -28.625  -74.238  -2.455 0.5000000000
5096  -30.448  -73.109  -2.424 0.4000000060
4620  -26.604  -74.883  -0.932 0.5000000000
4621  -27.419  -74.416  -1.352 0.5000000000
4631  -27.861  -74.683  -2.124 0.5000000000
4611  -27.788  -73.684  -0.959 0.5000000000
4622  -28.226  -73.963  -1.737 0.5000000000
5080  -28.610  -73.310  -1.285 0.5000000000
5081  -29.433  -73.109  -1.548 0.5000000000
5082  -30.274  -72.923  -1.764 0.4000000060
4610  -26.958  -74.151  -0.605 0.5000000000
5067  -29.089  -72.845  -0.770 0.5000000000
5068  -29.807  -72.794  -1.074 0.5000000000
5620  -30.476  -72.723  -0.914 0.5000000000
5593  -25.154  -72.107  0.119 0.5000000000
5064  -26.189  -73.705  -0.084 0.5000000000
5048  -26.614  -72.954  0.340 0.5000000000
5065  -27.263  -73.407  -0.197 0.5000000000
5049  -27.565  -72.789  0.468 0.5000000000
5618  -28.854  -72.734  0.128 0.5000000000
116515  -28.257  -72.775  0.283 0.5000000000
5619  -29.803  -72.652  -0.148 0.5000000000
5571  -25.990  -71.938  1.026 0.5000000000
6200  -26.028  -71.480  0.810 0.5000000000
113348  -26.913  -70.392  0.154 0.5000000000
5596  -27.413  -72.267  1.286 0.5000000000
6743  -27.264  -70.818  1.417 0.5000000000
7216  -27.935  -70.245  1.251 0.5000000000
5597  -28.360  -72.469  0.962 0.5000000000
5573  -28.095  -71.895  1.598 0.5000000000
6181  -28.723  -71.364  1.876 0.5000000000
5598  -29.350  -72.468  0.825 0.5000000000
110277  -29.790  -72.231  1.421 0.5000000000
105238  -30.849  -72.725  0.079 0.5000000000
109463  -28.951  -68.858  -1.688 0.5000000000
7244  -29.292  -68.915  -0.041 0.6000000238
7231  -28.378  -69.685  0.534 0.5000000000
112009  -28.894  -70.661  1.896 0.5000000000
115787  -28.996  -69.432  0.793 0.5000000000
6166  -30.132  -71.031  2.172 0.5000000000
6746  -30.459  -70.197  1.899 0.5000000000
5575  -30.483  -72.147  1.506 0.5000000000
113051  -31.213  -71.994  1.549 0.5000000000
5576  -31.146  -72.447  0.995 0.5000000000
7827  -28.849  -67.852  -3.316 0.5000000000
111985  -29.200  -67.936  -2.428 0.5000000000
9721  -24.364  -65.854  -5.014 0.5000000000
10264  -24.872  -65.230  -2.947 0.6000000238
9723  -24.837  -65.288  -5.531 0.5000000000
9715  -25.443  -65.495  -5.067 0.5000000000
10265  -25.769  -64.925  -3.380 0.6000000238
10271  -26.910  -64.944  -5.093 0.6000000238
10276  -26.496  -65.114  -5.521 0.5000000000
10277  -27.208  -64.576  -5.534 0.6000000238
10840  -26.762  -63.725  -5.787 0.5000000000
10824  -27.910  -63.613  -4.508 0.6000000238
10835  -27.987  -63.724  -5.368 0.6000000238
11446  -26.486  -62.948  -5.575 0.5000000000
11454  -28.186  -62.360  -5.962 0.6000000238
11449  -28.871  -62.115  -5.498 0.6000000238
105549  -26.182  -61.624  -4.391 0.5000000000
11447  -27.992  -61.646  -6.045 0.5000000000
12000  -24.888  -61.685  -2.742 0.5000000000
11992  -24.638  -61.537  -1.757 0.6000000238
11962  -23.004  -61.171  1.288 0.6000000238
11973  -23.311  -61.455  0.444 0.5000000000
12002  -26.777  -60.690  -4.271 0.6000000238
12025  -27.691  -60.763  -5.520 0.5000000000
11984  -24.323  -61.266  -0.852 0.5000000000
13213  -23.517  -59.538  1.731 0.6000000238
12580  -23.967  -59.810  1.069 0.6000000238
13863  -23.973  -58.988  1.111 0.6000000238
5667  -41.990  -73.072  -2.671 0.3000000119
5651  -43.403  -72.678  -2.014 0.3000000119
5105  -43.455  -73.023  -3.797 0.3000000119
115641  -44.561  -71.577  -1.284 0.3000000119
5104  -42.636  -73.448  -3.520 0.3000000119
5103  -41.672  -73.587  -3.355 0.3000000119
5660  -30.856  -72.796  -2.425 0.4000000060
6182  -29.751  -71.691  1.897 0.5000000000
105775  -30.049  -69.626  1.504 0.5000000000
9712  -24.041  -65.572  -2.572 0.5000000000
4633  -29.309  -73.869  -2.705 0.4000000060
4623  -28.987  -73.618  -2.018 0.5000000000
5046  -25.065  -72.631  0.003 0.5000000000
5595  -26.128  -72.413  0.809 0.5000000000
6759  -25.788  -71.278  0.248 0.5000000000
6760  -26.485  -70.855  0.747 0.5000000000
6180  -27.261  -71.634  1.516 0.5000000000
7217  -28.808  -69.947  1.419 0.5000000000
5668  -42.932  -72.958  -2.765 0.3000000119
5670  -44.478  -72.229  -3.350 0.3000000119
5652  -43.966  -72.328  -2.260 0.3000000119
5669  -43.711  -72.599  -3.035 0.3000000119
5653  -44.502  -71.960  -2.571 0.3000000119
3708  -26.836  -76.783  -3.180 0.5000000000
4166  -26.278  -75.582  -1.266 0.4000000060
4693  -37.811  -73.269  -8.738 0.4000000060
5047  -25.712  -72.882  0.266 0.5000000000
5066  -28.219  -73.063  -0.378 0.5000000000
5069  -32.487  -73.223  -0.695 0.6000000238
5085  -34.692  -73.630  -1.374 0.6000000238
5095  -29.774  -73.376  -2.211 0.5000000000
5111  -30.183  -73.597  -2.858 0.4000000060
5115  -34.766  -73.615  -3.745 0.6000000238
5121  -43.174  -73.407  -4.611 0.4000000060
5146  -41.495  -73.587  -6.611 0.4000000060
5172  -34.220  -72.338  -9.330 0.6000000238
5572  -26.590  -72.047  1.290 0.5000000000
5574  -29.013  -72.055  1.541 0.5000000000
5594  -25.547  -72.249  0.489 0.5000000000
5599  -30.247  -72.494  0.823 0.5000000000
5617  -24.851  -72.324  -0.392 0.5000000000
5691  -31.971  -72.165  -5.064 0.5000000000
5695  -37.426  -72.658  -4.816 0.6999999881
5706  -31.861  -71.922  -5.871 0.5000000000
5709  -34.105  -72.406  -5.777 0.6000000238
5724  -33.468  -71.350  -7.246 0.5000000000
5732  -43.324  -72.368  -6.603 0.3000000119
5738  -40.664  -72.055  -8.143 0.5000000000
5739  -41.198  -72.128  -7.799 0.5000000000
5740  -41.721  -72.373  -7.440 0.5000000000
5745  -35.141  -71.767  -9.319 0.6000000238
5747  -37.286  -72.072  -9.178 0.5000000000
5748  -38.786  -71.952  -8.763 0.6000000238
6165  -29.409  -71.087  2.087 0.5000000000
6167  -30.995  -70.806  2.025 0.6000000238
6183  -30.682  -71.553  1.875 0.5000000000
6199  -25.563  -71.794  0.487 0.5000000000
6201  -32.997  -71.595  1.191 0.6000000238
6209  -25.212  -71.730  -0.207 0.5000000000
6225  -36.533  -71.149  -1.230 0.5000000000
6227  -38.151  -71.440  -1.673 0.5000000000
6314  -37.989  -71.277  -8.321 0.6000000238
6322  -35.490  -71.322  -8.889 0.5000000000
6742  -26.538  -71.466  1.211 0.5000000000
6744  -28.180  -70.649  1.697 0.5000000000
6745  -29.572  -70.334  1.889 0.5000000000
6761  -27.374  -70.290  0.750 0.5000000000
6791  -37.973  -70.565  -1.714 0.5000000000
7218  -30.801  -69.374  1.473 0.6999999881
7219  -31.991  -69.511  1.350 0.6999999881
7232  -29.597  -69.280  0.965 0.5000000000
7236  -35.198  -68.557  -0.856 0.6000000238
7258  -36.412  -68.991  -2.077 0.5000000000
7288  -42.631  -68.837  -3.884 0.4000000060
7719  -34.359  -68.178  3.437 0.5000000000
7732  -33.397  -67.609  2.467 0.6000000238
7750  -31.962  -68.344  0.712 0.6999999881
7788  -29.319  -68.411  -1.198 0.6000000238
7843  -43.477  -67.941  -4.188 0.4000000060
7855  -44.183  -68.188  -4.381 0.4000000060
8319  -31.111  -67.118  5.069 0.6000000238
8320  -31.940  -67.180  5.146 0.6000000238
8323  -35.044  -67.189  5.124 0.5000000000
8335  -35.329  -67.744  4.618 0.6000000238
8336  -36.547  -68.085  4.118 0.6000000238
8348  -27.479  -66.835  3.252 0.6000000238
8349  -28.513  -66.884  3.401 0.6000000238
8371  -30.882  -66.604  2.410 0.6000000238
8374  -33.669  -67.283  1.399 0.6000000238
8376  -39.481  -67.460  2.930 0.5000000000
8387  -25.517  -67.342  1.541 0.5000000000
8394  -33.788  -67.285  0.502 0.6000000238
8411  -26.959  -67.042  0.207 0.6000000238
8414  -31.136  -66.774  0.669 0.6999999881
8426  -23.849  -67.324  -0.545 0.5000000000
8431  -29.255  -66.764  -1.117 0.6000000238
8432  -29.770  -66.902  -0.543 0.6000000238
8464  -28.856  -67.454  -2.778 0.5000000000
8466  -43.345  -67.562  -2.962 0.4000000060
8950  -30.200  -66.234  5.946 0.6000000238
8969  -28.045  -65.989  5.214 0.6000000238
8970  -28.877  -66.229  5.429 0.6000000238
8971  -29.726  -66.509  5.536 0.6000000238
8973  -31.413  -66.721  5.660 0.6000000238
8998  -30.072  -67.012  5.036 0.6000000238
9002  -38.041  -66.860  4.013 0.6000000238
9021  -26.347  -66.209  3.725 0.6000000238
9022  -27.054  -66.488  3.989 0.6000000238
9024  -39.252  -66.758  3.293 0.6000000238
9039  -25.295  -66.466  2.657 0.6999999881
9040  -26.005  -66.590  3.059 0.6000000238
9041  -29.804  -66.390  1.699 0.6000000238
9062  -24.055  -66.428  0.774 0.5000000000
9063  -24.418  -66.626  1.493 0.5000000000
9065  -30.327  -66.313  0.941 0.6000000238
9087  -30.624  -66.539  0.604 0.6999999881
9088  -31.318  -66.522  0.901 0.6999999881
9100  -28.823  -66.459  -0.547 0.5000000000
9635  -26.812  -65.422  4.502 0.6000000238
9636  -27.340  -65.677  4.859 0.6000000238
9638  -37.561  -65.688  4.315 0.4000000060
9657  -24.779  -65.453  2.136 0.6000000238
9680  -24.110  -65.778  0.329 0.5000000000
9693  -23.767  -66.204  -0.304 0.5000000000
9705  -23.560  -66.030  -1.176 0.5000000000
9714  -24.512  -65.832  -3.902 0.6000000238
9724  -25.825  -65.061  -5.807 0.5000000000
10176  -30.711  -64.877  6.562 0.5000000000
10185  -28.371  -64.834  5.665 0.6000000238
10197  -26.612  -64.723  4.290 0.6000000238
10199  -36.572  -64.348  4.861 0.5000000000
10200  -37.243  -64.880  4.432 0.5000000000
10206  -25.660  -65.396  3.256 0.6000000238
10217  -25.268  -65.064  2.668 0.5000000000
10230  -25.127  -64.586  1.968 0.5000000000
10252  -24.986  -64.445  -0.567 0.6000000238
10269  -25.393  -65.452  -3.976 0.6000000238
10270  -26.191  -65.214  -4.611 0.5000000000
10278  -27.427  -63.930  -5.638 0.5000000000
10731  -28.971  -63.259  5.890 0.6000000238
10768  -25.681  -63.770  1.741 0.5000000000
10822  -26.646  -64.617  -4.036 0.6000000238
10823  -27.176  -63.764  -3.494 0.6000000238
10825  -28.506  -62.742  -4.826 0.6000000238
10834  -27.385  -64.309  -4.804 0.6000000238
10836  -28.424  -62.724  -5.485 0.6000000238
10841  -28.087  -63.022  -5.715 0.6000000238
10842  -28.659  -62.176  -5.791 0.6000000238
11331  -27.733  -62.295  4.066 0.5000000000
11362  -27.020  -62.604  1.537 0.6000000238
11387  -27.102  -62.712  -0.165 0.6000000238
11405  -28.078  -62.079  -1.709 0.6999999881
11434  -28.579  -62.108  -3.781 0.6999999881
11448  -28.720  -61.583  -6.009 0.6999999881
11453  -27.654  -63.202  -5.822 0.5000000000
11963  -27.832  -61.781  0.956 0.6000000238
12001  -25.832  -61.137  -3.328 0.6000000238
12013  -29.120  -61.598  -5.140 0.6000000238
12024  -26.956  -62.070  -5.338 0.5000000000
12026  -28.518  -61.011  -6.010 0.6999999881
12567  -27.453  -60.718  2.154 0.5000000000
12581  -27.671  -60.435  1.357 0.6000000238
12593  -23.717  -60.637  0.831 0.6000000238
12594  -24.333  -60.083  0.329 0.6000000238
12605  -24.723  -60.382  -0.464 0.6000000238
12608  -28.746  -60.458  -1.832 0.6999999881
12616  -25.145  -60.708  -1.274 0.6999999881
12628  -27.241  -59.410  -4.273 0.6999999881
12630  -28.958  -59.762  -4.528 0.6999999881
13203  -26.564  -58.698  3.027 0.5000000000
13229  -28.245  -59.152  -0.227 0.5000000000
13248  -26.834  -59.220  -3.086 0.6000000238
13261  -28.750  -58.746  -3.162 0.6000000238
13811  -16.516  -58.321  5.913 0.3000000119
13850  -21.309  -58.307  2.782 0.5000000000
13853  -26.699  -58.167  2.396 0.5000000000
13858  -19.094  -58.430  0.968 0.5000000000
13887  -20.291  -58.392  -1.146 0.5000000000
13889  -24.965  -58.113  -0.498 0.5000000000
13891  -28.210  -57.698  -0.575 0.6000000238
13899  -19.922  -58.241  -1.506 0.5000000000
13912  -27.391  -58.047  -4.503 0.6000000238
13913  -27.653  -57.582  -4.361 0.6000000238
14424  -16.585  -57.959  5.203 0.3000000119
14425  -17.296  -57.640  5.309 0.3000000119
14438  -17.387  -57.097  4.717 0.3000000119
14466  -26.929  -57.600  1.941 0.5000000000
14477  -20.625  -58.036  0.171 0.5000000000
14478  -21.466  -57.573  0.311 0.5000000000
14479  -22.381  -57.377  0.385 0.5000000000
14480  -23.369  -57.383  0.308 0.5000000000
14481  -24.306  -57.595  0.047 0.5000000000
14504  -21.516  -57.647  -1.937 0.4000000060
14513  -22.676  -57.021  -2.682 0.6000000238
14515  -25.361  -57.024  -4.174 0.6000000238
14516  -25.986  -57.789  -4.422 0.6000000238
14518  -28.024  -57.137  -3.845 0.6000000238
14519  -28.433  -57.520  -2.924 0.6000000238
14523  -26.060  -56.782  -4.704 0.6000000238
14524  -26.847  -57.393  -4.630 0.6000000238
15163  -27.505  -56.353  0.892 0.5000000000
15182  -28.430  -57.199  -1.536 0.6000000238
15187  -20.639  -56.865  -1.963 0.4000000060
15188  -28.064  -56.647  -2.040 0.6999999881
15194  -21.394  -56.965  -2.339 0.4000000060
15198  -26.762  -56.033  -4.268 0.6000000238
15200  -28.192  -56.990  -2.914 0.6000000238
15860  -15.289  -55.194  2.330 0.3000000119
15863  -19.588  -54.995  3.885 0.4000000060
15890  -16.522  -55.102  1.229 0.3000000119
15891  -17.482  -55.335  0.648 0.3000000119
15892  -18.201  -55.316  0.130 0.4000000060
15902  -26.864  -55.687  -1.435 0.6999999881
15916  -22.218  -55.355  -2.252 0.5000000000
15924  -25.562  -55.809  -4.508 0.6000000238
15925  -26.123  -55.766  -4.537 0.6000000238
16640  -16.230  -54.460  1.982 0.4000000060
16643  -26.248  -54.290  2.062 0.5000000000
16680  -23.588  -55.037  -2.807 0.6000000238
16681  -24.922  -55.160  -3.159 0.6999999881
17344  -17.967  -53.760  1.867 0.4000000060
17346  -18.989  -52.695  2.189 0.4000000060
17361  -18.372  -53.559  1.166 0.4000000060
17369  -23.456  -52.891  -1.526 0.6000000238
17374  -22.039  -53.290  -1.617 0.4000000060
17375  -22.963  -53.352  -2.225 0.5000000000
18063  -25.500  -52.699  2.469 0.5000000000
18068  -23.215  -52.346  1.148 0.5000000000
18078  -18.715  -52.523  -0.096 0.3000000119
18087  -20.791  -52.706  -1.102 0.4000000060
18089  -22.682  -52.237  -1.539 0.4000000060
18843  -19.547  -51.498  1.871 0.4000000060
18852  -19.005  -51.435  1.284 0.3000000119
18854  -23.030  -51.496  1.327 0.5000000000
18858  -18.421  -51.174  0.130 0.3000000119
18865  -18.410  -51.012  -0.086 0.3000000119
18869  -22.037  -51.195  -0.882 0.4000000060
19688  -25.304  -50.830  2.606 0.4000000060
19692  -18.747  -50.715  0.563 0.3000000119
19695  -23.177  -50.161  1.557 0.5000000000
19701  -21.666  -50.007  -0.426 0.4000000060
20463  -25.343  -49.195  2.484 0.4000000060
20482  -18.548  -50.028  0.026 0.3000000119
20495  -19.015  -49.591  -0.304 0.3000000119
20497  -21.189  -49.589  -0.711 0.3000000119
21283  -19.124  -48.433  0.258 0.3000000119
21300  -19.253  -47.830  -0.022 0.3000000119
21301  -19.931  -48.020  -0.471 0.3000000119
22102  -25.187  -47.801  2.007 0.4000000060
22113  -19.404  -47.066  0.079 0.3000000119
22901  -19.562  -46.166  0.267 0.3000000119
22915  -19.712  -46.428  -0.156 0.3000000119
22916  -20.440  -46.311  -0.492 0.3000000119
22917  -21.314  -46.288  -0.584 0.3000000119
23608  -19.766  -45.206  0.112 0.3000000119
24282  -20.184  -44.330  0.091 0.3000000119
97625  -18.573  -53.047  0.500 0.4000000060
97808  -28.296  -66.834  2.535 0.6000000238
98297  -27.793  -59.041  0.602 0.5000000000
98410  -20.908  -47.886  -0.561 0.3000000119
98976  -26.685  -63.498  -2.394 0.6999999881
99032  -21.086  -46.908  -0.564 0.3000000119
99145  -24.083  -55.987  -3.564 0.6000000238
99569  -24.633  -57.198  -3.207 0.6000000238
99982  -19.847  -51.863  2.390 0.3000000119
100025  -24.986  -64.296  0.171 0.6000000238
100366  -27.428  -62.705  -5.785 0.5000000000
100560  -26.242  -58.440  -2.647 0.6000000238
100869  -24.973  -67.393  0.955 0.5000000000
100935  -28.620  -64.109  5.784 0.6000000238
101061  -25.519  -63.726  0.374 0.6000000238
101066  -22.674  -49.663  1.217 0.4000000060
101226  -27.820  -61.159  4.238 0.5000000000
101658  -28.522  -57.720  -1.340 0.5000000000
101820  -20.023  -51.957  -0.879 0.3000000119
101841  -36.709  -71.677  -9.171 0.5000000000
101869  -27.865  -71.268  1.725 0.5000000000
102064  -36.458  -69.481  -2.053 0.5000000000
102525  -22.450  -51.094  0.689 0.5000000000
102797  -29.199  -66.684  2.561 0.5000000000
103622  -24.543  -65.140  -2.036 0.6000000238
104005  -27.160  -62.281  2.625 0.6000000238
104691  -26.454  -57.970  3.097 0.5000000000
105057  -33.820  -72.653  -0.083 0.6000000238
105315  -33.141  -66.615  5.703 0.5000000000
106923  -37.807  -72.638  -4.036 0.6000000238
108550  -26.494  -63.355  2.906 0.6000000238
108868  -34.463  -73.853  -2.090 0.6000000238
109274  -24.703  -66.238  2.165 0.5000000000
109849  -32.112  -72.515  -4.216 0.5000000000
110596  -26.820  -72.556  0.951 0.5000000000
111367  -18.590  -50.348  0.209 0.3000000119
113163  -30.589  -67.077  5.053 0.6000000238
113372  -17.377  -54.455  2.704 0.4000000060
113478  -24.010  -53.980  -2.227 0.6000000238
114098  -24.218  -67.248  0.070 0.5000000000
114879  -39.576  -68.035  2.530 0.5000000000
115109  -28.258  -66.569  -0.738 0.5000000000
115242  -23.023  -52.274  -1.566 0.5000000000
115305  -29.017  -61.657  -5.725 0.6999999881
115421  -27.533  -62.611  -1.900 0.6999999881
115615  -27.782  -63.627  4.988 0.6000000238
115976  -28.593  -60.268  -1.093 0.6000000238
116581  -29.478  -69.775  1.496 0.5000000000
116943  -26.587  -55.140  0.985 0.6000000238
116982  -18.495  -50.948  0.279 0.3000000119
117141  -21.484  -52.963  -1.351 0.4000000060
117680  -29.705  -67.400  -0.701 0.6000000238
117870  -21.314  -57.987  -1.206 0.4000000060
