#!ascii label  , from subject sub-027S6002 vox2ras=TkReg
1553
3191  -17.965  -78.038  1.294 0.5000000000
2780  -17.411  -79.034  -2.467 0.5000000000
3222  -17.079  -77.905  -3.331 0.5000000000
2806  -16.346  -78.094  -4.021 0.5000000000
4130  -18.305  -75.700  2.079 0.5000000000
102263  -17.918  -77.066  1.746 0.5000000000
3638  -19.152  -76.340  1.387 0.5000000000
3176  -18.564  -77.076  1.343 0.5000000000
3655  -19.597  -76.161  0.759 0.6000000238
3192  -18.661  -77.668  0.663 0.5000000000
2781  -17.947  -79.037  -1.582 0.5000000000
2818  -16.032  -77.650  -4.902 0.5000000000
3223  -17.735  -77.521  -2.807 0.6000000238
3237  -16.705  -77.187  -4.470 0.6000000238
3224  -18.115  -77.226  -2.147 0.6000000238
3238  -17.173  -76.860  -3.887 0.6000000238
3250  -16.868  -77.014  -5.244 0.6999999881
3704  -18.124  -75.879  -4.107 0.6999999881
3716  -17.175  -76.211  -5.236 0.6999999881
4202  -18.442  -75.860  -5.265 0.6999999881
98981  -18.681  -76.150  -5.485 0.6999999881
3728  -17.661  -76.018  -5.435 0.6999999881
4581  -19.453  -74.960  1.596 0.5000000000
4148  -20.350  -74.991  0.914 0.6000000238
5045  -20.064  -73.793  0.454 0.6000000238
4605  -20.552  -74.415  0.311 0.6000000238
3663  -18.949  -77.197  -0.183 0.5000000000
107875  -16.700  -77.417  -5.432 0.5000000000
2827  -16.168  -77.922  -5.783 0.5000000000
2377  -17.610  -79.040  -5.658 0.6999999881
2828  -16.843  -77.592  -5.592 0.6999999881
2829  -17.797  -78.186  -5.402 0.6999999881
3671  -18.554  -77.329  -1.223 0.6000000238
3687  -18.661  -76.748  -2.145 0.6999999881
2830  -18.644  -77.787  -5.340 0.6999999881
108593  -18.734  -76.113  -3.044 0.6999999881
4195  -19.127  -75.521  -4.813 0.6999999881
2831  -19.799  -77.834  -5.341 0.6999999881
4203  -19.375  -75.851  -5.489 0.6999999881
3729  -19.756  -76.246  -5.770 0.6999999881
3261  -19.105  -76.891  -5.607 0.6999999881
3251  -20.857  -77.963  -5.164 0.6999999881
3730  -20.705  -76.399  -6.046 0.6999999881
3262  -21.563  -77.202  -5.619 0.6999999881
3253  -22.120  -77.194  -5.040 0.6999999881
114968  -19.481  -74.001  0.838 0.5000000000
5059  -20.011  -73.032  -0.084 0.6000000238
5638  -19.713  -71.964  -1.829 0.6000000238
5616  -20.668  -72.850  -0.625 0.6000000238
6222  -21.118  -72.170  -1.625 0.6000000238
4155  -20.506  -75.165  0.266 0.6000000238
5061  -21.105  -73.353  -0.748 0.6000000238
4163  -20.366  -75.329  -0.640 0.6000000238
1972  -19.275  -80.278  -5.482 0.6999999881
4162  -19.688  -75.941  -0.932 0.6999999881
2371  -19.576  -79.583  -4.661 0.6999999881
1973  -20.229  -80.644  -5.332 0.6999999881
109859  -21.016  -80.746  -5.289 0.6999999881
109346  -20.039  -75.424  -1.689 0.6999999881
1963  -19.905  -80.255  -4.801 0.6999999881
1975  -22.549  -80.799  -5.425 0.6999999881
110103  -19.364  -76.064  -2.115 0.6999999881
102886  -20.527  -74.661  -3.271 0.6999999881
2370  -19.081  -78.749  -4.960 0.6999999881
2372  -20.373  -79.715  -4.251 0.6999999881
1964  -20.795  -80.411  -4.540 0.6999999881
1965  -22.185  -80.477  -4.399 0.6999999881
4185  -19.695  -75.020  -4.081 0.6999999881
118015  -20.505  -74.848  -4.523 0.6999999881
98175  -20.142  -78.878  -4.420 0.6999999881
1956  -21.891  -80.110  -3.717 0.6999999881
97425  -21.363  -76.027  -6.187 0.6999999881
2819  -20.993  -78.676  -4.026 0.6999999881
2807  -20.792  -79.205  -3.851 0.6999999881
3731  -21.525  -76.520  -6.056 0.6999999881
3252  -21.572  -77.960  -4.689 0.6999999881
2793  -22.113  -79.198  -3.016 0.6999999881
2809  -22.041  -78.651  -3.057 0.6999999881
3706  -22.546  -77.018  -4.200 0.6999999881
107849  -18.995  -72.884  -0.511 0.5000000000
5637  -18.714  -72.595  -1.519 0.6000000238
6237  -19.106  -71.577  -2.861 0.6000000238
5656  -18.376  -72.233  -2.365 0.5000000000
6256  -19.855  -71.375  -3.760 0.6000000238
5636  -17.112  -72.433  -1.876 0.5000000000
5077  -17.744  -72.900  -1.236 0.5000000000
6238  -20.332  -71.510  -2.519 0.6000000238
6284  -19.949  -71.342  -6.334 0.6000000238
6240  -21.685  -71.683  -3.244 0.6000000238
6257  -21.099  -71.432  -4.109 0.6000000238
4618  -21.230  -74.063  -1.150 0.6000000238
100802  -20.673  -74.820  -1.341 0.6999999881
5093  -21.899  -72.995  -2.341 0.6999999881
4627  -21.047  -74.466  -2.131 0.6999999881
4628  -21.619  -73.799  -2.146 0.6999999881
1976  -23.439  -80.659  -5.322 0.6999999881
116759  -21.309  -74.509  -4.342 0.6999999881
99908  -21.367  -74.155  -3.085 0.6999999881
1966  -23.065  -80.527  -4.558 0.6999999881
1977  -24.210  -80.535  -5.769 0.6999999881
4649  -22.169  -74.812  -5.292 0.6999999881
2373  -23.515  -80.116  -3.892 0.6999999881
2378  -24.668  -80.030  -5.042 0.6999999881
1987  -24.865  -80.523  -6.578 0.6999999881
4206  -23.030  -75.852  -6.247 0.6000000238
117402  -22.977  -79.847  -3.427 0.6999999881
2374  -24.317  -79.902  -4.212 0.6999999881
2379  -25.419  -79.588  -5.340 0.6999999881
2388  -24.992  -80.164  -5.799 0.6999999881
2389  -25.587  -79.905  -6.379 0.6999999881
98276  -22.258  -76.153  -6.205 0.6999999881
2354  -22.764  -79.380  -2.931 0.6999999881
2355  -23.379  -79.034  -2.609 0.6000000238
2365  -24.656  -79.460  -3.661 0.6999999881
2375  -25.028  -79.524  -4.462 0.6999999881
117645  -23.140  -76.587  -4.699 0.6000000238
3240  -22.149  -77.854  -3.763 0.6999999881
3225  -22.573  -78.014  -2.762 0.6999999881
101550  -22.646  -78.772  -2.696 0.6999999881
2794  -23.205  -78.263  -2.282 0.6000000238
2796  -25.135  -78.275  -2.584 0.6000000238
3707  -23.042  -76.627  -3.460 0.6000000238
3688  -22.668  -77.237  -3.031 0.6000000238
2782  -23.781  -77.783  -1.761 0.6000000238
3212  -24.276  -77.102  -1.545 0.5000000000
3227  -24.616  -77.828  -1.895 0.5000000000
3228  -25.472  -77.593  -2.276 0.5000000000
4164  -23.542  -76.145  -1.704 0.6000000238
3674  -24.036  -76.326  -1.222 0.5000000000
6255  -18.414  -71.411  -3.916 0.6000000238
6254  -17.516  -71.258  -3.988 0.6000000238
6823  -19.162  -71.038  -6.399 0.5000000000
7858  -19.878  -69.664  -5.824 0.6999999881
5655  -17.359  -72.196  -2.451 0.5000000000
6235  -17.302  -71.498  -2.886 0.6000000238
6816  -17.286  -70.637  -4.553 0.6000000238
6220  -16.676  -71.766  -1.671 0.6000000238
5635  -16.843  -72.047  -2.222 0.6000000238
6824  -20.269  -71.122  -6.600 0.4000000060
6784  -16.898  -71.508  -2.247 0.6000000238
112604  -20.790  -71.295  -6.513 0.5000000000
6273  -21.203  -71.490  -5.681 0.6000000238
6258  -22.068  -71.731  -4.319 0.6000000238
5108  -21.819  -73.525  -3.107 0.6999999881
103679  -22.140  -72.826  -3.288 0.6000000238
4639  -22.802  -74.070  -5.114 0.6999999881
4657  -22.844  -75.128  -5.890 0.6000000238
5138  -23.605  -74.638  -6.237 0.6000000238
3719  -23.439  -76.238  -5.614 0.6000000238
2811  -25.593  -78.512  -3.428 0.6000000238
100622  -25.828  -78.645  -4.128 0.6000000238
2832  -25.908  -78.966  -5.291 0.6999999881
2380  -25.906  -79.257  -5.865 0.6999999881
2390  -26.218  -79.221  -6.587 0.6999999881
4186  -23.719  -76.090  -4.366 0.6000000238
3241  -25.921  -77.908  -3.041 0.6000000238
2399  -26.529  -79.128  -7.569 0.6999999881
118385  -23.710  -75.534  -1.716 0.6000000238
114393  -25.009  -77.201  -1.758 0.4000000060
3229  -26.236  -77.244  -2.712 0.4000000060
3242  -26.528  -77.449  -3.547 0.5000000000
2812  -26.216  -78.143  -3.881 0.6000000238
3263  -26.708  -78.003  -5.328 0.6000000238
2840  -26.821  -78.556  -6.825 0.6000000238
4165  -23.870  -75.604  -1.116 0.5000000000
114631  -24.815  -74.876  -0.503 0.5000000000
3665  -24.627  -75.642  -0.792 0.5000000000
3675  -24.985  -76.493  -1.320 0.5000000000
3709  -27.403  -76.304  -3.603 0.4000000060
3243  -26.979  -76.855  -4.023 0.6000000238
115625  -18.845  -69.362  -5.337 0.6000000238
6822  -18.246  -71.087  -6.216 0.6000000238
7859  -21.100  -69.379  -6.014 0.6000000238
6806  -17.218  -70.634  -3.774 0.6000000238
115828  -17.229  -69.254  -4.273 0.5000000000
8481  -17.692  -67.658  -4.347 0.6000000238
8473  -17.490  -67.860  -3.982 0.6000000238
7307  -20.705  -70.490  -6.485 0.6000000238
6785  -16.926  -71.174  -1.974 0.6999999881
7821  -17.521  -68.495  -3.627 0.6000000238
8459  -17.818  -67.306  -3.607 0.6000000238
113816  -21.331  -71.169  -6.683 0.5000000000
7308  -21.681  -69.995  -6.420 0.6000000238
6786  -17.129  -70.817  -1.527 0.6000000238
7803  -18.331  -68.277  -2.791 0.6999999881
6285  -21.841  -71.496  -6.508 0.5000000000
7254  -18.031  -70.102  -1.786 0.6999999881
6274  -22.557  -71.895  -5.554 0.6000000238
7229  -18.633  -69.742  -0.718 0.6000000238
100643  -22.786  -72.936  -4.390 0.6000000238
5688  -23.211  -72.717  -5.403 0.6000000238
5127  -23.608  -73.284  -6.515 0.6000000238
5139  -23.840  -73.947  -6.983 0.6000000238
4208  -24.048  -75.245  -6.343 0.6000000238
4650  -24.585  -74.992  -5.686 0.6000000238
104881  -24.527  -72.988  -1.671 0.6000000238
4175  -24.155  -75.365  -3.419 0.6000000238
5641  -24.499  -72.637  -0.977 0.6000000238
4607  -24.239  -74.412  -1.098 0.6000000238
3255  -27.289  -76.834  -4.831 0.6000000238
3264  -27.086  -77.357  -5.470 0.6000000238
3744  -27.412  -77.168  -6.384 0.6000000238
4608  -24.593  -74.080  -0.604 0.5000000000
4158  -25.617  -75.169  -0.613 0.5000000000
3666  -25.480  -75.864  -1.032 0.5000000000
3745  -27.845  -76.285  -6.666 0.6000000238
4199  -27.973  -75.827  -4.094 0.4000000060
112912  -27.941  -76.096  -5.008 0.6000000238
3734  -27.567  -76.636  -5.688 0.6000000238
8482  -18.520  -67.528  -4.582 0.6000000238
101541  -19.228  -66.731  -4.333 0.5000000000
8483  -19.944  -67.681  -4.708 0.6000000238
9134  -21.529  -66.964  -4.875 0.5000000000
7849  -18.165  -68.513  -4.893 0.6000000238
9133  -19.932  -66.023  -4.217 0.6000000238
7850  -20.575  -68.580  -5.369 0.5000000000
8484  -21.084  -67.737  -5.040 0.5000000000
7851  -21.564  -68.624  -5.439 0.5000000000
9131  -18.007  -66.616  -4.283 0.5000000000
9126  -18.209  -66.124  -3.786 0.5000000000
7860  -21.835  -69.277  -5.960 0.6000000238
7804  -19.132  -68.217  -1.710 0.6999999881
8443  -18.675  -67.050  -2.570 0.6000000238
8444  -19.401  -67.389  -1.518 0.6000000238
6287  -23.611  -72.296  -7.308 0.5000000000
7230  -19.225  -69.565  0.275 0.5000000000
99607  -19.612  -68.065  -0.698 0.6999999881
6286  -23.191  -72.307  -6.717 0.5000000000
118168  -24.377  -73.785  -7.189 0.5000000000
4659  -24.397  -74.472  -6.652 0.6000000238
5674  -25.126  -72.910  -3.981 0.6000000238
98982  -25.027  -74.094  -4.876 0.5000000000
5642  -24.931  -72.277  -1.825 0.6000000238
5110  -24.881  -73.878  -3.377 0.6000000238
5063  -25.145  -73.444  -0.139 0.5000000000
4189  -28.568  -75.217  -3.695 0.5000000000
4200  -28.622  -75.381  -4.654 0.5000000000
4209  -28.548  -75.451  -5.718 0.6000000238
104249  -28.256  -75.701  -6.443 0.6000000238
9718  -21.397  -65.424  -4.711 0.6000000238
102023  -21.046  -66.164  -4.694 0.6000000238
10272  -20.591  -64.766  -4.106 0.6000000238
8485  -21.946  -67.871  -4.875 0.5000000000
9716  -19.485  -65.067  -3.926 0.6000000238
10261  -18.595  -64.830  -3.114 0.6999999881
7297  -22.407  -69.232  -5.184 0.6000000238
9120  -18.679  -65.994  -2.586 0.6000000238
9709  -18.533  -65.386  -2.860 0.6000000238
7309  -22.463  -69.759  -6.145 0.6000000238
8406  -19.795  -67.073  -0.772 0.6000000238
9098  -19.722  -66.043  -0.833 0.6000000238
6829  -23.249  -70.993  -7.001 0.5000000000
5719  -24.597  -72.742  -7.377 0.5000000000
101017  -19.624  -69.322  1.102 0.5000000000
99306  -19.671  -68.754  0.237 0.6000000238
5128  -25.081  -74.216  -6.161 0.5000000000
6259  -25.631  -71.867  -3.886 0.6000000238
115818  -25.222  -71.600  -0.721 0.5000000000
6223  -24.858  -71.938  -0.877 0.5000000000
4652  -30.042  -74.331  -5.114 0.6000000238
4651  -29.198  -74.843  -5.321 0.6000000238
10273  -21.705  -64.670  -4.656 0.6000000238
9719  -22.357  -65.335  -5.121 0.5000000000
9136  -22.749  -66.618  -4.894 0.5000000000
111059  -21.995  -64.082  -4.611 0.6999999881
9127  -22.652  -67.156  -4.238 0.5000000000
10263  -19.431  -64.057  -3.096 0.6999999881
115504  -19.736  -64.574  -3.723 0.6000000238
8474  -22.386  -67.720  -3.953 0.5000000000
9710  -18.914  -64.809  -2.651 0.6000000238
101650  -22.197  -68.774  -4.621 0.5000000000
7298  -23.278  -69.647  -4.679 0.6000000238
9692  -19.621  -65.160  -0.643 0.6999999881
99330  -24.064  -70.047  -5.540 0.6000000238
9083  -19.868  -65.684  0.095 0.6000000238
7310  -24.857  -70.223  -6.489 0.6000000238
106797  -20.048  -67.070  1.484 0.6999999881
8407  -19.963  -67.116  0.759 0.6999999881
5733  -24.455  -72.284  -7.528 0.5000000000
6833  -24.151  -71.152  -7.346 0.5000000000
7766  -19.902  -68.459  1.077 0.6000000238
115237  -25.007  -72.195  -7.114 0.5000000000
7731  -19.440  -68.231  2.396 0.5000000000
110158  -25.781  -71.464  -5.833 0.6000000238
5704  -25.257  -72.419  -6.194 0.5000000000
110535  -18.933  -68.281  2.681 0.6000000238
5689  -25.536  -72.127  -5.045 0.5000000000
5659  -25.247  -72.381  -2.935 0.6000000238
6773  -25.644  -71.256  -0.555 0.5000000000
10275  -23.358  -64.333  -5.325 0.6999999881
10279  -23.237  -65.138  -5.405 0.5000000000
9138  -22.988  -65.946  -5.339 0.5000000000
10821  -22.808  -63.205  -4.173 0.8000000119
10830  -22.666  -63.841  -4.737 0.6999999881
9720  -23.477  -66.178  -4.968 0.5000000000
9128  -23.211  -66.730  -4.023 0.5000000000
10810  -21.191  -63.465  -2.696 0.6999999881
97582  -21.950  -63.275  -3.436 0.6999999881
10820  -21.918  -63.624  -4.188 0.8000000119
10803  -19.664  -64.057  -2.565 0.6999999881
8445  -23.015  -67.215  -2.375 0.5000000000
10258  -20.349  -63.935  -0.814 0.6999999881
10257  -19.896  -64.238  -1.582 0.6999999881
7282  -22.630  -69.201  -4.000 0.6000000238
7822  -22.768  -68.401  -2.893 0.5000000000
10228  -20.086  -64.587  0.686 0.6000000238
9678  -19.808  -64.896  0.161 0.6000000238
111614  -25.325  -69.830  -5.751 0.6000000238
9061  -20.231  -66.284  1.616 0.6999999881
9084  -20.002  -66.357  0.837 0.6999999881
6296  -25.255  -71.166  -7.102 0.6000000238
7315  -25.193  -70.485  -6.811 0.6000000238
8366  -20.068  -67.138  2.174 0.6000000238
6276  -26.081  -70.642  -6.106 0.6000000238
117678  -26.211  -71.285  -3.795 0.6000000238
107562  -18.479  -67.670  2.973 0.6000000238
6241  -25.823  -71.647  -2.771 0.6000000238
106637  -25.491  -71.511  -1.416 0.5000000000
11444  -23.808  -63.084  -4.534 0.6000000238
118071  -24.961  -64.041  -5.766 0.5000000000
115009  -24.993  -64.686  -5.791 0.5000000000
105539  -23.590  -66.088  -3.205 0.5000000000
11416  -22.711  -62.856  -3.232 0.8000000119
9711  -23.551  -65.991  -2.131 0.5000000000
97817  -20.946  -63.545  -1.069 0.6999999881
7283  -23.413  -69.404  -3.773 0.6000000238
8964  -15.384  -66.660  5.785 0.6000000238
101725  -20.293  -64.028  0.101 0.8000000119
105935  -17.020  -66.549  5.955 0.6000000238
9656  -20.335  -64.553  1.476 0.6999999881
105993  -20.762  -63.587  1.214 0.8000000119
7299  -24.437  -69.696  -4.648 0.6000000238
8990  -16.690  -66.491  4.257 0.6000000238
9647  -20.658  -65.661  2.979 0.6000000238
6826  -26.027  -70.190  -6.140 0.6000000238
100469  -26.618  -69.913  -5.517 0.6000000238
113324  -18.816  -66.552  4.212 0.6000000238
8345  -18.762  -67.037  3.605 0.6000000238
9020  -20.246  -66.496  3.362 0.6000000238
6275  -26.336  -70.885  -4.960 0.6000000238
6818  -27.267  -69.704  -4.906 0.6000000238
8364  -19.188  -67.654  2.939 0.5000000000
108675  -27.011  -70.635  -2.473 0.5000000000
6224  -26.436  -70.848  -1.343 0.5000000000
6787  -27.567  -70.260  -2.002 0.5000000000
10833  -25.520  -63.455  -5.612 0.5000000000
10839  -25.831  -64.394  -5.846 0.5000000000
11431  -23.477  -62.728  -3.728 0.6000000238
11445  -24.686  -62.826  -4.922 0.5000000000
115879  -22.790  -62.788  -2.425 0.8000000119
11417  -23.402  -62.541  -2.840 0.6999999881
11401  -22.399  -62.874  -1.540 0.8000000119
10791  -20.914  -63.552  -0.123 0.8000000119
7823  -23.362  -68.493  -2.595 0.6000000238
9113  -23.314  -66.562  -1.763 0.5000000000
8929  -15.572  -66.142  7.338 0.6000000238
113378  -21.089  -63.371  0.533 0.8000000119
7805  -23.811  -68.116  -1.898 0.5000000000
114840  -17.848  -65.963  7.270 0.6999999881
8946  -15.924  -66.486  6.615 0.6000000238
10216  -20.642  -64.126  2.170 0.8000000119
115646  -25.513  -69.544  -5.127 0.6000000238
7838  -24.918  -68.817  -3.413 0.6000000238
7824  -24.320  -68.529  -2.525 0.6000000238
8949  -18.391  -65.934  6.852 0.6000000238
7301  -27.313  -69.239  -4.931 0.6000000238
7300  -26.410  -69.446  -5.329 0.6000000238
7839  -26.193  -68.473  -3.987 0.6000000238
8992  -18.450  -66.279  4.817 0.6000000238
111213  -20.559  -65.937  3.756 0.6000000238
10204  -20.851  -64.681  2.997 0.5000000000
6819  -27.896  -69.072  -4.842 0.6000000238
9019  -19.492  -66.630  3.899 0.6000000238
6797  -27.866  -70.123  -3.184 0.6000000238
104041  -28.438  -69.365  -3.709 0.6000000238
7270  -28.447  -69.563  -2.752 0.5000000000
7256  -28.262  -69.666  -1.526 0.5000000000
7242  -27.785  -69.944  -0.249 0.5000000000
7231  -28.378  -69.685  0.534 0.5000000000
11432  -24.970  -62.252  -4.239 0.6000000238
11402  -23.287  -62.507  -1.886 0.6999999881
9573  -14.452  -65.384  8.327 0.6000000238
9590  -15.117  -65.722  7.856 0.6000000238
11385  -22.289  -62.646  -0.431 0.8000000119
8446  -23.432  -67.438  -1.458 0.5000000000
9575  -16.149  -64.898  8.086 0.6000000238
11373  -21.825  -62.453  1.035 0.8000000119
8447  -24.206  -67.821  -1.146 0.5000000000
9592  -16.704  -65.525  7.759 0.6999999881
10756  -21.060  -63.037  2.542 0.8000000119
7825  -25.470  -68.318  -2.830 0.6000000238
7806  -24.786  -68.150  -1.865 0.6000000238
9606  -18.835  -65.315  6.976 0.8000000119
10755  -20.937  -63.767  2.818 0.6999999881
7852  -26.780  -68.781  -4.864 0.6000000238
7826  -26.762  -67.854  -3.418 0.6000000238
9618  -19.066  -65.732  6.323 0.6999999881
9619  -19.812  -65.480  5.849 0.6999999881
97648  -20.816  -65.198  3.877 0.6000000238
7854  -27.920  -68.693  -4.782 0.6000000238
98930  -27.380  -67.363  -2.624 0.6000000238
8993  -19.357  -66.273  4.584 0.6000000238
8463  -28.407  -67.502  -3.270 0.5000000000
7271  -28.808  -68.572  -3.460 0.5000000000
97509  -24.285  -62.298  -3.349 0.6000000238
12012  -25.169  -61.809  -3.587 0.5000000000
10141  -13.297  -64.701  9.195 0.6000000238
11403  -24.096  -62.215  -2.283 0.6999999881
10146  -13.941  -64.948  8.843 0.6000000238
11386  -23.059  -62.338  -0.937 0.6999999881
11983  -23.599  -61.755  -0.429 0.6000000238
10148  -15.532  -64.336  8.217 0.6000000238
10688  -14.898  -63.784  8.268 0.6000000238
11982  -22.910  -62.179  0.014 0.6000000238
11972  -22.596  -61.969  0.864 0.6999999881
10159  -16.995  -64.612  7.811 0.8000000119
11361  -21.472  -62.490  1.700 0.6999999881
11961  -22.141  -61.759  1.709 0.6000000238
10160  -17.929  -64.739  7.598 0.8000000119
11342  -21.444  -62.385  3.071 0.8000000119
11939  -21.824  -61.497  3.502 0.6999999881
10174  -19.766  -64.359  6.549 0.6999999881
9608  -20.221  -64.784  6.126 0.6999999881
10184  -21.194  -63.794  5.141 0.6000000238
11330  -21.666  -62.369  4.173 0.8000000119
104801  -13.305  -63.870  9.138 0.6000000238
10687  -14.057  -64.088  8.803 0.6000000238
103993  -15.727  -63.641  7.701 0.6999999881
12579  -23.430  -60.340  1.620 0.6000000238
103098  -16.663  -63.822  7.495 0.6999999881
10709  -17.115  -63.372  6.896 0.6999999881
11952  -22.011  -61.247  2.535 0.6999999881
11940  -22.085  -60.718  3.240 0.6000000238
10695  -18.435  -64.101  7.179 0.8000000119
112330  -18.935  -62.580  6.211 0.6000000238
11294  -19.594  -63.095  6.396 0.5000000000
11923  -21.749  -61.552  4.490 0.6999999881
12552  -22.043  -60.757  3.984 0.6999999881
12553  -22.297  -60.155  3.459 0.6000000238
10711  -19.252  -63.842  6.755 0.8000000119
107414  -20.465  -62.165  5.754 0.6000000238
11315  -21.490  -62.394  5.032 0.6000000238
10685  -12.182  -63.242  9.217 0.6000000238
11270  -12.880  -63.108  8.646 0.6000000238
11276  -14.173  -62.872  7.278 0.6999999881
111027  -13.615  -63.418  8.595 0.6000000238
10693  -14.912  -63.212  7.611 0.6999999881
10707  -15.484  -63.107  6.898 0.6999999881
10708  -16.289  -63.285  6.908 0.6999999881
98327  -17.074  -62.488  5.643 0.6000000238
12565  -22.497  -60.381  2.789 0.6000000238
102507  -17.990  -62.454  5.818 0.6000000238
11313  -19.651  -62.345  5.992 0.6000000238
13202  -23.000  -59.356  2.237 0.5000000000
13187  -21.857  -59.422  3.830 0.6000000238
13852  -22.652  -58.937  2.539 0.5000000000
13861  -22.558  -58.333  2.019 0.5000000000
13186  -21.194  -59.125  4.085 0.6000000238
13839  -21.686  -58.815  3.449 0.5000000000
11268  -11.164  -62.169  8.114 0.6000000238
11269  -12.009  -62.513  8.301 0.6000000238
11275  -13.508  -62.860  7.904 0.6999999881
11274  -12.629  -62.518  7.552 0.6999999881
11289  -14.135  -62.724  6.094 0.6999999881
111778  -14.775  -62.921  6.794 0.6999999881
11310  -15.463  -62.704  5.320 0.6000000238
11311  -16.273  -62.641  5.442 0.5000000000
115234  -17.325  -62.018  5.387 0.6999999881
11938  -16.842  -60.967  4.655 0.6000000238
11906  -17.961  -61.759  5.351 0.6000000238
11907  -18.781  -61.250  5.412 0.6000000238
12538  -18.819  -60.484  4.886 0.6000000238
12539  -20.005  -60.239  5.064 0.6000000238
13185  -20.182  -58.978  4.057 0.5000000000
13837  -19.724  -58.572  3.180 0.5000000000
14455  -20.808  -57.887  1.914 0.5000000000
12498  -9.596  -60.287  7.008 0.6999999881
12510  -9.523  -60.343  5.741 0.6999999881
12509  -8.888  -59.607  6.379 0.6999999881
104735  -11.020  -61.717  7.397 0.6000000238
11892  -10.776  -61.224  6.070 0.6999999881
12525  -8.905  -60.121  4.281 0.6999999881
12535  -8.678  -59.723  3.264 0.6000000238
11273  -11.648  -62.126  7.170 0.6999999881
11272  -11.131  -61.620  6.528 0.6999999881
11905  -10.624  -61.182  5.074 0.6999999881
99720  -9.427  -60.580  3.854 0.6999999881
11288  -12.420  -62.294  6.423 0.6999999881
11287  -11.628  -62.026  5.958 0.6999999881
99555  -10.228  -60.991  4.086 0.6999999881
11309  -14.582  -62.642  5.268 0.6999999881
11328  -15.876  -62.241  4.902 0.6000000238
12550  -16.802  -60.402  3.975 0.6000000238
12564  -16.774  -59.837  3.155 0.6000000238
11922  -17.906  -61.118  5.010 0.6000000238
12537  -17.636  -60.583  4.453 0.6000000238
114930  -17.459  -59.886  3.706 0.6000000238
12551  -18.387  -59.807  4.145 0.5000000000
13183  -18.062  -59.294  3.322 0.6000000238
13200  -17.803  -59.136  2.248 0.6000000238
13184  -19.043  -59.063  3.751 0.5000000000
108815  -18.659  -58.703  2.748 0.5000000000
13847  -18.425  -58.700  1.546 0.5000000000
12497  -8.821  -59.743  7.488 0.6999999881
107936  -8.761  -59.631  5.259 0.6999999881
12524  -8.573  -59.268  4.410 0.6000000238
13822  -8.850  -58.912  3.656 0.6000000238
13833  -8.928  -59.292  2.983 0.6000000238
13834  -9.171  -59.542  2.631 0.4000000060
11916  -9.606  -60.656  3.135 0.6000000238
12536  -8.922  -60.197  3.291 0.5000000000
13179  -8.946  -59.726  2.575 0.5000000000
106408  -10.367  -59.937  2.216 0.4000000060
105471  -11.271  -59.789  3.148 0.5000000000
98635  -13.346  -62.566  6.849 0.6999999881
100157  -12.306  -62.124  5.333 0.8000000119
11305  -11.061  -61.550  4.295 0.6999999881
113311  -10.307  -61.039  2.788 0.5000000000
12558  -10.290  -60.393  2.399 0.4000000060
100800  -11.059  -59.844  2.049 0.4000000060
13846  -12.866  -58.977  1.930 0.4000000060
97828  -13.141  -62.357  5.716 0.8000000119
11325  -13.001  -61.961  4.445 0.8000000119
11323  -11.791  -61.727  3.952 0.8000000119
11339  -11.841  -61.656  3.471 0.8000000119
98843  -11.680  -61.450  2.779 0.6000000238
117466  -11.598  -61.047  2.060 0.5000000000
98636  -11.322  -59.990  1.225 0.4000000060
13198  -11.792  -59.572  1.308 0.4000000060
11308  -13.655  -62.454  5.074 0.6999999881
11327  -14.967  -62.285  4.797 0.8000000119
11918  -14.288  -61.725  4.281 0.6999999881
11936  -15.270  -60.630  3.462 0.5000000000
12573  -12.062  -60.504  0.851 0.5000000000
13219  -11.964  -59.653  0.801 0.4000000060
13845  -12.715  -59.011  1.329 0.4000000060
11919  -15.363  -61.524  4.326 0.6000000238
11937  -16.116  -60.877  4.190 0.5000000000
12548  -15.621  -60.184  2.741 0.5000000000
12563  -16.220  -59.847  2.497 0.6000000238
116789  -17.357  -59.465  2.950 0.6000000238
105065  -17.591  -59.169  0.897 0.6000000238
13141  -8.260  -58.838  5.699 0.5000000000
13152  -8.299  -58.559  4.989 0.5000000000
13806  -8.475  -58.327  4.696 0.4000000060
13823  -8.967  -58.749  3.678 0.5000000000
13824  -9.436  -59.103  3.411 0.5000000000
13166  -10.693  -59.487  3.665 0.5000000000
13808  -11.735  -59.431  4.570 0.5000000000
13167  -12.418  -59.574  4.059 0.5000000000
13825  -13.788  -59.027  4.047 0.5000000000
115962  -12.965  -59.299  2.824 0.5000000000
13836  -14.091  -58.152  3.375 0.5000000000
11340  -12.376  -61.699  3.827 0.6999999881
11933  -12.077  -61.579  3.121 0.6000000238
12560  -13.154  -60.679  2.018 0.5000000000
11949  -11.968  -61.228  2.236 0.5000000000
14453  -13.039  -57.304  2.193 0.5000000000
14443  -13.460  -57.451  2.501 0.5000000000
11326  -13.964  -62.250  4.687 0.8000000119
11341  -13.245  -61.768  4.186 0.6999999881
11935  -13.653  -61.388  3.755 0.6000000238
12574  -12.824  -60.519  1.202 0.5000000000
13220  -12.478  -59.629  0.690 0.4000000060
13869  -12.821  -58.772  1.401 0.5000000000
14452  -13.089  -57.769  1.693 0.4000000060
14454  -13.358  -56.589  2.144 0.5000000000
12562  -14.927  -60.375  2.443 0.5000000000
12576  -14.623  -60.286  1.556 0.5000000000
12575  -13.763  -60.504  1.389 0.6000000238
13221  -13.506  -59.759  0.588 0.5000000000
13870  -13.242  -58.901  0.763 0.5000000000
14473  -13.440  -57.720  1.034 0.5000000000
12577  -15.556  -59.933  1.837 0.5000000000
13210  -15.202  -59.733  0.992 0.5000000000
12592  -14.256  -60.134  0.885 0.5000000000
13872  -14.807  -59.039  0.286 0.5000000000
13212  -16.722  -59.392  0.928 0.6000000238
13223  -16.191  -59.276  0.116 0.6000000238
13790  -7.378  -58.209  6.226 0.5000000000
13805  -7.860  -58.127  5.516 0.5000000000
14419  -8.656  -57.604  5.007 0.4000000060
14434  -9.375  -58.306  4.348 0.4000000060
13789  -7.014  -58.099  6.625 0.5000000000
14418  -8.024  -57.672  5.392 0.4000000060
13807  -10.505  -58.829  4.578 0.6000000238
104625  -12.743  -59.451  5.152 0.5000000000
101711  -13.434  -59.354  5.449 0.4000000060
13826  -14.542  -58.678  4.527 0.4000000060
13827  -15.314  -58.401  4.947 0.4000000060
15122  -7.755  -57.166  5.921 0.4000000060
15123  -8.395  -57.014  5.562 0.4000000060
14420  -9.277  -57.598  4.959 0.4000000060
14421  -9.937  -57.727  5.123 0.5000000000
111969  -11.439  -59.012  5.416 0.5000000000
15125  -9.731  -57.045  5.513 0.4000000060
14406  -10.327  -57.278  5.883 0.4000000060
14407  -11.003  -57.961  6.701 0.5000000000
13792  -12.652  -59.005  6.743 0.4000000060
13142  -13.139  -59.305  6.079 0.4000000060
13154  -13.949  -59.229  6.088 0.4000000060
13809  -14.836  -58.934  5.796 0.4000000060
15097  -7.935  -56.057  6.655 0.4000000060
15115  -8.906  -56.456  5.930 0.4000000060
109302  -9.509  -56.622  5.860 0.4000000060
15822  -9.031  -55.655  7.243 0.4000000060
15116  -10.021  -56.617  6.139 0.4000000060
15117  -10.626  -57.112  6.935 0.4000000060
14391  -11.582  -57.514  7.609 0.5000000000
14408  -12.060  -58.401  7.314 0.5000000000
13793  -13.604  -59.073  6.928 0.4000000060
15101  -11.282  -56.619  7.719 0.4000000060
15103  -13.221  -56.901  8.060 0.4000000060
14393  -13.682  -57.808  7.971 0.4000000060
13778  -14.130  -58.512  7.550 0.4000000060
13794  -14.541  -58.896  6.836 0.4000000060
15812  -7.742  -55.224  7.721 0.4000000060
15813  -8.510  -55.187  7.802 0.3000000119
15823  -9.977  -55.714  7.554 0.3000000119
15100  -10.322  -56.368  7.151 0.4000000060
16566  -9.419  -54.044  9.169 0.4000000060
16576  -9.007  -54.578  8.461 0.3000000119
15814  -9.525  -55.118  8.025 0.3000000119
15824  -10.999  -55.857  7.947 0.4000000060
15816  -12.371  -55.329  8.428 0.5000000000
15093  -12.796  -56.058  8.136 0.4000000060
15104  -14.180  -56.911  7.918 0.4000000060
14396  -16.558  -57.647  7.474 0.3000000119
17271  -12.519  -53.967  8.527 0.5000000000
16578  -12.599  -54.766  8.479 0.5000000000
15825  -13.651  -55.964  7.875 0.4000000060
104686  -14.576  -56.075  7.636 0.4000000060
15105  -15.155  -56.908  7.829 0.3000000119
17260  -9.649  -53.342  9.360 0.4000000060
17269  -10.403  -53.639  9.245 0.4000000060
102903  -10.937  -54.323  8.994 0.5000000000
106687  -11.803  -54.628  8.715 0.5000000000
17969  -10.082  -52.878  9.262 0.4000000060
17270  -11.536  -53.539  8.936 0.5000000000
17988  -12.388  -52.942  8.412 0.5000000000
16584  -13.782  -54.388  7.491 0.4000000060
104851  -14.916  -55.284  7.220 0.3000000119
17987  -11.573  -52.580  8.697 0.3000000119
17281  -13.054  -53.103  7.741 0.3000000119
114798  -8.655  -54.188  8.956 0.4000000060
18744  -9.963  -52.070  9.014 0.3000000119
18767  -10.083  -51.303  8.381 0.4000000060
17283  -14.283  -53.738  6.942 0.3000000119
101043  -8.923  -51.889  9.232 0.3000000119
19602  -9.699  -50.542  8.032 0.3000000119
114069  -17.862  -71.298  -4.782 0.6000000238
7294  -17.400  -70.051  -4.922 0.5000000000
12540  -20.993  -60.349  5.011 0.6000000238
11909  -20.809  -61.509  5.487 0.6000000238
100317  -16.810  -78.831  -3.223 0.5000000000
3686  -17.966  -76.680  -3.243 0.6000000238
3664  -19.457  -76.475  -0.086 0.5000000000
3703  -17.405  -76.172  -4.547 0.6999999881
115509  -17.163  -77.165  -5.465 0.6999999881
4196  -19.993  -75.328  -5.172 0.6999999881
99168  -20.075  -76.865  -5.807 0.6999999881
5657  -21.867  -72.251  -2.711 0.5000000000
2361  -21.191  -79.803  -3.821 0.6999999881
4197  -21.194  -75.362  -5.460 0.6999999881
2362  -21.766  -79.574  -3.417 0.6999999881
3718  -22.761  -76.625  -5.383 0.6999999881
6283  -18.889  -71.277  -6.026 0.6000000238
117209  -24.040  -79.744  -3.536 0.6999999881
4207  -23.516  -75.740  -6.116 0.6000000238
4174  -23.594  -75.968  -2.643 0.6000000238
3673  -23.530  -76.901  -1.708 0.5000000000
98878  -17.225  -70.259  -3.557 0.6999999881
4187  -24.303  -75.477  -4.709 0.6000000238
3254  -26.732  -77.594  -4.541 0.6000000238
3270  -26.973  -77.928  -6.134 0.6000000238
4629  -23.866  -75.091  -2.174 0.5000000000
110017  -25.402  -74.331  -0.328 0.5000000000
108512  -27.523  -76.407  -4.300 0.5000000000
7820  -17.204  -68.894  -3.979 0.6000000238
7267  -17.737  -69.334  -2.815 0.6999999881
7314  -22.405  -70.513  -6.699 0.6000000238
4640  -24.650  -74.768  -4.135 0.5000000000
5079  -24.390  -73.577  -1.150 0.6000000238
4630  -24.409  -74.527  -2.776 0.5000000000
5062  -24.615  -73.071  -0.514 0.5000000000
4641  -29.318  -74.673  -4.217 0.5000000000
117940  -19.450  -64.919  -2.098 0.6000000238
8461  -23.095  -67.942  -2.294 0.5000000000
100413  -16.062  -66.651  4.975 0.6000000238
8344  -17.607  -66.923  3.256 0.6000000238
6260  -26.906  -70.626  -3.636 0.6000000238
8966  -17.666  -66.365  5.476 0.6000000238
10767  -21.016  -63.147  1.780 0.8000000119
8968  -19.221  -66.017  5.423 0.6000000238
7840  -27.476  -68.230  -4.517 0.6000000238
9634  -20.472  -65.743  4.299 0.6000000238
7286  -28.409  -68.827  -4.448 0.6000000238
11951  -21.712  -62.015  2.161 0.8000000119
7807  -25.957  -67.865  -2.158 0.6000000238
10196  -21.265  -63.821  4.403 0.6000000238
10195  -20.983  -64.581  4.703 0.6999999881
10727  -20.915  -63.584  5.752 0.6000000238
11312  -18.835  -61.979  5.770 0.6000000238
11910  -21.444  -61.539  5.129 0.6999999881
12526  -19.552  -60.829  5.360 0.6000000238
13838  -20.801  -58.600  3.447 0.5000000000
11920  -16.352  -61.581  4.725 0.5000000000
13848  -19.284  -58.235  2.137 0.5000000000
11881  -10.190  -60.831  7.611 0.6999999881
11882  -10.751  -61.254  7.060 0.6000000238
11904  -9.869  -60.709  4.796 0.6999999881
11306  -11.700  -61.799  4.865 0.8000000119
11917  -11.248  -61.534  3.479 0.6000000238
13180  -9.576  -59.868  2.314 0.5000000000
11930  -9.586  -60.373  2.589 0.5000000000
14461  -13.125  -57.262  1.586 0.5000000000
13151  -7.801  -58.338  5.784 0.5000000000
13835  -13.395  -58.616  2.873 0.5000000000
11934  -12.827  -61.486  3.423 0.6000000238
12561  -14.091  -60.599  2.171 0.6000000238
13882  -15.722  -59.100  -0.076 0.5000000000
14405  -7.472  -57.826  5.991 0.5000000000
13153  -12.299  -59.239  5.741 0.5000000000
14422  -10.802  -58.206  5.650 0.6000000238
15821  -8.212  -55.620  7.168 0.4000000060
15098  -8.625  -56.002  6.542 0.4000000060
15099  -9.480  -56.185  6.538 0.4000000060
14392  -12.624  -57.798  8.012 0.5000000000
14409  -13.120  -58.567  7.568 0.4000000060
15092  -11.941  -56.027  8.232 0.4000000060
15102  -12.244  -56.862  8.137 0.4000000060
14394  -14.678  -57.725  7.813 0.4000000060
13780  -16.013  -58.189  7.293 0.4000000060
16577  -10.023  -54.484  8.779 0.3000000119
15815  -10.715  -55.096  8.431 0.5000000000
110642  -11.615  -55.397  8.455 0.4000000060
15817  -13.040  -55.314  8.239 0.5000000000
14395  -15.652  -57.644  7.655 0.4000000060
17272  -13.178  -53.843  7.942 0.5000000000
111593  -13.537  -55.142  7.866 0.4000000060
15826  -14.170  -55.240  7.456 0.4000000060
17986  -10.794  -52.738  9.028 0.5000000000
17282  -13.692  -53.436  7.285 0.4000000060
98614  -10.936  -51.791  8.419 0.4000000060
18766  -9.293  -51.196  8.642 0.3000000119
2855  -25.971  -77.954  -10.857 0.5000000000
3286  -26.731  -77.449  -11.118 0.5000000000
3291  -27.745  -77.386  -11.177 0.5000000000
3287  -27.353  -76.959  -10.947 0.5000000000
3292  -29.004  -77.504  -11.086 0.5000000000
3288  -28.504  -76.866  -10.888 0.5000000000
113278  -30.404  -77.358  -11.020 0.6000000238
2849  -26.148  -77.716  -10.638 0.5000000000
3283  -26.593  -77.259  -10.834 0.5000000000
3284  -27.326  -76.865  -10.363 0.5000000000
3766  -28.073  -76.517  -10.506 0.5000000000
3290  -30.340  -76.483  -10.922 0.6000000238
4235  -29.305  -75.534  -10.582 0.6000000238
3768  -29.854  -75.868  -10.912 0.6000000238
102617  -25.397  -78.274  -10.756 0.4000000060
2004  -21.084  -79.514  -8.612 0.4000000060
2005  -22.192  -79.944  -8.768 0.4000000060
2405  -22.648  -79.052  -9.655 0.5000000000
2406  -23.640  -79.268  -9.647 0.5000000000
2416  -24.068  -78.771  -10.338 0.5000000000
2407  -24.578  -79.327  -9.464 0.5000000000
2008  -25.141  -80.048  -8.505 0.5000000000
2417  -24.885  -78.572  -10.170 0.5000000000
2844  -25.858  -78.458  -9.787 0.5000000000
106601  -30.645  -76.026  -9.888 0.6000000238
105236  -30.669  -75.247  -9.279 0.6000000238
102756  -26.554  -77.985  -9.719 0.5000000000
2850  -26.814  -77.250  -10.179 0.5000000000
2846  -27.127  -77.854  -8.983 0.5000000000
3765  -30.374  -75.872  -10.495 0.6000000238
3764  -28.472  -75.723  -10.206 0.6000000238
4236  -29.638  -75.345  -10.458 0.6000000238
106870  -30.381  -75.302  -10.006 0.6000000238
4233  -29.416  -74.566  -9.875 0.6000000238
4226  -30.342  -74.439  -9.665 0.6000000238
4227  -30.917  -74.479  -8.927 0.6999999881
4686  -29.809  -73.912  -9.542 0.6000000238
4687  -30.377  -73.238  -9.355 0.6999999881
1996  -20.589  -80.510  -7.362 0.6000000238
1984  -21.440  -81.034  -6.795 0.6000000238
1985  -22.427  -81.211  -6.741 0.6000000238
1997  -21.761  -80.779  -7.717 0.5000000000
1998  -22.848  -80.982  -7.890 0.5000000000
109466  -23.340  -81.168  -7.139 0.6000000238
2006  -23.288  -80.244  -8.825 0.5000000000
1999  -23.916  -80.901  -7.884 0.5000000000
2000  -24.719  -80.629  -8.028 0.5000000000
114121  -25.462  -79.225  -9.166 0.5000000000
2408  -25.998  -79.646  -8.216 0.5000000000
2845  -26.584  -78.757  -8.704 0.5000000000
4220  -30.805  -75.561  -8.071 0.6999999881
4221  -31.265  -75.008  -7.798 0.8000000119
3281  -27.489  -76.868  -9.362 0.5000000000
3759  -27.916  -75.989  -9.340 0.5000000000
3760  -28.523  -75.250  -9.388 0.6000000238
4232  -29.072  -75.048  -10.145 0.6000000238
4678  -31.394  -73.897  -8.646 0.6999999881
4695  -29.444  -73.751  -9.353 0.6000000238
5164  -29.880  -72.930  -9.146 0.6000000238
105953  -30.350  -72.321  -9.213 0.6999999881
5165  -31.044  -72.614  -9.325 0.6999999881
5159  -32.760  -73.077  -8.637 0.6000000238
1982  -18.923  -80.143  -6.404 0.5000000000
1974  -21.665  -80.915  -5.888 0.6000000238
1986  -23.348  -80.893  -6.216 0.6000000238
109768  -24.619  -80.738  -7.353 0.6000000238
1988  -25.367  -80.338  -7.466 0.6000000238
2841  -27.163  -78.391  -7.888 0.6000000238
4214  -30.905  -75.968  -7.102 0.6999999881
3752  -27.671  -76.914  -7.387 0.5000000000
4215  -31.632  -75.495  -6.845 0.5000000000
4210  -32.020  -76.028  -5.892 0.6000000238
3276  -27.520  -77.490  -8.168 0.6000000238
115659  -28.041  -75.806  -8.623 0.5000000000
4670  -32.271  -74.791  -7.209 0.6000000238
4684  -28.812  -74.697  -9.014 0.5000000000
4669  -31.704  -74.548  -7.608 0.6000000238
4679  -31.994  -73.580  -8.244 0.6000000238
4688  -33.706  -73.911  -8.366 0.6000000238
5163  -29.633  -73.131  -9.072 0.5000000000
5735  -30.005  -72.393  -9.078 0.6000000238
5166  -31.873  -72.280  -9.148 0.5000000000
107098  -32.681  -71.598  -9.047 0.5000000000
5168  -34.790  -73.219  -9.327 0.5000000000
1983  -19.784  -80.600  -6.322 0.6000000238
1971  -18.253  -79.774  -5.909 0.4000000060
3271  -27.386  -77.832  -7.124 0.5000000000
4216  -32.492  -75.589  -6.424 0.6000000238
3753  -27.978  -76.070  -7.754 0.5000000000
4671  -33.169  -75.174  -6.886 0.5000000000
4676  -28.887  -74.707  -8.031 0.5000000000
4680  -32.911  -74.201  -7.649 0.5000000000
4222  -33.901  -74.804  -7.527 0.5000000000
4217  -34.305  -75.843  -7.009 0.5000000000
4677  -29.390  -73.693  -8.347 0.5000000000
5157  -29.849  -72.807  -8.464 0.6000000238
5721  -30.831  -71.958  -7.974 0.6000000238
5167  -33.780  -72.805  -9.081 0.5000000000
4689  -34.647  -73.949  -9.006 0.6000000238
5737  -31.250  -71.772  -8.685 0.6000000238
6309  -32.699  -71.419  -8.648 0.5000000000
112739  -17.028  -78.244  -5.807 0.4000000060
4213  -28.332  -75.562  -7.305 0.5000000000
3755  -35.406  -76.473  -7.556 0.5000000000
5152  -29.847  -73.618  -7.280 0.5000000000
4228  -35.279  -75.053  -8.912 0.5000000000
4224  -35.707  -76.112  -8.224 0.5000000000
3756  -36.188  -76.851  -7.601 0.5000000000
3280  -37.387  -77.044  -7.205 0.5000000000
3742  -37.936  -76.902  -6.104 0.5000000000
5153  -30.411  -72.664  -7.394 0.6000000238
109911  -35.238  -74.149  -9.353 0.5000000000
5722  -31.482  -71.655  -7.744 0.6000000238
4691  -36.195  -74.192  -9.433 0.5000000000
6298  -32.701  -71.312  -7.672 0.5000000000
6299  -34.231  -71.167  -7.820 0.5000000000
118367  -36.861  -76.488  -7.670 0.5000000000
3751  -37.746  -76.999  -6.900 0.5000000000
5142  -30.359  -73.638  -6.098 0.5000000000
5143  -30.862  -72.779  -5.967 0.6000000238
4229  -36.156  -75.607  -8.681 0.5000000000
3762  -36.771  -76.059  -8.107 0.5000000000
4225  -37.302  -76.232  -7.397 0.5000000000
4218  -37.544  -76.011  -6.658 0.5000000000
4212  -37.612  -75.627  -5.655 0.5000000000
5723  -32.032  -71.501  -6.885 0.5000000000
4690  -35.758  -74.673  -9.335 0.5000000000
104274  -36.667  -74.731  -8.822 0.5000000000
5130  -30.644  -73.480  -4.812 0.5000000000
110471  -37.976  -74.381  -7.542 0.5000000000
4672  -37.434  -75.015  -7.063 0.5000000000
4662  -37.674  -74.916  -6.192 0.5000000000
4653  -38.605  -74.507  -5.169 0.4000000060
4673  -38.245  -74.454  -6.847 0.4000000060
5058  -18.147  -73.433  -0.243 0.4000000060
113398  -15.251  -66.447  6.691 0.5000000000
9572  -13.497  -65.396  8.595 0.5000000000
115123  -14.480  -65.910  7.744 0.5000000000
10140  -12.431  -64.851  9.562 0.5000000000
118242  -13.439  -65.097  9.012 0.5000000000
110722  -14.847  -66.207  7.257 0.5000000000
12492  -9.396  -60.438  8.065 0.5000000000
13129  -8.188  -58.940  6.880 0.5000000000
4660  -28.994  -74.802  -6.183 0.5000000000
4668  -29.211  -74.397  -7.127 0.5000000000
3769  -30.079  -75.714  -10.701 0.6000000238
3763  -27.801  -76.321  -9.986 0.6000000238
4234  -29.994  -75.034  -10.194 0.6000000238
4694  -29.112  -74.427  -9.606 0.6000000238
102846  -27.769  -76.536  -8.414 0.5000000000
5741  -31.162  -71.983  -9.136 0.6000000238
4219  -28.416  -75.357  -8.337 0.5000000000
4685  -29.122  -73.884  -9.144 0.5000000000
5736  -30.449  -71.975  -9.019 0.6000000238
6319  -31.973  -71.678  -8.916 0.6000000238
5742  -32.239  -71.829  -9.143 0.5000000000
4223  -34.895  -75.499  -7.899 0.5000000000
4661  -29.669  -74.350  -6.173 0.5000000000
100597  -31.069  -72.348  -6.826 0.5000000000
4231  -36.902  -75.566  -8.118 0.5000000000
105397  -37.947  -74.854  -5.253 0.5000000000
4692  -37.261  -74.317  -8.550 0.4000000060
4663  -38.418  -74.515  -5.973 0.4000000060
3724  -34.526  -76.605  -4.706 0.5000000000
3740  -34.814  -76.593  -5.830 0.6000000238
3739  -33.551  -76.325  -5.457 0.6000000238
116337  -32.785  -76.452  -4.988 0.4000000060
100927  -35.671  -77.310  -6.417 0.4000000060
3749  -35.103  -76.574  -6.742 0.4000000060
3748  -34.212  -76.254  -6.281 0.5000000000
3738  -32.512  -76.340  -5.334 0.5000000000
4211  -33.385  -75.892  -6.267 0.5000000000
102261  -30.593  -76.412  -7.433 0.6000000238
3754  -30.548  -76.382  -8.443 0.6000000238
3282  -30.774  -77.169  -9.471 0.6000000238
3285  -30.687  -76.884  -10.399 0.5000000000
2862  -30.045  -77.788  -11.141 0.5000000000
4644  -38.250  -74.597  -4.274 0.3000000119
2859  -27.333  -78.084  -11.393 0.4000000060
8428  -25.502  -67.535  -0.434 0.4000000060
8429  -26.572  -67.221  -0.548 0.4000000060
98031  -26.319  -67.484  -1.386 0.5000000000
112461  -18.992  -58.683  0.055 0.5000000000
13225  -17.793  -59.178  -0.321 0.5000000000
105354  -18.663  -58.775  -0.984 0.5000000000
13885  -17.971  -59.016  -0.899 0.4000000060
13234  -16.571  -59.067  -0.590 0.4000000060
15907  -20.004  -56.247  -1.494 0.4000000060
101635  -16.679  -58.374  -0.634 0.4000000060
14489  -17.386  -58.127  -0.885 0.4000000060
14488  -15.110  -58.301  0.347 0.4000000060
14476  -15.794  -57.514  0.155 0.4000000060
15180  -19.111  -56.153  -1.306 0.4000000060
14475  -14.554  -56.956  0.735 0.4000000060
15170  -16.073  -56.467  0.524 0.4000000060
16663  -18.683  -54.614  -0.173 0.4000000060
15169  -13.592  -56.666  1.111 0.4000000060
15888  -14.993  -56.056  0.994 0.4000000060
15870  -13.578  -56.118  1.572 0.4000000060
15879  -14.135  -55.663  1.471 0.4000000060
14435  -14.883  -57.866  3.790 0.3000000119
14444  -14.185  -57.153  2.788 0.4000000060
13796  -16.280  -58.351  6.621 0.3000000119
14423  -15.990  -58.231  5.285 0.3000000119
14445  -15.007  -56.888  3.181 0.3000000119
14436  -15.769  -57.681  4.297 0.3000000119
15186  -19.742  -57.130  -1.717 0.4000000060
15185  -18.895  -57.386  -1.529 0.4000000060
101341  -17.987  -58.611  -1.124 0.4000000060
14501  -18.668  -58.362  -1.398 0.4000000060
14490  -18.121  -57.732  -1.166 0.4000000060
15178  -17.560  -56.985  -0.501 0.4000000060
16665  -19.571  -54.334  -0.827 0.4000000060
15900  -18.547  -55.610  -0.636 0.4000000060
15899  -17.850  -56.021  -0.181 0.4000000060
15177  -16.726  -57.288  -0.226 0.4000000060
2738  -37.401  -78.634  1.502 0.3000000119
2737  -37.132  -79.024  1.634 0.4000000060
100333  -37.234  -78.646  0.847 0.3000000119
99747  -37.477  -78.270  0.326 0.4000000060
2774  -35.373  -79.153  -0.270 0.3000000119
2324  -36.788  -78.800  0.087 0.3000000119
2338  -36.956  -78.730  -0.640 0.4000000060
2773  -34.411  -79.187  -0.053 0.3000000119
2337  -36.306  -78.919  -0.428 0.3000000119
2786  -36.693  -78.790  -1.073 0.3000000119
103530  -34.858  -79.015  -0.676 0.3000000119
2785  -35.901  -78.882  -1.049 0.3000000119
118024  -36.734  -78.800  -1.669 0.3000000119
3217  -35.320  -78.530  -1.630 0.3000000119
2798  -36.273  -78.729  -2.092 0.3000000119
3216  -34.324  -78.283  -1.178 0.3000000119
3231  -34.944  -77.588  -2.151 0.3000000119
3679  -31.806  -76.546  -1.157 0.3000000119
3680  -33.544  -77.168  -1.232 0.3000000119
3681  -34.262  -76.986  -1.817 0.3000000119
3695  -33.621  -76.360  -2.095 0.3000000119
3696  -34.446  -76.603  -2.734 0.3000000119
106284  -32.744  -76.422  -1.544 0.4000000060
2757  -36.318  -78.625  0.808 0.4000000060
2776  -37.728  -78.312  -0.959 0.4000000060
2756  -35.099  -79.131  0.197 0.3000000119
2787  -37.649  -78.659  -1.678 0.4000000060
2784  -34.039  -78.953  -0.339 0.3000000119
3232  -35.645  -78.188  -2.669 0.4000000060
3215  -33.328  -78.475  -0.473 0.3000000119
109579  -35.193  -77.289  -2.989 0.4000000060
3667  -31.735  -77.387  -0.638 0.3000000119
3209  -32.277  -78.505  -0.171 0.4000000060
3245  -34.893  -76.853  -3.698 0.4000000060
110369  -33.577  -76.141  -2.959 0.3000000119
3208  -31.266  -77.943  -0.363 0.3000000119
3203  -37.538  -77.911  0.648 0.3000000119
2759  -37.900  -77.750  -0.643 0.3000000119
3658  -37.630  -77.344  0.726 0.3000000119
3218  -38.616  -78.004  -1.602 0.3000000119
3185  -35.746  -78.137  1.250 0.4000000060
2788  -38.378  -78.284  -1.663 0.3000000119
105994  -38.559  -78.444  -2.246 0.3000000119
2799  -37.262  -78.840  -2.434 0.4000000060
2800  -38.198  -78.633  -2.607 0.3000000119
102152  -37.762  -78.710  -3.230 0.4000000060
3200  -33.310  -78.622  0.335 0.3000000119
2814  -36.623  -78.558  -3.233 0.4000000060
100801  -36.438  -78.279  -4.245 0.4000000060
2772  -33.256  -78.888  0.040 0.3000000119
2754  -32.525  -78.626  0.321 0.3000000119
3257  -35.970  -77.858  -4.871 0.4000000060
2771  -32.321  -78.661  0.212 0.3000000119
3725  -35.337  -77.170  -4.476 0.4000000060
3741  -35.443  -77.187  -5.385 0.5000000000
2769  -30.606  -78.279  -0.265 0.3000000119
3659  -37.837  -77.333  -0.286 0.3000000119
106602  -37.516  -76.390  0.749 0.3000000119
3657  -34.143  -77.497  0.646 0.4000000060
100417  -38.432  -78.457  -3.138 0.4000000060
2825  -38.324  -78.003  -4.636 0.4000000060
100400  -37.271  -78.531  -4.121 0.4000000060
2824  -37.638  -78.314  -4.927 0.5000000000
3267  -36.772  -78.126  -6.183 0.4000000060
3266  -36.182  -77.917  -5.937 0.4000000060
3199  -32.333  -78.225  0.763 0.3000000119
3273  -36.527  -77.780  -6.806 0.4000000060
3278  -36.587  -77.380  -7.248 0.4000000060
2770  -31.621  -78.517  0.123 0.3000000119
3668  -38.507  -77.456  -1.352 0.3000000119
101488  -38.978  -78.145  -2.278 0.3000000119
2815  -38.766  -78.068  -3.452 0.3000000119
3268  -37.707  -77.554  -6.197 0.4000000060
3279  -37.123  -77.523  -7.116 0.4000000060
2734  -31.116  -78.309  1.005 0.3000000119
2735  -31.645  -78.231  0.992 0.3000000119
2752  -30.969  -78.413  0.503 0.3000000119
2783  -29.714  -78.504  -0.873 0.3000000119
97353  -30.118  -78.628  0.251 0.3000000119
3233  -39.100  -77.902  -2.726 0.3000000119
3247  -38.878  -77.695  -3.310 0.4000000060
3269  -38.011  -77.541  -5.358 0.4000000060
3182  -30.645  -77.985  1.259 0.3000000119
3181  -29.919  -77.713  1.278 0.3000000119
3198  -30.328  -78.447  0.950 0.3000000119
3197  -29.401  -78.221  0.937 0.3000000119
2750  -28.968  -78.498  0.516 0.3000000119
103305  -28.992  -78.854  0.006 0.3000000119
2751  -29.609  -78.629  0.465 0.3000000119
4190  -37.771  -75.853  -3.535 0.3000000119
3726  -38.026  -76.739  -5.125 0.4000000060
2767  -28.346  -78.707  0.255 0.3000000119
2766  -27.764  -78.901  -0.094 0.3000000119
4168  -37.979  -75.527  -1.986 0.3000000119
4179  -37.701  -75.319  -2.880 0.3000000119
4201  -37.724  -75.421  -4.480 0.3000000119
4634  -38.089  -74.668  -2.604 0.3000000119
4643  -37.803  -74.961  -3.486 0.3000000119
105582  -38.258  -74.521  -3.351 0.3000000119
13224  -17.126  -59.362  0.039 0.5000000000
15143  -14.083  -56.134  2.442 0.5000000000
15152  -13.603  -56.000  2.029 0.4000000060
13884  -17.301  -58.955  -0.932 0.4000000060
3747  -31.202  -76.347  -6.226 0.6000000238
115963  -32.800  -76.018  -5.808 0.5000000000
3274  -37.546  -77.396  -6.802 0.4000000060
3275  -37.836  -77.286  -6.165 0.4000000060
13874  -19.217  -58.676  -0.581 0.5000000000
14502  -19.567  -58.047  -1.753 0.4000000060
15901  -19.834  -55.329  -1.124 0.4000000060
2775  -36.152  -78.929  0.135 0.3000000119
3214  -32.592  -77.346  -0.767 0.3000000119
3202  -35.368  -78.451  0.613 0.4000000060
3246  -35.692  -77.787  -3.756 0.4000000060
3201  -34.463  -78.625  0.428 0.4000000060
2755  -34.095  -78.997  0.100 0.3000000119
107302  -38.148  -78.417  -3.890 0.4000000060
2753  -31.817  -78.455  0.572 0.3000000119
2836  -37.758  -77.924  -5.648 0.4000000060
3727  -38.501  -77.427  -4.264 0.4000000060
3183  -31.223  -77.752  1.216 0.3000000119
2768  -29.388  -78.842  -0.254 0.3000000119
3715  -38.815  -77.128  -3.494 0.3000000119
2851  -31.270  -78.299  -10.185 0.5000000000
2847  -31.120  -78.458  -9.281 0.5000000000
104926  -30.340  -77.211  -7.358 0.5000000000
3737  -31.656  -76.521  -5.414 0.4000000060
102130  -31.202  -72.719  -4.904 0.4000000060
3723  -33.367  -76.359  -4.508 0.5000000000
3711  -31.878  -76.093  -3.576 0.3000000119
3713  -33.987  -76.376  -3.699 0.4000000060
102163  -31.841  -77.649  1.097 0.3000000119
3647  -32.544  -76.733  0.963 0.3000000119
3656  -33.252  -77.531  0.707 0.3000000119
2736  -36.514  -78.873  1.827 0.3000000119
104452  -32.879  -75.578  1.256 0.3000000119
111596  -33.757  -76.318  0.881 0.3000000119
3649  -35.359  -77.282  1.370 0.3000000119
3172  -35.746  -78.123  2.187 0.3000000119
4139  -34.466  -76.018  1.443 0.3000000119
3648  -34.773  -76.658  0.993 0.3000000119
3631  -35.155  -76.657  2.024 0.3000000119
2715  -36.996  -79.130  2.341 0.3000000119
4138  -33.746  -75.514  1.614 0.3000000119
115261  -36.543  -78.847  2.513 0.3000000119
2860  -28.461  -78.159  -11.285 0.3000000119
3746  -30.576  -76.889  -6.545 0.4000000060
3277  -30.478  -77.618  -8.282 0.5000000000
3712  -32.963  -76.120  -3.660 0.3000000119
18080  -19.653  -52.832  -0.724 0.3000000119
114466  -19.070  -55.000  -0.839 0.3000000119
15880  -15.150  -55.257  1.629 0.3000000119
2856  -31.373  -78.825  -10.530 0.4000000060
2418  -31.830  -79.552  -9.932 0.4000000060
1991  -32.290  -81.534  -5.803 0.4000000060
2002  -31.809  -80.851  -7.507 0.4000000060
108534  -30.379  -79.473  -7.467 0.4000000060
3272  -30.165  -77.845  -6.476 0.4000000060
2409  -31.468  -79.521  -8.725 0.4000000060
115854  -30.548  -78.710  -8.235 0.4000000060
2843  -30.146  -78.270  -7.360 0.4000000060
1320  -31.985  -82.288  -4.597 0.3000000119
1979  -32.177  -81.016  -5.705 0.4000000060
103552  -30.289  -80.291  -5.881 0.4000000060
2848  -31.954  -79.142  -9.754 0.4000000060
100967  -32.032  -81.284  -6.493 0.4000000060
2001  -31.593  -80.323  -7.758 0.4000000060
102360  -32.262  -81.897  -5.275 0.3000000119
1978  -31.603  -80.762  -6.134 0.4000000060
1989  -30.841  -80.281  -6.831 0.4000000060
2391  -30.005  -79.807  -6.511 0.4000000060
1612  -31.804  -81.779  -3.797 0.3000000119
1969  -31.887  -81.343  -4.547 0.3000000119
101607  -31.090  -80.652  -5.165 0.3000000119
2834  -30.022  -78.421  -5.613 0.3000000119
3720  -30.769  -77.084  -4.904 0.3000000119
105873  -32.040  -76.592  -4.985 0.3000000119
99270  -31.332  -76.746  -5.109 0.3000000119
3265  -30.453  -77.497  -5.628 0.3000000119
3736  -30.874  -76.862  -5.633 0.3000000119
1897  -25.085  -80.706  2.676 0.3000000119
1886  -24.639  -79.953  3.119 0.3000000119
3644  -29.557  -76.601  1.344 0.3000000119
2713  -24.281  -78.232  3.526 0.3000000119
3170  -24.128  -77.662  2.952 0.3000000119
3640  -25.313  -76.762  1.986 0.3000000119
3629  -25.828  -76.164  2.328 0.3000000119
3630  -26.766  -76.170  2.003 0.3000000119
3642  -27.623  -76.291  1.660 0.3000000119
4133  -28.238  -75.696  1.768 0.3000000119
4134  -29.139  -75.654  1.614 0.3000000119
3619  -24.561  -76.583  3.712 0.3000000119
3628  -25.011  -76.369  2.647 0.3000000119
4116  -25.481  -75.703  2.923 0.3000000119
4117  -26.336  -75.471  2.552 0.3000000119
4118  -27.305  -75.516  2.157 0.3000000119
2382  -29.818  -79.526  -5.707 0.3000000119
109369  -24.078  -79.504  2.664 0.3000000119
3178  -24.878  -77.356  1.627 0.3000000119
3177  -24.203  -77.908  2.088 0.3000000119
3171  -24.512  -77.082  2.362 0.3000000119
4108  -25.296  -75.535  3.660 0.3000000119
1613  -32.127  -81.978  -4.647 0.3000000119
1957  -22.679  -80.231  -3.842 0.6999999881
1962  -19.350  -80.047  -4.979 0.6999999881
1967  -23.885  -80.364  -4.760 0.6999999881
1970  -32.259  -81.717  -5.298 0.3000000119
1990  -31.967  -80.900  -6.897 0.4000000060
2007  -24.275  -80.265  -8.763 0.5000000000
2356  -24.126  -79.296  -2.954 0.6999999881
2363  -22.325  -79.718  -3.330 0.6999999881
2364  -23.486  -79.607  -3.193 0.6999999881
2366  -25.347  -79.077  -3.881 0.6999999881
2381  -29.862  -78.890  -6.534 0.4000000060
2758  -37.401  -78.392  -0.096 0.4000000060
2777  -37.848  -78.093  -0.824 0.3000000119
2792  -17.739  -78.297  -2.386 0.5000000000
2795  -24.146  -78.548  -2.314 0.5000000000
2801  -38.792  -78.252  -2.724 0.4000000060
2808  -21.452  -79.122  -3.401 0.6999999881
2810  -24.884  -78.909  -3.096 0.6000000238
2820  -25.647  -79.044  -4.646 0.6000000238
2821  -26.225  -78.435  -4.793 0.6000000238
2823  -36.741  -78.276  -5.215 0.5000000000
2833  -26.376  -78.605  -5.821 0.6999999881
2835  -37.246  -78.223  -5.792 0.4000000060
2842  -37.301  -77.915  -6.540 0.4000000060
2861  -29.458  -78.238  -11.172 0.3000000119
3184  -34.993  -77.630  0.777 0.4000000060
3211  -18.187  -77.991  -1.593 0.6000000238
3226  -23.050  -77.427  -2.248 0.6000000238
3239  -21.595  -78.524  -3.659 0.6999999881
3258  -38.435  -77.639  -4.281 0.4000000060
3259  -16.969  -76.545  -5.319 0.6999999881
3260  -17.855  -76.797  -5.416 0.6999999881
3289  -29.803  -76.715  -11.166 0.6000000238
3620  -24.877  -76.126  3.337 0.3000000119
3626  -18.565  -76.376  1.841 0.5000000000
3627  -24.384  -76.797  3.134 0.3000000119
3639  -19.597  -75.795  1.285 0.5000000000
3654  -19.056  -76.821  0.697 0.5000000000
3672  -19.138  -76.666  -1.111 0.6999999881
3689  -23.173  -76.695  -2.384 0.6000000238
3691  -26.530  -76.577  -2.382 0.4000000060
3702  -16.971  -76.419  -4.856 0.6999999881
3705  -18.989  -75.557  -3.788 0.6999999881
3714  -37.959  -76.559  -4.195 0.3000000119
3717  -17.747  -75.885  -5.025 0.6999999881
3732  -22.216  -76.576  -5.850 0.6999999881
3733  -22.942  -76.183  -6.102 0.6000000238
3735  -27.980  -76.020  -5.886 0.6000000238
3743  -38.115  -77.359  -5.228 0.4000000060
3750  -35.921  -77.242  -7.211 0.4000000060
3757  -36.897  -76.967  -7.464 0.5000000000
3758  -37.044  -76.450  -7.546 0.5000000000
3761  -36.469  -76.395  -7.942 0.5000000000
3767  -29.108  -76.148  -10.768 0.6000000238
4131  -19.168  -75.631  1.750 0.5000000000
4132  -19.829  -75.215  1.349 0.6000000238
4147  -20.013  -75.519  0.822 0.6000000238
4150  -37.751  -76.660  0.012 0.3000000119
4154  -19.993  -75.797  0.066 0.6000000238
4156  -23.921  -74.994  -1.367 0.6000000238
4157  -24.230  -74.944  -0.813 0.5000000000
4172  -19.712  -75.320  -2.855 0.6999999881
4173  -20.364  -74.918  -2.234 0.6999999881
4194  -18.453  -75.747  -4.641 0.6999999881
4198  -24.121  -75.754  -5.553 0.6000000238
4204  -20.385  -75.889  -5.851 0.6999999881
4205  -22.227  -75.743  -6.038 0.6000000238
4230  -36.566  -75.452  -8.532 0.5000000000
4598  -19.159  -74.449  1.346 0.5000000000
4599  -19.933  -74.555  1.081 0.6000000238
4606  -20.963  -74.015  -0.365 0.6000000238
4609  -26.173  -74.500  -0.452 0.5000000000
4617  -20.776  -74.646  -0.434 0.6000000238
4619  -24.210  -74.378  -1.722 0.6000000238
4638  -21.995  -74.063  -4.114 0.6999999881
4658  -24.123  -74.653  -6.615 0.6000000238
4666  -24.388  -73.986  -7.028 0.5000000000
4667  -28.685  -75.125  -6.768 0.5000000000
4681  -37.311  -74.869  -7.842 0.5000000000
5044  -19.277  -73.398  0.308 0.6000000238
5060  -20.595  -73.560  -0.161 0.6000000238
5078  -21.579  -73.188  -1.452 0.6999999881
5094  -24.528  -73.704  -2.156 0.6000000238
5109  -22.304  -73.457  -3.945 0.6999999881
5126  -23.367  -73.602  -5.735 0.6000000238
5129  -25.176  -73.262  -5.589 0.5000000000
5140  -24.644  -73.903  -7.094 0.5000000000
5141  -24.902  -73.493  -6.827 0.5000000000
5150  -24.586  -73.544  -7.255 0.5000000000
5151  -24.607  -73.464  -7.273 0.5000000000
5158  -30.193  -72.204  -8.591 0.6000000238
5615  -19.848  -72.503  -0.872 0.6000000238
5639  -20.606  -72.309  -1.274 0.6000000238
5640  -21.541  -72.465  -1.862 0.5000000000
5658  -24.828  -72.997  -2.598 0.6000000238
5673  -22.265  -72.178  -3.642 0.6000000238
5703  -24.092  -73.310  -7.247 0.6000000238
5718  -24.320  -72.773  -7.442 0.5000000000
5720  -24.825  -72.665  -7.068 0.5000000000
5734  -24.768  -71.827  -7.365 0.5000000000
6219  -16.641  -71.862  -2.054 0.6000000238
6221  -20.668  -71.847  -1.823 0.6000000238
6234  -16.931  -71.678  -2.349 0.6000000238
6236  -17.814  -71.746  -3.126 0.6000000238
6239  -21.256  -71.766  -2.317 0.6000000238
6242  -26.337  -71.146  -2.269 0.5000000000
6252  -17.269  -71.218  -2.972 0.6000000238
6253  -17.281  -71.027  -3.939 0.6000000238
6271  -17.477  -71.061  -4.867 0.6000000238
6272  -18.741  -71.375  -4.965 0.6000000238
6282  -17.972  -71.247  -5.636 0.6000000238
6288  -25.415  -71.489  -6.670 0.5000000000
6289  -25.646  -70.687  -6.592 0.6000000238
6294  -22.571  -71.567  -6.844 0.5000000000
6295  -23.224  -71.632  -7.190 0.5000000000
6297  -31.980  -71.473  -8.183 0.6000000238
6307  -23.963  -72.014  -7.640 0.5000000000
6308  -24.533  -71.736  -7.476 0.5000000000
6310  -33.452  -71.212  -8.258 0.5000000000
6741  -18.989  -69.957  1.159 0.5000000000
6774  -26.279  -70.760  -0.161 0.5000000000
6775  -27.189  -70.363  -0.818 0.5000000000
6796  -17.256  -70.873  -2.842 0.6000000238
6807  -27.948  -69.588  -4.263 0.6000000238
6817  -17.663  -70.904  -5.455 0.6000000238
6825  -23.515  -70.331  -6.435 0.6000000238
6827  -20.893  -71.001  -6.759 0.4000000060
6828  -22.296  -71.175  -6.954 0.5000000000
6830  -24.385  -70.796  -7.019 0.5000000000
6831  -25.447  -70.546  -6.667 0.6000000238
6832  -23.822  -71.370  -7.309 0.5000000000
6834  -24.956  -71.026  -7.300 0.6000000238
7243  -28.663  -69.274  -0.699 0.5000000000
7253  -17.359  -70.389  -2.697 0.6999999881
7255  -18.718  -69.212  -1.820 0.6999999881
7257  -28.897  -68.924  -2.439 0.5000000000
7266  -17.249  -69.541  -3.595 0.6999999881
7268  -22.842  -68.981  -3.199 0.6000000238
7269  -23.783  -68.991  -3.126 0.6000000238
7281  -17.095  -69.911  -4.121 0.6000000238
7284  -24.354  -69.309  -3.802 0.6000000238
7285  -25.561  -69.162  -4.493 0.6000000238
7295  -17.998  -70.654  -5.894 0.6000000238
7296  -18.016  -69.666  -5.325 0.6000000238
7306  -18.776  -70.333  -5.906 0.6000000238
7311  -25.773  -70.058  -6.203 0.6000000238
7312  -26.495  -69.725  -5.417 0.6000000238
7313  -21.496  -70.808  -6.769 0.6000000238
7730  -18.335  -68.628  2.671 0.6000000238
7746  -19.632  -68.806  1.816 0.6000000238
7747  -19.913  -67.900  1.818 0.5000000000
7767  -19.966  -67.693  1.110 0.6000000238
7787  -19.278  -68.982  -0.730 0.6999999881
7836  -17.380  -68.466  -4.154 0.6000000238
7837  -22.459  -68.538  -3.673 0.5000000000
7841  -28.424  -68.045  -4.191 0.5000000000
7848  -17.559  -68.895  -4.622 0.6000000238
7853  -27.251  -68.844  -4.929 0.6000000238
7857  -19.363  -68.565  -4.994 0.5000000000
8346  -19.637  -67.104  3.258 0.6000000238
8347  -20.111  -66.996  2.782 0.6000000238
8365  -19.761  -67.523  2.564 0.5000000000
8427  -24.559  -67.572  -0.440 0.5000000000
8448  -25.181  -67.783  -1.183 0.4000000060
8460  -22.594  -67.896  -2.966 0.5000000000
8462  -27.815  -67.631  -3.786 0.6000000238
8928  -14.100  -66.252  7.136 0.5000000000
8930  -16.352  -66.140  7.345 0.6000000238
8945  -14.591  -66.513  6.413 0.5000000000
8947  -16.732  -66.467  6.634 0.6000000238
8948  -17.661  -66.338  6.595 0.6000000238
8965  -16.853  -66.500  5.148 0.6000000238
8967  -18.451  -66.210  5.978 0.6000000238
8991  -17.513  -66.394  4.448 0.6000000238
9018  -18.025  -66.481  3.944 0.6000000238
9112  -19.384  -66.494  -1.763 0.6000000238
9119  -18.213  -66.240  -3.388 0.5000000000
9121  -22.772  -67.262  -3.296 0.5000000000
9122  -23.203  -66.566  -2.748 0.5000000000
9132  -18.721  -65.869  -4.009 0.6000000238
9135  -22.182  -67.069  -4.786 0.5000000000
9137  -22.075  -66.226  -5.022 0.5000000000
9560  -12.935  -65.185  9.123 0.5000000000
9574  -15.343  -65.143  8.260 0.6000000238
9589  -13.830  -65.874  7.871 0.5000000000
9591  -15.890  -65.604  7.826 0.6000000238
9593  -17.523  -65.453  7.626 0.6999999881
9594  -18.210  -65.420  7.367 0.8000000119
9607  -19.525  -65.095  6.544 0.6999999881
9620  -20.478  -65.106  5.370 0.6999999881
9633  -20.028  -65.782  4.932 0.6000000238
9679  -20.076  -65.371  0.970 0.6000000238
9704  -19.429  -65.456  -1.952 0.6000000238
9713  -18.682  -65.276  -3.569 0.6000000238
9717  -20.501  -65.455  -4.323 0.6000000238
9722  -23.880  -65.603  -5.415 0.5000000000
10147  -14.734  -64.647  8.558 0.6000000238
10158  -16.219  -64.202  7.903 0.6999999881
10161  -18.526  -64.854  7.310 0.8000000119
10173  -19.084  -64.606  6.946 0.8000000119
10183  -20.783  -64.337  5.621 0.6999999881
10205  -21.092  -64.237  3.733 0.6000000238
10238  -19.759  -64.697  -0.369 0.6999999881
10239  -20.015  -64.435  0.172 0.6000000238
10249  -19.633  -64.746  -1.300 0.6000000238
10250  -19.933  -64.381  -0.554 0.6999999881
10262  -18.985  -64.286  -2.953 0.6000000238
10266  -19.112  -64.444  -3.410 0.6999999881
10267  -20.128  -64.169  -3.556 0.6000000238
10268  -21.245  -64.165  -4.104 0.6999999881
10274  -22.548  -64.519  -5.032 0.6999999881
10280  -24.103  -64.913  -5.707 0.5000000000
10281  -26.655  -64.619  -5.774 0.5000000000
10682  -12.850  -64.303  9.466 0.6000000238
10686  -12.741  -63.718  9.326 0.6000000238
10692  -14.244  -63.266  8.177 0.6999999881
10694  -17.539  -63.985  7.436 0.8000000119
10710  -17.842  -63.495  6.882 0.8000000119
10712  -19.913  -63.728  6.459 0.5000000000
10713  -20.411  -64.028  6.214 0.6000000238
10728  -21.261  -63.147  5.281 0.6000000238
10738  -21.426  -63.132  4.687 0.8000000119
10748  -21.296  -63.246  3.622 0.8000000119
10766  -20.626  -63.778  1.561 0.8000000119
10778  -20.711  -63.658  0.672 0.8000000119
10779  -21.181  -63.114  1.091 0.8000000119
10804  -20.452  -63.734  -1.934 0.6999999881
10805  -21.482  -63.367  -1.755 0.6999999881
10806  -22.125  -63.150  -2.529 0.8000000119
10809  -20.173  -63.774  -2.935 0.6999999881
10819  -21.081  -63.718  -3.511 0.6999999881
10831  -23.499  -63.635  -5.010 0.6999999881
10832  -24.392  -63.500  -5.355 0.6000000238
10838  -24.187  -64.148  -5.656 0.5000000000
11286  -11.143  -61.556  5.465 0.6999999881
11290  -15.893  -62.996  6.042 0.6000000238
11291  -16.715  -62.950  6.167 0.5000000000
11292  -17.555  -62.994  6.271 0.6000000238
11293  -18.545  -63.213  6.562 0.6000000238
11295  -20.387  -63.328  6.160 0.6000000238
11307  -12.805  -62.107  4.740 0.8000000119
11314  -20.965  -62.792  5.712 0.6000000238
11322  -10.538  -61.226  3.523 0.6999999881
11324  -12.313  -61.770  4.063 0.8000000119
11329  -16.648  -62.068  5.180 0.6999999881
11351  -21.351  -62.484  2.252 0.8000000119
11384  -21.592  -62.973  0.276 0.8000000119
11400  -21.616  -63.174  -0.771 0.8000000119
11433  -25.755  -62.511  -5.040 0.5000000000
11891  -10.297  -60.800  6.546 0.6999999881
11908  -19.792  -61.542  5.644 0.6000000238
11921  -17.142  -61.481  5.100 0.6000000238
11931  -10.391  -61.066  2.964 0.6000000238
11932  -11.119  -61.373  2.955 0.6000000238
11948  -12.062  -60.777  1.323 0.5000000000
11950  -14.429  -61.077  3.687 0.6000000238
11960  -12.273  -60.778  1.644 0.5000000000
11991  -23.910  -62.089  -1.301 0.6000000238
12527  -20.452  -60.875  5.373 0.6000000238
12528  -21.156  -60.970  5.237 0.6000000238
12541  -21.664  -60.737  4.685 0.6999999881
12542  -22.065  -60.091  4.063 0.6000000238
12547  -8.925  -59.924  2.679 0.5000000000
12549  -16.134  -60.295  3.371 0.6000000238
12559  -11.279  -60.358  1.788 0.5000000000
12566  -23.078  -60.019  2.311 0.6000000238
12572  -11.634  -60.233  0.898 0.5000000000
12578  -22.710  -60.782  2.078 0.6000000238
12589  -11.899  -60.055  0.614 0.5000000000
12590  -12.562  -60.190  0.624 0.4000000060
12591  -13.380  -60.289  0.846 0.5000000000
13164  -8.663  -59.109  3.895 0.6000000238
13165  -10.067  -59.617  2.687 0.4000000060
13168  -13.250  -59.411  4.636 0.5000000000
13169  -13.992  -59.202  5.130 0.4000000060
13170  -19.510  -59.641  4.483 0.5000000000
13171  -20.632  -59.630  4.606 0.6000000238
13172  -21.496  -59.862  4.443 0.6000000238
13178  -8.794  -59.579  2.947 0.6000000238
13181  -12.240  -59.681  2.726 0.5000000000
13182  -13.086  -59.412  3.591 0.5000000000
13188  -22.193  -59.634  3.521 0.6000000238
13195  -9.048  -59.952  2.501 0.5000000000
13196  -9.451  -60.024  2.387 0.5000000000
13197  -10.508  -60.091  2.229 0.4000000060
13199  -16.974  -59.477  2.051 0.6000000238
13201  -22.583  -59.596  2.911 0.6000000238
13208  -11.595  -59.892  0.835 0.4000000060
13209  -11.887  -59.514  1.042 0.4000000060
13211  -15.995  -59.500  1.080 0.6000000238
13222  -14.863  -59.421  0.540 0.5000000000
13235  -17.197  -59.138  -0.620 0.4000000060
13779  -15.114  -58.338  7.436 0.4000000060
13791  -11.679  -58.686  6.297 0.5000000000
13795  -15.435  -58.581  6.713 0.3000000119
13810  -15.750  -58.532  5.933 0.3000000119
13840  -22.236  -59.100  3.243 0.5000000000
13849  -20.329  -58.223  2.543 0.5000000000
13851  -22.131  -58.577  2.782 0.5000000000
13857  -18.348  -58.918  0.301 0.5000000000
13859  -19.933  -58.037  1.510 0.5000000000
13871  -14.076  -58.468  0.658 0.5000000000
13873  -18.427  -58.898  -0.592 0.5000000000
13883  -16.226  -58.834  -0.522 0.4000000060
13886  -19.536  -58.575  -1.072 0.5000000000
13897  -18.246  -58.775  -1.055 0.4000000060
13898  -19.060  -58.517  -1.303 0.4000000060
14433  -8.895  -58.235  4.370 0.4000000060
14446  -15.842  -56.653  3.671 0.3000000119
14474  -14.063  -57.563  0.818 0.5000000000
15114  -8.181  -56.495  6.108 0.4000000060
15124  -9.100  -57.010  5.437 0.4000000060
15151  -13.226  -56.706  1.615 0.4000000060
15160  -13.328  -56.640  1.493 0.4000000060
15161  -13.608  -56.149  1.408 0.4000000060
15179  -18.303  -56.607  -0.975 0.4000000060
15871  -13.978  -55.672  1.751 0.4000000060
15881  -15.755  -54.902  1.686 0.3000000119
15908  -20.684  -55.705  -1.502 0.4000000060
16579  -13.121  -54.602  8.198 0.5000000000
16664  -19.060  -54.172  -0.569 0.3000000119
17367  -19.276  -53.547  -0.639 0.3000000119
97418  -23.716  -75.345  -6.236 0.6000000238
97461  -20.839  -77.131  -5.864 0.6999999881
97688  -11.035  -61.014  2.372 0.5000000000
97812  -15.075  -62.912  5.994 0.6999999881
98673  -31.488  -71.878  -6.844 0.5000000000
98941  -21.188  -72.688  -1.182 0.6000000238
99422  -30.727  -77.763  -10.568 0.4000000060
99737  -32.739  -72.178  -9.238 0.5000000000
100003  -16.696  -72.118  -1.792 0.6000000238
100441  -18.695  -79.515  -5.183 0.6999999881
100509  -20.329  -64.057  0.846 0.8000000119
100583  -10.328  -60.871  5.663 0.6999999881
101116  -21.135  -62.096  5.440 0.6000000238
101156  -24.196  -62.624  -4.141 0.6000000238
101348  -21.657  -61.906  2.643 0.8000000119
101507  -20.527  -66.880  -4.617 0.5000000000
101569  -19.876  -67.725  0.264 0.6999999881
101602  -14.099  -59.173  0.516 0.5000000000
101816  -36.282  -75.017  -9.072 0.5000000000
102804  -19.497  -70.767  -6.405 0.5000000000
103012  -20.616  -65.316  4.640 0.6000000238
103270  -17.681  -66.832  -3.989 0.6000000238
103412  -12.589  -61.158  2.582 0.5000000000
103614  -19.477  -64.523  -2.271 0.6000000238
104115  -20.252  -62.739  6.061 0.6000000238
104136  -20.336  -66.457  2.435 0.6000000238
104628  -22.242  -62.456  0.370 0.8000000119
104635  -16.303  -66.627  5.853 0.6000000238
105060  -12.218  -61.877  4.472 0.8000000119
105693  -17.876  -76.267  2.057 0.5000000000
106181  -20.777  -80.919  -6.160 0.6000000238
106466  -20.971  -71.374  -3.060 0.6000000238
107149  -19.916  -66.665  0.069 0.6999999881
107446  -21.621  -80.666  -4.918 0.6999999881
107522  -23.110  -69.787  -5.628 0.6000000238
107547  -20.592  -64.905  2.321 0.6999999881
109234  -20.433  -65.551  1.974 0.6999999881
109344  -24.077  -80.866  -6.820 0.6000000238
109896  -22.619  -72.274  -4.528 0.6000000238
110654  -13.572  -60.963  2.950 0.6000000238
111640  -14.437  -60.662  2.957 0.5000000000
111901  -34.511  -74.606  -8.281 0.5000000000
112381  -30.173  -74.176  -4.223 0.5000000000
112934  -19.173  -69.546  1.843 0.5000000000
113106  -20.073  -66.229  4.175 0.6000000238
113502  -36.869  -78.805  0.703 0.3000000119
113716  -16.324  -59.593  1.668 0.6000000238
114614  -17.184  -66.106  7.317 0.6999999881
114792  -17.764  -72.620  -1.976 0.5000000000
114800  -25.992  -79.739  -7.231 0.6000000238
114849  -19.957  -71.373  -5.230 0.6000000238
114911  -14.072  -56.145  1.057 0.4000000060
115644  -12.782  -53.469  8.216 0.4000000060
115807  -20.185  -66.771  1.952 0.6000000238
116008  -26.802  -69.065  -4.960 0.6000000238
116040  -31.797  -82.622  -4.162 0.3000000119
116449  -23.821  -66.242  -4.326 0.5000000000
116929  -8.776  -59.746  2.727 0.5000000000
117179  -18.392  -65.550  -3.344 0.6999999881
117217  -18.628  -70.904  -6.317 0.6000000238
117231  -11.502  -59.816  0.954 0.4000000060
117278  -32.194  -80.893  -6.176 0.4000000060
117324  -19.193  -75.746  -2.918 0.6999999881
117372  -17.319  -61.021  4.883 0.6000000238
117568  -21.492  -80.322  -4.194 0.6999999881
117592  -20.821  -63.514  2.104 0.8000000119
118144  -26.037  -79.083  -8.908 0.5000000000
