#!ascii label  , from subject sub-027S6002 vox2ras=TkReg
1678
6171  -41.017  -72.215  3.130 0.1000000015
5563  -41.281  -72.417  2.473 0.1000000015
114772  -39.573  -72.231  1.280 0.1000000015
5581  -40.340  -72.169  1.259 0.1000000015
109952  -40.042  -72.024  0.551 0.1000000015
102310  -41.848  -72.198  1.089 0.1000000015
5604  -40.755  -71.771  -0.245 0.1000000015
5606  -42.811  -72.334  0.506 0.1000000015
5627  -42.443  -72.175  -0.620 0.1000000015
5628  -43.367  -72.284  -0.479 0.1000000015
111254  -43.152  -72.456  -1.230 0.1000000015
5650  -42.396  -72.596  -1.754 0.1000000015
101916  -43.727  -72.296  -1.355 0.1000000015
6230  -44.861  -71.510  -2.156 0.1000000015
5651  -43.403  -72.678  -2.014 0.1000000015
5652  -43.966  -72.328  -2.260 0.1000000015
5544  -43.184  -72.461  3.954 0.1000000015
5552  -41.881  -72.422  3.107 0.1000000015
5565  -43.380  -72.770  2.646 0.1000000015
5564  -42.517  -72.755  2.446 0.1000000015
108386  -41.880  -72.554  1.862 0.1000000015
109350  -43.243  -72.783  1.993 0.1000000015
5584  -43.456  -72.475  1.266 0.1000000015
5607  -43.661  -72.183  0.378 0.1000000015
5629  -43.939  -72.060  -0.529 0.1000000015
8401  -48.671  -66.454  0.211 0.1000000015
7798  -47.693  -67.724  -0.574 0.1000000015
7263  -47.134  -68.644  -1.088 0.1000000015
7249  -47.273  -68.890  0.103 0.1000000015
6793  -45.847  -69.938  -1.449 0.1000000015
110283  -45.387  -70.508  -1.426 0.1000000015
6778  -44.933  -71.023  -1.066 0.1000000015
115641  -44.561  -71.577  -1.284 0.1000000015
6229  -44.241  -71.962  -1.505 0.1000000015
6141  -45.437  -72.176  5.416 0.1000000015
6152  -45.247  -72.127  4.733 0.2000000030
5539  -44.681  -72.369  4.909 0.1000000015
101660  -44.961  -71.686  4.133 0.1000000015
6162  -44.743  -72.031  3.868 0.1000000015
5545  -44.086  -72.413  4.150 0.1000000015
103248  -44.563  -71.509  3.364 0.1000000015
5555  -44.303  -72.260  3.565 0.1000000015
12588  -44.031  -60.754  0.791 0.1000000015
11978  -45.485  -60.958  0.594 0.1000000015
6172  -44.421  -71.765  2.917 0.1000000015
112707  -44.375  -71.944  2.256 0.1000000015
5585  -43.891  -72.382  1.946 0.1000000015
11979  -46.499  -60.989  0.449 0.1000000015
11971  -46.749  -61.689  0.692 0.1000000015
11370  -46.423  -62.390  1.199 0.1000000015
10776  -46.786  -63.796  1.663 0.1000000015
10234  -47.337  -64.659  1.618 0.1000000015
9672  -47.622  -65.565  1.626 0.1000000015
6188  -44.568  -71.637  1.520 0.1000000015
6204  -44.079  -71.883  0.222 0.1000000015
103740  -47.247  -62.940  1.295 0.1000000015
116300  -48.419  -63.598  1.134 0.1000000015
10235  -48.510  -64.812  1.323 0.1000000015
9071  -48.329  -66.675  1.154 0.1000000015
8399  -47.683  -67.317  1.302 0.1000000015
113827  -47.160  -68.019  1.473 0.1000000015
7223  -47.240  -69.008  0.902 0.1000000015
6187  -44.029  -72.052  1.023 0.1000000015
9674  -49.196  -64.823  0.793 0.1000000015
97408  -48.742  -66.248  0.726 0.1000000015
8400  -48.262  -67.140  0.783 0.1000000015
97983  -47.492  -68.092  1.063 0.1000000015
6766  -46.342  -70.130  0.452 0.1000000015
6779  -45.696  -70.379  -0.380 0.1000000015
7781  -47.669  -67.943  0.452 0.1000000015
6764  -45.022  -70.916  0.092 0.1000000015
6213  -44.389  -71.544  -0.481 0.1000000015
108765  -45.553  -71.642  4.774 0.1000000015
6142  -45.936  -71.781  5.859 0.1000000015
6143  -46.344  -71.390  6.250 0.2000000030
6134  -46.409  -71.169  6.761 0.2000000030
6721  -44.997  -71.053  4.229 0.1000000015
6720  -44.425  -70.669  3.485 0.1000000015
13231  -42.772  -58.850  0.274 0.1000000015
12599  -43.890  -59.909  0.354 0.1000000015
114355  -44.694  -70.837  2.662 0.1000000015
11970  -45.682  -61.811  1.012 0.1000000015
10775  -46.097  -63.133  1.616 0.1000000015
6749  -44.808  -71.368  2.134 0.1000000015
10225  -46.209  -64.591  2.035 0.1000000015
9663  -46.610  -65.353  1.956 0.1000000015
9070  -47.585  -66.482  1.580 0.1000000015
7741  -46.450  -68.232  1.840 0.1000000015
7221  -46.448  -69.736  1.404 0.1000000015
6750  -45.709  -70.567  1.272 0.1000000015
97576  -45.162  -71.042  1.580 0.1000000015
6765  -45.813  -70.531  0.664 0.1000000015
7690  -44.163  -68.464  6.100 0.1000000015
7691  -45.300  -68.653  6.210 0.1000000015
7704  -43.718  -68.807  5.286 0.1000000015
7705  -44.829  -69.309  5.552 0.1000000015
7183  -45.745  -70.153  5.535 0.1000000015
7706  -45.965  -69.388  5.895 0.2000000030
7184  -46.651  -70.208  6.030 0.2000000030
6713  -47.113  -70.359  6.567 0.2000000030
6701  -47.296  -70.427  6.907 0.2000000030
7192  -44.229  -70.068  4.253 0.1000000015
7181  -44.207  -69.530  4.914 0.1000000015
7196  -43.855  -69.419  3.574 0.1000000015
7197  -44.313  -69.750  2.898 0.1000000015
12598  -43.035  -59.682  0.630 0.1000000015
11968  -43.630  -61.388  1.317 0.1000000015
11367  -43.977  -62.209  1.615 0.1000000015
11360  -44.344  -62.940  2.062 0.1000000015
13232  -43.545  -59.077  -0.113 0.1000000015
11969  -44.607  -61.423  1.040 0.1000000015
11368  -44.867  -62.378  1.529 0.1000000015
10765  -45.672  -63.813  2.027 0.1000000015
10224  -45.274  -64.480  2.455 0.1000000015
110685  -46.126  -65.926  2.339 0.1000000015
8379  -45.100  -67.407  2.567 0.1000000015
111908  -45.557  -68.136  2.233 0.1000000015
7740  -45.317  -68.989  2.178 0.1000000015
7206  -44.983  -69.894  2.351 0.1000000015
13896  -42.934  -58.566  -0.367 0.1000000015
117483  -46.884  -65.984  1.893 0.1000000015
8380  -46.068  -67.368  2.220 0.1000000015
117473  -45.863  -68.605  2.001 0.1000000015
7207  -45.769  -69.809  1.824 0.1000000015
6732  -45.382  -70.603  1.890 0.1000000015
13895  -42.503  -57.928  -0.489 0.1000000015
13894  -42.060  -57.470  -0.696 0.1000000015
14511  -41.259  -57.209  -0.798 0.1000000015
8311  -42.736  -67.430  6.210 0.1000000015
8978  -42.080  -66.944  5.711 0.1000000015
8324  -42.552  -67.564  5.297 0.1000000015
8313  -44.709  -67.978  6.725 0.1000000015
7692  -46.477  -68.746  6.253 0.2000000030
8339  -42.700  -67.437  4.655 0.1000000015
7703  -42.966  -68.197  4.726 0.1000000015
7693  -47.242  -68.908  6.432 0.2000000030
9004  -42.913  -66.802  4.221 0.1000000015
8340  -43.004  -67.600  4.196 0.1000000015
15176  -40.930  -56.629  0.201 0.1000000015
111635  -41.943  -57.752  0.536 0.1000000015
112753  -42.229  -58.557  0.557 0.1000000015
13218  -42.134  -59.514  0.932 0.1000000015
12587  -43.324  -60.551  1.029 0.1000000015
12586  -42.538  -60.344  1.318 0.1000000015
11967  -42.823  -61.186  1.591 0.1000000015
9642  -42.952  -65.939  3.965 0.1000000015
7724  -43.411  -68.291  3.775 0.1000000015
10763  -43.818  -63.419  2.549 0.1000000015
10223  -44.533  -64.521  2.736 0.1000000015
8359  -44.126  -67.595  3.106 0.1000000015
111528  -39.996  -55.881  -0.199 0.1000000015
10764  -44.694  -63.743  2.425 0.1000000015
9661  -44.827  -65.164  2.771 0.1000000015
9048  -44.717  -66.608  2.883 0.1000000015
7739  -44.698  -68.325  2.592 0.1000000015
7725  -44.047  -68.755  3.075 0.1000000015
14486  -41.640  -57.050  0.166 0.1000000015
14487  -42.205  -57.403  -0.076 0.1000000015
15184  -40.527  -56.323  -0.264 0.1000000015
14499  -41.192  -56.800  -0.320 0.1000000015
15193  -40.551  -56.615  -0.718 0.1000000015
109566  -39.652  -56.521  -1.134 0.1000000015
14510  -40.141  -57.243  -1.146 0.1000000015
8312  -43.634  -67.760  6.574 0.1000000015
9003  -42.340  -66.927  4.873 0.1000000015
9627  -41.576  -66.171  6.245 0.1000000015
8956  -43.108  -67.112  7.034 0.1000000015
8314  -45.964  -68.092  6.592 0.1000000015
104124  -42.457  -66.286  4.518 0.1000000015
9640  -41.491  -65.492  5.398 0.1000000015
8305  -44.105  -67.318  7.266 0.1000000015
10211  -42.437  -64.553  3.866 0.1000000015
9641  -42.228  -65.481  4.414 0.1000000015
8315  -47.054  -68.265  6.550 0.2000000030
14472  -41.329  -57.402  0.684 0.1000000015
12585  -41.869  -60.226  1.581 0.1000000015
9651  -43.043  -65.156  3.654 0.1000000015
9025  -43.516  -66.328  3.627 0.1000000015
8307  -46.635  -67.594  6.949 0.1000000015
8308  -47.587  -67.833  6.984 0.2000000030
13217  -41.487  -58.844  0.972 0.1000000015
11959  -43.126  -62.027  1.821 0.1000000015
10222  -43.929  -64.138  2.846 0.1000000015
10213  -43.937  -64.984  3.139 0.1000000015
9653  -44.288  -65.864  3.168 0.1000000015
15906  -39.382  -55.616  -0.463 0.1000000015
15192  -39.860  -56.019  -0.643 0.1000000015
15914  -39.084  -55.537  -0.936 0.1000000015
17382  -38.947  -53.763  -2.047 0.1000000015
15913  -38.851  -54.998  -1.532 0.1000000015
110108  -38.784  -55.734  -1.621 0.1000000015
10202  -41.614  -64.582  4.699 0.1000000015
9628  -41.876  -66.289  5.129 0.1000000015
8931  -41.967  -66.155  7.168 0.1000000015
112193  -42.660  -66.527  7.290 0.1000000015
8306  -45.287  -67.464  7.226 0.1000000015
10753  -42.610  -63.737  3.370 0.1000000015
10747  -41.994  -63.966  4.014 0.1000000015
9598  -44.139  -66.100  7.991 0.1000000015
15175  -40.170  -56.134  0.363 0.1000000015
14471  -40.664  -57.398  1.150 0.1000000015
13868  -41.028  -58.115  1.098 0.1000000015
11966  -42.059  -60.926  1.876 0.1000000015
11958  -42.349  -61.746  2.147 0.1000000015
11358  -42.719  -62.486  2.468 0.1000000015
10762  -43.026  -63.221  2.711 0.1000000015
8933  -44.618  -66.727  7.681 0.1000000015
8934  -45.840  -66.847  7.575 0.1000000015
15898  -39.431  -55.565  0.215 0.1000000015
11359  -43.514  -62.718  2.238 0.1000000015
10212  -43.218  -64.390  3.293 0.1000000015
8935  -47.281  -67.007  7.451 0.1000000015
115165  -38.644  -54.723  -0.397 0.1000000015
16670  -38.712  -54.145  -0.790 0.1000000015
15905  -38.810  -55.004  -0.869 0.1000000015
16678  -38.832  -54.278  -1.436 0.1000000015
18891  -39.783  -51.780  -2.265 0.1000000015
18902  -40.908  -51.796  -3.258 0.1000000015
10736  -40.963  -64.004  5.292 0.1000000015
10191  -41.114  -64.754  5.769 0.1000000015
98206  -41.258  -65.364  6.279 0.1000000015
10745  -40.724  -63.272  4.867 0.1000000015
9595  -41.473  -65.450  7.062 0.1000000015
10746  -41.367  -63.687  4.430 0.1000000015
11338  -41.161  -62.947  4.064 0.1000000015
9596  -42.068  -65.578  7.550 0.1000000015
8932  -43.506  -66.513  7.637 0.1000000015
11350  -42.314  -62.937  3.063 0.1000000015
10752  -41.842  -63.329  3.691 0.1000000015
101832  -42.674  -65.976  7.675 0.1000000015
99261  -38.561  -54.848  0.309 0.1000000015
12584  -41.321  -59.730  1.569 0.1000000015
11357  -41.963  -62.237  2.734 0.1000000015
11349  -41.606  -62.626  3.360 0.1000000015
9597  -43.442  -65.701  8.028 0.1000000015
16662  -38.420  -54.113  -0.118 0.1000000015
15887  -39.480  -55.847  0.893 0.1000000015
15167  -39.738  -56.424  1.259 0.1000000015
13216  -40.697  -59.059  1.594 0.1000000015
108302  -44.968  -65.255  8.269 0.1000000015
17372  -38.510  -53.337  -0.457 0.1000000015
19729  -40.017  -50.895  -1.068 0.1000000015
18092  -38.679  -52.579  -0.813 0.1000000015
19741  -40.751  -50.714  -1.422 0.1000000015
18883  -39.557  -51.512  -1.529 0.1000000015
18884  -40.180  -51.156  -1.865 0.1000000015
18893  -41.204  -51.150  -2.697 0.1000000015
19742  -41.386  -50.702  -1.945 0.1000000015
11929  -40.302  -61.777  4.017 0.1000000015
11337  -40.523  -62.535  4.444 0.1000000015
10179  -40.739  -64.105  6.271 0.1000000015
11945  -40.144  -60.941  3.651 0.1000000015
10181  -41.375  -64.686  7.309 0.1000000015
13207  -40.108  -59.116  2.250 0.1000000015
11956  -40.984  -60.801  2.652 0.1000000015
97728  -40.518  -60.669  3.005 0.1000000015
11348  -40.928  -62.245  3.641 0.1000000015
17365  -38.223  -53.355  0.309 0.1000000015
111422  -38.225  -54.065  0.558 0.1000000015
14470  -39.909  -57.217  1.595 0.1000000015
12571  -41.388  -60.525  2.110 0.1000000015
11957  -41.551  -61.408  2.522 0.1000000015
10149  -43.582  -64.864  8.254 0.1000000015
18084  -38.338  -52.417  0.038 0.1000000015
9576  -44.252  -65.445  8.212 0.1000000015
9577  -45.744  -65.437  8.207 0.1000000015
18872  -38.733  -51.787  -0.450 0.1000000015
18873  -39.353  -51.331  -0.751 0.1000000015
19717  -40.823  -50.653  -0.361 0.1000000015
19730  -41.564  -50.516  -0.992 0.1000000015
19731  -42.591  -50.636  -0.617 0.1000000015
19719  -43.805  -50.654  -0.502 0.1000000015
19743  -42.805  -50.620  -1.783 0.1000000015
11321  -40.200  -62.802  5.320 0.1000000015
10735  -40.453  -63.457  5.765 0.1000000015
10720  -40.399  -63.315  6.682 0.1000000015
10721  -40.976  -63.976  7.213 0.1000000015
17359  -38.007  -53.497  1.073 0.1000000015
15159  -39.216  -56.843  2.045 0.1000000015
14460  -39.294  -57.761  2.285 0.1000000015
97758  -39.983  -60.173  3.173 0.1000000015
18863  -39.161  -51.223  0.059 0.1000000015
114760  -38.622  -51.677  0.251 0.1000000015
18077  -38.120  -52.690  0.873 0.1000000015
15886  -38.779  -55.286  1.225 0.1000000015
15166  -39.050  -56.046  1.705 0.1000000015
13867  -40.112  -58.233  1.767 0.1000000015
10162  -41.929  -64.915  7.705 0.1000000015
19716  -39.891  -50.840  -0.192 0.1000000015
100350  -41.260  -50.445  0.384 0.1000000015
19705  -41.971  -50.400  0.290 0.1000000015
19718  -41.882  -50.669  -0.050 0.1000000015
99668  -43.010  -49.869  0.339 0.1000000015
112012  -42.680  -50.564  0.107 0.1000000015
20501  -43.418  -50.469  -0.030 0.1000000015
105714  -43.219  -50.676  -0.268 0.1000000015
98278  -39.398  -60.380  3.963 0.1000000015
11336  -39.916  -62.126  4.881 0.1000000015
10719  -40.080  -62.940  6.083 0.1000000015
11320  -39.623  -62.373  5.829 0.1000000015
13194  -39.336  -59.598  3.289 0.1000000015
13206  -39.854  -59.538  2.735 0.1000000015
19704  -39.787  -50.722  0.723 0.1000000015
101350  -42.286  -49.958  0.477 0.1000000015
20502  -44.200  -50.340  -0.268 0.1000000015
20503  -45.184  -50.391  -0.328 0.1000000015
11928  -39.652  -61.274  4.565 0.1000000015
113542  -39.477  -61.778  5.322 0.1000000015
13844  -39.366  -58.795  2.635 0.1000000015
18857  -38.931  -51.249  0.937 0.1000000015
104026  -38.154  -52.234  1.428 0.1000000015
111674  -38.193  -54.367  1.319 0.1000000015
20488  -41.560  -49.994  0.691 0.1000000015
20489  -43.758  -49.641  0.164 0.1000000015
115198  -44.705  -49.336  0.072 0.1000000015
20490  -45.789  -49.493  0.031 0.1000000015
12557  -38.862  -59.702  3.878 0.1000000015
15158  -38.566  -56.408  2.567 0.1000000015
13856  -38.671  -58.147  2.988 0.1000000015
13193  -38.635  -58.984  3.483 0.1000000015
19699  -39.914  -50.289  1.347 0.1000000015
19698  -39.364  -50.637  1.407 0.1000000015
18071  -37.966  -52.839  1.614 0.1000000015
16647  -38.218  -54.896  2.009 0.1000000015
15878  -38.423  -55.578  2.273 0.1000000015
20478  -40.648  -50.100  1.075 0.1000000015
21291  -43.943  -48.681  0.368 0.1000000015
21292  -45.449  -48.626  0.250 0.1000000015
15877  -37.826  -54.990  2.944 0.1000000015
18856  -38.386  -51.574  1.655 0.1000000015
17358  -37.916  -53.554  1.894 0.1000000015
16656  -37.880  -54.231  2.339 0.1000000015
20479  -41.264  -49.209  1.100 0.1000000015
21279  -42.552  -49.007  0.601 0.1000000015
21290  -43.318  -49.066  0.405 0.1000000015
102780  -44.758  -48.158  0.388 0.1000000015
22121  -45.728  -47.737  0.572 0.1000000015
111380  -40.054  -49.735  1.623 0.1000000015
21289  -41.898  -49.364  0.748 0.1000000015
115396  -42.437  -48.174  0.958 0.1000000015
22119  -43.184  -48.159  0.714 0.1000000015
22120  -44.020  -47.697  0.644 0.1000000015
98733  -44.816  -47.228  0.814 0.1000000015
22907  -45.569  -47.021  0.964 0.1000000015
115102  -45.169  -46.658  1.230 0.1000000015
21278  -41.874  -48.597  1.018 0.1000000015
22106  -43.435  -47.278  1.123 0.1000000015
22107  -44.087  -47.033  1.021 0.1000000015
22890  -44.515  -46.575  1.342 0.1000000015
5562  -40.177  -72.315  2.053 0.1000000015
5582  -41.072  -72.235  1.601 0.1000000015
107384  -40.941  -71.929  0.745 0.1000000015
5583  -42.674  -72.601  1.550 0.1000000015
5605  -41.716  -71.869  0.175 0.1000000015
115667  -41.553  -71.876  -0.436 0.1000000015
5553  -42.826  -72.763  3.235 0.1000000015
5554  -43.644  -72.562  3.381 0.1000000015
5566  -44.021  -72.327  2.768 0.1000000015
8421  -48.375  -67.040  -0.111 0.1000000015
7262  -46.455  -69.271  -1.744 0.1000000015
7248  -46.583  -69.664  -0.386 0.1000000015
5546  -44.710  -72.257  4.316 0.1000000015
6722  -45.687  -71.809  5.417 0.2000000030
11369  -45.600  -62.588  1.484 0.1000000015
9673  -48.601  -65.783  1.220 0.1000000015
8381  -46.963  -67.323  1.774 0.1000000015
7761  -46.959  -68.972  1.402 0.1000000015
7237  -46.845  -69.695  0.671 0.1000000015
7222  -46.818  -69.620  1.132 0.1000000015
6205  -44.499  -71.479  0.582 0.1000000015
6751  -46.384  -70.144  1.054 0.1000000015
6189  -45.170  -71.030  0.982 0.1000000015
7182  -45.138  -70.440  4.913 0.1000000015
6711  -46.095  -71.182  5.528 0.2000000030
6712  -46.539  -70.983  6.197 0.2000000030
10774  -45.178  -63.126  1.850 0.1000000015
9050  -46.571  -66.589  2.087 0.1000000015
108936  -45.995  -70.191  1.426 0.1000000015
99293  -43.554  -69.088  4.409 0.1000000015
13881  -42.506  -58.031  0.112 0.1000000015
9662  -45.709  -65.233  2.423 0.1000000015
107750  -45.215  -65.869  2.696 0.1000000015
9049  -45.639  -66.612  2.508 0.1000000015
8955  -42.277  -66.776  6.651 0.1000000015
8325  -43.208  -68.080  5.725 0.1000000015
8316  -47.467  -68.463  6.759 0.2000000030
9026  -44.020  -66.680  3.308 0.1000000015
8358  -43.456  -67.206  3.703 0.1000000015
10754  -43.323  -63.796  2.933 0.1000000015
9652  -43.550  -65.635  3.508 0.1000000015
8920  -46.296  -66.205  7.914 0.1000000015
18099  -39.012  -52.985  -1.989 0.1000000015
16684  -38.895  -54.503  -2.168 0.1000000015
114075  -38.923  -52.643  -1.436 0.1000000015
18101  -40.084  -52.080  -3.002 0.1000000015
11947  -41.353  -62.022  3.043 0.1000000015
11946  -40.816  -61.423  3.193 0.1000000015
116161  -42.070  -50.563  -1.621 0.1000000015
19720  -44.713  -50.806  -0.746 0.1000000015
113964  -37.877  -64.378  12.347 0.5000000000
104327  -41.917  -68.916  10.752 0.5000000000
7638  -41.435  -68.608  10.757 0.5000000000
10115  -37.755  -63.693  12.123 0.5000000000
10116  -38.291  -64.255  11.630 0.5000000000
10117  -39.009  -64.459  11.073 0.5000000000
7639  -42.269  -68.352  10.528 0.5000000000
11237  -37.005  -62.462  13.088 0.5000000000
10656  -37.266  -63.160  12.692 0.5000000000
10662  -38.242  -63.420  11.685 0.5000000000
101248  -42.257  -67.419  10.280 0.5000000000
10661  -37.839  -62.901  12.015 0.5000000000
11238  -37.527  -62.339  12.494 0.5000000000
11243  -38.641  -62.694  11.699 0.5000000000
11239  -38.097  -62.217  12.102 0.4000000060
105547  -39.535  -62.967  11.366 0.4000000060
8249  -44.816  -67.704  11.781 0.5000000000
7629  -45.508  -68.591  12.427 0.5000000000
115844  -45.515  -67.184  12.117 0.5000000000
102289  -46.214  -66.750  12.134 0.5000000000
10122  -46.886  -65.312  11.158 0.5000000000
9537  -46.143  -65.503  11.600 0.5000000000
114965  -46.511  -63.516  10.116 0.4000000060
11263  -47.062  -62.127  9.237 0.4000000060
7617  -39.762  -68.855  12.648 0.1000000015
7637  -40.895  -68.124  10.877 0.5000000000
10652  -37.123  -63.554  13.458 0.5000000000
10109  -37.467  -63.986  12.849 0.5000000000
9532  -38.667  -64.976  11.446 0.5000000000
9533  -39.261  -65.366  11.041 0.4000000060
8266  -41.524  -67.767  10.455 0.5000000000
11232  -36.599  -62.555  13.772 0.5000000000
10655  -36.883  -63.010  13.374 0.5000000000
98664  -36.183  -61.974  14.190 0.5000000000
12430  -35.612  -60.538  15.094 0.5000000000
11825  -35.921  -61.258  14.651 0.5000000000
11840  -36.707  -61.827  13.415 0.5000000000
110216  -35.682  -59.790  14.753 0.4000000060
11826  -36.352  -61.147  13.781 0.3000000119
11851  -37.242  -61.809  12.868 0.5000000000
11852  -37.878  -61.512  12.429 0.4000000060
11841  -37.157  -60.964  12.992 0.3000000119
10664  -40.436  -63.295  11.120 0.6999999881
10675  -40.974  -63.960  10.697 0.5000000000
12431  -35.986  -60.463  14.246 0.3000000119
12445  -36.579  -60.347  13.547 0.3000000119
11240  -38.698  -61.762  12.063 0.4000000060
10665  -41.468  -63.268  11.323 0.6000000238
10132  -42.385  -64.769  10.927 0.6000000238
8911  -42.107  -66.347  10.298 0.6000000238
97546  -43.079  -67.721  10.576 0.5000000000
8248  -43.839  -67.980  11.068 0.3000000119
12446  -37.203  -60.197  13.142 0.3000000119
11853  -38.655  -60.964  12.293 0.3000000119
11856  -40.077  -61.577  11.820 0.4000000060
9534  -43.220  -64.811  11.340 0.6000000238
8912  -43.853  -66.285  11.195 0.5000000000
8901  -44.820  -66.796  11.709 0.5000000000
11854  -39.425  -61.260  12.001 0.4000000060
107468  -41.113  -62.695  11.539 0.5000000000
10666  -42.309  -63.287  11.484 0.5000000000
110240  -43.841  -64.493  11.525 0.5000000000
9535  -43.880  -65.337  11.476 0.5000000000
107228  -44.853  -65.936  11.694 0.5000000000
12465  -39.324  -60.501  12.112 0.4000000060
12473  -40.175  -60.848  11.808 0.4000000060
11858  -41.450  -61.389  11.487 0.5000000000
11247  -42.517  -62.724  11.552 0.5000000000
11249  -43.813  -63.222  11.099 0.4000000060
10120  -44.538  -64.500  11.537 0.5000000000
101567  -45.241  -64.898  11.604 0.5000000000
12474  -40.970  -60.838  11.499 0.4000000060
11248  -43.157  -62.908  11.371 0.5000000000
10133  -45.569  -63.772  10.772 0.4000000060
10121  -45.843  -64.650  11.319 0.5000000000
11863  -42.587  -61.460  11.072 0.5000000000
11865  -44.210  -61.847  10.203 0.4000000060
103130  -45.717  -63.005  9.993 0.4000000060
11256  -46.503  -62.811  9.635 0.4000000060
11864  -43.355  -61.397  10.572 0.3000000119
11872  -45.643  -61.553  9.499 0.3000000119
12487  -45.819  -60.658  8.994 0.3000000119
11873  -46.479  -61.382  9.125 0.3000000119
110420  -39.359  -69.340  13.430 0.1000000015
7610  -40.042  -68.703  14.015 0.1000000015
8227  -40.112  -67.712  12.215 0.4000000060
7627  -40.441  -68.574  11.426 0.4000000060
8246  -40.406  -67.667  11.491 0.4000000060
8247  -40.598  -67.625  10.999 0.5000000000
10106  -37.585  -64.145  13.731 0.5000000000
10110  -37.928  -64.641  13.080 0.5000000000
8900  -40.353  -66.883  10.954 0.5000000000
8265  -40.884  -67.150  10.585 0.5000000000
11217  -36.313  -62.745  14.618 0.5000000000
10651  -36.753  -63.181  14.034 0.5000000000
10643  -37.204  -63.711  14.305 0.5000000000
11815  -35.772  -61.267  15.580 0.5000000000
11201  -35.874  -62.061  15.082 0.5000000000
8909  -40.442  -66.289  10.629 0.6000000238
109147  -35.338  -59.850  15.597 0.4000000060
13052  -35.674  -59.137  15.355 0.2000000030
13704  -35.936  -58.455  15.109 0.2000000030
13053  -36.104  -59.080  14.602 0.3000000119
13067  -36.821  -59.637  13.388 0.3000000119
107131  -37.633  -59.648  12.910 0.4000000060
13066  -36.537  -58.888  13.840 0.3000000119
14323  -36.191  -57.757  14.745 0.3000000119
13717  -36.973  -58.171  13.439 0.4000000060
13731  -37.608  -58.615  12.716 0.4000000060
13084  -38.361  -59.286  12.402 0.4000000060
13101  -39.899  -60.058  11.807 0.4000000060
98195  -40.583  -60.220  11.468 0.4000000060
13732  -38.248  -58.485  12.218 0.3000000119
13733  -38.983  -58.780  11.837 0.3000000119
13102  -40.855  -59.589  11.008 0.3000000119
12476  -42.035  -61.100  11.174 0.4000000060
13112  -41.604  -59.573  10.670 0.3000000119
12480  -42.649  -60.632  10.559 0.3000000119
12482  -44.160  -60.898  9.874 0.4000000060
11871  -44.943  -61.264  9.657 0.3000000119
13111  -41.155  -58.819  10.525 0.2000000030
13765  -42.059  -58.693  10.067 0.2000000030
12485  -44.171  -60.128  9.519 0.3000000119
12486  -44.891  -60.333  9.288 0.3000000119
13764  -41.422  -57.988  9.995 0.1000000015
13769  -43.243  -58.683  8.621 0.2000000030
13119  -44.637  -59.600  8.778 0.4000000060
15808  -40.692  -55.589  8.634 0.1000000015
8228  -40.081  -68.174  13.176 0.1000000015
10107  -38.254  -64.667  14.098 0.5000000000
9518  -38.615  -65.242  13.409 0.4000000060
104216  -39.362  -66.085  11.565 0.4000000060
8908  -39.814  -66.141  10.955 0.5000000000
8899  -40.026  -66.745  11.501 0.5000000000
101698  -36.396  -63.098  15.101 0.5000000000
10642  -36.739  -63.342  14.796 0.5000000000
10095  -37.866  -64.175  14.681 0.4000000060
12407  -35.315  -60.584  16.788 0.4000000060
11806  -35.623  -61.165  16.299 0.4000000060
11202  -36.165  -62.712  15.435 0.5000000000
13024  -35.427  -59.403  17.009 0.4000000060
12418  -35.485  -60.574  15.967 0.5000000000
110217  -35.238  -59.912  16.477 0.4000000060
13037  -35.458  -59.215  16.191 0.3000000119
14298  -35.836  -57.962  16.260 0.3000000119
14299  -35.982  -57.213  16.230 0.2000000030
14311  -36.068  -57.036  15.347 0.2000000030
14975  -36.542  -56.634  16.485 0.1000000015
15719  -36.745  -55.871  15.431 0.1000000015
106462  -36.410  -57.015  14.673 0.3000000119
14336  -37.133  -57.263  13.435 0.3000000119
15018  -36.441  -56.377  15.018 0.2000000030
15734  -36.919  -55.733  14.609 0.2000000030
106369  -37.302  -56.454  13.235 0.2000000030
101450  -37.922  -57.843  12.402 0.2000000030
102435  -39.241  -57.937  11.334 0.2000000030
105273  -37.532  -55.710  12.873 0.2000000030
14363  -38.942  -57.131  11.515 0.2000000030
116160  -39.637  -58.604  11.324 0.2000000030
113913  -37.989  -55.779  12.174 0.2000000030
13763  -40.704  -58.083  10.449 0.2000000030
15786  -39.083  -55.803  11.216 0.1000000015
15801  -39.798  -55.767  10.676 0.1000000015
14381  -41.117  -57.323  10.043 0.1000000015
13767  -42.004  -57.655  9.345 0.1000000015
15807  -39.792  -55.202  9.780 0.1000000015
100706  -41.576  -57.274  9.538 0.1000000015
15802  -40.470  -55.867  9.750 0.1000000015
16572  -40.460  -54.757  8.256 0.1000000015
17273  -40.547  -53.849  7.838 0.1000000015
8212  -40.508  -67.577  14.118 0.3000000119
8873  -40.142  -67.241  13.154 0.3000000119
8854  -41.095  -66.360  15.471 0.3000000119
8864  -40.765  -66.549  14.658 0.3000000119
8886  -39.759  -66.674  12.290 0.3000000119
9506  -39.804  -65.493  14.878 0.3000000119
8863  -40.121  -66.152  14.398 0.3000000119
10088  -38.715  -64.710  15.717 0.4000000060
9505  -39.049  -65.093  14.496 0.5000000000
9519  -39.371  -65.782  13.905 0.4000000060
9530  -39.054  -65.920  12.604 0.4000000060
11183  -35.583  -62.191  17.343 0.4000000060
11192  -35.996  -62.950  16.793 0.4000000060
10631  -36.722  -63.305  15.575 0.5000000000
10632  -37.379  -63.751  15.162 0.5000000000
12991  -35.956  -60.177  19.159 0.4000000060
12999  -35.568  -60.053  18.403 0.4000000060
106933  -35.411  -61.351  17.036 0.4000000060
13000  -36.115  -59.513  18.367 0.4000000060
13010  -35.503  -59.719  17.723 0.4000000060
13001  -37.150  -59.325  18.551 0.4000000060
13012  -37.659  -58.724  18.215 0.3000000119
13666  -35.855  -59.049  17.523 0.3000000119
13668  -37.020  -58.124  17.694 0.3000000119
13667  -36.266  -58.307  17.269 0.3000000119
14289  -37.389  -57.382  17.471 0.3000000119
14976  -38.135  -55.970  16.750 0.1000000015
117989  -37.603  -55.715  16.375 0.1000000015
16453  -37.839  -54.789  15.456 0.1000000015
15720  -37.224  -55.219  15.031 0.1000000015
15735  -37.347  -54.853  14.143 0.2000000030
16475  -38.063  -54.069  14.840 0.1000000015
103645  -37.606  -54.557  14.711 0.1000000015
15755  -37.160  -55.657  13.740 0.2000000030
16495  -37.702  -53.871  14.177 0.2000000030
15756  -37.464  -54.906  13.255 0.2000000030
15772  -37.839  -55.081  12.402 0.1000000015
17243  -37.984  -53.772  12.086 0.1000000015
16560  -38.626  -54.564  11.176 0.1000000015
17244  -38.185  -53.295  11.427 0.1000000015
15800  -39.209  -55.177  10.898 0.1000000015
111654  -38.957  -53.834  9.893 0.1000000015
17267  -39.244  -53.381  9.315 0.1000000015
17268  -39.746  -53.812  8.637 0.1000000015
17989  -40.441  -52.618  8.081 0.1000000015
18769  -42.043  -51.722  7.450 0.1000000015
117740  -42.677  -52.102  6.514 0.1000000015
19619  -43.998  -50.572  6.745 0.1000000015
8855  -41.705  -66.779  15.718 0.3000000119
9502  -40.650  -66.005  15.865 0.3000000119
9501  -39.896  -65.541  15.819 0.4000000060
10078  -39.366  -65.309  16.293 0.3000000119
11184  -35.884  -62.965  17.778 0.3000000119
10614  -36.656  -63.481  17.222 0.4000000060
10084  -38.119  -64.332  16.136 0.4000000060
11789  -35.749  -61.077  19.341 0.3000000119
11175  -35.512  -62.201  18.362 0.3000000119
10076  -38.065  -64.439  16.779 0.4000000060
10077  -38.667  -65.053  16.861 0.3000000119
12992  -37.545  -59.765  19.221 0.3000000119
104771  -36.668  -59.764  19.008 0.3000000119
13002  -38.360  -59.346  18.700 0.3000000119
13013  -38.844  -58.751  18.051 0.3000000119
13669  -38.006  -58.092  17.859 0.3000000119
14290  -38.304  -57.413  17.550 0.2000000030
14977  -39.166  -56.046  16.851 0.1000000015
101103  -40.058  -56.068  16.647 0.1000000015
118052  -40.625  -56.008  16.466 0.1000000015
117389  -38.690  -55.507  16.460 0.1000000015
109289  -40.384  -54.786  15.693 0.1000000015
16454  -38.791  -54.908  15.972 0.1000000015
17183  -39.365  -53.711  15.290 0.1000000015
17182  -38.624  -53.517  14.931 0.1000000015
17223  -37.814  -53.310  13.519 0.2000000030
17919  -38.363  -52.202  13.929 0.2000000030
113043  -38.021  -52.645  13.558 0.2000000030
17951  -38.030  -52.989  12.220 0.1000000015
18714  -38.462  -51.492  12.612 0.1000000015
18725  -38.465  -51.612  11.772 0.1000000015
17965  -38.424  -52.730  10.717 0.1000000015
18726  -38.915  -51.120  11.202 0.1000000015
18740  -39.108  -51.389  10.372 0.1000000015
18752  -39.495  -51.745  9.483 0.1000000015
18753  -40.320  -51.763  8.662 0.1000000015
17990  -41.030  -52.141  7.809 0.1000000015
18770  -42.591  -51.265  7.532 0.1000000015
19604  -42.560  -50.975  8.391 0.1000000015
19605  -43.339  -50.914  8.285 0.1000000015
19618  -43.328  -50.940  7.080 0.1000000015
19620  -44.735  -50.350  7.215 0.1000000015
8204  -42.890  -67.796  16.328 0.2000000030
8203  -42.090  -67.441  15.733 0.2000000030
8187  -43.258  -67.630  16.852 0.2000000030
106253  -41.415  -66.414  16.274 0.3000000119
8186  -42.364  -67.451  17.520 0.2000000030
9498  -40.795  -66.081  16.255 0.3000000119
10609  -37.284  -64.057  17.577 0.3000000119
9493  -39.475  -65.545  17.038 0.3000000119
11778  -36.410  -61.582  19.906 0.3000000119
11168  -35.711  -62.009  19.240 0.3000000119
11176  -35.931  -62.873  18.800 0.3000000119
10071  -37.968  -64.709  17.543 0.3000000119
12378  -37.763  -60.391  19.813 0.3000000119
12367  -37.043  -60.846  20.136 0.3000000119
10070  -37.370  -64.570  18.333 0.3000000119
98909  -37.880  -65.049  18.257 0.3000000119
9492  -38.587  -65.240  17.731 0.2000000030
12994  -39.221  -59.719  19.101 0.2000000030
12993  -38.529  -59.972  19.448 0.2000000030
13003  -39.468  -59.383  18.435 0.3000000119
13014  -39.855  -59.114  17.793 0.3000000119
13670  -39.514  -58.421  17.549 0.3000000119
114332  -38.784  -58.117  17.659 0.3000000119
14292  -40.030  -57.913  17.200 0.2000000030
14300  -39.787  -56.919  17.017 0.1000000015
14301  -40.509  -57.469  16.882 0.2000000030
14978  -40.697  -56.667  16.623 0.1000000015
15700  -41.219  -55.949  16.204 0.1000000015
16479  -42.302  -55.040  14.852 0.1000000015
113385  -43.747  -55.375  14.520 0.1000000015
101996  -45.019  -55.124  14.221 0.1000000015
16478  -41.657  -54.952  15.111 0.1000000015
16497  -42.684  -54.500  14.579 0.1000000015
111234  -43.134  -54.254  14.449 0.1000000015
17208  -45.490  -53.781  14.482 0.1000000015
17209  -46.357  -53.774  14.460 0.1000000015
114059  -48.490  -52.799  14.262 0.1000000015
17205  -41.086  -53.744  15.154 0.1000000015
109732  -41.895  -53.479  14.663 0.1000000015
101100  -43.302  -52.977  14.462 0.1000000015
100275  -45.107  -52.964  14.566 0.1000000015
104632  -46.620  -52.024  14.624 0.1000000015
17925  -47.633  -52.442  14.511 0.1000000015
17204  -40.152  -53.236  15.209 0.1000000015
103470  -41.012  -52.821  14.996 0.1000000015
17203  -39.251  -52.931  14.960 0.1000000015
18674  -38.933  -51.641  13.963 0.2000000030
18699  -38.615  -51.531  13.360 0.1000000015
19530  -39.607  -50.574  12.993 0.1000000015
18715  -38.837  -50.946  12.051 0.1000000015
19561  -39.488  -50.519  11.560 0.1000000015
19570  -39.410  -50.807  10.769 0.1000000015
19589  -39.744  -50.897  10.081 0.1000000015
19590  -40.169  -51.125  9.412 0.1000000015
18754  -40.834  -51.057  9.037 0.1000000015
19592  -42.073  -50.738  9.354 0.1000000015
19603  -41.692  -51.126  8.521 0.1000000015
19606  -44.176  -50.983  8.512 0.1000000015
8156  -40.904  -67.527  19.992 0.2000000030
8832  -41.463  -67.139  17.803 0.2000000030
8839  -40.973  -66.360  17.052 0.3000000119
9497  -40.116  -65.749  16.276 0.3000000119
8823  -40.222  -66.976  20.256 0.2000000030
8831  -40.492  -66.821  18.200 0.2000000030
9494  -40.279  -65.913  16.740 0.3000000119
11161  -36.835  -62.285  20.250 0.3000000119
10600  -36.898  -63.100  20.140 0.3000000119
10066  -37.040  -64.429  19.121 0.3000000119
11779  -37.325  -61.629  20.417 0.3000000119
11162  -37.636  -62.491  20.599 0.3000000119
10604  -37.169  -63.986  19.890 0.3000000119
9483  -37.479  -64.808  19.748 0.3000000119
9487  -37.534  -65.099  18.964 0.3000000119
98089  -40.100  -60.826  19.994 0.2000000030
113881  -38.766  -61.152  20.434 0.3000000119
9488  -38.221  -65.643  18.727 0.2000000030
9489  -39.099  -65.843  18.115 0.2000000030
12390  -40.014  -59.946  18.984 0.2000000030
12391  -40.831  -60.239  18.863 0.2000000030
13004  -40.334  -59.661  18.261 0.3000000119
13671  -40.318  -58.706  17.352 0.3000000119
13680  -40.770  -58.207  16.952 0.2000000030
13015  -40.668  -59.386  17.629 0.3000000119
13672  -41.041  -58.994  17.089 0.2000000030
13681  -41.493  -58.471  16.663 0.2000000030
14302  -42.027  -57.875  16.301 0.2000000030
15002  -43.260  -56.590  15.274 0.1000000015
104408  -42.994  -52.049  14.575 0.1000000015
17924  -43.839  -52.082  14.592 0.1000000015
104634  -44.716  -52.094  14.604 0.1000000015
111677  -45.935  -51.378  14.566 0.1000000015
107419  -40.819  -51.927  14.533 0.1000000015
18677  -42.609  -51.270  14.417 0.1000000015
18678  -43.475  -51.263  14.482 0.1000000015
19507  -44.844  -50.635  14.269 0.1000000015
109775  -40.715  -51.136  14.082 0.1000000015
18676  -41.651  -51.402  14.328 0.1000000015
19504  -42.175  -50.572  14.110 0.1000000015
19534  -43.538  -50.117  13.704 0.1000000015
19535  -44.444  -50.178  13.795 0.1000000015
118197  -40.703  -50.614  13.646 0.1000000015
20301  -43.055  -49.594  13.010 0.1000000015
20319  -42.312  -49.545  12.379 0.1000000015
111579  -40.372  -50.346  13.125 0.1000000015
19553  -40.064  -50.199  12.320 0.1000000015
20330  -40.832  -49.899  11.956 0.1000000015
20331  -41.644  -49.833  11.600 0.1000000015
19562  -40.223  -50.181  11.551 0.1000000015
19571  -40.027  -50.427  10.827 0.1000000015
117274  -41.402  -50.192  10.756 0.1000000015
19591  -41.362  -50.734  9.403 0.1000000015
97626  -40.495  -66.691  21.925 0.3000000119
8800  -39.850  -66.158  21.249 0.3000000119
8813  -39.614  -66.460  20.511 0.3000000119
8822  -39.460  -66.643  19.636 0.2000000030
8830  -39.578  -66.553  18.613 0.2000000030
9475  -39.165  -65.935  20.849 0.3000000119
8812  -38.711  -66.190  19.948 0.3000000119
8829  -38.787  -66.267  19.052 0.3000000119
8838  -39.956  -66.151  17.587 0.2000000030
11780  -38.294  -61.759  20.654 0.3000000119
10602  -38.268  -63.814  21.032 0.3000000119
10046  -38.443  -64.726  20.997 0.3000000119
111228  -38.359  -65.975  19.354 0.3000000119
11781  -40.159  -61.183  20.623 0.2000000030
11765  -38.911  -62.225  21.011 0.3000000119
115186  -38.924  -62.776  21.404 0.3000000119
12370  -40.785  -60.821  20.142 0.2000000030
12382  -41.374  -60.726  19.594 0.2000000030
12392  -41.643  -60.451  18.776 0.2000000030
13005  -41.119  -59.973  18.133 0.2000000030
12400  -41.855  -60.219  17.965 0.3000000119
13025  -41.770  -59.294  16.846 0.2000000030
13682  -42.236  -58.749  16.397 0.2000000030
117665  -43.029  -49.661  12.196 0.1000000015
20346  -42.955  -50.293  10.965 0.1000000015
20345  -42.142  -50.177  10.876 0.1000000015
19572  -41.704  -50.483  10.120 0.1000000015
8117  -40.336  -66.887  22.734 0.1000000015
8770  -40.426  -66.433  23.558 0.2000000030
8785  -40.264  -66.137  22.601 0.3000000119
9465  -40.156  -66.104  21.857 0.3000000119
9453  -40.054  -65.460  22.407 0.3000000119
10034  -39.680  -64.790  22.285 0.3000000119
10047  -38.820  -64.083  21.604 0.3000000119
11766  -39.759  -61.796  21.196 0.3000000119
11144  -39.424  -62.402  21.659 0.3000000119
10576  -39.188  -62.943  22.019 0.3000000119
10591  -39.211  -63.578  22.145 0.3000000119
12353  -40.932  -60.890  20.871 0.2000000030
12371  -41.492  -60.875  20.371 0.2000000030
12383  -42.207  -60.941  19.382 0.1000000015
11790  -42.864  -61.410  19.133 0.1000000015
12393  -42.373  -60.707  18.601 0.2000000030
12401  -42.562  -60.447  17.771 0.2000000030
13018  -42.806  -60.202  16.972 0.3000000119
9439  -39.954  -64.856  23.065 0.3000000119
10023  -39.570  -63.988  22.865 0.3000000119
11757  -40.645  -61.305  22.324 0.3000000119
11145  -39.608  -62.512  22.445 0.3000000119
10577  -39.383  -63.102  22.773 0.3000000119
111472  -41.024  -60.851  21.618 0.2000000030
103184  -42.187  -60.765  21.124 0.1000000015
103241  -42.719  -61.498  19.783 0.1000000015
11791  -43.485  -62.011  19.588 0.1000000015
105176  -43.512  -61.724  18.813 0.1000000015
112860  -43.610  -61.204  18.169 0.1000000015
10024  -40.048  -64.261  23.860 0.3000000119
10013  -40.718  -64.238  24.541 0.2000000030
10566  -39.763  -63.300  23.522 0.3000000119
11749  -41.236  -60.947  22.835 0.2000000030
11748  -40.631  -61.545  23.366 0.3000000119
11136  -39.717  -62.643  23.129 0.3000000119
12329  -41.997  -60.724  22.746 0.2000000030
12339  -43.303  -60.470  22.119 0.1000000015
99490  -42.926  -60.737  21.248 0.1000000015
12340  -44.387  -60.462  22.313 0.1000000015
11769  -43.372  -61.397  20.693 0.1000000015
11782  -43.055  -61.722  20.158 0.1000000015
11783  -43.810  -62.154  20.235 0.1000000015
110186  -44.164  -62.363  19.051 0.1000000015
10556  -41.254  -63.392  24.795 0.2000000030
11116  -40.776  -62.677  24.428 0.2000000030
11137  -40.225  -62.461  23.750 0.2000000030
118032  -41.730  -60.898  23.484 0.2000000030
11730  -40.865  -61.900  24.190 0.2000000030
12330  -42.779  -60.558  22.934 0.1000000015
12331  -43.741  -60.544  23.196 0.1000000015
12355  -43.830  -60.794  21.411 0.1000000015
11770  -44.295  -61.676  20.801 0.1000000015
11164  -45.358  -62.626  19.784 0.1000000015
11170  -45.071  -62.666  19.195 0.1000000015
12356  -45.131  -60.865  21.408 0.1000000015
11771  -45.207  -61.689  20.749 0.1000000015
11785  -45.899  -62.142  20.385 0.1000000015
105032  -46.610  -60.486  21.669 0.1000000015
12357  -46.130  -61.097  20.872 0.1000000015
10130  -40.450  -64.757  10.510 0.4000000060
10674  -39.559  -63.837  10.888 0.5000000000
10663  -38.848  -63.605  11.311 0.5000000000
10129  -39.682  -64.680  10.712 0.4000000060
114736  -40.178  -64.090  10.648 0.6000000238
9547  -39.991  -65.501  10.649 0.5000000000
110175  -38.846  -65.537  11.702 0.4000000060
10131  -41.384  -64.742  10.569 0.5000000000
106358  -41.640  -67.005  10.225 0.5000000000
9548  -40.794  -65.560  10.409 0.6000000238
98370  -42.912  -66.762  10.509 0.5000000000
7628  -44.350  -68.739  11.562 0.5000000000
8910  -41.186  -66.359  10.332 0.5000000000
7139  -41.481  -69.466  11.024 0.5000000000
118244  -42.204  -66.893  10.219 0.5000000000
11244  -39.484  -62.075  11.804 0.4000000060
8267  -43.865  -67.203  11.026 0.4000000060
107573  -45.572  -65.734  11.747 0.5000000000
10134  -46.634  -64.361  10.726 0.4000000060
11867  -46.042  -62.202  9.560 0.4000000060
9529  -38.321  -65.095  12.255 0.5000000000
10118  -41.943  -63.969  11.038 0.6000000238
100991  -36.205  -59.701  13.991 0.3000000119
103999  -37.993  -60.752  12.600 0.4000000060
11245  -40.401  -62.303  11.619 0.5000000000
9549  -41.784  -65.558  10.459 0.6000000238
11857  -40.751  -61.499  11.674 0.4000000060
102566  -41.296  -62.083  11.670 0.4000000060
11246  -41.835  -62.662  11.640 0.5000000000
10119  -42.965  -64.003  11.436 0.5000000000
113960  -42.898  -65.663  10.830 0.5000000000
12464  -38.483  -60.183  12.569 0.4000000060
116895  -42.865  -63.299  11.502 0.5000000000
10668  -44.084  -63.925  11.452 0.4000000060
117282  -43.574  -63.998  11.496 0.5000000000
9536  -44.637  -65.095  11.643 0.5000000000
13085  -39.163  -59.720  12.117 0.3000000119
12475  -41.520  -60.793  11.240 0.5000000000
11859  -42.103  -61.949  11.578 0.5000000000
11860  -42.869  -62.150  11.244 0.5000000000
10676  -44.587  -63.533  10.979 0.4000000060
10669  -44.957  -64.198  11.393 0.5000000000
11253  -43.586  -62.401  10.842 0.4000000060
11255  -45.018  -63.097  10.426 0.4000000060
11254  -44.343  -62.755  10.558 0.4000000060
11866  -45.096  -62.258  9.962 0.4000000060
11191  -35.818  -62.072  16.205 0.5000000000
14310  -35.862  -57.785  15.598 0.2000000030
108538  -37.044  -59.008  13.182 0.4000000060
14335  -36.657  -57.474  14.079 0.3000000119
108084  -37.448  -57.806  12.942 0.3000000119
14349  -37.633  -57.153  12.764 0.3000000119
112051  -40.283  -59.635  11.401 0.3000000119
13750  -39.708  -59.311  11.585 0.3000000119
13103  -41.231  -60.248  11.108 0.3000000119
13749  -38.543  -57.885  11.847 0.2000000030
13751  -40.322  -58.885  11.009 0.3000000119
12479  -41.888  -60.356  10.839 0.3000000119
13113  -42.340  -59.723  10.320 0.3000000119
13114  -42.958  -59.914  9.955 0.3000000119
12481  -43.484  -60.409  9.999 0.4000000060
13117  -42.825  -59.127  9.647 0.2000000030
13118  -43.666  -59.509  9.348 0.2000000030
13768  -42.543  -58.220  9.026 0.2000000030
15088  -41.199  -56.135  8.468 0.1000000015
108912  -40.247  -55.096  8.757 0.1000000015
10096  -38.639  -64.583  15.053 0.4000000060
10087  -38.072  -64.240  15.500 0.4000000060
106298  -36.270  -62.896  16.081 0.5000000000
12399  -35.297  -60.539  17.702 0.4000000060
13679  -36.046  -57.869  16.725 0.3000000119
14288  -36.518  -57.419  17.041 0.2000000030
14999  -36.349  -56.493  15.785 0.2000000030
15696  -37.228  -55.517  15.907 0.1000000015
14959  -37.025  -56.797  17.026 0.1000000015
15036  -36.800  -56.531  14.132 0.2000000030
14350  -38.253  -57.121  12.134 0.2000000030
15054  -37.826  -56.435  12.450 0.2000000030
16539  -37.736  -54.292  12.682 0.2000000030
15055  -38.548  -56.298  11.720 0.1000000015
14365  -39.976  -58.017  10.873 0.2000000030
15785  -38.513  -55.325  11.663 0.1000000015
15069  -39.401  -56.426  11.132 0.1000000015
14364  -39.701  -57.193  10.973 0.2000000030
14380  -40.455  -57.298  10.496 0.2000000030
17254  -38.544  -53.747  10.685 0.1000000015
14379  -40.283  -56.471  10.509 0.1000000015
15085  -40.868  -56.793  10.097 0.1000000015
106114  -39.082  -54.504  10.312 0.1000000015
15084  -40.867  -56.366  9.741 0.1000000015
15089  -41.380  -56.679  9.305 0.1000000015
16571  -39.536  -54.394  9.269 0.1000000015
17274  -41.143  -53.171  7.418 0.1000000015
112287  -40.297  -66.803  13.994 0.3000000119
8846  -41.266  -66.318  15.908 0.3000000119
9507  -40.407  -65.871  15.283 0.3000000119
8872  -39.788  -66.465  13.372 0.3000000119
116709  -39.899  -65.511  15.437 0.3000000119
10085  -38.689  -64.853  16.202 0.4000000060
10089  -39.219  -65.113  15.879 0.4000000060
10097  -39.364  -65.109  15.402 0.4000000060
11799  -35.257  -61.435  17.993 0.4000000060
10623  -36.794  -63.381  16.394 0.4000000060
10624  -37.503  -63.777  15.941 0.4000000060
11796  -35.422  -61.492  18.778 0.4000000060
13011  -36.617  -58.845  17.943 0.3000000119
14960  -37.756  -56.666  17.208 0.2000000030
15698  -39.498  -55.457  16.405 0.1000000015
15697  -37.981  -55.339  16.192 0.1000000015
16476  -38.635  -54.221  15.360 0.1000000015
16519  -37.613  -54.109  13.454 0.2000000030
17181  -38.155  -53.455  14.497 0.2000000030
17235  -37.798  -53.523  12.840 0.1000000015
15784  -38.149  -54.523  11.911 0.1000000015
18739  -38.570  -51.847  10.893 0.1000000015
107305  -38.769  -53.050  9.981 0.1000000015
17966  -38.805  -52.157  10.075 0.1000000015
17979  -39.727  -52.742  8.721 0.1000000015
111257  -41.092  -51.538  8.333 0.1000000015
8856  -42.281  -67.160  16.022 0.2000000030
8847  -41.911  -66.766  16.073 0.2000000030
10608  -36.445  -63.546  18.186 0.3000000119
10615  -37.487  -63.857  16.680 0.4000000060
12377  -36.363  -60.747  19.657 0.3000000119
109782  -36.856  -60.242  19.541 0.3000000119
14291  -39.200  -57.597  17.393 0.1000000015
15699  -40.416  -55.466  16.181 0.1000000015
15721  -41.127  -55.211  15.599 0.1000000015
16455  -39.746  -54.973  16.024 0.1000000015
17184  -40.256  -54.072  15.423 0.1000000015
17185  -41.092  -54.538  15.299 0.1000000015
17920  -39.095  -52.218  14.442 0.1000000015
17944  -37.932  -52.760  12.968 0.1000000015
17945  -38.153  -52.176  12.397 0.1000000015
19552  -39.344  -50.583  12.352 0.1000000015
8848  -42.645  -67.439  16.369 0.2000000030
8840  -42.068  -66.937  16.726 0.2000000030
11169  -36.293  -62.616  19.635 0.3000000119
10065  -36.533  -63.577  19.233 0.3000000119
104978  -36.834  -64.074  18.493 0.3000000119
12379  -38.691  -60.636  20.006 0.3000000119
12368  -37.951  -61.017  20.370 0.3000000119
12380  -39.520  -60.380  19.609 0.3000000119
97759  -41.251  -57.521  16.593 0.1000000015
15000  -41.938  -56.443  15.999 0.1000000015
99162  -41.946  -55.612  15.494 0.1000000015
15722  -42.797  -55.710  15.140 0.1000000015
15736  -43.100  -55.174  14.698 0.1000000015
15738  -44.316  -55.287  14.346 0.1000000015
16498  -43.545  -54.730  14.443 0.1000000015
108734  -45.047  -54.419  14.365 0.1000000015
16499  -44.341  -54.577  14.347 0.1000000015
117121  -42.282  -54.068  14.577 0.1000000015
17206  -42.746  -53.759  14.454 0.1000000015
17207  -44.631  -53.799  14.436 0.1000000015
104410  -43.673  -53.901  14.389 0.1000000015
99495  -46.020  -52.943  14.635 0.1000000015
98793  -46.919  -53.031  14.564 0.1000000015
17210  -47.757  -53.303  14.384 0.1000000015
118249  -48.326  -52.079  14.377 0.1000000015
17923  -42.471  -52.832  14.503 0.1000000015
110768  -44.201  -52.994  14.515 0.1000000015
104633  -45.599  -52.095  14.630 0.1000000015
18683  -48.711  -51.490  14.198 0.1000000015
17921  -40.005  -52.396  14.801 0.1000000015
17922  -41.700  -52.439  14.577 0.1000000015
18675  -39.808  -51.557  14.198 0.1000000015
18701  -40.048  -50.837  13.639 0.1000000015
110039  -40.730  -50.525  10.055 0.1000000015
112006  -40.895  -67.214  20.819 0.2000000030
105624  -40.230  -67.057  19.285 0.2000000030
8174  -41.066  -67.472  18.933 0.2000000030
8801  -40.402  -66.677  21.188 0.3000000119
9484  -38.008  -65.552  19.665 0.3000000119
10058  -37.764  -64.333  20.468 0.3000000119
10601  -37.644  -63.448  20.558 0.3000000119
116814  -37.933  -65.049  20.337 0.3000000119
12369  -39.444  -60.935  20.250 0.3000000119
12381  -40.460  -60.524  19.511 0.2000000030
103259  -39.272  -61.523  20.675 0.3000000119
13016  -41.429  -59.651  17.471 0.3000000119
14312  -41.855  -57.135  16.275 0.1000000015
105492  -42.567  -57.140  15.885 0.2000000030
15001  -42.512  -56.270  15.565 0.1000000015
18679  -44.343  -51.279  14.500 0.1000000015
19509  -47.278  -50.478  14.208 0.1000000015
19505  -43.065  -50.581  14.182 0.1000000015
19506  -43.958  -50.628  14.211 0.1000000015
110757  -41.339  -50.611  13.917 0.1000000015
19532  -41.799  -50.033  13.574 0.1000000015
20299  -41.487  -49.795  13.065 0.1000000015
20318  -41.543  -49.682  12.483 0.1000000015
8132  -40.936  -67.246  21.354 0.3000000119
9464  -39.653  -65.496  21.665 0.3000000119
9474  -38.465  -65.535  20.525 0.3000000119
9463  -38.950  -65.332  21.166 0.3000000119
11163  -38.344  -62.920  20.970 0.3000000119
10590  -38.800  -63.356  21.499 0.3000000119
13017  -42.104  -59.954  17.195 0.2000000030
13026  -42.475  -59.558  16.588 0.2000000030
13683  -42.962  -59.049  16.090 0.2000000030
100002  -40.246  -67.827  22.807 0.1000000015
9440  -40.241  -65.590  23.305 0.2000000030
104407  -39.161  -64.765  21.655 0.3000000119
117114  -39.307  -64.221  22.119 0.3000000119
11767  -40.486  -61.347  21.404 0.3000000119
11756  -40.053  -61.946  21.967 0.3000000119
12372  -42.071  -61.083  20.003 0.1000000015
12394  -43.029  -61.012  18.382 0.2000000030
114763  -40.237  -65.062  23.844 0.3000000119
11146  -40.063  -61.997  22.869 0.3000000119
116188  -41.093  -60.860  22.158 0.2000000030
112220  -41.621  -60.694  21.882 0.2000000030
12354  -41.560  -60.763  21.049 0.2000000030
97573  -42.103  -60.967  20.526 0.1000000015
11768  -42.659  -61.184  20.582 0.1000000015
12338  -42.447  -60.568  21.957 0.1000000015
10567  -40.344  -63.400  24.270 0.3000000119
11731  -41.257  -61.262  23.831 0.2000000030
11792  -44.377  -62.468  19.695 0.1000000015
11117  -41.537  -62.310  24.611 0.2000000030
116170  -41.384  -61.655  24.287 0.2000000030
11784  -44.768  -62.312  20.318 0.1000000015
7130  -45.056  -69.625  12.472 0.3000000119
6641  -44.476  -71.834  12.830 0.3000000119
6652  -44.817  -70.765  12.824 0.3000000119
4499  -41.234  -75.018  9.932 0.2000000030
4040  -40.114  -75.502  9.216 0.2000000030
6035  -43.976  -72.694  12.596 0.4000000060
5480  -43.265  -73.636  12.182 0.3000000119
5465  -43.699  -73.354  12.366 0.3000000119
4935  -42.913  -73.889  11.809 0.3000000119
6642  -45.705  -71.545  13.144 0.4000000060
4936  -43.463  -73.879  11.917 0.3000000119
4031  -42.176  -75.068  10.178 0.2000000030
7131  -46.061  -69.410  13.063 0.4000000060
7117  -46.147  -70.523  13.348 0.4000000060
5482  -44.548  -72.947  12.066 0.4000000060
7618  -46.698  -68.768  13.035 0.4000000060
106724  -46.312  -67.764  12.518 0.4000000060
5467  -44.925  -72.252  12.568 0.4000000060
112285  -43.554  -74.026  11.377 0.3000000119
4500  -42.673  -74.727  10.018 0.3000000119
7118  -46.913  -69.793  13.271 0.4000000060
6037  -45.942  -71.660  12.950 0.4000000060
5489  -44.963  -72.525  11.842 0.3000000119
4955  -43.724  -73.941  10.833 0.4000000060
102286  -47.474  -67.534  12.545 0.4000000060
6038  -46.759  -71.218  13.044 0.4000000060
105831  -44.406  -73.019  10.941 0.3000000119
112575  -46.596  -66.293  11.831 0.4000000060
7619  -47.456  -69.174  13.027 0.4000000060
7119  -47.403  -70.085  13.014 0.4000000060
6073  -45.748  -71.835  11.850 0.4000000060
8902  -47.952  -66.893  12.354 0.4000000060
6662  -47.318  -70.503  12.262 0.4000000060
9538  -47.277  -66.185  11.598 0.4000000060
8230  -47.601  -68.741  12.620 0.4000000060
7120  -47.545  -69.964  12.686 0.4000000060
99396  -46.707  -70.423  11.574 0.4000000060
8250  -47.992  -67.924  12.378 0.4000000060
7630  -47.673  -68.785  12.376 0.4000000060
6660  -45.020  -71.373  10.735 0.3000000119
8903  -48.207  -66.594  11.747 0.4000000060
8269  -48.172  -67.808  11.807 0.4000000060
7142  -47.095  -69.671  11.593 0.4000000060
6669  -43.986  -70.764  9.856 0.2000000030
8913  -48.345  -67.043  11.742 0.4000000060
9539  -47.952  -65.892  11.190 0.4000000060
8914  -48.467  -66.325  10.944 0.4000000060
108846  -48.365  -67.018  11.070 0.4000000060
7641  -46.287  -68.681  10.634 0.4000000060
7141  -45.893  -69.586  10.665 0.2000000030
7149  -44.650  -69.875  9.828 0.2000000030
7148  -43.642  -69.958  9.302 0.3000000119
10677  -47.469  -63.985  10.114 0.3000000119
10135  -47.778  -64.969  10.570 0.3000000119
9550  -48.534  -65.648  10.519 0.3000000119
8268  -46.867  -67.919  10.647 0.3000000119
7653  -45.277  -68.872  9.752 0.2000000030
109282  -43.833  -69.584  9.001 0.2000000030
6688  -42.528  -70.121  7.976 0.2000000030
11257  -47.491  -63.064  9.489 0.3000000119
98513  -48.398  -64.361  9.879 0.3000000119
8270  -48.475  -66.557  10.607 0.4000000060
7654  -45.836  -68.201  9.712 0.1000000015
11264  -48.337  -62.173  8.913 0.3000000119
10678  -49.112  -63.810  9.316 0.3000000119
9561  -49.386  -65.830  9.400 0.2000000030
8286  -48.271  -66.779  9.636 0.2000000030
102060  -44.582  -69.151  8.834 0.1000000015
7166  -43.121  -69.913  7.870 0.2000000030
10691  -50.109  -63.777  7.984 0.2000000030
9562  -49.639  -65.278  8.797 0.2000000030
8287  -48.756  -66.646  8.619 0.1000000015
7669  -45.916  -68.259  8.881 0.1000000015
7158  -45.500  -68.900  8.502 0.1000000015
98277  -43.791  -69.677  8.386 0.1000000015
11874  -47.707  -61.291  8.655 0.2000000030
11258  -48.804  -63.022  9.134 0.3000000119
11266  -50.051  -63.111  8.081 0.3000000119
11875  -48.977  -61.566  8.066 0.3000000119
100215  -50.052  -62.841  7.475 0.2000000030
9580  -49.420  -65.927  8.173 0.1000000015
7670  -46.931  -68.314  8.320 0.1000000015
6679  -45.192  -69.589  8.039 0.1000000015
7167  -44.394  -69.630  8.084 0.1000000015
12488  -46.840  -60.690  8.418 0.2000000030
11880  -49.353  -60.989  7.134 0.2000000030
11285  -50.153  -62.061  6.844 0.2000000030
10168  -49.907  -63.534  7.630 0.1000000015
9581  -49.746  -65.171  8.139 0.1000000015
8922  -49.044  -66.405  8.198 0.1000000015
8300  -48.527  -66.962  7.896 0.1000000015
7159  -46.627  -69.117  8.045 0.1000000015
6689  -44.988  -70.315  7.499 0.1000000015
6697  -42.955  -70.433  6.546 0.1000000015
12496  -49.152  -60.720  6.268 0.1000000015
10704  -50.014  -62.468  6.848 0.2000000030
10167  -49.504  -64.088  7.552 0.1000000015
9599  -48.757  -65.987  7.771 0.1000000015
8309  -47.695  -68.033  7.359 0.1000000015
6681  -47.169  -69.908  7.471 0.1000000015
6690  -46.945  -70.541  7.186 0.1000000015
6699  -44.907  -70.989  6.941 0.1000000015
6709  -42.415  -70.565  5.860 0.1000000015
98744  -48.822  -65.149  7.720 0.1000000015
105973  -48.153  -67.194  7.555 0.1000000015
7694  -47.479  -69.079  6.806 0.1000000015
109386  -45.405  -71.731  6.192 0.1000000015
6132  -44.643  -72.012  5.666 0.1000000015
7175  -47.467  -69.893  6.909 0.1000000015
12408  -43.587  -60.422  16.826 0.2000000030
13120  -45.553  -59.747  8.246 0.2000000030
12493  -46.420  -59.999  7.677 0.1000000015
12495  -48.352  -60.408  6.888 0.1000000015
12507  -48.505  -60.320  5.690 0.1000000015
10723  -49.797  -62.193  6.340 0.1000000015
12523  -49.003  -60.819  5.730 0.1000000015
10702  -49.109  -63.109  6.878 0.1000000015
9579  -47.916  -65.792  7.785 0.1000000015
6126  -45.725  -71.251  6.873 0.1000000015
6691  -47.372  -70.179  7.128 0.1000000015
8936  -48.204  -66.559  7.648 0.1000000015
4943  -42.484  -74.242  11.167 0.3000000119
5481  -43.908  -73.570  12.171 0.3000000119
5466  -44.298  -72.901  12.353 0.3000000119
4488  -43.164  -74.302  10.743 0.3000000119
107879  -46.982  -70.604  13.338 0.4000000060
5487  -44.121  -73.505  10.916 0.3000000119
5468  -45.409  -72.035  12.359 0.4000000060
6072  -44.862  -72.491  11.324 0.3000000119
8229  -47.491  -68.324  12.797 0.4000000060
97531  -49.007  -65.925  10.218 0.3000000119
8285  -47.727  -67.167  10.407 0.2000000030
7147  -43.205  -69.910  8.582 0.2000000030
106292  -48.213  -63.653  9.606 0.3000000119
10137  -49.202  -64.580  9.455 0.3000000119
7655  -46.557  -67.708  9.473 0.2000000030
7668  -45.320  -68.603  9.127 0.1000000015
8915  -48.981  -66.240  10.025 0.4000000060
10142  -49.673  -64.797  8.977 0.2000000030
8917  -49.267  -66.217  8.884 0.2000000030
7656  -47.420  -67.405  8.917 0.1000000015
8299  -48.202  -67.365  8.219 0.1000000015
11265  -49.625  -62.433  8.267 0.3000000119
9600  -49.405  -65.518  7.873 0.1000000015
7671  -47.584  -68.354  7.774 0.1000000015
6680  -46.327  -69.810  7.777 0.1000000015
7174  -43.291  -70.250  7.175 0.1000000015
12494  -47.283  -60.191  7.194 0.1000000015
11304  -50.017  -61.782  6.204 0.1000000015
116890  -49.519  -64.943  7.773 0.1000000015
8937  -48.854  -66.392  7.904 0.1000000015
7681  -47.516  -69.225  7.228 0.1000000015
6710  -43.485  -71.207  5.855 0.1000000015
6139  -42.945  -71.448  5.211 0.1000000015
10166  -48.281  -64.040  7.605 0.1000000015
11303  -49.498  -61.434  5.898 0.1000000015
112507  -40.039  -70.354  11.703 0.3000000119
109602  -40.250  -71.098  11.535 0.2000000030
6658  -39.963  -71.219  11.228 0.3000000119
6053  -41.030  -71.581  11.321 0.2000000030
7138  -40.666  -69.296  11.281 0.4000000060
7127  -40.849  -70.406  11.409 0.3000000119
6650  -41.430  -71.435  11.546 0.2000000030
6070  -41.987  -72.391  11.746 0.2000000030
6069  -40.426  -71.676  10.387 0.1000000015
5485  -41.204  -72.003  11.114 0.2000000030
6659  -41.834  -70.438  11.361 0.3000000119
6088  -40.368  -72.123  9.398 0.1000000015
5509  -40.702  -73.091  9.434 0.1000000015
5494  -41.260  -72.643  10.274 0.1000000015
5495  -41.836  -73.548  10.817 0.1000000015
5508  -39.297  -72.765  8.419 0.1000000015
111634  -40.075  -72.627  8.855 0.1000000015
4968  -40.006  -73.804  9.019 0.1000000015
7140  -42.482  -69.422  11.028 0.3000000119
6651  -42.328  -72.135  12.036 0.2000000030
5479  -42.679  -73.415  11.960 0.2000000030
5486  -42.002  -72.958  11.344 0.2000000030
5507  -38.399  -73.405  8.328 0.1000000015
7129  -43.802  -69.828  11.659 0.2000000030
7128  -42.823  -70.606  11.749 0.3000000119
6054  -42.961  -72.962  12.366 0.2000000030
4942  -42.439  -73.871  11.449 0.2000000030
117333  -40.711  -74.093  9.536 0.1000000015
104882  -38.269  -74.471  8.526 0.1000000015
4967  -39.080  -74.198  8.687 0.1000000015
98252  -43.759  -70.962  12.441 0.3000000119
7640  -43.285  -68.653  10.926 0.2000000030
4953  -41.839  -74.442  10.610 0.2000000030
4952  -41.024  -74.756  9.830 0.1000000015
4510  -38.838  -75.323  8.793 0.1000000015
4511  -39.588  -75.147  9.223 0.1000000015
4498  -40.612  -75.193  9.524 0.1000000015
4041  -40.793  -75.382  9.434 0.1000000015
99790  -39.240  -75.767  8.662 0.1000000015
103700  -39.598  -75.612  8.965 0.1000000015
4054  -41.387  -75.453  9.075 0.1000000015
4053  -40.498  -75.642  8.951 0.1000000015
4513  -42.101  -75.190  8.549 0.1000000015
4063  -37.670  -75.866  7.749 0.1000000015
4064  -38.798  -76.012  8.195 0.1000000015
4052  -39.848  -75.756  8.837 0.1000000015
4066  -41.213  -75.435  8.390 0.1000000015
102832  -43.666  -73.625  10.332 0.3000000119
4080  -39.960  -75.720  7.686 0.1000000015
103638  -43.143  -71.860  12.464 0.3000000119
4512  -40.260  -74.935  9.498 0.1000000015
115008  -42.229  -71.334  11.832 0.3000000119
109596  -41.357  -73.740  10.032 0.1000000015
4051  -38.331  -75.640  8.303 0.1000000015
116558  -38.267  -75.948  8.051 0.1000000015
99025  -40.309  -75.693  8.301 0.1000000015
4065  -39.509  -75.916  8.254 0.1000000015
4954  -43.142  -74.101  9.904 0.2000000030
4988  -41.056  -74.321  7.349 0.1000000015
4997  -39.592  -74.133  6.413 0.1000000015
5535  -40.607  -73.410  7.016 0.2000000030
4996  -38.885  -73.438  5.986 0.1000000015
4969  -42.018  -73.770  8.044 0.2000000030
4989  -41.326  -73.545  7.495 0.2000000030
101664  -39.967  -73.407  6.645 0.2000000030
5531  -41.537  -72.588  7.788 0.1000000015
5530  -40.779  -72.398  7.269 0.2000000030
6125  -41.167  -71.503  7.508 0.1000000015
5496  -43.260  -73.327  9.579 0.2000000030
5510  -42.158  -72.872  8.303 0.1000000015
5534  -39.982  -72.293  6.652 0.1000000015
5497  -43.860  -72.899  10.207 0.2000000030
5511  -42.658  -72.543  8.831 0.2000000030
6110  -41.905  -71.654  8.191 0.1000000015
6071  -44.390  -72.115  10.456 0.2000000030
6089  -43.200  -72.331  9.437 0.2000000030
6090  -43.542  -71.588  9.665 0.2000000030
101577  -41.552  -70.885  7.695 0.1000000015
6111  -42.674  -71.269  8.892 0.1000000015
6678  -42.690  -70.381  8.554 0.1000000015
6686  -41.132  -70.802  7.120 0.1000000015
111695  -42.329  -74.652  8.370 0.1000000015
106022  -41.770  -74.769  7.830 0.1000000015
100250  -39.755  -69.808  11.883 0.2000000030
101574  -39.256  -70.791  11.795 0.1000000015
8213  -41.327  -67.286  15.043 0.2000000030
7603  -40.781  -68.501  14.700 0.1000000015
8146  -41.560  -67.818  20.744 0.1000000015
7103  -44.312  -68.929  16.618 0.1000000015
7596  -43.719  -68.261  16.439 0.1000000015
8175  -42.004  -67.770  18.516 0.1000000015
8196  -43.621  -67.950  16.630 0.1000000015
8133  -41.347  -67.829  21.313 0.2000000030
7540  -42.395  -68.531  20.252 0.1000000015
7079  -44.698  -70.563  18.542 0.1000000015
8157  -41.765  -67.971  19.665 0.1000000015
7563  -43.491  -68.771  18.494 0.1000000015
7576  -43.917  -68.293  17.257 0.1000000015
7564  -44.246  -69.207  17.696 0.1000000015
7626  -39.793  -69.051  12.114 0.2000000030
8176  -42.913  -68.095  17.926 0.1000000015
102389  -40.714  -67.327  21.970 0.2000000030
7102  -44.227  -69.063  16.506 0.1000000015
7096  -44.376  -69.536  16.979 0.1000000015
8158  -42.639  -68.359  19.174 0.1000000015
7525  -42.965  -69.154  20.512 0.1000000015
9994  -41.560  -64.378  24.926 0.1000000015
10014  -41.049  -65.047  24.667 0.1000000015
9425  -41.373  -65.771  24.733 0.1000000015
8756  -40.849  -66.994  24.231 0.1000000015
9424  -40.503  -64.874  24.294 0.1000000015
9995  -42.548  -64.646  25.127 0.1000000015
9404  -41.901  -65.307  24.973 0.1000000015
9426  -42.126  -66.288  24.951 0.1000000015
8091  -41.521  -67.822  24.611 0.1000000015
8757  -41.405  -66.624  24.638 0.1000000015
8090  -40.838  -68.122  24.211 0.1000000015
10543  -42.157  -63.704  25.118 0.1000000015
102171  -43.080  -66.987  24.943 0.1000000015
98823  -43.672  -64.977  25.198 0.1000000015
9405  -43.075  -65.902  25.111 0.1000000015
10544  -43.175  -63.826  25.197 0.1000000015
8092  -42.856  -68.912  24.930 0.1000000015
10557  -42.002  -62.972  25.010 0.1000000015
11118  -42.570  -62.323  24.840 0.1000000015
9406  -44.435  -66.208  25.074 0.1000000015
8743  -44.214  -67.229  24.930 0.1000000015
100594  -44.247  -64.229  25.301 0.1000000015
11103  -43.308  -62.920  25.148 0.1000000015
11732  -42.056  -61.273  24.258 0.1000000015
13027  -43.230  -59.796  16.372 0.1000000015
14313  -44.073  -57.861  15.235 0.1000000015
11104  -44.187  -62.797  25.135 0.1000000015
108630  -42.982  -61.519  24.566 0.1000000015
12315  -42.300  -60.761  23.537 0.1000000015
12402  -43.281  -60.664  17.622 0.1000000015
13691  -42.823  -58.135  16.053 0.1000000015
13028  -43.976  -60.118  16.110 0.1000000015
14326  -45.124  -57.255  14.302 0.1000000015
14325  -44.454  -57.207  14.773 0.1000000015
98196  -43.360  -57.562  15.546 0.1000000015
8105  -40.455  -67.412  23.607 0.1000000015
99543  -40.676  -65.777  24.288 0.1000000015
13692  -43.554  -58.474  15.704 0.1000000015
11102  -42.620  -63.134  25.129 0.1000000015
109313  -43.903  -63.421  25.256 0.1000000015
13038  -43.727  -59.354  15.872 0.1000000015
14324  -43.864  -57.140  15.149 0.1000000015
13125  -45.218  -59.135  7.319 0.1000000015
13124  -44.154  -58.976  8.047 0.1000000015
106425  -37.987  -70.324  12.253 0.1000000015
7124  -37.781  -70.073  11.702 0.1000000015
7125  -38.178  -70.564  11.805 0.1000000015
7115  -37.737  -69.953  12.548 0.1000000015
7616  -37.382  -69.328  12.873 0.1000000015
7110  -37.783  -69.828  13.204 0.1000000015
7116  -38.103  -70.225  12.828 0.1000000015
7607  -36.885  -68.580  13.168 0.1000000015
7599  -37.045  -68.487  13.891 0.1000000015
7608  -37.492  -69.242  13.517 0.1000000015
6567  -33.348  -71.772  21.476 0.1000000015
6568  -33.686  -70.794  20.833 0.1000000015
7091  -32.287  -69.261  17.677 0.1000000015
7569  -31.968  -68.829  17.189 0.1000000015
7570  -32.579  -68.475  17.578 0.1000000015
112248  -32.760  -67.266  16.726 0.1000000015
115718  -38.603  -70.678  11.866 0.1000000015
7580  -31.815  -68.042  16.015 0.1000000015
8219  -36.311  -67.834  13.589 0.1000000015
116513  -32.495  -67.135  15.381 0.1000000015
8860  -33.558  -66.636  14.301 0.1000000015
8870  -34.149  -66.545  13.692 0.1000000015
8209  -35.730  -67.242  14.153 0.1000000015
8210  -36.535  -67.718  14.380 0.1000000015
7598  -31.747  -68.303  14.513 0.1000000015
105242  -33.861  -66.599  12.888 0.1000000015
8200  -35.949  -67.174  14.969 0.1000000015
6590  -33.297  -70.638  19.770 0.1000000015
7070  -32.927  -70.297  18.750 0.1000000015
7554  -32.924  -69.289  18.171 0.1000000015
7111  -38.350  -69.808  13.402 0.1000000015
7112  -38.929  -69.814  12.822 0.1000000015
7126  -38.698  -70.371  12.283 0.1000000015
8179  -32.928  -67.631  17.386 0.1000000015
7571  -33.345  -68.252  17.915 0.1000000015
8851  -33.809  -66.623  15.172 0.1000000015
8861  -34.411  -66.584  14.528 0.1000000015
8862  -35.204  -66.767  14.753 0.1000000015
8211  -37.347  -68.184  14.606 0.1000000015
8852  -34.664  -66.600  15.372 0.1000000015
8853  -35.439  -66.750  15.576 0.1000000015
8201  -36.821  -67.432  15.263 0.1000000015
6551  -34.125  -71.022  21.816 0.1000000015
103824  -34.220  -71.017  22.550 0.1000000015
100931  -33.568  -69.931  18.692 0.1000000015
7555  -33.836  -68.956  18.343 0.1000000015
7609  -38.078  -69.577  13.800 0.1000000015
8180  -33.725  -67.484  17.598 0.1000000015
8834  -34.080  -66.984  17.210 0.1000000015
103153  -34.136  -66.634  15.894 0.1000000015
8843  -33.196  -66.817  16.000 0.1000000015
8835  -34.721  -66.800  17.057 0.1000000015
103121  -36.125  -67.016  15.665 0.1000000015
8845  -34.899  -66.601  16.277 0.1000000015
8837  -35.805  -66.845  16.302 0.1000000015
6552  -34.959  -70.036  21.142 0.1000000015
6569  -34.414  -70.213  20.187 0.1000000015
6536  -34.910  -70.644  22.685 0.1000000015
7601  -38.664  -69.288  14.448 0.1000000015
7053  -34.954  -70.036  19.094 0.1000000015
7600  -37.770  -69.057  14.204 0.1000000015
7071  -34.383  -69.664  18.686 0.1000000015
99568  -37.421  -67.456  15.920 0.1000000015
7590  -38.105  -68.663  14.906 0.1000000015
8168  -34.174  -68.038  18.115 0.1000000015
8193  -36.645  -67.063  16.157 0.1000000015
8181  -34.516  -67.340  17.641 0.1000000015
8836  -35.415  -66.825  16.894 0.1000000015
6570  -35.459  -70.171  19.488 0.1000000015
8202  -38.200  -68.007  15.675 0.1000000015
8182  -35.322  -67.196  17.536 0.1000000015
7556  -34.696  -68.805  18.417 0.1000000015
8169  -35.025  -67.878  18.129 0.1000000015
7591  -38.950  -68.915  15.253 0.1000000015
7592  -39.722  -69.315  15.020 0.1000000015
8195  -38.853  -68.198  16.231 0.1000000015
105745  -37.194  -67.239  16.619 0.1000000015
8194  -37.967  -67.596  16.498 0.1000000015
8183  -36.322  -67.112  17.165 0.1000000015
7072  -35.249  -69.600  18.641 0.1000000015
8170  -35.892  -67.670  18.089 0.1000000015
7558  -36.412  -68.363  18.381 0.1000000015
7557  -35.553  -68.657  18.405 0.1000000015
7582  -39.631  -68.950  15.709 0.1000000015
7583  -40.344  -69.151  15.853 0.1000000015
8184  -38.552  -67.786  17.099 0.1000000015
8185  -39.605  -68.357  16.886 0.1000000015
108757  -35.812  -70.224  20.062 0.1000000015
101003  -37.997  -68.489  18.442 0.1000000015
8173  -38.087  -67.873  17.842 0.1000000015
8171  -36.688  -67.611  17.975 0.1000000015
115217  -37.477  -67.470  17.383 0.1000000015
7572  -39.014  -68.186  17.862 0.1000000015
7573  -39.912  -68.484  17.644 0.1000000015
7054  -35.822  -70.136  18.867 0.1000000015
7574  -41.558  -69.247  17.056 0.1000000015
7007  -35.744  -70.339  23.394 0.1000000015
6510  -35.532  -70.513  23.095 0.1000000015
6588  -32.237  -70.199  18.216 0.1000000015
8192  -33.419  -67.035  16.982 0.1000000015
98740  -32.325  -67.391  16.085 0.1000000015
8850  -32.956  -66.782  14.911 0.1000000015
8871  -34.994  -66.697  13.911 0.1000000015
8218  -35.537  -67.122  13.314 0.1000000015
8226  -36.150  -67.707  12.680 0.1000000015
116673  -37.599  -67.894  15.271 0.1000000015
7052  -33.984  -70.139  19.412 0.1000000015
8172  -37.289  -68.015  18.237 0.1000000015
2784  -34.039  -78.953  -0.339 0.1000000015
3257  -35.970  -77.858  -4.871 0.1000000015
3246  -35.692  -77.787  -3.756 0.1000000015
2814  -36.623  -78.558  -3.233 0.1000000015
3232  -35.645  -78.188  -2.669 0.1000000015
3216  -34.324  -78.283  -1.178 0.1000000015
3267  -36.772  -78.126  -6.183 0.1000000015
3279  -37.123  -77.523  -7.116 0.1000000015
2773  -34.411  -79.187  -0.053 0.1000000015
2755  -34.095  -78.997  0.100 0.1000000015
103530  -34.858  -79.015  -0.676 0.1000000015
2798  -36.273  -78.729  -2.092 0.1000000015
3217  -35.320  -78.530  -1.630 0.1000000015
2772  -33.256  -78.888  0.040 0.1000000015
100801  -36.438  -78.279  -4.245 0.1000000015
3231  -34.944  -77.588  -2.151 0.1000000015
100400  -37.271  -78.531  -4.121 0.1000000015
2836  -37.758  -77.924  -5.648 0.1000000015
3268  -37.707  -77.554  -6.197 0.1000000015
3274  -37.546  -77.396  -6.802 0.1000000015
4100  -33.309  -75.467  4.543 0.1000000015
110018  -34.051  -75.763  3.194 0.1000000015
101561  -33.902  -76.150  4.014 0.1000000015
2756  -35.099  -79.131  0.197 0.1000000015
3201  -34.463  -78.625  0.428 0.1000000015
3657  -34.143  -77.497  0.646 0.1000000015
3648  -34.773  -76.658  0.993 0.1000000015
4139  -34.466  -76.018  1.443 0.1000000015
4122  -34.430  -75.830  2.338 0.1000000015
2774  -35.373  -79.153  -0.270 0.1000000015
3200  -33.310  -78.622  0.335 0.1000000015
118024  -36.734  -78.800  -1.669 0.1000000015
2785  -35.901  -78.882  -1.049 0.1000000015
2824  -37.638  -78.314  -4.927 0.1000000015
4101  -34.120  -76.071  4.788 0.1000000015
4088  -33.713  -75.584  5.289 0.1000000015
3649  -35.359  -77.282  1.370 0.1000000015
3631  -35.155  -76.657  2.024 0.1000000015
3185  -35.746  -78.137  1.250 0.1000000015
3202  -35.368  -78.451  0.613 0.1000000015
2799  -37.262  -78.840  -2.434 0.1000000015
102152  -37.762  -78.710  -3.230 0.1000000015
107302  -38.148  -78.417  -3.890 0.1000000015
2825  -38.324  -78.003  -4.636 0.1000000015
2337  -36.306  -78.919  -0.428 0.1000000015
4563  -33.435  -75.343  3.500 0.1000000015
4110  -34.759  -76.572  3.333 0.1000000015
2786  -36.693  -78.790  -1.073 0.1000000015
4121  -33.663  -75.278  2.558 0.1000000015
2757  -36.318  -78.625  0.808 0.1000000015
2775  -36.152  -78.929  0.135 0.1000000015
4562  -32.710  -74.812  3.701 0.1000000015
99747  -37.477  -78.270  0.326 0.1000000015
2738  -37.401  -78.634  1.502 0.1000000015
3186  -37.556  -78.074  1.598 0.1000000015
3172  -35.746  -78.123  2.187 0.1000000015
2736  -36.514  -78.873  1.827 0.1000000015
2737  -37.132  -79.024  1.634 0.1000000015
2715  -36.996  -79.130  2.341 0.1000000015
100333  -37.234  -78.646  0.847 0.1000000015
115261  -36.543  -78.847  2.513 0.1000000015
3160  -35.375  -77.727  3.187 0.1000000015
2716  -36.776  -78.783  2.904 0.1000000015
3203  -37.538  -77.911  0.648 0.1000000015
100531  -37.327  -78.939  2.161 0.1000000015
2823  -36.741  -78.276  -5.215 0.1000000015
2835  -37.246  -78.223  -5.792 0.1000000015
2842  -37.301  -77.915  -6.540 0.1000000015
3184  -34.993  -77.630  0.777 0.1000000015
4042  -41.552  -75.220  9.780 0.1000000015
4043  -42.175  -75.225  9.414 0.1000000015
4477  -43.012  -74.148  11.419 0.3000000119
4486  -41.934  -74.854  10.509 0.2000000030
4487  -42.511  -74.486  10.744 0.3000000119
4514  -42.566  -74.696  9.114 0.1000000015
4937  -44.083  -73.723  11.619 0.3000000119
4970  -42.660  -73.803  8.825 0.2000000030
5488  -44.491  -73.146  11.470 0.3000000119
5533  -39.312  -72.865  6.237 0.1000000015
6036  -44.968  -72.195  12.701 0.4000000060
6055  -46.412  -71.440  12.630 0.4000000060
6127  -46.017  -70.567  7.405 0.1000000015
6133  -46.063  -71.557  6.304 0.2000000030
6151  -43.626  -72.237  4.672 0.1000000015
6153  -46.120  -71.523  5.909 0.2000000030
6643  -46.623  -71.178  13.307 0.4000000060
6644  -47.138  -70.825  13.102 0.4000000060
6645  -47.402  -70.380  12.716 0.4000000060
6653  -47.096  -70.983  12.713 0.4000000060
6661  -46.733  -71.141  12.132 0.4000000060
6677  -42.094  -70.629  8.163 0.1000000015
6698  -44.101  -70.951  6.553 0.1000000015
6700  -46.827  -70.838  6.633 0.2000000030
7095  -44.183  -69.577  16.705 0.1000000015
7132  -47.586  -69.729  12.391 0.4000000060
7160  -47.317  -69.275  7.561 0.1000000015
7168  -47.436  -69.808  7.227 0.1000000015
7185  -47.275  -69.631  6.441 0.2000000030
7565  -44.403  -69.183  16.959 0.1000000015
7577  -44.242  -68.679  16.748 0.1000000015
7587  -44.100  -68.535  16.483 0.1000000015
7620  -47.541  -69.467  12.655 0.4000000060
7642  -47.576  -68.830  11.780 0.4000000060
7707  -46.857  -69.347  6.166 0.2000000030
7760  -46.170  -69.098  1.729 0.1000000015
8188  -44.168  -68.211  16.775 0.1000000015
8271  -48.793  -66.459  9.578 0.2000000030
8844  -34.073  -66.745  16.590 0.1000000015
8919  -45.073  -66.015  8.037 0.1000000015
8921  -47.310  -66.265  7.805 0.1000000015
9551  -49.209  -65.352  9.665 0.3000000119
9601  -49.789  -64.658  7.857 0.1000000015
10136  -48.649  -65.019  10.074 0.3000000119
10153  -50.002  -64.397  7.944 0.1000000015
10180  -41.075  -64.765  6.713 0.1000000015
10667  -43.400  -63.569  11.423 0.5000000000
10683  -49.654  -63.263  8.711 0.3000000119
10684  -49.844  -64.009  8.678 0.2000000030
10703  -49.870  -62.833  6.934 0.1000000015
10724  -50.023  -62.206  6.491 0.2000000030
11271  -49.924  -61.774  7.290 0.2000000030
11879  -48.451  -60.924  7.883 0.1000000015
11890  -49.823  -61.352  6.287 0.1000000015
11902  -48.837  -60.830  5.633 0.1000000015
11903  -49.527  -61.167  5.885 0.1000000015
12389  -35.445  -60.735  18.643 0.4000000060
12463  -37.731  -60.339  12.853 0.4000000060
12489  -47.701  -60.674  7.991 0.2000000030
12508  -49.126  -60.850  5.756 0.1000000015
12522  -48.407  -60.548  5.427 0.1000000015
12570  -40.596  -59.972  2.375 0.1000000015
13678  -35.745  -58.582  16.742 0.3000000119
13690  -35.692  -58.502  15.897 0.3000000119
13705  -36.262  -58.479  14.469 0.3000000119
13716  -36.506  -58.152  14.089 0.3000000119
14459  -38.665  -57.272  2.776 0.1000000015
14485  -41.077  -56.984  0.589 0.1000000015
14500  -41.782  -57.133  -0.346 0.1000000015
14961  -38.716  -56.712  17.229 0.1000000015
14979  -41.404  -56.728  16.377 0.1000000015
15168  -40.476  -56.709  0.908 0.1000000015
15695  -36.695  -56.054  16.047 0.2000000030
15897  -38.946  -55.247  -0.287 0.1000000015
16477  -39.505  -54.426  15.660 0.1000000015
16496  -41.864  -54.364  14.815 0.1000000015
17201  -38.011  -53.011  14.071 0.2000000030
17202  -38.526  -52.853  14.512 0.1000000015
17379  -38.821  -53.407  -1.275 0.1000000015
17383  -39.259  -53.314  -2.680 0.1000000015
17936  -38.143  -52.067  13.172 0.2000000030
17952  -38.260  -52.419  11.556 0.1000000015
17978  -39.171  -52.566  9.494 0.1000000015
18093  -39.261  -52.216  -1.847 0.1000000015
18100  -39.492  -52.520  -2.527 0.1000000015
18680  -45.193  -51.309  14.521 0.1000000015
18681  -46.579  -50.993  14.476 0.1000000015
18700  -39.260  -51.111  13.534 0.1000000015
18862  -38.382  -51.946  0.846 0.1000000015
18882  -38.993  -51.957  -1.188 0.1000000015
18892  -40.452  -51.461  -2.558 0.1000000015
19529  -38.935  -50.949  12.835 0.1000000015
19531  -41.085  -50.195  13.359 0.1000000015
20300  -42.118  -49.550  13.101 0.1000000015
20317  -40.893  -49.988  12.704 0.1000000015
97340  -42.699  -65.229  7.970 0.1000000015
99043  -47.109  -53.734  14.407 0.1000000015
101145  -45.972  -70.868  11.096 0.3000000119
103093  -44.586  -69.129  2.617 0.1000000015
104434  -49.887  -64.594  8.321 0.2000000030
104925  -37.227  -56.146  16.577 0.1000000015
110372  -40.494  -50.600  0.378 0.1000000015
110400  -44.471  -69.850  17.697 0.1000000015
113426  -37.828  -52.923  2.259 0.1000000015
113502  -36.869  -78.805  0.703 0.1000000015
113835  -39.204  -55.974  -1.137 0.1000000015
114017  -50.031  -62.424  7.521 0.2000000030
114479  -35.267  -60.008  17.153 0.4000000060
114519  -43.995  -70.124  7.530 0.1000000015
115397  -49.563  -65.707  8.608 0.2000000030
115768  -38.299  -62.342  20.810 0.3000000119
117207  -42.531  -61.331  20.193 0.1000000015
117230  -40.795  -50.131  11.125 0.1000000015
117445  -40.761  -50.958  -2.129 0.1000000015
117866  -38.244  -54.011  11.436 0.1000000015
118392  -42.276  -52.006  14.493 0.1000000015
