#!ascii label  , from subject sub-027S6002 vox2ras=TkReg
966
42622  19.623  -22.771  59.194 0.0000000000
44356  31.274  -22.353  66.930 0.0000000000
54417  39.333  -10.500  43.144 0.0000000000
48108  31.315  -17.845  54.390 0.0000000000
45355  35.448  -21.751  61.758 0.0000000000
64234  49.161  -0.405  35.669 0.0000000000
52510  40.196  -12.906  46.166 0.0000000000
111507  35.474  -14.237  46.318 0.0000000000
40781  15.421  -26.376  57.685 0.0000000000
102167  25.735  -21.662  63.196 0.0000000000
106684  29.730  -21.612  60.989 0.0000000000
44474  23.317  -21.608  57.339 0.0000000000
59657  44.497  -4.856  39.538 0.0000000000
44398  21.830  -22.543  65.007 0.0000000000
105353  17.230  -23.533  63.071 0.0000000000
98459  44.143  -8.159  43.184 0.0000000000
39838  12.214  -26.422  61.174 0.0000000000
117383  9.987  -31.793  60.277 0.0000000000
107005  34.585  -14.255  52.233 0.0000000000
47126  33.246  -20.115  58.791 0.0000000000
43542  35.087  -23.133  56.669 0.0000000000
41735  32.170  -23.891  58.516 0.0000000000
53443  40.161  -12.097  48.290 0.0000000000
52512  38.106  -13.572  46.080 0.0000000000
52492  37.343  -13.229  48.681 0.0000000000
53440  42.610  -12.043  48.147 0.0000000000
41750  19.071  -23.686  56.874 0.0000000000
40792  17.635  -25.595  55.844 0.0000000000
41738  17.972  -23.982  58.077 0.0000000000
44430  22.111  -22.337  61.579 0.0000000000
44439  24.116  -21.653  60.410 0.0000000000
43534  21.628  -22.285  58.246 0.0000000000
43556  21.181  -23.256  55.223 0.0000000000
56175  38.934  -8.707  41.815 0.0000000000
54387  42.103  -11.269  44.849 0.0000000000
56168  41.238  -9.205  43.272 0.0000000000
111838  41.495  -7.770  41.236 0.0000000000
41656  15.690  -23.985  64.724 0.0000000000
41680  14.704  -24.278  62.183 0.0000000000
40715  12.969  -25.189  64.045 0.0000000000
37284  8.297  -29.618  63.246 0.0000000000
99429  9.357  -29.267  62.214 0.0000000000
35477  8.052  -31.396  62.541 0.0000000000
33633  7.340  -33.872  61.426 0.0000000000
99543  5.565  -34.139  63.423 0.0000000000
48951  33.886  -17.580  60.923 0.0000000000
46245  34.663  -20.508  60.598 0.0000000000
45405  34.151  -21.752  58.002 0.0000000000
43523  35.455  -22.846  59.113 0.0000000000
45394  28.115  -21.460  58.071 0.0000000000
42607  31.179  -23.146  59.742 0.0000000000
43543  30.563  -22.770  56.567 0.0000000000
41763  31.306  -23.558  55.670 0.0000000000
49901  32.556  -15.561  53.144 0.0000000000
49917  31.894  -15.841  50.189 0.0000000000
49091  30.383  -17.284  50.737 0.0000000000
66672  51.601  2.355  33.803 0.0000000000
65027  49.095  0.704  33.538 0.0000000000
53469  39.596  -12.069  44.787 0.0000000000
116989  37.435  -12.194  44.198 0.0000000000
53453  42.780  -12.343  46.123 0.0000000000
45297  28.478  -21.571  65.445 0.0000000000
44392  30.933  -22.034  64.390 0.0000000000
104752  27.070  -21.442  61.997 0.0000000000
45382  26.510  -21.292  59.025 0.0000000000
98347  25.939  -21.190  56.281 0.0000000000
59646  46.462  -5.452  41.663 0.0000000000
60645  46.247  -3.510  39.529 0.0000000000
61612  47.508  -3.334  38.010 0.0000000000
104490  47.140  -2.422  36.313 0.0000000000
43495  20.423  -22.710  62.237 0.0000000000
42610  18.841  -22.957  61.112 0.0000000000
43474  19.498  -23.129  64.022 0.0000000000
44395  23.974  -22.206  64.486 0.0000000000
115147  44.285  -6.344  41.291 0.0000000000
41708  15.626  -24.200  59.800 0.0000000000
40747  13.448  -25.882  59.567 0.0000000000
39010  12.262  -28.019  58.822 0.0000000000
38959  10.870  -27.458  62.024 0.0000000000
112258  10.977  -28.427  60.615 0.0000000000
31938  3.936  -36.212  64.050 0.0000000000
52465  36.434  -13.499  51.652 0.0000000000
49884  32.944  -16.142  55.957 0.0000000000
48991  33.211  -16.893  58.204 0.0000000000
47144  31.932  -19.136  56.402 0.0000000000
46275  32.877  -21.162  57.025 0.0000000000
111736  34.980  -22.746  55.651 0.0000000000
42683  34.547  -23.914  54.613 0.0000000000
43482  32.445  -22.757  62.332 0.0000000000
42593  33.626  -23.536  61.619 0.0000000000
41715  34.729  -23.706  59.963 0.0000000000
41745  33.565  -24.376  57.674 0.0000000000
42668  32.366  -24.266  55.060 0.0000000000
51584  34.558  -14.278  49.540 0.0000000000
50748  32.580  -15.726  46.729 0.0000000000
53433  39.835  -12.095  49.283 0.0000000000
52479  38.357  -13.054  48.895 0.0000000000
98730  38.282  -12.939  49.806 0.0000000000
108352  40.484  -11.349  48.667 0.0000000000
42633  19.561  -23.058  58.298 0.0000000000
41737  18.620  -23.682  57.942 0.0000000000
41719  19.176  -23.161  58.603 0.0000000000
43506  20.461  -22.600  60.399 0.0000000000
43516  21.345  -22.494  60.060 0.0000000000
42632  20.024  -22.743  58.873 0.0000000000
42644  20.131  -22.955  57.971 0.0000000000
55312  38.647  -9.683  42.182 0.0000000000
54403  40.178  -10.942  43.963 0.0000000000
55290  41.694  -10.235  44.124 0.0000000000
55303  40.490  -9.874  43.447 0.0000000000
56169  40.518  -8.941  42.849 0.0000000000
36371  7.635  -31.184  63.655 0.0000000000
36395  8.243  -30.738  62.651 0.0000000000
35478  7.767  -31.899  63.104 0.0000000000
34529  7.594  -32.829  61.798 0.0000000000
34513  7.308  -32.546  62.769 0.0000000000
117578  6.640  -34.350  61.982 0.0000000000
47108  34.713  -20.184  61.252 0.0000000000
46244  35.084  -21.008  61.238 0.0000000000
45378  35.394  -21.824  59.972 0.0000000000
44436  35.563  -22.150  60.323 0.0000000000
44355  32.217  -22.494  66.979 0.0000000000
109698  28.001  -21.334  56.595 0.0000000000
44460  29.796  -22.191  57.971 0.0000000000
44481  29.301  -21.862  55.905 0.0000000000
43553  30.508  -22.912  55.637 0.0000000000
49050  31.533  -16.948  53.996 0.0000000000
49079  31.091  -16.421  52.378 0.0000000000
63404  49.355  -1.504  36.917 0.0000000000
64230  50.306  -0.553  36.722 0.0000000000
65017  50.540  0.204  36.366 0.0000000000
65024  49.792  1.053  34.874 0.0000000000
64237  48.725  0.003  34.899 0.0000000000
97821  39.934  -12.627  45.320 0.0000000000
112419  38.546  -12.097  44.628 0.0000000000
51621  38.574  -12.763  44.875 0.0000000000
98255  36.494  -14.075  46.057 0.0000000000
51623  36.691  -14.075  44.899 0.0000000000
51637  35.617  -14.366  44.523 0.0000000000
52488  41.157  -12.319  47.431 0.0000000000
52499  41.300  -12.577  46.472 0.0000000000
52531  40.986  -12.305  45.475 0.0000000000
40779  16.863  -25.477  57.059 0.0000000000
39888  15.050  -27.183  57.134 0.0000000000
45311  27.489  -21.503  64.924 0.0000000000
100506  28.373  -21.492  64.378 0.0000000000
45348  26.400  -21.545  62.666 0.0000000000
44462  24.193  -21.800  58.726 0.0000000000
45383  25.796  -21.360  59.722 0.0000000000
99919  24.898  -21.267  58.307 0.0000000000
98348  26.057  -21.075  57.038 0.0000000000
102394  24.297  -21.367  56.828 0.0000000000
44492  22.965  -21.890  55.359 0.0000000000
45437  32.832  -21.607  54.344 0.0000000000
59653  45.372  -5.072  40.793 0.0000000000
60640  46.293  -3.749  40.828 0.0000000000
59656  44.839  -4.414  40.082 0.0000000000
102478  45.955  -4.255  37.758 0.0000000000
61616  46.260  -3.615  37.024 0.0000000000
62513  46.546  -2.967  36.722 0.0000000000
43472  21.045  -22.566  63.775 0.0000000000
101195  20.470  -22.785  62.987 0.0000000000
110386  20.693  -22.697  64.488 0.0000000000
44397  22.570  -22.460  64.822 0.0000000000
43471  21.731  -22.467  63.428 0.0000000000
98390  45.501  -6.665  42.503 0.0000000000
57820  44.205  -7.557  42.707 0.0000000000
108084  41.664  -7.382  40.534 0.0000000000
42587  17.441  -23.335  62.055 0.0000000000
41707  17.364  -22.914  60.198 0.0000000000
41691  16.628  -23.373  61.239 0.0000000000
39837  12.789  -25.455  61.314 0.0000000000
99598  13.468  -25.260  60.647 0.0000000000
106407  12.650  -26.226  60.335 0.0000000000
39860  12.497  -27.257  59.256 0.0000000000
38996  11.853  -27.683  59.713 0.0000000000
38952  9.911  -27.208  63.243 0.0000000000
115855  9.329  -30.511  60.725 0.0000000000
37319  9.866  -29.020  61.618 0.0000000000
116992  10.064  -30.424  60.047 0.0000000000
37354  10.608  -30.361  59.622 0.0000000000
50698  33.397  -15.340  55.033 0.0000000000
48050  33.530  -18.600  60.127 0.0000000000
48978  33.471  -17.238  59.093 0.0000000000
48979  32.962  -17.855  58.550 0.0000000000
48992  32.689  -17.608  57.721 0.0000000000
48076  32.473  -18.589  57.826 0.0000000000
47143  32.191  -20.168  56.532 0.0000000000
46267  33.165  -20.551  57.887 0.0000000000
44471  34.975  -22.606  57.313 0.0000000000
104323  34.746  -22.605  56.514 0.0000000000
44480  34.937  -22.876  56.257 0.0000000000
42665  35.170  -23.441  55.144 0.0000000000
42666  34.177  -23.722  55.677 0.0000000000
44420  30.299  -21.675  62.598 0.0000000000
107814  31.577  -22.289  63.619 0.0000000000
100858  30.919  -22.038  61.851 0.0000000000
42620  31.328  -23.525  59.088 0.0000000000
42595  32.530  -23.265  60.867 0.0000000000
41704  33.137  -23.926  59.738 0.0000000000
41702  34.190  -23.702  60.933 0.0000000000
103589  33.782  -24.278  59.320 0.0000000000
99105  34.294  -24.394  59.085 0.0000000000
41734  32.737  -24.204  58.134 0.0000000000
102935  31.450  -24.017  54.868 0.0000000000
42669  31.700  -24.040  55.143 0.0000000000
52456  35.862  -13.753  52.184 0.0000000000
51575  35.340  -13.698  50.608 0.0000000000
51576  34.577  -14.156  50.341 0.0000000000
49103  31.652  -16.971  48.614 0.0000000000
49930  32.161  -16.149  48.222 0.0000000000
66680  52.585  2.441  32.753 0.0000000000
52501  39.934  -12.808  47.045 0.0000000000
111000  38.864  -13.394  45.976 0.0000000000
105452  39.415  -12.918  47.669 0.0000000000
112818  37.640  -13.415  47.005 0.0000000000
51598  35.970  -13.594  47.769 0.0000000000
53431  42.035  -11.228  48.736 0.0000000000
53442  40.784  -11.785  47.975 0.0000000000
41766  18.053  -24.682  56.581 0.0000000000
40778  17.517  -25.058  56.806 0.0000000000
40765  16.596  -25.061  57.743 0.0000000000
44421  23.923  -22.026  62.159 0.0000000000
45360  25.246  -21.636  61.640 0.0000000000
44428  23.748  -21.728  61.230 0.0000000000
44451  23.361  -22.046  59.183 0.0000000000
44475  22.458  -21.882  57.859 0.0000000000
43545  21.795  -22.494  56.673 0.0000000000
43535  21.052  -22.729  57.507 0.0000000000
42659  19.707  -23.564  56.439 0.0000000000
58718  43.368  -5.976  38.366 0.0000000000
44380  20.788  -22.641  65.859 0.0000000000
54386  42.493  -10.501  44.738 0.0000000000
56157  42.989  -9.179  43.908 0.0000000000
56166  42.756  -8.628  43.332 0.0000000000
57006  42.607  -7.671  42.280 0.0000000000
56173  41.080  -8.401  42.578 0.0000000000
57013  40.235  -8.310  40.853 0.0000000000
42568  16.377  -23.712  64.347 0.0000000000
41679  15.616  -23.961  62.904 0.0000000000
41670  14.890  -24.301  63.331 0.0000000000
40729  14.014  -24.661  62.840 0.0000000000
40731  12.308  -25.758  61.987 0.0000000000
38145  9.695  -28.450  62.573 0.0000000000
37303  8.543  -29.912  62.617 0.0000000000
36412  8.413  -30.810  61.869 0.0000000000
35488  8.942  -31.093  61.026 0.0000000000
34528  8.344  -32.345  61.259 0.0000000000
47109  34.340  -19.522  60.804 0.0000000000
116138  33.625  -20.140  59.505 0.0000000000
46266  33.681  -21.012  58.435 0.0000000000
45379  34.731  -21.436  59.505 0.0000000000
44459  34.979  -22.364  58.328 0.0000000000
112250  35.296  -22.989  58.169 0.0000000000
44449  29.033  -21.750  59.248 0.0000000000
118065  30.620  -22.390  60.298 0.0000000000
44448  29.749  -22.260  58.743 0.0000000000
43524  30.563  -23.224  58.623 0.0000000000
42642  31.229  -23.328  57.590 0.0000000000
41749  31.796  -23.377  57.039 0.0000000000
42657  30.974  -23.131  56.188 0.0000000000
42671  30.896  -23.502  55.373 0.0000000000
50709  33.256  -15.186  52.848 0.0000000000
50715  33.156  -14.943  51.425 0.0000000000
49913  31.709  -15.738  51.826 0.0000000000
49090  31.148  -16.542  50.420 0.0000000000
65866  51.227  1.683  35.341 0.0000000000
65874  50.425  1.583  33.585 0.0000000000
53480  39.904  -11.655  44.467 0.0000000000
53499  37.830  -11.837  43.070 0.0000000000
53482  38.037  -11.841  43.931 0.0000000000
51622  37.788  -12.637  44.437 0.0000000000
51635  37.079  -13.199  44.124 0.0000000000
53439  43.760  -12.187  48.110 0.0000000000
53447  43.672  -12.362  47.241 0.0000000000
53458  43.203  -11.923  45.822 0.0000000000
53466  42.089  -11.802  45.214 0.0000000000
53467  41.425  -11.719  45.010 0.0000000000
110166  29.810  -22.077  66.827 0.0000000000
44373  30.756  -22.092  65.420 0.0000000000
45310  29.231  -21.606  64.700 0.0000000000
45331  29.200  -21.494  63.830 0.0000000000
45356  29.039  -21.441  61.884 0.0000000000
116139  26.015  -21.537  61.200 0.0000000000
45370  27.263  -21.386  60.537 0.0000000000
45369  28.249  -21.362  60.561 0.0000000000
45395  27.195  -21.307  58.402 0.0000000000
45407  27.405  -21.210  56.996 0.0000000000
45427  26.856  -21.460  54.871 0.0000000000
60643  48.019  -3.266  39.597 0.0000000000
60651  45.841  -4.175  38.654 0.0000000000
60650  46.618  -3.792  38.454 0.0000000000
61609  47.849  -3.535  38.527 0.0000000000
62507  48.282  -2.764  37.731 0.0000000000
102962  48.035  -2.296  36.805 0.0000000000
63407  48.248  -1.263  35.407 0.0000000000
63410  48.019  -0.950  34.346 0.0000000000
42596  20.125  -22.689  60.989 0.0000000000
42623  19.323  -22.707  59.629 0.0000000000
42598  19.586  -22.951  61.430 0.0000000000
43487  18.854  -23.189  62.321 0.0000000000
42576  17.964  -23.248  63.606 0.0000000000
43445  20.195  -22.836  65.186 0.0000000000
103345  17.121  -23.514  64.018 0.0000000000
42558  16.284  -23.711  65.193 0.0000000000
114323  30.528  -22.297  68.200 0.0000000000
45284  28.931  -22.017  67.302 0.0000000000
45298  27.494  -21.578  65.912 0.0000000000
45300  25.694  -21.695  65.016 0.0000000000
100471  24.972  -21.914  65.545 0.0000000000
44394  24.660  -21.925  63.998 0.0000000000
44422  23.324  -22.299  62.647 0.0000000000
43493  21.204  -22.479  61.723 0.0000000000
58691  46.063  -6.126  42.262 0.0000000000
58692  45.401  -6.181  41.860 0.0000000000
58698  44.572  -5.860  40.842 0.0000000000
57824  42.782  -7.197  41.682 0.0000000000
58700  43.174  -6.437  40.385 0.0000000000
58707  43.374  -5.965  39.512 0.0000000000
41706  17.923  -22.674  59.344 0.0000000000
41722  16.455  -23.896  58.982 0.0000000000
41723  15.590  -24.582  58.863 0.0000000000
113804  14.983  -24.196  61.309 0.0000000000
40754  14.919  -24.790  59.508 0.0000000000
40767  14.871  -25.905  58.347 0.0000000000
39873  13.832  -27.222  58.216 0.0000000000
39027  12.925  -28.504  58.097 0.0000000000
39821  12.085  -25.954  63.440 0.0000000000
39831  11.423  -27.007  61.941 0.0000000000
38197  11.027  -27.926  61.369 0.0000000000
38982  11.471  -27.800  60.575 0.0000000000
38210  11.300  -28.403  59.912 0.0000000000
31936  4.652  -35.168  63.504 0.0000000000
52469  38.073  -12.818  50.853 0.0000000000
51560  34.537  -14.528  53.909 0.0000000000
50702  33.194  -15.343  53.677 0.0000000000
49893  32.299  -16.023  54.840 0.0000000000
49033  31.712  -17.043  54.895 0.0000000000
49857  33.046  -16.493  57.208 0.0000000000
49018  32.445  -17.008  56.218 0.0000000000
109509  31.609  -18.227  55.042 0.0000000000
47152  31.852  -19.646  55.741 0.0000000000
46281  32.159  -20.462  55.653 0.0000000000
45426  33.476  -21.816  55.155 0.0000000000
46274  33.556  -21.425  57.578 0.0000000000
45416  34.590  -22.544  55.858 0.0000000000
45425  34.592  -22.266  55.272 0.0000000000
44500  35.541  -22.838  54.784 0.0000000000
42682  35.275  -23.517  54.112 0.0000000000
107433  35.945  -22.433  62.538 0.0000000000
99972  32.203  -22.493  64.997 0.0000000000
44390  32.645  -22.834  64.207 0.0000000000
43455  33.860  -23.409  63.847 0.0000000000
100999  32.148  -22.882  61.479 0.0000000000
42584  33.367  -23.385  62.177 0.0000000000
41668  34.433  -23.737  62.950 0.0000000000
102311  34.853  -23.700  62.391 0.0000000000
42592  35.695  -23.243  61.390 0.0000000000
43502  35.784  -22.795  60.879 0.0000000000
42628  35.427  -23.234  59.399 0.0000000000
42639  34.708  -23.770  58.202 0.0000000000
117403  33.762  -24.364  57.225 0.0000000000
41761  32.478  -23.868  56.574 0.0000000000
41760  32.831  -24.013  56.267 0.0000000000
42655  33.477  -23.950  56.199 0.0000000000
42667  33.312  -24.113  55.234 0.0000000000
110901  36.813  -13.337  50.201 0.0000000000
52482  35.835  -13.644  49.268 0.0000000000
51599  34.483  -14.202  47.856 0.0000000000
101139  33.326  -14.965  49.670 0.0000000000
50729  33.049  -14.927  47.927 0.0000000000
51614  33.809  -14.598  46.521 0.0000000000
64239  48.340  -0.513  33.654 0.0000000000
53420  39.593  -11.922  50.502 0.0000000000
53421  38.966  -12.516  50.129 0.0000000000
102465  40.330  -11.420  49.787 0.0000000000
110747  20.021  -22.635  59.631 0.0000000000
43517  20.582  -22.568  59.480 0.0000000000
55304  38.464  -10.735  42.542 0.0000000000
54402  41.025  -10.495  44.151 0.0000000000
55311  39.623  -9.242  42.616 0.0000000000
35460  7.527  -31.745  63.568 0.0000000000
36396  7.907  -31.366  63.185 0.0000000000
34499  7.137  -32.174  63.444 0.0000000000
100564  6.702  -32.729  63.344 0.0000000000
45367  35.356  -21.779  60.761 0.0000000000
45366  35.473  -22.009  61.323 0.0000000000
104207  32.267  -22.440  68.256 0.0000000000
45418  28.238  -21.512  55.834 0.0000000000
104585  28.788  -21.504  56.657 0.0000000000
44490  28.750  -21.937  55.047 0.0000000000
49051  31.019  -17.601  53.669 0.0000000000
63406  48.965  -1.055  35.965 0.0000000000
63403  50.077  -1.230  37.120 0.0000000000
64231  49.676  -0.858  36.363 0.0000000000
98310  49.858  -0.128  36.037 0.0000000000
65022  49.363  0.374  35.339 0.0000000000
52521  40.034  -12.839  45.630 0.0000000000
51609  39.314  -13.090  45.548 0.0000000000
51624  35.629  -14.321  45.511 0.0000000000
51625  34.700  -14.535  45.177 0.0000000000
52500  40.776  -12.610  46.750 0.0000000000
113955  41.434  -12.554  46.994 0.0000000000
52509  40.773  -12.663  46.196 0.0000000000
103026  40.558  -12.759  45.960 0.0000000000
40780  16.145  -25.904  57.365 0.0000000000
40794  16.464  -26.328  56.556 0.0000000000
39887  15.767  -26.716  56.863 0.0000000000
45312  26.527  -21.541  64.474 0.0000000000
45334  26.508  -21.521  63.524 0.0000000000
45411  24.144  -21.461  57.845 0.0000000000
45410  24.858  -21.226  57.540 0.0000000000
44482  23.345  -21.703  56.211 0.0000000000
45436  33.591  -22.035  54.327 0.0000000000
59654  44.746  -5.226  40.445 0.0000000000
61622  45.726  -3.340  36.082 0.0000000000
43457  21.814  -22.438  64.268 0.0000000000
43458  21.307  -22.532  64.537 0.0000000000
56994  43.591  -8.564  43.521 0.0000000000
56998  44.916  -7.874  43.128 0.0000000000
42588  16.454  -23.673  62.498 0.0000000000
39849  12.340  -27.015  59.901 0.0000000000
38981  12.020  -27.107  60.470 0.0000000000
36424  9.623  -31.220  60.504 0.0000000000
36423  9.767  -30.458  60.368 0.0000000000
101851  33.213  -19.415  59.724 0.0000000000
48063  33.125  -18.299  59.460 0.0000000000
48064  32.419  -18.929  58.774 0.0000000000
47134  32.728  -19.610  57.992 0.0000000000
43531  35.200  -22.868  57.336 0.0000000000
43552  35.155  -23.022  55.635 0.0000000000
101052  34.640  -23.357  56.143 0.0000000000
44427  30.126  -21.595  61.760 0.0000000000
44419  31.116  -22.114  62.531 0.0000000000
42630  31.568  -23.709  58.586 0.0000000000
42618  32.648  -23.747  59.543 0.0000000000
41718  32.726  -23.895  59.073 0.0000000000
41717  33.238  -24.092  59.226 0.0000000000
114331  32.741  -24.071  58.596 0.0000000000
41733  33.230  -24.207  58.653 0.0000000000
51571  35.207  -13.953  51.969 0.0000000000
51572  34.674  -14.032  51.321 0.0000000000
52490  39.962  -12.527  47.785 0.0000000000
52491  38.291  -13.140  47.897 0.0000000000
108738  37.007  -13.303  47.798 0.0000000000
51597  36.641  -13.570  46.982 0.0000000000
54363  42.820  -10.963  49.555 0.0000000000
52489  40.469  -12.338  47.526 0.0000000000
41752  18.096  -24.377  57.424 0.0000000000
41753  17.386  -24.665  57.520 0.0000000000
41739  17.018  -24.190  58.132 0.0000000000
44429  23.173  -22.175  61.853 0.0000000000
112853  22.873  -21.988  61.102 0.0000000000
43526  21.493  -22.405  59.149 0.0000000000
44452  22.374  -22.246  59.645 0.0000000000
44464  22.469  -22.109  58.764 0.0000000000
113193  21.855  -22.222  57.451 0.0000000000
42645  19.619  -23.370  57.447 0.0000000000
42658  20.297  -23.204  56.991 0.0000000000
114170  42.681  -11.089  45.267 0.0000000000
56159  41.829  -9.552  43.634 0.0000000000
55289  42.284  -9.869  44.132 0.0000000000
56158  42.344  -9.207  43.586 0.0000000000
56167  41.947  -8.736  43.062 0.0000000000
56174  39.983  -8.173  42.118 0.0000000000
113489  39.571  -8.617  41.230 0.0000000000
41669  15.689  -24.021  63.839 0.0000000000
41657  15.034  -24.361  64.290 0.0000000000
40722  14.226  -24.583  63.855 0.0000000000
40723  13.318  -25.003  63.398 0.0000000000
40730  13.061  -25.058  62.349 0.0000000000
40724  12.655  -25.502  62.785 0.0000000000
37283  9.099  -29.113  62.886 0.0000000000
35489  8.434  -31.575  61.576 0.0000000000
114247  9.381  -32.033  60.728 0.0000000000
34544  7.968  -33.314  60.841 0.0000000000
33624  6.050  -33.893  62.834 0.0000000000
32730  5.752  -34.821  62.549 0.0000000000
47118  34.009  -20.100  60.115 0.0000000000
46255  34.023  -20.730  59.346 0.0000000000
46254  34.527  -20.812  60.034 0.0000000000
106892  35.582  -22.261  59.787 0.0000000000
45391  35.095  -21.956  59.146 0.0000000000
44458  35.351  -22.448  59.146 0.0000000000
44470  35.165  -22.669  58.232 0.0000000000
44438  29.885  -22.113  59.463 0.0000000000
44461  28.957  -21.763  58.451 0.0000000000
44472  29.794  -22.111  56.893 0.0000000000
43525  30.219  -22.901  58.373 0.0000000000
43533  30.308  -22.834  57.579 0.0000000000
43532  30.621  -23.209  58.095 0.0000000000
42643  30.895  -22.952  57.081 0.0000000000
49909  32.616  -15.352  52.184 0.0000000000
49910  31.862  -15.898  52.741 0.0000000000
49080  30.308  -17.218  51.852 0.0000000000
99632  30.948  -16.359  51.363 0.0000000000
65870  50.379  1.528  34.374 0.0000000000
65871  49.682  1.241  33.983 0.0000000000
65879  49.850  1.112  33.126 0.0000000000
65031  49.380  0.470  32.679 0.0000000000
53481  39.122  -11.732  44.255 0.0000000000
51634  38.036  -12.307  44.516 0.0000000000
51648  37.676  -12.035  44.236 0.0000000000
51649  37.157  -12.729  43.716 0.0000000000
51610  38.401  -13.295  45.216 0.0000000000
97963  37.556  -13.700  45.210 0.0000000000
51636  36.852  -14.008  43.976 0.0000000000
100301  37.412  -13.361  44.264 0.0000000000
51650  36.709  -13.736  43.291 0.0000000000
53430  43.297  -11.605  48.724 0.0000000000
52497  42.833  -12.518  46.708 0.0000000000
53452  43.503  -12.267  46.467 0.0000000000
53459  42.271  -12.174  45.657 0.0000000000
52532  40.184  -12.409  45.240 0.0000000000
53468  40.491  -11.949  44.976 0.0000000000
45296  29.120  -21.764  66.249 0.0000000000
44358  29.915  -21.975  65.879 0.0000000000
116544  29.345  -21.704  65.453 0.0000000000
99940  27.450  -21.380  62.889 0.0000000000
45332  28.355  -21.409  63.434 0.0000000000
101160  28.407  -21.382  62.634 0.0000000000
45347  29.261  -21.473  62.891 0.0000000000
105391  27.990  -21.360  62.015 0.0000000000
45373  24.625  -21.581  60.971 0.0000000000
45372  25.484  -21.509  60.690 0.0000000000
45371  26.368  -21.446  60.529 0.0000000000
99179  26.810  -21.353  59.803 0.0000000000
99607  27.688  -21.376  59.803 0.0000000000
45381  27.230  -21.400  59.201 0.0000000000
45408  26.694  -21.123  57.546 0.0000000000
100510  26.694  -21.289  55.822 0.0000000000
99377  25.850  -21.261  55.253 0.0000000000
43555  21.820  -22.765  55.697 0.0000000000
59642  46.901  -5.835  42.378 0.0000000000
60634  47.135  -3.796  41.227 0.0000000000
102679  47.148  -3.026  40.158 0.0000000000
59672  45.278  -4.526  38.097 0.0000000000
59667  45.061  -4.441  39.026 0.0000000000
60654  46.650  -3.716  37.805 0.0000000000
111627  47.276  -3.554  38.359 0.0000000000
61611  48.150  -3.251  38.297 0.0000000000
62508  47.374  -2.820  37.276 0.0000000000
62515  47.717  -1.830  35.844 0.0000000000
113465  20.349  -22.675  61.661 0.0000000000
42597  20.030  -22.803  61.554 0.0000000000
98233  19.829  -23.034  63.080 0.0000000000
107460  18.921  -23.123  63.143 0.0000000000
112852  18.648  -23.248  64.020 0.0000000000
103016  18.735  -23.390  65.219 0.0000000000
43462  17.968  -23.408  64.553 0.0000000000
43448  17.866  -23.482  65.346 0.0000000000
42567  17.072  -23.540  64.881 0.0000000000
44339  29.828  -22.177  67.806 0.0000000000
45299  26.599  -21.595  65.422 0.0000000000
44376  23.794  -22.253  65.419 0.0000000000
44375  24.846  -21.894  64.723 0.0000000000
112541  24.238  -22.129  63.613 0.0000000000
44411  23.421  -22.321  63.577 0.0000000000
43484  21.006  -22.609  62.849 0.0000000000
43483  21.651  -22.462  62.472 0.0000000000
43494  20.824  -22.546  62.060 0.0000000000
108718  20.621  -22.603  61.335 0.0000000000
57822  45.028  -6.586  42.156 0.0000000000
58693  44.847  -6.263  41.561 0.0000000000
57825  42.111  -7.533  41.457 0.0000000000
57841  41.874  -6.944  39.924 0.0000000000
57833  42.480  -6.923  40.751 0.0000000000
58708  42.482  -6.504  39.714 0.0000000000
58719  42.491  -6.341  38.738 0.0000000000
42609  19.206  -22.740  60.454 0.0000000000
41705  18.784  -22.681  59.657 0.0000000000
115575  18.377  -22.627  60.276 0.0000000000
109673  16.439  -23.576  60.071 0.0000000000
100627  17.151  -23.277  59.415 0.0000000000
41692  15.606  -23.847  61.871 0.0000000000
41693  14.293  -24.609  61.072 0.0000000000
40746  14.232  -25.072  60.073 0.0000000000
40755  14.379  -25.462  59.116 0.0000000000
39858  14.001  -26.276  58.625 0.0000000000
39009  12.977  -27.596  58.511 0.0000000000
38247  12.205  -28.913  58.321 0.0000000000
38951  10.778  -26.881  62.873 0.0000000000
39822  11.416  -26.556  62.705 0.0000000000
39830  12.029  -26.155  62.606 0.0000000000
38164  9.971  -28.657  62.028 0.0000000000
37335  10.350  -28.863  60.968 0.0000000000
37353  10.719  -29.204  59.958 0.0000000000
115443  4.981  -34.421  63.907 0.0000000000
32725  4.502  -34.814  64.208 0.0000000000
31937  4.269  -35.684  63.826 0.0000000000
52442  36.020  -13.773  52.934 0.0000000000
50701  33.883  -14.918  53.385 0.0000000000
50697  33.768  -15.070  54.307 0.0000000000
49883  33.486  -15.553  55.659 0.0000000000
103568  32.930  -15.771  55.317 0.0000000000
49032  32.337  -16.555  55.556 0.0000000000
109867  32.392  -18.109  57.297 0.0000000000
49005  32.559  -17.287  56.933 0.0000000000
48082  32.107  -18.110  56.559 0.0000000000
49019  31.990  -17.623  55.665 0.0000000000
48087  31.717  -18.660  55.783 0.0000000000
46280  32.713  -21.187  55.956 0.0000000000
45417  33.657  -21.963  56.166 0.0000000000
100000  34.167  -22.116  56.938 0.0000000000
44489  35.200  -22.563  55.192 0.0000000000
44488  35.301  -22.789  55.288 0.0000000000
43564  35.627  -23.064  54.879 0.0000000000
42699  34.674  -24.323  53.398 0.0000000000
105733  31.485  -22.260  64.982 0.0000000000
43470  32.443  -22.705  63.304 0.0000000000
43469  33.110  -23.208  63.529 0.0000000000
43481  33.028  -23.135  62.679 0.0000000000
43503  31.010  -22.684  60.397 0.0000000000
43492  31.341  -22.582  61.229 0.0000000000
43491  31.699  -23.052  60.603 0.0000000000
42594  33.170  -23.421  61.229 0.0000000000
42583  33.838  -23.621  62.544 0.0000000000
41678  34.079  -23.671  62.143 0.0000000000
41677  34.646  -23.722  62.708 0.0000000000
41701  34.385  -23.799  60.465 0.0000000000
41688  34.761  -23.636  61.576 0.0000000000
41700  35.056  -23.529  60.940 0.0000000000
42603  35.739  -23.106  61.040 0.0000000000
42604  35.483  -23.233  60.435 0.0000000000
42617  35.748  -23.022  59.987 0.0000000000
108467  35.168  -23.527  59.614 0.0000000000
41732  33.763  -24.329  58.554 0.0000000000
41731  34.428  -24.297  58.665 0.0000000000
116366  33.956  -24.333  58.191 0.0000000000
42640  34.135  -24.190  57.717 0.0000000000
112503  31.650  -23.476  56.103 0.0000000000
41762  32.132  -23.624  56.589 0.0000000000
41773  32.135  -23.852  55.748 0.0000000000
115721  32.529  -24.014  55.581 0.0000000000
118475  37.715  -13.051  51.633 0.0000000000
116499  37.540  -13.147  50.305 0.0000000000
52470  37.137  -13.255  51.062 0.0000000000
51583  35.238  -13.870  49.791 0.0000000000
52472  35.995  -13.541  50.013 0.0000000000
51589  35.193  -14.014  49.049 0.0000000000
98086  35.176  -13.955  48.255 0.0000000000
51590  34.505  -14.280  48.724 0.0000000000
116622  32.473  -15.362  50.385 0.0000000000
49916  33.109  -15.036  50.458 0.0000000000
50724  32.611  -15.397  49.690 0.0000000000
50740  32.545  -15.553  47.567 0.0000000000
110992  32.626  -15.421  48.293 0.0000000000
50739  33.092  -15.034  47.051 0.0000000000
51600  33.743  -14.515  47.429 0.0000000000
50747  33.181  -15.178  46.205 0.0000000000
100774  53.000  2.616  33.319 0.0000000000
66679  53.400  2.557  32.673 0.0000000000
63412  48.043  -1.164  33.387 0.0000000000
117893  39.750  -12.411  48.704 0.0000000000
52478  39.445  -12.768  48.315 0.0000000000
111544  39.164  -12.727  49.176 0.0000000000
52480  37.470  -13.204  49.568 0.0000000000
41736  19.107  -23.513  57.755 0.0000000000
41751  18.620  -24.062  57.227 0.0000000000
41720  18.549  -23.096  58.769 0.0000000000
43505  21.255  -22.498  60.972 0.0000000000
44441  22.199  -22.278  60.589 0.0000000000
43527  20.738  -22.600  58.570 0.0000000000
54388  41.540  -10.949  44.550 0.0000000000
55276  42.021  -10.614  44.451 0.0000000000
55302  41.297  -9.865  43.765 0.0000000000
106410  15.094  -24.320  65.195 0.0000000000
40713  14.434  -24.574  64.796 0.0000000000
35490  7.870  -32.007  62.248 0.0000000000
34530  7.007  -33.298  62.124 0.0000000000
34514  6.577  -33.254  62.781 0.0000000000
98917  6.136  -33.343  63.662 0.0000000000
47099  34.897  -20.335  62.172 0.0000000000
46253  34.982  -21.242  60.357 0.0000000000
44447  35.783  -22.634  59.966 0.0000000000
45406  28.135  -21.355  57.253 0.0000000000
44473  28.971  -21.622  57.550 0.0000000000
43544  30.135  -22.361  55.996 0.0000000000
43554  29.657  -22.446  55.255 0.0000000000
49902  31.873  -16.105  53.568 0.0000000000
49066  31.336  -16.682  53.233 0.0000000000
49067  30.612  -17.351  52.904 0.0000000000
117249  49.349  -1.991  37.464 0.0000000000
62505  49.866  -1.991  37.598 0.0000000000
65020  50.842  1.021  35.948 0.0000000000
65021  50.121  0.667  35.662 0.0000000000
65025  49.036  0.730  34.482 0.0000000000
65028  48.571  0.145  34.007 0.0000000000
52533  39.395  -12.335  44.913 0.0000000000
51633  39.199  -12.632  45.017 0.0000000000
51611  37.260  -13.705  46.290 0.0000000000
52487  41.956  -12.453  47.537 0.0000000000
52498  42.037  -12.579  46.900 0.0000000000
52507  41.949  -12.494  46.210 0.0000000000
52519  41.480  -12.421  45.776 0.0000000000
52508  41.049  -12.625  46.018 0.0000000000
52520  40.554  -12.637  45.698 0.0000000000
40793  17.075  -25.966  56.198 0.0000000000
39889  14.351  -27.623  57.427 0.0000000000
45333  27.451  -21.461  63.937 0.0000000000
44450  24.140  -21.814  59.580 0.0000000000
45384  24.830  -21.515  60.084 0.0000000000
45398  24.915  -21.430  59.191 0.0000000000
45397  25.676  -21.187  58.725 0.0000000000
45396  26.345  -21.133  58.294 0.0000000000
45409  25.677  -21.070  57.771 0.0000000000
45421  25.306  -21.178  56.909 0.0000000000
45428  25.016  -21.269  55.950 0.0000000000
101162  25.011  -21.213  55.099 0.0000000000
103840  24.192  -21.511  55.899 0.0000000000
45430  23.734  -21.566  55.108 0.0000000000
46291  32.417  -21.133  55.127 0.0000000000
59647  45.746  -5.614  41.468 0.0000000000
59651  46.652  -4.700  41.293 0.0000000000
59652  46.071  -4.942  41.043 0.0000000000
59655  45.493  -4.044  40.484 0.0000000000
59666  45.369  -3.951  39.513 0.0000000000
60661  45.472  -4.459  36.924 0.0000000000
61615  46.833  -3.277  37.476 0.0000000000
62517  46.331  -2.735  35.653 0.0000000000
43473  20.313  -22.843  63.805 0.0000000000
43459  20.060  -22.944  64.488 0.0000000000
110128  23.141  -22.371  64.373 0.0000000000
44412  22.501  -22.378  63.956 0.0000000000
102491  44.933  -7.112  42.626 0.0000000000
57823  44.348  -6.803  42.045 0.0000000000
42599  18.422  -23.194  61.826 0.0000000000
104991  17.846  -22.947  61.100 0.0000000000
102178  15.629  -23.899  60.815 0.0000000000
40738  13.696  -24.792  61.732 0.0000000000
39859  13.109  -26.693  58.857 0.0000000000
108700  12.746  -26.604  59.585 0.0000000000
113671  9.281  -29.551  61.652 0.0000000000
37336  9.605  -29.667  60.937 0.0000000000
99339  10.118  -29.788  60.307 0.0000000000
50689  33.914  -15.027  55.177 0.0000000000
101402  34.061  -15.203  55.937 0.0000000000
49871  33.463  -15.804  56.369 0.0000000000
48952  33.767  -17.639  59.999 0.0000000000
116150  32.623  -18.197  58.136 0.0000000000
98929  32.209  -19.126  57.264 0.0000000000
112620  32.520  -20.188  57.439 0.0000000000
45404  34.650  -22.309  57.577 0.0000000000
44408  30.791  -21.976  63.361 0.0000000000
44418  31.763  -22.339  62.829 0.0000000000
113555  31.700  -22.430  62.022 0.0000000000
42606  32.073  -23.459  59.853 0.0000000000
42605  32.879  -23.643  60.276 0.0000000000
41690  33.408  -23.702  60.589 0.0000000000
41703  33.858  -23.679  60.972 0.0000000000
110918  33.567  -24.035  59.958 0.0000000000
101405  33.959  -24.089  60.166 0.0000000000
41716  34.293  -24.183  59.621 0.0000000000
41730  34.719  -24.196  59.231 0.0000000000
108763  33.091  -24.304  57.946 0.0000000000
106047  31.407  -23.742  55.430 0.0000000000
41774  31.661  -23.690  55.716 0.0000000000
42685  32.122  -24.442  54.300 0.0000000000
42684  32.964  -24.473  54.239 0.0000000000
52471  36.199  -13.444  50.824 0.0000000000
52466  35.598  -13.677  51.430 0.0000000000
49924  32.056  -16.123  49.213 0.0000000000
65873  51.082  2.013  33.275 0.0000000000
66671  52.340  2.536  33.545 0.0000000000
52511  39.519  -13.177  46.340 0.0000000000
52502  38.816  -13.225  46.878 0.0000000000
51612  35.774  -13.964  46.942 0.0000000000
53432  41.046  -10.824  49.133 0.0000000000
113327  41.136  -11.236  48.383 0.0000000000
53441  41.614  -11.970  48.055 0.0000000000
45335  24.879  -21.859  63.231 0.0000000000
45349  25.488  -21.693  62.512 0.0000000000
45350  24.644  -21.835  62.387 0.0000000000
111763  24.414  -21.732  61.718 0.0000000000
44440  23.254  -21.870  60.221 0.0000000000
44463  23.320  -21.778  58.284 0.0000000000
108745  22.503  -21.909  56.927 0.0000000000
43546  21.132  -23.068  56.372 0.0000000000
58706  43.995  -5.315  38.975 0.0000000000
59668  44.591  -4.828  38.498 0.0000000000
43444  21.104  -22.607  65.138 0.0000000000
44379  21.715  -22.563  65.816 0.0000000000
55275  43.112  -10.288  45.126 0.0000000000
55288  42.937  -9.756  44.521 0.0000000000
56999  43.300  -7.997  42.925 0.0000000000
57000  42.459  -8.200  42.790 0.0000000000
57007  41.795  -7.959  42.209 0.0000000000
57008  40.921  -7.936  41.618 0.0000000000
42577  16.399  -23.759  63.475 0.0000000000
38146  9.287  -28.043  63.349 0.0000000000
36394  8.688  -30.009  62.081 0.0000000000
37320  8.930  -30.198  61.320 0.0000000000
34543  8.839  -32.927  60.400 0.0000000000
48035  34.096  -18.553  61.389 0.0000000000
48036  33.855  -18.540  60.626 0.0000000000
47110  33.813  -19.247  60.308 0.0000000000
45393  34.257  -21.376  58.799 0.0000000000
45392  34.686  -21.914  58.565 0.0000000000
42652  35.104  -23.273  57.677 0.0000000000
45368  29.258  -21.505  60.157 0.0000000000
44437  30.638  -22.011  60.948 0.0000000000
112975  30.157  -21.977  60.248 0.0000000000
43504  30.557  -22.708  59.691 0.0000000000
43515  30.292  -22.858  58.972 0.0000000000
43514  30.707  -23.270  59.058 0.0000000000
42631  30.990  -23.512  58.472 0.0000000000
42641  31.691  -23.788  58.018 0.0000000000
42656  31.306  -23.171  56.498 0.0000000000
117343  31.201  -23.547  55.581 0.0000000000
42670  31.181  -23.683  55.328 0.0000000000
50708  33.903  -14.719  52.584 0.0000000000
112454  33.866  -14.530  51.773 0.0000000000
117209  33.324  -14.945  52.170 0.0000000000
49912  32.334  -15.323  51.093 0.0000000000
115531  31.555  -15.852  50.972 0.0000000000
98747  31.441  -16.763  49.544 0.0000000000
66665  51.457  2.171  34.611 0.0000000000
65869  50.907  1.776  34.694 0.0000000000
66673  50.946  1.990  34.045 0.0000000000
65030  50.122  0.831  32.330 0.0000000000
54404  39.293  -11.426  43.851 0.0000000000
54418  38.526  -11.300  43.243 0.0000000000
53498  38.568  -11.578  43.759 0.0000000000
52547  38.520  -11.921  44.404 0.0000000000
52548  37.772  -11.889  43.972 0.0000000000
52486  42.838  -12.448  47.483 0.0000000000
118185  43.103  -11.402  45.617 0.0000000000
54378  42.601  -11.698  45.431 0.0000000000
117066  42.335  -11.520  45.174 0.0000000000
53460  41.681  -12.124  45.424 0.0000000000
54389  40.779  -11.287  44.587 0.0000000000
44357  30.639  -22.177  66.389 0.0000000000
44374  29.996  -21.924  64.977 0.0000000000
44393  30.016  -21.672  64.122 0.0000000000
44409  29.908  -21.595  63.390 0.0000000000
116507  29.671  -21.490  62.314 0.0000000000
109134  26.169  -21.578  61.880 0.0000000000
45359  26.760  -21.476  61.241 0.0000000000
45358  27.625  -21.395  61.288 0.0000000000
45357  28.365  -21.408  61.359 0.0000000000
98949  28.923  -21.467  61.002 0.0000000000
99752  28.490  -21.448  59.748 0.0000000000
45380  28.040  -21.599  58.994 0.0000000000
107737  27.497  -21.282  57.654 0.0000000000
45419  27.408  -21.294  56.245 0.0000000000
111664  27.412  -21.422  55.542 0.0000000000
44483  22.461  -22.152  55.996 0.0000000000
44493  22.374  -22.296  55.044 0.0000000000
48096  31.208  -18.835  54.478 0.0000000000
61601  48.609  -3.294  39.431 0.0000000000
60644  47.450  -3.555  38.906 0.0000000000
61602  48.093  -3.564  38.934 0.0000000000
61608  48.455  -3.266  38.733 0.0000000000
62503  48.620  -2.911  38.298 0.0000000000
62506  49.152  -2.460  37.899 0.0000000000
62511  48.801  -2.051  37.274 0.0000000000
62512  48.564  -1.646  36.357 0.0000000000
64235  48.546  -0.667  35.148 0.0000000000
42621  19.843  -22.621  60.107 0.0000000000
42608  19.717  -22.720  60.709 0.0000000000
43485  20.028  -22.954  62.233 0.0000000000
43486  19.482  -23.126  62.286 0.0000000000
111444  19.132  -23.145  61.766 0.0000000000
42586  18.123  -23.204  62.672 0.0000000000
43460  19.478  -23.201  64.874 0.0000000000
43446  19.314  -23.105  65.545 0.0000000000
43461  18.810  -23.363  64.657 0.0000000000
107405  16.009  -23.829  65.964 0.0000000000
113875  15.642  -23.977  65.450 0.0000000000
44337  31.355  -22.415  68.012 0.0000000000
44338  30.557  -22.269  67.352 0.0000000000
45285  28.260  -21.712  66.505 0.0000000000
45313  25.524  -21.675  64.022 0.0000000000
44410  24.110  -22.156  62.915 0.0000000000
103492  22.565  -22.361  62.334 0.0000000000
44423  22.532  -22.407  63.079 0.0000000000
54419  37.926  -11.381  42.449 0.0000000000
58697  45.128  -5.705  41.174 0.0000000000
102820  44.173  -5.463  40.021 0.0000000000
57005  43.440  -7.292  42.236 0.0000000000
57832  43.496  -6.698  41.341 0.0000000000
58699  43.906  -6.136  40.553 0.0000000000
41721  17.511  -23.418  58.678 0.0000000000
41740  16.259  -24.586  58.331 0.0000000000
40766  15.733  -25.412  58.147 0.0000000000
40745  14.913  -24.459  60.453 0.0000000000
100469  15.073  -25.201  58.780 0.0000000000
39872  14.723  -26.887  58.020 0.0000000000
38246  13.599  -28.144  57.677 0.0000000000
110727  12.577  -25.564  63.378 0.0000000000
103060  11.906  -26.572  61.796 0.0000000000
38960  10.270  -27.874  62.277 0.0000000000
38181  10.417  -28.341  61.710 0.0000000000
39839  11.692  -27.221  61.240 0.0000000000
38226  11.636  -28.486  59.083 0.0000000000
38227  11.251  -29.068  59.358 0.0000000000
37368  11.705  -29.457  58.721 0.0000000000
117110  5.127  -34.780  63.227 0.0000000000
31945  4.723  -36.232  63.184 0.0000000000
53412  38.798  -12.254  51.193 0.0000000000
51565  35.299  -14.058  52.658 0.0000000000
51566  34.611  -14.425  53.057 0.0000000000
109799  33.035  -15.498  54.533 0.0000000000
107217  32.452  -15.712  54.002 0.0000000000
49894  31.878  -16.300  54.282 0.0000000000
49872  32.862  -16.493  56.529 0.0000000000
98886  31.477  -19.230  55.136 0.0000000000
116616  33.565  -21.708  56.943 0.0000000000
44501  35.120  -22.522  54.599 0.0000000000
43576  35.516  -23.107  54.019 0.0000000000
117804  35.812  -22.198  62.240 0.0000000000
44372  31.608  -22.376  65.913 0.0000000000
44371  32.611  -22.595  65.739 0.0000000000
44391  31.879  -22.432  64.247 0.0000000000
103514  32.846  -22.764  64.925 0.0000000000
42566  34.565  -23.541  63.721 0.0000000000
42585  32.868  -23.121  61.810 0.0000000000
42575  33.525  -23.496  62.981 0.0000000000
113276  34.186  -23.659  63.226 0.0000000000
41655  34.808  -23.632  63.509 0.0000000000
41667  34.815  -23.672  63.280 0.0000000000
41689  34.335  -23.661  61.793 0.0000000000
41687  35.467  -23.474  61.876 0.0000000000
42591  36.146  -23.038  62.087 0.0000000000
43490  35.967  -22.738  61.771 0.0000000000
44426  35.871  -22.619  61.621 0.0000000000
44435  35.796  -22.702  60.604 0.0000000000
43513  35.782  -22.866  59.913 0.0000000000
42629  35.104  -23.989  58.982 0.0000000000
42638  35.223  -23.380  58.626 0.0000000000
42653  34.652  -23.650  57.179 0.0000000000
41748  32.139  -23.803  57.476 0.0000000000
41747  32.535  -24.097  57.426 0.0000000000
41746  32.966  -24.355  57.138 0.0000000000
116091  32.121  -23.675  56.066 0.0000000000
41759  33.436  -24.361  56.902 0.0000000000
42654  34.015  -24.041  56.738 0.0000000000
102326  33.879  -24.296  54.124 0.0000000000
52481  36.616  -13.395  49.412 0.0000000000
52493  36.386  -13.446  48.601 0.0000000000
109308  35.247  -14.007  47.520 0.0000000000
104014  34.712  -14.238  46.937 0.0000000000
50714  33.845  -14.536  50.873 0.0000000000
51577  33.922  -14.666  50.022 0.0000000000
51585  33.842  -14.611  49.221 0.0000000000
50730  32.498  -15.619  48.870 0.0000000000
50723  33.070  -15.037  48.871 0.0000000000
51591  33.729  -14.538  48.341 0.0000000000
51613  34.683  -14.427  46.014 0.0000000000
114828  48.389  -0.401  34.404 0.0000000000
65032  48.722  -0.001  33.116 0.0000000000
64242  48.530  -0.792  32.844 0.0000000000
41666  35.493  -23.460  63.938 0.0000000000
42616  35.735  -23.052  60.445 0.0000000000
42619  32.099  -23.666  59.044 0.0000000000
43443  33.296  -22.847  65.264 0.0000000000
43512  35.822  -22.760  60.266 0.0000000000
45420  26.698  -21.167  56.660 0.0000000000
45429  24.481  -21.351  55.329 0.0000000000
52494  35.695  -13.702  48.606 0.0000000000
63417  47.724  -1.765  33.123 0.0000000000
65867  50.528  1.331  35.166 0.0000000000
65878  50.588  1.479  32.777 0.0000000000
98168  32.287  -24.072  58.026 0.0000000000
117526  41.005  -12.544  45.790 0.0000000000
117630  36.000  -23.157  61.842 0.0000000000
