#!ascii label  , from subject sub-027S6002 vox2ras=TkReg
682
74113  44.922  11.660  35.378 0.0000000000
105036  41.264  12.853  25.735 0.0000000000
77771  46.193  17.947  18.614 0.0000000000
71412  44.732  8.574  17.247 0.0000000000
71290  41.407  8.611  32.512 0.0000000000
78411  49.721  18.273  24.260 0.0000000000
72838  42.449  10.424  21.179 0.0000000000
76986  40.428  16.726  24.370 0.0000000000
77693  45.420  17.474  27.914 0.0000000000
74810  42.200  13.739  31.110 0.0000000000
72022  42.936  9.159  29.008 0.0000000000
78425  44.346  18.467  23.501 0.0000000000
104023  40.354  15.290  20.092 0.0000000000
98873  44.025  15.571  23.044 0.0000000000
74885  41.434  13.862  16.630 0.0000000000
112050  41.441  18.101  25.422 0.0000000000
76212  44.559  15.208  31.538 0.0000000000
74803  42.185  13.489  33.510 0.0000000000
72003  41.855  9.328  30.872 0.0000000000
78449  49.386  18.423  20.147 0.0000000000
79057  47.420  19.144  23.669 0.0000000000
78452  45.825  18.185  20.666 0.0000000000
77753  42.481  17.390  21.421 0.0000000000
77024  42.607  16.771  19.627 0.0000000000
76252  43.137  15.671  26.698 0.0000000000
76976  44.501  16.485  25.124 0.0000000000
103314  42.447  14.804  24.021 0.0000000000
72874  44.971  10.734  17.097 0.0000000000
73536  41.440  11.447  19.739 0.0000000000
72895  42.277  10.246  15.852 0.0000000000
73551  40.126  11.596  16.487 0.0000000000
71404  41.713  8.208  18.826 0.0000000000
103439  41.293  7.076  21.493 0.0000000000
72704  43.234  9.767  35.745 0.0000000000
73472  42.073  10.666  34.114 0.0000000000
105057  49.282  17.302  20.818 0.0000000000
72792  43.079  10.574  25.570 0.0000000000
73519  41.528  11.353  23.250 0.0000000000
111514  43.992  10.276  23.102 0.0000000000
98291  46.355  10.209  20.415 0.0000000000
105972  47.727  17.694  29.226 0.0000000000
76935  46.837  16.077  30.205 0.0000000000
76224  44.216  15.088  29.221 0.0000000000
108638  41.366  13.300  28.412 0.0000000000
74124  40.576  12.201  32.105 0.0000000000
110071  41.199  11.231  29.666 0.0000000000
72764  41.758  10.663  27.347 0.0000000000
72067  44.142  9.735  26.729 0.0000000000
72706  41.047  10.444  35.637 0.0000000000
79646  46.748  20.361  25.152 0.0000000000
79044  44.282  19.305  25.892 0.0000000000
78417  41.649  17.913  23.955 0.0000000000
77006  40.683  16.280  22.709 0.0000000000
74868  38.447  13.623  21.245 0.0000000000
78388  47.165  18.398  26.377 0.0000000000
77731  46.795  16.969  23.553 0.0000000000
76298  45.326  16.065  20.757 0.0000000000
74860  41.483  13.089  22.483 0.0000000000
74866  42.124  13.953  20.411 0.0000000000
76307  43.299  15.937  18.873 0.0000000000
76310  40.948  15.164  17.869 0.0000000000
74179  38.774  12.722  18.815 0.0000000000
98156  41.189  18.331  26.885 0.0000000000
78391  42.367  19.002  26.643 0.0000000000
75486  43.896  14.052  34.324 0.0000000000
74799  43.649  13.101  34.458 0.0000000000
77769  47.931  18.019  19.006 0.0000000000
78451  47.312  18.318  20.766 0.0000000000
78461  45.700  18.223  19.494 0.0000000000
110321  44.152  17.988  20.376 0.0000000000
77772  44.776  17.664  18.864 0.0000000000
75527  41.657  14.593  26.338 0.0000000000
75532  42.235  15.150  25.633 0.0000000000
74842  41.402  13.425  25.198 0.0000000000
72117  45.177  10.158  16.302 0.0000000000
72885  43.440  10.350  16.346 0.0000000000
71429  43.082  9.367  16.170 0.0000000000
71424  41.481  9.350  16.752 0.0000000000
71414  42.840  8.178  17.635 0.0000000000
70691  42.675  7.577  19.286 0.0000000000
70680  44.141  7.697  19.316 0.0000000000
71969  42.441  9.129  35.349 0.0000000000
77738  51.306  17.704  20.872 0.0000000000
77728  49.896  17.555  22.410 0.0000000000
110568  44.059  10.417  25.354 0.0000000000
112518  43.761  10.502  24.398 0.0000000000
99146  45.241  10.295  23.952 0.0000000000
98294  46.445  10.172  21.535 0.0000000000
72849  48.614  11.150  19.304 0.0000000000
72861  47.138  11.105  17.874 0.0000000000
75496  43.500  14.602  31.063 0.0000000000
75495  44.402  14.811  30.699 0.0000000000
75504  42.968  14.183  29.863 0.0000000000
99551  42.803  14.429  29.066 0.0000000000
74816  42.207  13.702  29.504 0.0000000000
71985  41.133  9.744  33.132 0.0000000000
73473  41.255  11.276  33.386 0.0000000000
72727  40.573  10.599  32.088 0.0000000000
72014  42.069  9.463  30.086 0.0000000000
72740  41.334  10.420  30.029 0.0000000000
72041  41.711  9.881  28.900 0.0000000000
73494  41.311  11.431  28.164 0.0000000000
72752  42.027  10.095  27.692 0.0000000000
72763  42.389  10.295  27.064 0.0000000000
72054  43.639  9.478  27.440 0.0000000000
72051  46.363  9.193  27.404 0.0000000000
78424  46.452  18.722  23.555 0.0000000000
114987  47.033  19.842  24.797 0.0000000000
78413  45.834  18.971  24.605 0.0000000000
79043  45.597  19.742  25.580 0.0000000000
97876  44.203  18.767  25.133 0.0000000000
78415  43.266  18.548  24.827 0.0000000000
78426  43.314  18.375  23.396 0.0000000000
77014  41.649  16.359  21.216 0.0000000000
77005  41.236  16.843  22.305 0.0000000000
77015  40.925  15.912  21.725 0.0000000000
75552  39.249  14.676  21.905 0.0000000000
75559  39.177  14.482  20.916 0.0000000000
77684  46.920  17.687  28.784 0.0000000000
78376  47.567  18.592  27.376 0.0000000000
77692  46.059  17.894  27.396 0.0000000000
105499  44.470  16.110  23.977 0.0000000000
76984  45.379  16.504  24.044 0.0000000000
76276  45.269  16.039  22.924 0.0000000000
77003  46.452  16.447  22.213 0.0000000000
76291  45.302  15.839  21.995 0.0000000000
72829  42.414  10.445  22.212 0.0000000000
107647  41.308  12.065  22.724 0.0000000000
73530  41.444  11.485  21.444 0.0000000000
74184  41.413  12.481  18.247 0.0000000000
74873  41.684  13.319  19.947 0.0000000000
74872  42.084  14.446  18.771 0.0000000000
75570  43.090  15.334  19.204 0.0000000000
75572  41.993  15.075  18.015 0.0000000000
101574  42.391  15.473  18.480 0.0000000000
116242  41.393  14.617  16.674 0.0000000000
118495  40.133  10.211  18.680 0.0000000000
114863  38.992  12.541  17.793 0.0000000000
72855  39.751  10.987  19.525 0.0000000000
73531  39.580  11.041  20.579 0.0000000000
99144  50.271  18.822  26.002 0.0000000000
78393  41.003  17.869  25.940 0.0000000000
77722  40.717  17.291  24.667 0.0000000000
110444  46.022  15.742  32.000 0.0000000000
76207  44.641  15.462  32.481 0.0000000000
75492  43.258  14.778  32.004 0.0000000000
113666  42.039  13.936  31.910 0.0000000000
71305  41.477  8.982  31.673 0.0000000000
78434  48.813  18.621  21.695 0.0000000000
106844  46.590  18.489  22.571 0.0000000000
78438  44.848  18.425  22.624 0.0000000000
78439  43.732  18.268  22.457 0.0000000000
111630  43.654  18.000  21.417 0.0000000000
77752  43.278  17.699  20.762 0.0000000000
77025  42.119  16.220  20.032 0.0000000000
76955  44.330  16.496  27.655 0.0000000000
76966  44.950  16.987  25.835 0.0000000000
76968  43.606  16.106  26.081 0.0000000000
76270  43.485  15.721  24.479 0.0000000000
76278  43.272  15.370  23.655 0.0000000000
72852  43.220  10.280  19.903 0.0000000000
72854  41.830  10.803  20.500 0.0000000000
72865  42.435  10.480  19.046 0.0000000000
107191  41.989  10.495  17.069 0.0000000000
74192  41.045  12.379  15.915 0.0000000000
74193  40.807  12.520  15.883 0.0000000000
73555  40.926  10.982  16.071 0.0000000000
72111  40.690  9.491  17.842 0.0000000000
114981  40.949  8.636  18.767 0.0000000000
70673  42.157  7.057  21.077 0.0000000000
72702  44.297  10.547  35.568 0.0000000000
74115  43.027  11.685  34.391 0.0000000000
72712  42.618  9.712  34.584 0.0000000000
71984  41.713  9.242  33.927 0.0000000000
71280  41.591  8.107  33.421 0.0000000000
78447  51.524  18.366  20.527 0.0000000000
77758  50.095  17.936  19.703 0.0000000000
77761  47.510  17.733  18.930 0.0000000000
73509  41.617  11.463  25.984 0.0000000000
74155  41.327  12.536  25.105 0.0000000000
72806  42.024  10.963  24.418 0.0000000000
72818  42.503  10.497  23.204 0.0000000000
72828  43.299  10.279  21.811 0.0000000000
72815  45.844  10.293  23.256 0.0000000000
98293  45.437  10.089  21.426 0.0000000000
98289  44.221  10.132  20.227 0.0000000000
72862  46.085  10.893  17.873 0.0000000000
72882  46.291  11.130  16.955 0.0000000000
71411  45.848  8.909  17.304 0.0000000000
71392  45.266  8.175  19.420 0.0000000000
77675  47.138  17.219  29.391 0.0000000000
115261  46.141  16.557  29.201 0.0000000000
76216  45.849  15.357  30.264 0.0000000000
117667  45.516  15.262  29.883 0.0000000000
76235  44.580  15.835  28.653 0.0000000000
76236  43.779  15.453  28.526 0.0000000000
75513  42.145  14.656  28.192 0.0000000000
105332  41.219  13.254  26.888 0.0000000000
74119  42.089  12.562  33.937 0.0000000000
74123  41.021  12.882  32.521 0.0000000000
74125  41.012  12.906  31.179 0.0000000000
117078  40.930  10.156  31.286 0.0000000000
101620  40.936  11.750  30.452 0.0000000000
74128  41.137  12.547  30.534 0.0000000000
74825  41.329  12.644  29.018 0.0000000000
74137  41.243  12.414  28.088 0.0000000000
112742  41.259  11.972  26.611 0.0000000000
72778  41.980  10.798  26.552 0.0000000000
72776  43.679  10.236  26.158 0.0000000000
72775  44.623  10.072  26.102 0.0000000000
72037  44.951  8.726  28.020 0.0000000000
72065  45.924  9.562  26.736 0.0000000000
72703  44.030  10.242  35.832 0.0000000000
72705  42.226  9.667  35.865 0.0000000000
72707  40.167  10.081  35.553 0.0000000000
80226  47.719  21.387  24.529 0.0000000000
116729  45.762  20.812  25.831 0.0000000000
78390  42.821  18.870  26.055 0.0000000000
78404  41.552  18.042  24.732 0.0000000000
77734  40.750  17.241  23.918 0.0000000000
77742  42.314  17.739  22.531 0.0000000000
77744  40.892  17.070  23.191 0.0000000000
76996  40.527  16.574  23.562 0.0000000000
107773  48.514  18.466  25.413 0.0000000000
77711  45.671  17.273  25.412 0.0000000000
77709  47.307  17.724  25.022 0.0000000000
110255  48.104  17.534  23.856 0.0000000000
77741  48.239  17.331  21.913 0.0000000000
77012  46.742  16.636  21.027 0.0000000000
104775  46.175  17.114  19.411 0.0000000000
74846  41.389  13.105  24.259 0.0000000000
75545  41.911  14.055  23.657 0.0000000000
75551  42.732  14.472  22.140 0.0000000000
106427  41.328  11.795  20.599 0.0000000000
74859  42.000  13.950  21.710 0.0000000000
75557  43.361  14.893  21.555 0.0000000000
76293  43.927  15.266  20.963 0.0000000000
76299  44.492  15.698  20.270 0.0000000000
103884  45.034  17.372  18.855 0.0000000000
77034  43.466  16.584  19.063 0.0000000000
76301  41.898  15.863  19.057 0.0000000000
76302  41.005  15.454  19.075 0.0000000000
74887  40.115  13.874  16.313 0.0000000000
74880  39.102  14.255  18.381 0.0000000000
74874  38.824  14.149  19.536 0.0000000000
74875  38.643  13.594  20.279 0.0000000000
70660  40.371  7.039  21.961 0.0000000000
79029  42.435  19.773  27.349 0.0000000000
74798  44.478  12.700  34.866 0.0000000000
74114  44.027  11.893  34.695 0.0000000000
77770  47.012  18.030  18.559 0.0000000000
78467  47.194  18.213  18.759 0.0000000000
78468  46.424  18.161  18.693 0.0000000000
78469  45.434  18.033  18.777 0.0000000000
107617  45.478  17.799  18.741 0.0000000000
74836  41.319  13.613  26.149 0.0000000000
75533  41.676  14.379  25.417 0.0000000000
71420  44.694  9.383  16.325 0.0000000000
72118  44.344  9.958  15.996 0.0000000000
110590  44.105  8.735  16.720 0.0000000000
71421  43.366  8.656  16.763 0.0000000000
71413  43.707  8.210  17.566 0.0000000000
70696  43.328  7.787  18.227 0.0000000000
70689  44.017  7.837  18.285 0.0000000000
78410  50.944  18.421  24.365 0.0000000000
78422  50.600  17.999  23.206 0.0000000000
77727  50.948  17.639  21.927 0.0000000000
77717  49.536  17.788  23.389 0.0000000000
72791  45.105  10.210  25.454 0.0000000000
72804  44.692  10.351  24.632 0.0000000000
107593  45.638  10.294  24.817 0.0000000000
100188  48.613  10.708  20.596 0.0000000000
72848  49.644  10.981  19.592 0.0000000000
72859  49.274  11.102  18.718 0.0000000000
76997  40.067  15.876  24.062 0.0000000000
75501  42.879  14.233  30.656 0.0000000000
75500  43.706  14.479  30.247 0.0000000000
74813  42.303  13.609  30.273 0.0000000000
71993  41.232  9.023  33.028 0.0000000000
72720  40.853  10.497  32.862 0.0000000000
71994  40.790  9.832  32.436 0.0000000000
72023  42.155  9.461  29.272 0.0000000000
72040  42.218  9.633  28.372 0.0000000000
72055  42.740  9.765  27.585 0.0000000000
72039  43.191  9.279  28.186 0.0000000000
99215  45.390  18.559  23.633 0.0000000000
78414  44.839  18.653  24.478 0.0000000000
98252  43.851  18.502  24.258 0.0000000000
77026  41.164  15.769  20.368 0.0000000000
76294  40.271  15.353  21.052 0.0000000000
101426  39.658  14.950  21.284 0.0000000000
76295  39.691  14.884  20.447 0.0000000000
77685  46.099  17.701  28.452 0.0000000000
78377  46.699  18.279  27.985 0.0000000000
76277  44.609  15.948  23.391 0.0000000000
76995  44.989  16.226  23.680 0.0000000000
76285  44.663  15.700  22.521 0.0000000000
118124  42.094  10.543  21.683 0.0000000000
105374  41.799  10.758  21.987 0.0000000000
72839  41.829  10.782  21.294 0.0000000000
74188  41.277  12.499  16.597 0.0000000000
74879  41.559  13.547  18.392 0.0000000000
109167  41.740  14.701  17.328 0.0000000000
72104  40.051  9.990  19.509 0.0000000000
108329  39.819  10.887  18.315 0.0000000000
105535  39.856  10.077  20.375 0.0000000000
78392  41.714  18.453  26.220 0.0000000000
77713  40.582  17.382  25.437 0.0000000000
77712  41.076  17.701  25.034 0.0000000000
76206  45.390  15.651  32.669 0.0000000000
76202  44.874  15.354  33.462 0.0000000000
74802  42.973  13.873  33.860 0.0000000000
75490  43.341  14.686  33.142 0.0000000000
75493  42.496  14.248  32.646 0.0000000000
111530  50.017  18.644  21.404 0.0000000000
98286  46.390  18.283  21.514 0.0000000000
78436  47.131  18.359  21.943 0.0000000000
78437  45.839  18.470  22.661 0.0000000000
98285  45.380  18.288  21.683 0.0000000000
99453  44.444  18.190  21.575 0.0000000000
77763  43.703  17.689  19.809 0.0000000000
77764  42.943  17.375  19.909 0.0000000000
77754  42.315  16.804  20.682 0.0000000000
76960  43.770  16.127  27.079 0.0000000000
75537  42.275  14.961  24.819 0.0000000000
76262  42.906  15.476  25.061 0.0000000000
112806  42.881  15.348  24.406 0.0000000000
98826  44.287  10.265  18.053 0.0000000000
72864  43.386  10.247  18.575 0.0000000000
72875  43.844  10.413  17.246 0.0000000000
72886  42.517  10.489  16.075 0.0000000000
73544  41.381  11.440  16.477 0.0000000000
72887  41.480  10.815  16.060 0.0000000000
73549  40.969  11.770  15.974 0.0000000000
72896  41.638  10.289  15.943 0.0000000000
101165  42.016  8.662  17.214 0.0000000000
72119  40.938  9.581  17.042 0.0000000000
71416  41.377  8.816  17.798 0.0000000000
70692  41.984  7.709  19.466 0.0000000000
70681  43.199  7.401  19.714 0.0000000000
70682  42.294  7.323  20.128 0.0000000000
72711  43.579  10.049  35.271 0.0000000000
71978  42.421  8.959  34.887 0.0000000000
105318  41.776  8.414  34.239 0.0000000000
77739  50.249  17.445  21.066 0.0000000000
77749  50.746  17.708  20.179 0.0000000000
77750  49.922  17.457  20.063 0.0000000000
77760  48.539  17.669  19.450 0.0000000000
105079  49.205  17.352  20.015 0.0000000000
72793  42.272  10.892  25.741 0.0000000000
101546  41.875  11.268  25.066 0.0000000000
106581  42.530  10.889  24.976 0.0000000000
99145  44.326  10.337  23.777 0.0000000000
72817  43.429  10.441  23.562 0.0000000000
99062  43.274  10.344  22.721 0.0000000000
112455  44.094  10.242  22.376 0.0000000000
98297  46.565  10.226  22.529 0.0000000000
98292  44.325  10.078  21.370 0.0000000000
98290  45.263  10.086  20.370 0.0000000000
98514  45.187  10.259  19.198 0.0000000000
72851  46.249  10.483  19.161 0.0000000000
72871  47.813  11.027  17.805 0.0000000000
100661  46.460  11.190  17.202 0.0000000000
72110  46.654  10.695  16.906 0.0000000000
71418  46.259  9.871  16.741 0.0000000000
71410  46.858  9.613  17.440 0.0000000000
76934  47.605  16.743  30.625 0.0000000000
76943  47.035  16.640  29.808 0.0000000000
77676  46.476  16.976  29.175 0.0000000000
76944  46.406  16.160  29.581 0.0000000000
107220  45.287  15.495  31.729 0.0000000000
76211  45.951  15.496  31.109 0.0000000000
99042  45.229  15.191  30.874 0.0000000000
75499  44.443  14.742  29.891 0.0000000000
76217  45.128  15.013  30.170 0.0000000000
76223  45.058  15.308  29.516 0.0000000000
76234  45.341  15.899  29.079 0.0000000000
74824  41.829  13.949  28.738 0.0000000000
75522  41.386  14.096  27.925 0.0000000000
73468  43.045  10.585  34.515 0.0000000000
74116  42.054  11.564  34.068 0.0000000000
73476  40.650  11.379  32.490 0.0000000000
74121  40.807  12.083  32.808 0.0000000000
74808  40.803  12.792  31.747 0.0000000000
72004  41.206  9.702  31.290 0.0000000000
72741  40.990  10.965  30.544 0.0000000000
74130  41.218  12.141  29.738 0.0000000000
102217  41.267  11.810  28.906 0.0000000000
116201  41.457  11.124  27.621 0.0000000000
106943  41.293  11.802  27.425 0.0000000000
73502  41.529  11.312  26.929 0.0000000000
72762  43.211  9.967  26.861 0.0000000000
72066  45.051  9.605  26.701 0.0000000000
72064  46.782  9.618  26.770 0.0000000000
73451  44.276  10.534  36.130 0.0000000000
105269  41.773  10.646  36.007 0.0000000000
73460  42.809  10.399  36.223 0.0000000000
107772  41.209  9.599  35.551 0.0000000000
110453  47.632  20.464  24.677 0.0000000000
79645  47.085  20.999  25.023 0.0000000000
80227  46.863  21.660  24.734 0.0000000000
80218  46.366  21.089  25.410 0.0000000000
79647  46.063  20.284  25.582 0.0000000000
79036  44.866  19.794  26.010 0.0000000000
79037  43.614  19.312  26.226 0.0000000000
78402  43.546  18.868  25.624 0.0000000000
78416  42.302  18.345  24.516 0.0000000000
77721  41.141  17.622  24.298 0.0000000000
78440  42.993  17.887  21.882 0.0000000000
99519  42.862  18.155  22.733 0.0000000000
114347  41.306  17.336  22.968 0.0000000000
76279  40.153  15.678  23.131 0.0000000000
113591  39.564  15.153  22.644 0.0000000000
75553  38.616  14.157  21.459 0.0000000000
77674  48.722  18.288  29.110 0.0000000000
78375  48.623  18.801  27.143 0.0000000000
78387  48.146  18.711  26.356 0.0000000000
99143  49.083  18.780  26.049 0.0000000000
78400  47.663  18.241  25.555 0.0000000000
76975  45.160  16.720  24.787 0.0000000000
76983  46.055  16.682  23.801 0.0000000000
77720  46.471  17.062  24.175 0.0000000000
77719  47.276  17.367  24.231 0.0000000000
77730  47.700  17.273  23.235 0.0000000000
77729  48.776  17.460  22.992 0.0000000000
76992  47.138  16.908  22.621 0.0000000000
77013  45.924  16.230  21.582 0.0000000000
77021  46.747  17.260  19.841 0.0000000000
98887  46.112  16.596  20.483 0.0000000000
73514  41.564  11.446  24.225 0.0000000000
74161  41.308  12.175  24.449 0.0000000000
74165  41.307  12.302  23.546 0.0000000000
74853  41.549  13.295  23.345 0.0000000000
74852  42.037  13.992  22.751 0.0000000000
72866  41.811  10.810  19.394 0.0000000000
104476  41.538  11.204  20.780 0.0000000000
75558  42.741  14.402  21.012 0.0000000000
75564  43.243  14.976  20.410 0.0000000000
76300  43.719  15.489  19.793 0.0000000000
76306  43.988  16.234  19.356 0.0000000000
77023  44.925  16.584  19.450 0.0000000000
77033  44.293  17.045  19.022 0.0000000000
76309  41.920  15.312  18.181 0.0000000000
107151  42.451  15.735  18.587 0.0000000000
74194  40.239  12.376  16.124 0.0000000000
74891  40.591  13.279  15.959 0.0000000000
74189  39.712  12.972  16.758 0.0000000000
115626  39.137  13.591  17.650 0.0000000000
103168  39.247  14.498  19.035 0.0000000000
74881  38.677  13.631  19.094 0.0000000000
74180  38.782  12.830  20.009 0.0000000000
72841  39.200  11.047  21.511 0.0000000000
73532  38.916  11.971  20.785 0.0000000000
70675  40.582  7.415  21.181 0.0000000000
115788  41.213  6.871  22.157 0.0000000000
78378  41.807  18.963  27.171 0.0000000000
75489  44.692  14.534  34.278 0.0000000000
78458  48.812  18.182  19.343 0.0000000000
78450  48.263  18.432  20.533 0.0000000000
78459  47.787  18.281  19.316 0.0000000000
78460  46.690  18.300  19.699 0.0000000000
100572  45.039  18.141  20.599 0.0000000000
114218  44.902  18.115  19.556 0.0000000000
77762  44.484  17.861  19.282 0.0000000000
77773  43.844  17.319  19.245 0.0000000000
76253  42.334  15.242  26.561 0.0000000000
103666  42.930  15.543  25.845 0.0000000000
75538  41.769  14.156  24.540 0.0000000000
72884  44.531  10.332  16.484 0.0000000000
72893  43.836  10.132  16.046 0.0000000000
72122  43.551  9.894  15.904 0.0000000000
72123  42.743  9.908  15.828 0.0000000000
72125  41.680  9.748  15.978 0.0000000000
71430  42.352  9.496  16.001 0.0000000000
71415  42.186  8.194  18.197 0.0000000000
70698  42.312  7.886  18.906 0.0000000000
70697  42.792  7.768  18.541 0.0000000000
70690  43.351  7.609  18.903 0.0000000000
98485  43.777  7.465  20.169 0.0000000000
104316  42.912  9.474  35.269 0.0000000000
77737  52.011  18.092  20.899 0.0000000000
77726  51.887  18.052  21.562 0.0000000000
77740  49.256  17.431  21.835 0.0000000000
112203  43.249  10.670  24.901 0.0000000000
98295  47.485  10.266  21.654 0.0000000000
98515  47.476  10.494  20.476 0.0000000000
72850  47.426  10.847  19.186 0.0000000000
72860  48.291  11.216  18.330 0.0000000000
72870  48.580  11.032  18.229 0.0000000000
76215  46.492  15.709  30.585 0.0000000000
76213  43.936  14.922  31.476 0.0000000000
75503  43.673  14.602  29.568 0.0000000000
112910  43.535  14.905  28.990 0.0000000000
117275  41.602  13.315  29.110 0.0000000000
72719  41.536  10.181  33.682 0.0000000000
72015  41.528  9.804  30.427 0.0000000000
72024  41.669  9.854  29.612 0.0000000000
72744  41.419  10.457  29.189 0.0000000000
73487  41.291  11.074  28.820 0.0000000000
72753  41.561  10.500  28.249 0.0000000000
71345  45.867  8.676  28.071 0.0000000000
72050  47.349  9.274  27.436 0.0000000000
79049  47.672  19.724  24.351 0.0000000000
79050  46.784  19.318  24.398 0.0000000000
79042  46.286  19.637  25.115 0.0000000000
116014  45.719  19.378  25.190 0.0000000000
78401  45.092  19.196  25.337 0.0000000000
99391  42.958  18.421  24.073 0.0000000000
78427  42.373  18.136  23.472 0.0000000000
105021  41.813  17.020  21.628 0.0000000000
77743  41.735  17.373  22.361 0.0000000000
76287  40.077  15.437  22.082 0.0000000000
75560  38.748  14.099  20.551 0.0000000000
78368  47.637  18.221  28.427 0.0000000000
78389  46.680  18.366  27.110 0.0000000000
76985  44.729  16.322  24.295 0.0000000000
76994  45.624  16.362  23.415 0.0000000000
76993  46.318  16.554  23.128 0.0000000000
110742  45.865  16.259  22.846 0.0000000000
77004  45.740  16.120  22.364 0.0000000000
72830  41.827  10.708  22.816 0.0000000000
73525  41.492  11.386  22.372 0.0000000000
74171  41.340  12.326  21.896 0.0000000000
73539  41.489  11.396  18.142 0.0000000000
74178  41.391  12.459  19.729 0.0000000000
75565  42.677  14.700  19.689 0.0000000000
75571  42.515  15.273  18.612 0.0000000000
117657  42.749  15.677  18.630 0.0000000000
75577  41.604  14.860  17.215 0.0000000000
75578  40.998  14.804  16.764 0.0000000000
72878  39.993  10.958  17.083 0.0000000000
73545  39.584  11.830  17.277 0.0000000000
73540  39.150  11.756  18.568 0.0000000000
73537  39.207  11.908  19.754 0.0000000000
99214  50.277  18.593  25.051 0.0000000000
76978  40.309  16.832  25.159 0.0000000000
76203  44.134  15.035  33.401 0.0000000000
76208  43.918  15.166  32.304 0.0000000000
75497  42.678  14.353  31.551 0.0000000000
105346  40.939  9.328  32.126 0.0000000000
70589  41.878  8.230  32.080 0.0000000000
71304  42.570  8.842  31.262 0.0000000000
117723  42.542  9.172  30.552 0.0000000000
71325  42.792  9.167  29.865 0.0000000000
71338  43.728  8.891  28.791 0.0000000000
79065  49.307  19.266  22.595 0.0000000000
78423  48.095  18.959  22.782 0.0000000000
111771  47.592  18.400  21.388 0.0000000000
78435  47.811  18.525  21.949 0.0000000000
97875  47.211  18.661  22.807 0.0000000000
76959  44.852  17.052  27.154 0.0000000000
76967  44.231  16.590  26.304 0.0000000000
76977  43.928  16.275  25.385 0.0000000000
115780  43.279  15.804  25.949 0.0000000000
104488  43.446  15.889  25.268 0.0000000000
76261  44.056  16.102  24.553 0.0000000000
101966  44.025  15.844  23.899 0.0000000000
118224  42.812  10.296  20.604 0.0000000000
72853  42.360  10.506  20.194 0.0000000000
72876  42.680  10.423  17.445 0.0000000000
72877  41.875  10.735  18.006 0.0000000000
74890  40.988  13.169  16.009 0.0000000000
73550  40.619  11.783  16.018 0.0000000000
114271  40.382  11.134  16.357 0.0000000000
72897  41.023  10.072  16.370 0.0000000000
72888  40.493  10.352  16.780 0.0000000000
72112  40.225  10.263  17.898 0.0000000000
72103  40.404  9.461  18.985 0.0000000000
71393  40.590  8.496  19.717 0.0000000000
70674  41.452  7.326  20.724 0.0000000000
73466  44.462  11.085  35.225 0.0000000000
73467  43.933  10.807  34.842 0.0000000000
78433  51.356  18.952  20.972 0.0000000000
78448  50.483  18.253  20.091 0.0000000000
77748  51.475  18.053  20.473 0.0000000000
77757  50.924  18.026  19.988 0.0000000000
114950  49.614  18.101  19.545 0.0000000000
77768  48.856  18.058  19.281 0.0000000000
108157  41.280  12.178  25.822 0.0000000000
106960  41.453  11.812  25.107 0.0000000000
72805  42.748  10.705  24.162 0.0000000000
72819  41.919  10.823  23.688 0.0000000000
99147  46.186  10.288  24.147 0.0000000000
72816  44.839  10.259  23.011 0.0000000000
98296  45.627  10.230  22.356 0.0000000000
117369  44.844  10.184  22.139 0.0000000000
72837  43.338  10.129  20.894 0.0000000000
98288  44.219  10.153  19.104 0.0000000000
72863  45.125  10.452  18.081 0.0000000000
72873  45.865  11.168  17.118 0.0000000000
72883  45.586  10.800  16.805 0.0000000000
71419  45.534  9.542  16.579 0.0000000000
71403  45.002  8.178  18.329 0.0000000000
71402  46.152  8.471  18.358 0.0000000000
76953  45.818  16.959  28.774 0.0000000000
76210  46.632  15.847  31.413 0.0000000000
76221  46.371  15.668  29.979 0.0000000000
76222  45.834  15.628  29.613 0.0000000000
76945  45.804  16.284  29.155 0.0000000000
76954  45.064  16.700  28.458 0.0000000000
76243  44.001  15.929  27.935 0.0000000000
76244  43.346  15.672  27.743 0.0000000000
75512  42.963  15.181  28.411 0.0000000000
76245  42.563  15.286  27.532 0.0000000000
75521  41.779  14.704  27.289 0.0000000000
105172  41.236  14.017  27.066 0.0000000000
74800  42.913  12.843  34.267 0.0000000000
74120  41.372  12.304  33.377 0.0000000000
74804  41.563  13.064  33.250 0.0000000000
74807  41.714  13.580  32.574 0.0000000000
74811  41.368  13.398  31.679 0.0000000000
74814  41.594  13.205  30.749 0.0000000000
72005  40.700  9.998  31.778 0.0000000000
73477  40.548  11.434  31.709 0.0000000000
72735  41.144  10.288  30.812 0.0000000000
73479  40.746  11.422  31.052 0.0000000000
74126  40.711  12.199  31.262 0.0000000000
74817  41.587  13.005  29.852 0.0000000000
74831  41.235  13.305  27.597 0.0000000000
74144  41.231  12.575  27.170 0.0000000000
74148  41.230  12.716  26.394 0.0000000000
72777  42.753  10.447  26.317 0.0000000000
72038  44.073  9.002  28.062 0.0000000000
72053  44.562  9.257  27.349 0.0000000000
72052  45.462  9.147  27.347 0.0000000000
72774  45.521  9.935  26.119 0.0000000000
73465  44.762  10.944  35.816 0.0000000000
72696  43.710  10.188  36.113 0.0000000000
71971  40.732  8.991  35.491 0.0000000000
80220  44.879  21.719  25.853 0.0000000000
79637  45.373  20.308  25.954 0.0000000000
80208  45.189  20.982  26.149 0.0000000000
79038  43.108  19.528  26.691 0.0000000000
117990  42.209  18.677  26.099 0.0000000000
107766  42.784  18.595  25.300 0.0000000000
78403  42.055  18.459  25.453 0.0000000000
77732  41.703  17.686  23.177 0.0000000000
77733  41.211  17.500  23.601 0.0000000000
97786  39.255  15.198  23.459 0.0000000000
78367  48.550  18.635  28.050 0.0000000000
78399  49.421  18.563  25.237 0.0000000000
77702  45.531  17.441  26.623 0.0000000000
77701  46.336  17.852  26.191 0.0000000000
77700  46.982  17.939  25.606 0.0000000000
76974  45.850  16.930  24.476 0.0000000000
77710  46.532  17.454  24.993 0.0000000000
77708  48.074  17.871  24.687 0.0000000000
77718  48.831  17.822  24.002 0.0000000000
77002  47.464  16.877  21.428 0.0000000000
77751  48.478  17.217  20.542 0.0000000000
77011  47.607  17.256  20.162 0.0000000000
77031  46.617  17.700  18.733 0.0000000000
75544  42.648  14.669  23.129 0.0000000000
75543  43.367  15.068  22.601 0.0000000000
74174  41.369  12.463  20.885 0.0000000000
74867  41.595  13.245  21.274 0.0000000000
76286  44.035  15.326  22.063 0.0000000000
76292  44.656  15.565  21.469 0.0000000000
77022  45.668  16.661  19.757 0.0000000000
77032  45.732  17.405  18.884 0.0000000000
77035  43.051  16.753  19.124 0.0000000000
76308  42.855  16.061  18.662 0.0000000000
77036  42.546  16.289  18.993 0.0000000000
74886  40.949  14.150  16.166 0.0000000000
75579  40.013  14.337  17.011 0.0000000000
75573  39.992  14.620  18.037 0.0000000000
76303  39.992  14.853  19.243 0.0000000000
75566  39.207  14.453  19.954 0.0000000000
108077  38.489  12.874  21.113 0.0000000000
71422  42.564  8.830  16.637 0.0000000000
71423  41.961  9.264  16.359 0.0000000000
71428  43.908  9.345  16.172 0.0000000000
71431  41.961  9.601  15.897 0.0000000000
72116  45.994  10.458  16.548 0.0000000000
72124  42.087  9.887  15.727 0.0000000000
72736  40.771  10.687  31.317 0.0000000000
72872  46.886  11.037  17.313 0.0000000000
72894  43.088  10.137  16.002 0.0000000000
77759  49.388  17.780  19.540 0.0000000000
77767  49.362  18.032  19.380 0.0000000000
78412  48.872  18.283  24.692 0.0000000000
80219  45.607  21.455  25.639 0.0000000000
