#!ascii label  , from subject sub-027S6002 vox2ras=TkReg
830
42538  8.508  -24.987  67.336 0.0000000000
34602  6.542  -33.193  54.810 0.0000000000
99981  3.046  -30.937  66.769 0.0000000000
41681  4.662  -25.434  62.705 0.0000000000
44476  10.589  -21.873  57.555 0.0000000000
39790  5.416  -27.486  69.415 0.0000000000
43403  2.721  -24.012  68.689 0.0000000000
41625  11.379  -25.376  68.679 0.0000000000
38102  7.675  -27.954  66.938 0.0000000000
34460  4.686  -32.140  66.963 0.0000000000
47973  4.656  -18.453  64.947 0.0000000000
43507  7.297  -23.407  60.838 0.0000000000
49806  8.552  -17.449  62.050 0.0000000000
33625  2.010  -34.438  63.250 0.0000000000
36425  3.620  -31.910  61.518 0.0000000000
39815  2.832  -27.548  64.402 0.0000000000
45294  3.608  -21.115  66.634 0.0000000000
103458  6.223  -29.288  59.833 0.0000000000
39904  7.085  -27.614  56.242 0.0000000000
105206  4.626  -24.738  54.177 0.0000000000
114771  8.964  -19.354  54.811 0.0000000000
41629  6.551  -26.244  68.280 0.0000000000
41639  5.765  -24.844  67.934 0.0000000000
100356  9.949  -25.857  68.568 0.0000000000
39800  9.608  -26.897  67.100 0.0000000000
39793  8.327  -26.919  68.232 0.0000000000
38938  6.286  -28.400  68.357 0.0000000000
48904  7.357  -17.644  63.775 0.0000000000
35462  2.548  -32.457  64.433 0.0000000000
112267  2.804  -31.293  63.788 0.0000000000
38131  2.372  -29.472  65.677 0.0000000000
112151  4.328  -21.240  69.046 0.0000000000
43438  2.679  -23.032  66.987 0.0000000000
35418  3.641  -31.970  67.028 0.0000000000
32702  3.645  -34.247  65.727 0.0000000000
34481  2.418  -33.780  65.645 0.0000000000
32726  1.622  -35.279  64.623 0.0000000000
39841  4.247  -28.331  62.364 0.0000000000
37371  4.952  -30.255  60.383 0.0000000000
40749  5.137  -27.231  61.658 0.0000000000
44453  8.612  -22.344  59.860 0.0000000000
41724  8.517  -25.111  59.519 0.0000000000
42646  9.432  -24.612  56.982 0.0000000000
40811  6.267  -26.768  54.596 0.0000000000
43558  8.999  -23.471  55.348 0.0000000000
38099  3.031  -29.656  68.196 0.0000000000
39801  2.368  -27.393  67.631 0.0000000000
40696  3.641  -26.179  69.107 0.0000000000
43400  4.597  -23.110  68.595 0.0000000000
40699  13.269  -25.272  67.680 0.0000000000
39805  12.330  -25.633  65.429 0.0000000000
39803  10.441  -26.392  66.416 0.0000000000
38119  8.267  -27.637  65.914 0.0000000000
36308  6.027  -30.199  67.208 0.0000000000
37236  5.219  -30.215  68.299 0.0000000000
45341  4.539  -21.254  63.512 0.0000000000
43497  5.564  -23.381  62.112 0.0000000000
46241  5.593  -20.770  62.336 0.0000000000
47113  6.773  -19.646  61.316 0.0000000000
48058  8.621  -18.780  60.273 0.0000000000
43415  10.773  -23.700  67.609 0.0000000000
42534  16.026  -23.812  67.048 0.0000000000
43388  16.445  -23.412  70.024 0.0000000000
42520  13.329  -24.377  69.610 0.0000000000
43398  11.601  -23.898  68.746 0.0000000000
31960  2.639  -36.271  61.719 0.0000000000
33651  3.416  -34.667  61.143 0.0000000000
103136  2.923  -33.082  62.027 0.0000000000
38183  3.488  -29.500  62.800 0.0000000000
101594  4.045  -26.383  63.445 0.0000000000
112051  2.370  -25.375  66.179 0.0000000000
42559  3.676  -24.270  64.966 0.0000000000
44402  3.819  -22.506  64.470 0.0000000000
118052  4.254  -19.187  65.822 0.0000000000
34578  4.579  -33.705  60.495 0.0000000000
35554  6.452  -32.694  59.255 0.0000000000
36470  7.749  -31.252  57.812 0.0000000000
41726  7.084  -26.116  60.475 0.0000000000
39874  7.246  -27.898  58.011 0.0000000000
99610  6.837  -30.241  56.103 0.0000000000
108153  5.296  -29.193  54.875 0.0000000000
101599  4.506  -27.849  53.837 0.0000000000
50659  10.288  -16.519  61.354 0.0000000000
48069  10.454  -18.037  58.386 0.0000000000
49010  11.106  -17.898  56.544 0.0000000000
46282  10.642  -20.775  55.962 0.0000000000
44507  6.755  -22.054  54.734 0.0000000000
41637  7.239  -25.747  67.943 0.0000000000
42539  7.397  -24.996  67.370 0.0000000000
42551  7.962  -24.357  66.757 0.0000000000
42528  9.004  -25.463  68.079 0.0000000000
100350  9.187  -25.920  68.425 0.0000000000
41627  8.438  -25.950  68.388 0.0000000000
40692  7.403  -26.903  68.568 0.0000000000
33682  5.830  -34.350  54.027 0.0000000000
35587  5.996  -32.466  54.366 0.0000000000
102509  3.168  -31.929  65.491 0.0000000000
37273  2.845  -30.789  65.063 0.0000000000
104283  2.637  -30.285  65.725 0.0000000000
108454  14.039  -24.754  65.111 0.0000000000
36321  3.349  -31.505  66.869 0.0000000000
34472  3.091  -32.979  65.917 0.0000000000
35435  3.124  -32.490  65.787 0.0000000000
34489  2.145  -33.920  65.387 0.0000000000
40733  4.469  -26.480  62.625 0.0000000000
39840  4.574  -27.811  62.010 0.0000000000
40732  4.722  -26.070  62.302 0.0000000000
45400  9.497  -21.579  59.080 0.0000000000
109788  9.199  -23.790  58.876 0.0000000000
43536  9.743  -23.784  57.268 0.0000000000
42660  9.132  -24.723  56.136 0.0000000000
43547  10.347  -23.023  56.007 0.0000000000
106588  3.683  -28.562  69.040 0.0000000000
39796  3.607  -27.079  69.059 0.0000000000
40687  4.355  -26.763  69.224 0.0000000000
42529  5.084  -24.071  68.509 0.0000000000
45281  5.666  -21.917  68.033 0.0000000000
40688  12.603  -25.415  68.140 0.0000000000
39802  11.395  -25.893  66.525 0.0000000000
39798  10.782  -26.138  67.083 0.0000000000
38942  8.375  -27.622  66.961 0.0000000000
38944  9.137  -27.177  66.348 0.0000000000
38109  8.367  -27.570  66.530 0.0000000000
37254  6.561  -29.664  66.668 0.0000000000
39789  6.003  -27.470  69.317 0.0000000000
38095  5.739  -28.509  68.848 0.0000000000
38096  5.109  -28.731  69.094 0.0000000000
107511  3.856  -29.917  68.597 0.0000000000
47068  4.868  -19.750  64.527 0.0000000000
105844  4.779  -20.950  63.225 0.0000000000
47080  5.508  -19.753  63.737 0.0000000000
48918  7.634  -17.762  62.788 0.0000000000
48029  6.787  -18.799  61.801 0.0000000000
48946  7.519  -18.118  61.383 0.0000000000
99988  7.763  -18.775  60.721 0.0000000000
48960  7.964  -17.810  61.025 0.0000000000
42519  14.139  -24.264  69.497 0.0000000000
32746  2.632  -35.416  62.127 0.0000000000
108365  2.642  -34.573  62.102 0.0000000000
107129  2.538  -33.126  62.593 0.0000000000
103405  2.624  -29.085  63.897 0.0000000000
37321  3.178  -30.289  63.062 0.0000000000
38961  3.025  -28.648  63.419 0.0000000000
39833  3.549  -28.318  63.103 0.0000000000
40725  3.753  -27.026  63.591 0.0000000000
41633  2.265  -25.740  68.452 0.0000000000
39804  2.325  -27.162  66.729 0.0000000000
113525  1.872  -25.054  67.884 0.0000000000
44369  3.062  -22.077  67.076 0.0000000000
43437  2.710  -23.422  66.012 0.0000000000
43453  2.947  -23.076  65.213 0.0000000000
110644  3.478  -23.419  64.808 0.0000000000
98135  3.893  -21.978  65.015 0.0000000000
46214  4.342  -21.180  64.832 0.0000000000
46198  3.866  -20.215  66.352 0.0000000000
39814  10.714  -26.402  64.020 0.0000000000
39813  11.512  -26.195  63.675 0.0000000000
102626  5.382  -32.136  66.203 0.0000000000
102245  5.188  -33.629  65.041 0.0000000000
33599  4.693  -33.878  65.241 0.0000000000
100278  2.710  -35.243  65.424 0.0000000000
31929  3.530  -35.769  64.443 0.0000000000
32732  1.774  -35.166  63.783 0.0000000000
32731  2.071  -35.778  63.384 0.0000000000
34562  3.425  -33.219  61.088 0.0000000000
33650  3.867  -34.226  60.773 0.0000000000
34561  4.032  -33.043  60.720 0.0000000000
38229  5.592  -29.689  60.094 0.0000000000
36453  5.766  -31.473  59.630 0.0000000000
37370  6.372  -30.849  59.254 0.0000000000
35553  7.238  -32.582  58.634 0.0000000000
106992  6.793  -30.182  58.754 0.0000000000
43508  6.452  -22.901  61.377 0.0000000000
41694  6.115  -24.608  61.654 0.0000000000
42611  7.398  -24.386  60.842 0.0000000000
40768  8.246  -26.532  58.004 0.0000000000
40769  7.590  -26.730  58.753 0.0000000000
39065  7.132  -28.086  57.046 0.0000000000
38263  7.002  -29.316  57.222 0.0000000000
39066  6.758  -28.321  56.378 0.0000000000
38280  5.928  -29.474  55.450 0.0000000000
39905  6.550  -27.979  55.734 0.0000000000
41781  5.924  -25.943  54.600 0.0000000000
40812  4.766  -26.799  54.592 0.0000000000
40826  4.314  -26.441  54.090 0.0000000000
50657  10.970  -15.715  60.144 0.0000000000
48972  10.187  -17.267  59.698 0.0000000000
48971  10.601  -16.582  59.225 0.0000000000
49022  9.748  -17.589  55.097 0.0000000000
101579  10.562  -18.000  55.718 0.0000000000
48083  10.957  -18.594  56.355 0.0000000000
47154  9.403  -20.026  55.044 0.0000000000
45432  9.441  -21.479  55.142 0.0000000000
46293  7.949  -20.679  54.741 0.0000000000
40685  5.813  -27.131  69.332 0.0000000000
40694  5.411  -26.663  69.010 0.0000000000
104214  5.864  -25.695  67.960 0.0000000000
41626  10.706  -25.375  68.726 0.0000000000
39792  10.239  -26.446  67.522 0.0000000000
102064  9.668  -26.689  67.791 0.0000000000
38937  8.849  -27.224  67.611 0.0000000000
104724  7.902  -27.646  67.494 0.0000000000
38103  7.035  -28.127  67.625 0.0000000000
39794  6.888  -27.301  68.677 0.0000000000
39788  6.357  -27.387  69.072 0.0000000000
48880  5.938  -17.461  65.792 0.0000000000
48920  5.726  -18.601  63.863 0.0000000000
49786  7.069  -17.473  64.587 0.0000000000
100626  7.983  -17.091  64.071 0.0000000000
49795  8.445  -17.023  63.615 0.0000000000
34515  2.050  -33.826  63.697 0.0000000000
102777  2.307  -33.061  63.297 0.0000000000
36372  2.667  -31.776  64.074 0.0000000000
37285  2.720  -30.873  64.329 0.0000000000
104234  2.376  -29.071  64.794 0.0000000000
43402  3.160  -23.260  68.581 0.0000000000
43420  2.525  -23.484  67.915 0.0000000000
110058  3.829  -21.839  68.699 0.0000000000
45265  3.782  -21.173  68.607 0.0000000000
46181  3.752  -20.382  68.206 0.0000000000
47035  3.792  -19.672  67.737 0.0000000000
105328  4.131  -32.457  66.908 0.0000000000
33589  3.938  -33.627  65.930 0.0000000000
34471  3.495  -33.022  66.193 0.0000000000
33601  2.997  -34.293  65.843 0.0000000000
32711  2.375  -34.956  65.635 0.0000000000
31931  2.026  -36.051  64.867 0.0000000000
32721  1.679  -35.188  65.183 0.0000000000
34501  1.964  -34.059  64.700 0.0000000000
116539  4.075  -29.523  61.970 0.0000000000
37355  4.442  -30.420  60.936 0.0000000000
38212  4.357  -29.290  61.590 0.0000000000
116323  5.145  -28.963  60.647 0.0000000000
39012  5.725  -28.984  60.372 0.0000000000
44454  7.855  -22.164  60.393 0.0000000000
42625  8.203  -24.055  60.237 0.0000000000
42624  8.884  -24.228  59.470 0.0000000000
42634  8.990  -24.676  58.627 0.0000000000
40782  8.231  -26.627  57.002 0.0000000000
40810  7.201  -27.079  55.476 0.0000000000
41767  8.690  -25.445  55.997 0.0000000000
42675  8.344  -24.876  55.525 0.0000000000
43569  6.869  -24.005  54.781 0.0000000000
107330  8.077  -18.001  54.572 0.0000000000
46294  7.451  -20.004  54.707 0.0000000000
48099  5.846  -18.639  54.176 0.0000000000
37255  2.890  -30.312  67.368 0.0000000000
38112  2.658  -29.654  67.106 0.0000000000
99613  2.573  -28.061  68.081 0.0000000000
40697  2.780  -26.477  68.755 0.0000000000
41632  3.080  -25.455  69.076 0.0000000000
101958  4.817  -25.854  68.576 0.0000000000
42530  4.391  -24.673  68.825 0.0000000000
105000  3.658  -23.880  68.928 0.0000000000
44328  4.211  -22.275  68.788 0.0000000000
40698  13.781  -24.951  66.995 0.0000000000
40707  13.111  -25.286  65.454 0.0000000000
40704  12.330  -25.661  66.225 0.0000000000
110475  10.074  -26.616  66.757 0.0000000000
38943  9.736  -26.854  66.061 0.0000000000
38129  8.828  -27.664  64.345 0.0000000000
35425  6.044  -31.129  65.968 0.0000000000
35414  5.309  -31.065  67.376 0.0000000000
37243  6.326  -29.221  67.435 0.0000000000
103562  5.522  -30.649  67.735 0.0000000000
35402  4.901  -31.221  67.587 0.0000000000
36297  3.992  -31.028  68.095 0.0000000000
110230  3.137  -30.595  67.720 0.0000000000
44413  4.364  -22.470  63.385 0.0000000000
105666  5.166  -23.864  62.518 0.0000000000
44424  4.784  -22.453  62.668 0.0000000000
44432  5.388  -22.495  62.053 0.0000000000
112920  6.151  -21.656  61.490 0.0000000000
47991  5.872  -18.983  63.251 0.0000000000
46240  6.359  -20.185  61.996 0.0000000000
100672  6.590  -21.205  61.009 0.0000000000
45374  8.086  -20.997  60.316 0.0000000000
46257  8.824  -20.563  59.929 0.0000000000
46256  9.395  -20.112  59.293 0.0000000000
42537  9.464  -24.712  67.612 0.0000000000
41642  14.774  -24.356  66.507 0.0000000000
43379  18.912  -23.347  70.228 0.0000000000
43377  17.740  -22.868  71.309 0.0000000000
43395  17.746  -23.509  68.562 0.0000000000
43396  16.776  -23.641  68.800 0.0000000000
42535  15.294  -24.199  67.325 0.0000000000
97798  14.339  -24.636  67.057 0.0000000000
102169  12.978  -25.170  68.710 0.0000000000
41624  12.340  -25.228  68.756 0.0000000000
42521  12.587  -24.315  69.388 0.0000000000
42522  11.792  -24.458  69.073 0.0000000000
42527  10.973  -24.597  68.781 0.0000000000
42536  10.360  -24.340  68.025 0.0000000000
34545  3.077  -33.475  61.531 0.0000000000
35501  3.287  -32.816  61.490 0.0000000000
36413  3.058  -31.956  62.932 0.0000000000
117666  3.341  -31.565  62.546 0.0000000000
36426  3.540  -30.824  62.392 0.0000000000
38969  3.847  -28.809  62.658 0.0000000000
103520  4.139  -27.023  63.051 0.0000000000
41682  4.271  -25.994  63.087 0.0000000000
115224  2.400  -28.887  66.570 0.0000000000
113495  2.450  -27.308  65.866 0.0000000000
104821  2.800  -26.908  65.148 0.0000000000
42552  2.319  -23.843  66.934 0.0000000000
112355  3.255  -25.168  65.283 0.0000000000
40708  3.267  -26.018  64.680 0.0000000000
41658  3.888  -25.179  64.428 0.0000000000
106270  4.317  -24.680  64.101 0.0000000000
43475  4.368  -23.243  63.683 0.0000000000
45342  4.238  -21.932  63.796 0.0000000000
46213  4.688  -20.423  64.672 0.0000000000
113280  4.337  -18.963  65.397 0.0000000000
47048  4.046  -19.257  67.102 0.0000000000
48882  4.578  -18.096  66.593 0.0000000000
48881  5.087  -17.709  66.168 0.0000000000
115443  4.981  -34.421  63.907 0.0000000000
32708  4.399  -34.436  65.112 0.0000000000
35532  5.217  -32.033  60.122 0.0000000000
35531  5.729  -32.709  59.864 0.0000000000
35580  7.286  -32.977  55.834 0.0000000000
41695  5.540  -25.413  61.796 0.0000000000
110730  5.810  -27.142  61.195 0.0000000000
39861  6.710  -27.615  59.683 0.0000000000
41725  7.798  -25.705  59.979 0.0000000000
118483  7.109  -26.957  59.341 0.0000000000
106073  6.647  -29.329  59.103 0.0000000000
38248  7.093  -29.485  58.151 0.0000000000
116122  7.333  -30.861  56.312 0.0000000000
35583  6.825  -32.189  55.132 0.0000000000
36522  6.119  -31.455  54.714 0.0000000000
39919  5.394  -27.425  54.681 0.0000000000
39097  4.736  -28.157  54.317 0.0000000000
50630  9.739  -16.439  63.122 0.0000000000
50637  10.387  -15.946  62.597 0.0000000000
49815  9.068  -17.218  61.822 0.0000000000
48958  9.366  -17.450  60.407 0.0000000000
48057  9.383  -18.336  59.712 0.0000000000
46269  10.332  -20.027  57.780 0.0000000000
105385  10.739  -17.525  58.037 0.0000000000
47135  10.880  -19.644  57.195 0.0000000000
45412  10.966  -21.206  56.760 0.0000000000
117446  9.814  -22.168  55.296 0.0000000000
44496  8.515  -22.998  55.023 0.0000000000
43570  5.938  -23.546  54.558 0.0000000000
44509  4.817  -22.419  54.255 0.0000000000
41636  8.059  -25.605  67.988 0.0000000000
41628  7.559  -26.301  68.358 0.0000000000
113926  6.214  -34.034  54.431 0.0000000000
34605  5.856  -33.434  54.119 0.0000000000
37266  3.108  -31.092  65.788 0.0000000000
104284  2.805  -30.369  66.572 0.0000000000
41649  14.508  -24.522  65.727 0.0000000000
40706  13.850  -24.874  65.669 0.0000000000
104808  3.231  -31.298  66.741 0.0000000000
98617  3.388  -31.911  66.409 0.0000000000
36334  3.269  -31.537  66.049 0.0000000000
45399  9.996  -21.283  58.487 0.0000000000
44465  9.891  -22.322  58.579 0.0000000000
44477  10.230  -22.956  57.522 0.0000000000
43548  10.115  -23.355  56.535 0.0000000000
38935  4.694  -28.139  69.372 0.0000000000
39791  4.577  -27.356  69.375 0.0000000000
40686  5.123  -26.958  69.333 0.0000000000
104108  11.829  -25.490  68.262 0.0000000000
40701  11.686  -25.683  67.507 0.0000000000
40689  11.015  -25.857  67.982 0.0000000000
38110  7.640  -28.078  66.535 0.0000000000
38120  7.555  -28.295  66.105 0.0000000000
37253  7.015  -29.020  66.266 0.0000000000
38111  7.065  -28.667  66.774 0.0000000000
38934  5.628  -27.971  69.336 0.0000000000
47974  4.598  -19.052  64.675 0.0000000000
47081  5.340  -20.139  63.939 0.0000000000
47992  4.970  -18.772  64.263 0.0000000000
49807  8.121  -17.552  62.363 0.0000000000
48933  7.797  -17.750  61.858 0.0000000000
112985  7.946  -17.738  61.334 0.0000000000
48932  8.194  -17.615  61.627 0.0000000000
32738  2.272  -35.042  62.796 0.0000000000
33634  2.271  -34.244  62.509 0.0000000000
34531  2.218  -33.717  62.803 0.0000000000
38954  2.658  -28.322  64.162 0.0000000000
38165  2.997  -29.550  63.354 0.0000000000
39824  3.209  -27.766  63.643 0.0000000000
40717  3.265  -26.900  64.179 0.0000000000
42532  2.404  -24.852  68.660 0.0000000000
100459  2.869  -22.699  65.966 0.0000000000
107018  3.427  -21.984  65.860 0.0000000000
44388  3.280  -22.612  65.125 0.0000000000
45308  3.975  -21.136  65.667 0.0000000000
33587  4.722  -32.647  66.452 0.0000000000
33598  5.198  -33.125  65.594 0.0000000000
31930  2.579  -35.842  64.806 0.0000000000
31953  2.348  -36.029  62.624 0.0000000000
35517  3.643  -32.552  60.992 0.0000000000
109313  3.975  -31.869  60.954 0.0000000000
106091  5.665  -30.557  59.827 0.0000000000
38228  6.283  -29.971  59.553 0.0000000000
42612  6.654  -23.914  61.356 0.0000000000
114542  7.847  -26.970  57.404 0.0000000000
39890  7.481  -27.464  57.226 0.0000000000
39082  6.276  -28.597  55.729 0.0000000000
42692  5.397  -25.031  54.463 0.0000000000
41782  4.579  -26.153  54.455 0.0000000000
41793  4.845  -25.632  54.505 0.0000000000
51516  11.206  -14.954  60.734 0.0000000000
50667  10.719  -16.237  59.580 0.0000000000
50674  10.705  -15.978  58.884 0.0000000000
48089  9.435  -18.705  54.990 0.0000000000
104002  9.780  -18.148  55.293 0.0000000000
48088  10.355  -18.912  55.499 0.0000000000
117335  9.760  -19.378  55.118 0.0000000000
108819  8.392  -20.005  54.863 0.0000000000
40693  6.199  -26.849  69.027 0.0000000000
103324  5.644  -26.209  68.436 0.0000000000
40690  10.335  -26.074  68.368 0.0000000000
105348  9.260  -26.493  68.302 0.0000000000
103318  7.745  -27.284  68.137 0.0000000000
114317  7.237  -27.619  68.160 0.0000000000
102351  6.836  -26.798  68.723 0.0000000000
39795  6.599  -27.104  69.002 0.0000000000
40684  6.204  -27.225  69.222 0.0000000000
49778  6.851  -17.265  65.390 0.0000000000
98153  8.185  -16.622  65.414 0.0000000000
49784  8.507  -16.657  64.578 0.0000000000
50622  9.346  -15.996  64.711 0.0000000000
35479  2.250  -33.107  64.139 0.0000000000
105566  2.440  -30.081  64.926 0.0000000000
44329  3.542  -22.520  68.547 0.0000000000
47017  3.839  -19.850  68.572 0.0000000000
35417  3.896  -32.081  67.191 0.0000000000
34462  3.938  -32.520  66.802 0.0000000000
114962  2.757  -33.564  65.809 0.0000000000
33591  3.021  -33.632  65.938 0.0000000000
33602  2.435  -34.247  65.720 0.0000000000
33612  1.940  -34.855  65.526 0.0000000000
33603  2.082  -34.347  65.587 0.0000000000
35463  2.321  -33.219  64.928 0.0000000000
33626  1.731  -34.683  64.197 0.0000000000
38984  4.122  -29.014  62.119 0.0000000000
38983  4.471  -28.644  61.776 0.0000000000
39852  4.926  -28.230  61.412 0.0000000000
38997  5.322  -28.588  60.814 0.0000000000
39851  5.572  -27.865  61.045 0.0000000000
43518  8.754  -23.357  59.703 0.0000000000
43537  9.247  -24.183  57.901 0.0000000000
42647  9.051  -25.071  57.648 0.0000000000
41755  8.822  -25.983  57.362 0.0000000000
41754  9.083  -25.407  56.723 0.0000000000
41768  8.553  -26.065  56.381 0.0000000000
42674  8.921  -24.096  55.680 0.0000000000
42676  7.213  -24.924  54.888 0.0000000000
43559  8.032  -23.963  55.118 0.0000000000
49035  8.154  -17.478  54.345 0.0000000000
49036  7.306  -17.740  54.311 0.0000000000
48098  6.790  -18.382  54.407 0.0000000000
38106  2.803  -29.619  67.856 0.0000000000
38936  2.920  -28.901  68.446 0.0000000000
113743  2.880  -25.953  69.010 0.0000000000
41630  5.239  -25.245  68.358 0.0000000000
100624  4.331  -23.723  68.816 0.0000000000
43401  3.889  -23.106  68.775 0.0000000000
40703  13.134  -25.388  66.718 0.0000000000
99259  10.709  -26.290  65.936 0.0000000000
38118  9.051  -27.275  65.564 0.0000000000
114327  8.171  -27.769  65.037 0.0000000000
37272  7.250  -29.699  64.756 0.0000000000
36320  6.129  -30.542  66.563 0.0000000000
35426  5.617  -31.227  66.546 0.0000000000
114601  5.580  -30.731  67.387 0.0000000000
38105  5.375  -29.431  68.520 0.0000000000
37245  5.589  -30.266  68.029 0.0000000000
36296  5.310  -30.763  67.863 0.0000000000
114229  4.657  -30.964  67.980 0.0000000000
37237  4.487  -30.523  68.292 0.0000000000
38098  3.408  -29.379  68.612 0.0000000000
37239  3.238  -30.183  68.134 0.0000000000
37246  2.986  -30.212  67.846 0.0000000000
43488  4.837  -23.215  63.034 0.0000000000
104071  4.504  -21.628  63.058 0.0000000000
46233  5.225  -20.637  63.017 0.0000000000
45351  4.939  -21.171  62.617 0.0000000000
45362  5.467  -21.589  61.910 0.0000000000
44431  5.960  -22.257  61.668 0.0000000000
48905  6.450  -17.997  64.202 0.0000000000
48919  6.775  -18.415  63.294 0.0000000000
47101  6.636  -19.403  61.689 0.0000000000
46248  6.685  -20.370  61.176 0.0000000000
46247  7.263  -20.642  60.666 0.0000000000
47111  8.077  -19.445  60.481 0.0000000000
46246  8.030  -20.183  60.408 0.0000000000
47120  8.756  -19.757  60.057 0.0000000000
45385  9.434  -20.872  59.185 0.0000000000
43416  9.822  -23.871  67.058 0.0000000000
43432  10.528  -23.282  66.591 0.0000000000
42548  16.014  -23.804  66.524 0.0000000000
107405  16.009  -23.829  65.964 0.0000000000
42549  15.313  -24.088  66.751 0.0000000000
43381  17.114  -23.145  70.858 0.0000000000
43387  17.432  -23.472  69.782 0.0000000000
42525  15.284  -24.267  68.280 0.0000000000
101809  14.773  -24.401  67.006 0.0000000000
41634  14.584  -24.648  67.718 0.0000000000
41620  13.386  -24.878  69.030 0.0000000000
41621  12.800  -24.897  69.155 0.0000000000
43391  12.728  -23.502  69.158 0.0000000000
43392  12.171  -23.874  69.063 0.0000000000
41623  11.340  -24.993  69.090 0.0000000000
43399  11.053  -23.965  68.348 0.0000000000
31099  3.044  -37.064  61.130 0.0000000000
32745  3.075  -35.247  61.603 0.0000000000
34546  2.552  -33.738  62.066 0.0000000000
33642  3.012  -34.184  61.586 0.0000000000
35502  3.245  -32.315  62.170 0.0000000000
36397  2.755  -31.893  63.511 0.0000000000
35491  2.628  -32.516  63.104 0.0000000000
109974  3.265  -30.976  62.838 0.0000000000
37338  3.517  -30.127  62.597 0.0000000000
38182  3.839  -29.465  62.377 0.0000000000
39823  3.761  -27.666  63.249 0.0000000000
39832  4.020  -27.976  62.854 0.0000000000
99095  2.390  -28.031  67.164 0.0000000000
40705  2.214  -26.271  66.528 0.0000000000
39808  2.462  -26.720  65.963 0.0000000000
103862  2.706  -26.062  65.603 0.0000000000
44352  2.941  -22.695  67.979 0.0000000000
113576  3.157  -23.661  65.354 0.0000000000
41644  2.819  -24.338  65.888 0.0000000000
43463  3.330  -22.930  64.736 0.0000000000
42569  4.123  -23.940  64.497 0.0000000000
43476  3.877  -23.176  64.316 0.0000000000
42578  4.479  -24.001  63.956 0.0000000000
44414  4.077  -22.640  63.965 0.0000000000
46205  4.332  -20.287  65.508 0.0000000000
47059  4.454  -19.558  65.313 0.0000000000
117363  4.503  -19.257  64.985 0.0000000000
39812  12.438  -25.583  64.432 0.0000000000
33611  4.809  -34.092  64.846 0.0000000000
33610  5.380  -33.675  64.638 0.0000000000
33600  4.182  -34.144  65.504 0.0000000000
32709  3.935  -34.673  65.431 0.0000000000
107422  2.511  -37.201  61.749 0.0000000000
33661  4.630  -34.752  60.215 0.0000000000
33660  5.435  -34.306  59.928 0.0000000000
36438  4.590  -31.307  60.615 0.0000000000
36472  5.862  -32.182  59.570 0.0000000000
34591  6.326  -33.391  59.436 0.0000000000
34590  7.099  -33.523  58.557 0.0000000000
35552  7.373  -31.827  58.437 0.0000000000
35571  7.633  -33.096  57.983 0.0000000000
35570  7.876  -32.291  57.674 0.0000000000
34595  7.619  -33.074  57.009 0.0000000000
35579  7.709  -32.388  56.593 0.0000000000
107239  5.451  -24.422  62.089 0.0000000000
41710  6.464  -25.620  61.302 0.0000000000
40748  6.396  -26.620  60.918 0.0000000000
39850  6.262  -27.422  60.599 0.0000000000
40757  6.812  -26.844  60.087 0.0000000000
105635  7.931  -24.943  60.335 0.0000000000
41742  8.002  -26.002  58.986 0.0000000000
40770  7.210  -27.370  58.772 0.0000000000
39875  6.941  -27.977  58.914 0.0000000000
39028  6.942  -28.619  58.577 0.0000000000
37395  6.995  -29.868  56.834 0.0000000000
103964  7.019  -31.208  55.626 0.0000000000
37405  6.006  -30.493  55.151 0.0000000000
38281  4.793  -29.271  54.297 0.0000000000
39918  6.448  -27.501  55.013 0.0000000000
39938  4.534  -27.268  54.218 0.0000000000
39920  4.839  -27.464  54.618 0.0000000000
39103  4.730  -28.740  53.658 0.0000000000
50646  10.608  -15.912  61.862 0.0000000000
50638  9.827  -16.664  62.056 0.0000000000
49828  9.499  -17.076  61.234 0.0000000000
49829  8.863  -17.389  60.935 0.0000000000
113204  9.664  -17.194  60.660 0.0000000000
48986  10.060  -17.852  59.288 0.0000000000
117532  9.502  -17.680  59.919 0.0000000000
48070  10.134  -18.760  59.013 0.0000000000
47128  9.945  -19.674  58.656 0.0000000000
49009  11.427  -17.317  56.536 0.0000000000
49864  11.605  -16.719  57.361 0.0000000000
48998  11.164  -17.464  57.369 0.0000000000
49865  11.029  -16.928  58.209 0.0000000000
47145  10.815  -19.614  56.306 0.0000000000
100713  11.024  -19.053  57.064 0.0000000000
46268  10.984  -20.375  56.939 0.0000000000
45422  10.856  -21.774  55.995 0.0000000000
45431  10.286  -21.623  55.548 0.0000000000
45433  8.460  -21.428  54.862 0.0000000000
104180  8.975  -22.188  55.067 0.0000000000
44506  7.904  -22.187  54.905 0.0000000000
44497  7.116  -23.054  54.838 0.0000000000
44508  5.801  -22.643  54.549 0.0000000000
104856  6.344  -20.983  54.224 0.0000000000
98120  10.019  -25.234  68.391 0.0000000000
40691  8.339  -26.418  68.387 0.0000000000
35588  5.580  -32.839  53.711 0.0000000000
35444  2.779  -32.561  65.114 0.0000000000
36349  2.944  -31.667  64.813 0.0000000000
34463  3.529  -32.485  66.441 0.0000000000
35427  3.406  -32.086  66.370 0.0000000000
103965  3.181  -32.598  65.898 0.0000000000
34480  2.867  -33.125  65.784 0.0000000000
35436  2.559  -33.237  65.464 0.0000000000
40741  4.372  -27.439  62.548 0.0000000000
40740  4.683  -26.861  62.206 0.0000000000
40739  5.015  -26.194  61.938 0.0000000000
44466  9.246  -22.105  59.303 0.0000000000
104653  9.243  -22.877  59.123 0.0000000000
43528  9.630  -23.365  58.258 0.0000000000
114007  9.563  -23.986  56.415 0.0000000000
43557  9.724  -23.435  55.754 0.0000000000
38939  3.224  -27.943  68.746 0.0000000000
102611  3.952  -27.824  69.258 0.0000000000
42541  5.740  -23.997  67.927 0.0000000000
43419  5.396  -23.260  68.057 0.0000000000
44351  5.119  -22.494  68.425 0.0000000000
40700  12.466  -25.584  67.129 0.0000000000
38941  9.105  -27.265  66.862 0.0000000000
38933  6.165  -27.827  69.095 0.0000000000
103607  4.721  -29.641  68.703 0.0000000000
38097  4.220  -29.049  69.014 0.0000000000
46227  4.872  -20.634  63.857 0.0000000000
46234  5.137  -20.554  63.475 0.0000000000
47094  5.529  -20.238  63.419 0.0000000000
48934  7.169  -18.241  62.222 0.0000000000
48045  7.075  -18.841  61.114 0.0000000000
47112  7.287  -19.657  60.789 0.0000000000
48044  7.661  -18.205  60.968 0.0000000000
48043  8.147  -18.056  60.713 0.0000000000
42523  16.874  -23.691  67.677 0.0000000000
41619  14.013  -24.881  68.536 0.0000000000
37304  2.856  -30.520  63.644 0.0000000000
100930  3.003  -31.183  63.324 0.0000000000
38970  3.430  -28.957  63.015 0.0000000000
40702  2.190  -26.582  67.713 0.0000000000
41640  1.894  -25.665  67.275 0.0000000000
98447  4.124  -19.482  66.206 0.0000000000
108503  11.554  -25.998  64.727 0.0000000000
34479  5.768  -32.379  65.382 0.0000000000
31947  1.816  -35.971  64.219 0.0000000000
109049  3.358  -33.832  61.152 0.0000000000
113516  3.735  -33.576  60.855 0.0000000000
36454  5.212  -31.141  60.084 0.0000000000
36471  6.537  -31.843  59.047 0.0000000000
99904  7.040  -31.062  58.550 0.0000000000
43496  5.957  -23.631  61.786 0.0000000000
115323  6.815  -24.760  61.273 0.0000000000
41709  7.328  -25.289  60.781 0.0000000000
40783  7.667  -27.185  58.036 0.0000000000
39045  7.068  -28.661  57.652 0.0000000000
39046  6.943  -28.703  56.912 0.0000000000
38274  6.707  -29.215  56.381 0.0000000000
39083  5.621  -28.657  55.090 0.0000000000
39937  5.529  -26.937  54.557 0.0000000000
40825  5.150  -26.331  54.685 0.0000000000
39953  4.486  -27.138  53.756 0.0000000000
50658  10.959  -15.937  61.059 0.0000000000
49827  10.447  -16.653  60.577 0.0000000000
49840  10.327  -17.028  60.049 0.0000000000
48985  10.569  -17.182  58.829 0.0000000000
117345  11.089  -17.602  55.928 0.0000000000
47153  10.232  -19.915  55.504 0.0000000000
46283  9.883  -20.771  55.330 0.0000000000
46284  8.958  -20.731  54.879 0.0000000000
45442  7.442  -21.372  54.771 0.0000000000
41638  6.515  -25.387  67.730 0.0000000000
38932  6.657  -27.724  68.633 0.0000000000
48892  5.121  -17.830  65.286 0.0000000000
48906  5.371  -18.156  64.570 0.0000000000
48891  6.115  -17.640  64.937 0.0000000000
49777  7.526  -16.818  65.826 0.0000000000
49785  7.650  -17.058  64.832 0.0000000000
112201  7.622  -17.296  64.134 0.0000000000
49796  7.959  -17.353  63.351 0.0000000000
106920  8.488  -17.318  62.816 0.0000000000
98397  2.481  -32.422  63.742 0.0000000000
38148  2.572  -29.882  64.122 0.0000000000
42542  2.065  -24.259  67.900 0.0000000000
108854  3.341  -21.900  68.240 0.0000000000
45282  3.581  -21.146  67.710 0.0000000000
46191  3.681  -20.250  67.277 0.0000000000
34461  4.308  -32.563  66.790 0.0000000000
34470  4.206  -33.085  66.303 0.0000000000
33581  3.868  -33.010  66.394 0.0000000000
33590  3.468  -33.638  65.951 0.0000000000
32719  2.163  -35.491  65.300 0.0000000000
32720  1.923  -35.407  65.277 0.0000000000
33613  1.820  -34.631  65.316 0.0000000000
33618  1.610  -34.854  64.880 0.0000000000
104053  3.817  -30.887  61.877 0.0000000000
36439  4.117  -31.074  61.262 0.0000000000
37356  4.180  -30.059  61.565 0.0000000000
38211  4.568  -29.662  60.981 0.0000000000
38998  4.768  -28.954  61.071 0.0000000000
38230  5.041  -29.360  60.523 0.0000000000
44442  7.193  -22.466  60.767 0.0000000000
43519  7.991  -22.937  60.322 0.0000000000
41741  8.677  -25.597  58.351 0.0000000000
40796  7.620  -27.051  56.609 0.0000000000
40795  7.829  -26.567  55.969 0.0000000000
104791  7.116  -26.455  54.933 0.0000000000
41780  7.944  -25.846  55.330 0.0000000000
101029  6.883  -25.728  54.820 0.0000000000
42677  6.295  -25.261  54.581 0.0000000000
42691  6.120  -24.489  54.504 0.0000000000
49023  8.932  -17.908  54.799 0.0000000000
48090  8.503  -18.636  54.702 0.0000000000
47165  7.941  -19.315  54.710 0.0000000000
48097  7.567  -18.539  54.578 0.0000000000
114967  6.742  -34.038  55.303 0.0000000000
104836  2.582  -28.873  67.611 0.0000000000
39797  2.712  -27.239  68.383 0.0000000000
40695  4.572  -26.368  68.963 0.0000000000
41631  4.009  -25.500  69.045 0.0000000000
42531  3.398  -24.690  69.034 0.0000000000
41643  14.172  -24.687  66.405 0.0000000000
100382  13.562  -25.117  66.235 0.0000000000
105955  12.938  -25.469  66.013 0.0000000000
39806  11.514  -25.943  65.671 0.0000000000
39807  10.799  -26.346  65.155 0.0000000000
106565  10.081  -26.714  64.628 0.0000000000
39799  9.965  -26.691  66.347 0.0000000000
38940  9.632  -26.899  66.556 0.0000000000
111886  10.150  -26.592  66.120 0.0000000000
38947  9.638  -27.030  65.169 0.0000000000
38953  9.496  -27.204  64.115 0.0000000000
37263  7.514  -28.500  65.306 0.0000000000
34459  5.075  -31.833  66.862 0.0000000000
37244  5.752  -30.251  67.732 0.0000000000
38104  5.805  -29.349  68.159 0.0000000000
36309  5.366  -30.929  67.567 0.0000000000
35415  5.041  -31.354  67.362 0.0000000000
35416  4.466  -31.916  67.243 0.0000000000
35403  4.224  -31.562  67.615 0.0000000000
35404  3.750  -31.518  67.576 0.0000000000
37238  3.631  -30.568  68.224 0.0000000000
36298  3.332  -30.894  67.797 0.0000000000
35405  3.394  -31.344  67.336 0.0000000000
36310  3.227  -30.971  67.447 0.0000000000
99486  3.108  -30.837  67.394 0.0000000000
108309  4.763  -24.229  63.130 0.0000000000
102215  5.013  -24.698  62.489 0.0000000000
43498  5.237  -23.090  62.488 0.0000000000
45363  4.853  -21.830  62.332 0.0000000000
101316  5.848  -22.880  61.831 0.0000000000
44443  6.533  -22.004  61.124 0.0000000000
111569  5.352  -19.164  63.692 0.0000000000
48014  5.852  -19.645  63.201 0.0000000000
47093  5.821  -20.219  62.824 0.0000000000
102197  6.386  -18.956  62.610 0.0000000000
47102  6.312  -19.598  62.395 0.0000000000
45361  6.120  -20.966  61.624 0.0000000000
45375  7.336  -21.577  60.610 0.0000000000
45387  8.164  -21.680  60.239 0.0000000000
45386  8.878  -21.435  59.747 0.0000000000
42550  8.906  -24.283  66.807 0.0000000000
105316  9.738  -23.403  66.240 0.0000000000
43380  18.054  -23.314  70.607 0.0000000000
42524  16.039  -23.891  67.916 0.0000000000
114134  13.421  -25.112  68.393 0.0000000000
115222  13.102  -25.238  68.332 0.0000000000
44311  13.899  -23.122  69.758 0.0000000000
43390  13.313  -23.683  69.604 0.0000000000
41622  12.049  -24.981  69.178 0.0000000000
112723  2.869  -32.663  62.562 0.0000000000
117435  3.526  -31.534  62.135 0.0000000000
37337  3.826  -30.065  62.145 0.0000000000
38121  2.527  -29.747  66.351 0.0000000000
38945  2.369  -27.974  66.225 0.0000000000
116626  2.316  -28.649  65.716 0.0000000000
38948  2.500  -27.942  65.213 0.0000000000
41645  1.922  -24.742  66.972 0.0000000000
40716  3.732  -26.174  63.941 0.0000000000
41671  4.144  -25.583  63.697 0.0000000000
116830  4.105  -24.478  64.485 0.0000000000
42589  4.500  -25.009  63.452 0.0000000000
45323  4.156  -21.824  64.362 0.0000000000
45322  4.457  -21.210  64.064 0.0000000000
47049  3.873  -19.646  66.955 0.0000000000
47941  4.267  -18.724  66.750 0.0000000000
98619  4.207  -19.031  66.195 0.0000000000
47957  4.497  -18.383  65.871 0.0000000000
101493  13.384  -25.050  64.852 0.0000000000
40715  12.969  -25.189  64.045 0.0000000000
33588  4.475  -33.453  65.808 0.0000000000
32717  4.488  -34.611  64.711 0.0000000000
32753  3.964  -35.185  60.605 0.0000000000
35516  4.368  -32.309  60.642 0.0000000000
101122  4.916  -32.863  60.380 0.0000000000
34577  5.573  -33.413  60.091 0.0000000000
118337  6.155  -34.030  59.625 0.0000000000
33666  6.020  -34.882  59.061 0.0000000000
41696  5.032  -25.382  62.209 0.0000000000
41711  5.678  -26.376  61.505 0.0000000000
39862  6.089  -28.242  60.437 0.0000000000
39011  6.527  -28.570  59.615 0.0000000000
40756  7.415  -26.413  59.589 0.0000000000
37384  7.385  -30.405  58.007 0.0000000000
110046  7.202  -29.921  57.457 0.0000000000
37394  7.453  -30.566  57.018 0.0000000000
36505  7.697  -31.490  56.663 0.0000000000
109775  7.446  -32.030  55.903 0.0000000000
36541  5.521  -31.765  54.060 0.0000000000
102470  6.026  -28.064  55.018 0.0000000000
108775  5.251  -28.021  54.744 0.0000000000
39084  5.075  -28.642  54.719 0.0000000000
37413  4.798  -29.638  53.732 0.0000000000
49794  9.137  -16.537  63.886 0.0000000000
110459  8.957  -16.991  63.184 0.0000000000
49805  9.077  -17.114  62.491 0.0000000000
49816  8.651  -17.433  61.419 0.0000000000
48959  8.493  -17.659  60.800 0.0000000000
48973  8.817  -17.880  60.308 0.0000000000
47119  9.400  -19.280  59.526 0.0000000000
46261  9.893  -20.444  58.509 0.0000000000
106586  10.423  -20.826  57.702 0.0000000000
48077  10.876  -18.200  57.404 0.0000000000
47127  10.633  -19.075  57.911 0.0000000000
117085  10.889  -21.854  56.654 0.0000000000
44494  10.296  -22.513  55.681 0.0000000000
44495  9.505  -22.851  55.279 0.0000000000
42693  5.111  -24.071  54.397 0.0000000000
107414  7.092  -20.714  54.665 0.0000000000
44484  10.618  -22.523  56.527 0.0000000000
47993  5.058  -19.424  64.115 0.0000000000
48945  8.277  -17.604  61.153 0.0000000000
115827  9.321  -24.063  55.975 0.0000000000
