#!ascii label  , from subject sub-027S6002 vox2ras=TkReg
947
42718  34.949  -24.847  52.425 0.0000000000
56237  44.300  -9.165  36.766 0.0000000000
48258  35.881  -19.215  43.811 0.0000000000
37393  13.077  -30.562  57.273 0.0000000000
44491  27.815  -21.647  54.898 0.0000000000
51668  36.359  -14.238  42.044 0.0000000000
41792  19.383  -25.662  54.320 0.0000000000
37399  17.336  -30.456  56.275 0.0000000000
42708  23.352  -24.307  52.762 0.0000000000
57060  48.067  -8.994  35.306 0.0000000000
115645  34.311  -22.180  54.720 0.0000000000
46325  33.816  -21.373  50.699 0.0000000000
43588  37.789  -23.242  52.342 0.0000000000
108420  44.768  -4.638  35.823 0.0000000000
60682  48.132  -4.767  32.662 0.0000000000
56191  39.964  -9.039  39.338 0.0000000000
52625  44.191  -13.756  38.502 0.0000000000
51702  40.004  -13.872  39.284 0.0000000000
49193  40.284  -18.296  42.199 0.0000000000
39945  32.445  -27.609  53.327 0.0000000000
110312  12.917  -35.366  59.857 0.0000000000
31966  8.440  -36.639  60.155 0.0000000000
31083  5.502  -36.826  62.480 0.0000000000
42703  30.997  -23.779  53.148 0.0000000000
40830  27.774  -26.287  53.138 0.0000000000
48217  31.160  -18.584  47.367 0.0000000000
48190  37.176  -19.576  49.138 0.0000000000
65036  50.462  0.322  31.564 0.0000000000
99587  46.052  -8.879  35.993 0.0000000000
55352  46.780  -10.612  37.171 0.0000000000
43576  35.516  -23.107  54.019 0.0000000000
44526  36.176  -22.747  52.145 0.0000000000
102373  36.798  -24.505  52.647 0.0000000000
58728  43.460  -6.214  37.399 0.0000000000
110508  45.236  -4.621  37.272 0.0000000000
58748  44.762  -6.952  35.564 0.0000000000
114936  46.090  -7.124  34.858 0.0000000000
28450  7.168  -40.773  64.278 0.0000000000
54454  39.516  -11.548  38.541 0.0000000000
53517  37.790  -12.012  40.314 0.0000000000
49988  35.262  -17.042  42.118 0.0000000000
114960  37.596  -17.347  40.790 0.0000000000
48287  38.523  -18.828  42.660 0.0000000000
99437  38.636  -19.174  45.340 0.0000000000
37401  15.374  -30.389  56.393 0.0000000000
36465  17.338  -31.713  58.369 0.0000000000
35567  14.873  -32.460  57.458 0.0000000000
104224  14.926  -34.204  60.222 0.0000000000
34588  12.620  -33.565  58.054 0.0000000000
34560  8.490  -33.911  60.004 0.0000000000
31951  6.607  -36.358  61.406 0.0000000000
43577  29.792  -23.189  53.534 0.0000000000
42721  29.388  -24.777  51.807 0.0000000000
43593  27.339  -23.722  52.508 0.0000000000
40822  22.697  -27.174  53.958 0.0000000000
40820  24.712  -26.697  54.992 0.0000000000
46310  35.896  -19.642  51.668 0.0000000000
48150  35.452  -19.847  50.003 0.0000000000
52566  37.602  -12.115  43.102 0.0000000000
51651  35.856  -14.391  43.579 0.0000000000
49961  33.869  -16.559  43.970 0.0000000000
39093  20.979  -28.331  54.472 0.0000000000
38268  19.454  -29.780  56.487 0.0000000000
39079  18.580  -28.590  54.914 0.0000000000
39062  16.123  -28.257  55.753 0.0000000000
39044  14.164  -28.326  56.986 0.0000000000
113130  24.857  -22.069  53.310 0.0000000000
44504  23.078  -22.040  54.436 0.0000000000
41803  21.474  -25.560  53.187 0.0000000000
46292  31.810  -20.241  54.930 0.0000000000
46312  31.139  -20.581  52.207 0.0000000000
45464  33.383  -21.947  52.375 0.0000000000
45471  36.307  -21.720  51.479 0.0000000000
62522  47.293  -2.277  33.398 0.0000000000
104883  46.313  -4.208  33.818 0.0000000000
109351  48.004  -6.816  33.971 0.0000000000
56221  41.835  -9.132  37.927 0.0000000000
54466  44.501  -11.533  37.324 0.0000000000
54469  41.938  -11.579  37.703 0.0000000000
52607  41.915  -13.806  38.927 0.0000000000
50823  42.100  -15.552  39.897 0.0000000000
112522  37.707  -14.977  40.409 0.0000000000
50016  40.307  -16.709  40.430 0.0000000000
40842  33.283  -26.678  51.962 0.0000000000
39957  35.946  -26.910  52.744 0.0000000000
58720  41.780  -6.765  39.118 0.0000000000
36452  11.405  -30.840  58.897 0.0000000000
34575  10.769  -33.395  58.714 0.0000000000
32751  10.756  -36.084  59.948 0.0000000000
31089  10.500  -37.847  61.554 0.0000000000
30203  8.604  -38.950  61.945 0.0000000000
29289  7.207  -39.531  62.153 0.0000000000
29291  5.280  -39.342  62.540 0.0000000000
29257  3.281  -39.028  64.036 0.0000000000
42720  32.688  -24.625  52.541 0.0000000000
40858  31.126  -26.030  51.572 0.0000000000
39963  29.840  -27.149  52.426 0.0000000000
42705  25.745  -25.064  52.778 0.0000000000
48248  32.788  -18.432  45.366 0.0000000000
98934  31.171  -20.221  48.501 0.0000000000
112107  34.067  -20.246  47.113 0.0000000000
99287  36.045  -19.830  45.830 0.0000000000
41797  38.172  -25.433  53.682 0.0000000000
64261  52.043  -1.011  29.868 0.0000000000
62532  49.207  -2.729  31.638 0.0000000000
61662  50.891  -3.433  30.640 0.0000000000
56236  45.137  -8.849  36.261 0.0000000000
56217  46.253  -10.010  37.000 0.0000000000
56218  45.210  -9.783  37.052 0.0000000000
42698  35.663  -23.877  53.004 0.0000000000
43590  36.525  -23.829  52.672 0.0000000000
42717  35.957  -24.790  52.581 0.0000000000
57873  43.528  -7.616  36.494 0.0000000000
58739  43.655  -6.636  36.542 0.0000000000
57055  44.235  -8.301  36.247 0.0000000000
57871  44.890  -7.955  35.733 0.0000000000
27701  5.999  -41.394  64.113 0.0000000000
55321  38.250  -10.296  40.662 0.0000000000
54419  37.926  -11.381  42.449 0.0000000000
48290  35.342  -18.014  42.224 0.0000000000
104895  36.859  -18.558  42.059 0.0000000000
48275  36.818  -18.942  42.655 0.0000000000
48273  38.417  -18.996  43.706 0.0000000000
98509  37.612  -19.232  44.023 0.0000000000
37392  13.788  -30.184  56.836 0.0000000000
36483  15.346  -31.761  57.113 0.0000000000
36484  14.120  -31.415  57.004 0.0000000000
35548  14.374  -33.258  57.924 0.0000000000
35569  12.720  -32.026  57.463 0.0000000000
43566  29.027  -22.534  54.433 0.0000000000
43578  28.809  -23.189  52.961 0.0000000000
44516  27.656  -22.337  53.306 0.0000000000
39901  22.182  -28.207  55.727 0.0000000000
49067  30.612  -17.351  52.904 0.0000000000
47189  37.014  -19.328  52.395 0.0000000000
50762  35.009  -14.947  43.879 0.0000000000
50756  33.989  -15.007  44.901 0.0000000000
39934  20.217  -27.124  53.807 0.0000000000
39095  19.448  -28.402  54.596 0.0000000000
39936  18.680  -27.001  54.395 0.0000000000
39902  16.854  -26.946  55.800 0.0000000000
39887  15.767  -26.716  56.863 0.0000000000
39043  14.727  -27.974  56.647 0.0000000000
45430  23.734  -21.566  55.108 0.0000000000
42673  19.909  -23.946  55.312 0.0000000000
42689  20.918  -24.176  53.788 0.0000000000
41791  20.092  -25.447  53.922 0.0000000000
39950  21.162  -27.154  53.609 0.0000000000
45453  32.301  -21.352  53.566 0.0000000000
45452  33.244  -21.977  53.429 0.0000000000
117681  36.741  -22.746  51.952 0.0000000000
44537  35.754  -22.195  51.597 0.0000000000
44535  37.204  -22.058  51.560 0.0000000000
45461  37.700  -21.586  51.823 0.0000000000
44523  38.866  -22.384  52.495 0.0000000000
60661  45.472  -4.459  36.924 0.0000000000
61628  45.892  -3.501  34.727 0.0000000000
60674  45.685  -4.514  34.343 0.0000000000
57881  46.796  -7.689  34.806 0.0000000000
57889  47.478  -7.288  34.364 0.0000000000
57880  47.722  -8.138  34.701 0.0000000000
56198  41.158  -9.030  38.398 0.0000000000
55357  41.956  -9.960  37.927 0.0000000000
109747  40.997  -9.907  38.182 0.0000000000
53528  39.076  -12.246  38.912 0.0000000000
52629  40.780  -12.866  38.522 0.0000000000
52608  40.941  -13.650  38.966 0.0000000000
51700  42.349  -14.234  39.371 0.0000000000
51701  40.818  -14.537  39.429 0.0000000000
99273  36.638  -13.797  42.217 0.0000000000
52581  36.840  -13.581  41.731 0.0000000000
51682  36.757  -14.372  41.458 0.0000000000
49205  38.775  -18.039  41.244 0.0000000000
50018  38.514  -16.728  40.445 0.0000000000
116726  40.620  -17.298  40.809 0.0000000000
50000  42.030  -17.205  41.042 0.0000000000
39960  32.863  -27.257  52.541 0.0000000000
110538  34.377  -27.210  52.668 0.0000000000
57023  40.337  -8.372  39.795 0.0000000000
57022  40.947  -7.938  39.340 0.0000000000
57861  41.677  -7.719  38.061 0.0000000000
38269  18.547  -29.881  56.039 0.0000000000
37388  18.172  -30.553  56.666 0.0000000000
33655  13.452  -34.847  59.438 0.0000000000
33638  14.019  -34.807  61.457 0.0000000000
33639  13.315  -35.159  61.445 0.0000000000
32741  12.681  -35.695  61.458 0.0000000000
101516  10.812  -31.416  59.093 0.0000000000
35529  10.799  -32.457  58.792 0.0000000000
35530  10.263  -32.784  59.241 0.0000000000
33649  8.466  -34.944  59.886 0.0000000000
32758  9.996  -35.368  59.517 0.0000000000
32752  9.827  -36.127  59.835 0.0000000000
31957  10.937  -37.334  60.982 0.0000000000
31094  9.956  -37.672  60.610 0.0000000000
30217  9.781  -38.250  61.389 0.0000000000
31096  8.433  -37.930  60.774 0.0000000000
31952  6.179  -36.932  61.839 0.0000000000
31098  6.697  -37.564  61.238 0.0000000000
31090  6.077  -37.753  61.971 0.0000000000
29290  6.275  -39.431  62.275 0.0000000000
31084  4.878  -37.407  62.988 0.0000000000
42686  31.496  -24.140  54.186 0.0000000000
111349  32.656  -24.486  53.467 0.0000000000
42701  32.078  -24.221  53.180 0.0000000000
41826  31.880  -25.552  51.713 0.0000000000
41827  31.049  -25.186  51.670 0.0000000000
41815  28.521  -25.232  52.133 0.0000000000
40846  29.423  -26.498  52.098 0.0000000000
39964  29.017  -26.995  52.701 0.0000000000
43581  23.996  -23.540  52.866 0.0000000000
43580  24.934  -23.501  52.777 0.0000000000
42707  24.276  -24.831  52.904 0.0000000000
40802  25.979  -26.541  55.246 0.0000000000
53556  44.179  -12.471  37.469 0.0000000000
53555  45.100  -12.330  37.323 0.0000000000
107108  45.736  -13.587  37.910 0.0000000000
49126  31.823  -17.277  46.898 0.0000000000
49955  32.595  -17.044  45.767 0.0000000000
48234  32.095  -18.483  46.048 0.0000000000
46326  31.789  -21.327  50.964 0.0000000000
46343  31.078  -20.811  50.236 0.0000000000
46342  32.154  -21.295  50.034 0.0000000000
98868  35.880  -19.644  49.156 0.0000000000
47239  34.467  -20.736  48.300 0.0000000000
48191  35.739  -19.940  48.131 0.0000000000
48213  35.191  -20.067  47.229 0.0000000000
106740  36.509  -19.837  47.821 0.0000000000
48212  37.793  -19.534  47.066 0.0000000000
40828  37.137  -26.504  53.286 0.0000000000
64243  51.139  -0.119  30.917 0.0000000000
61641  47.255  -3.187  33.080 0.0000000000
63416  48.266  -1.567  32.679 0.0000000000
61649  48.755  -3.459  31.935 0.0000000000
61647  50.282  -3.767  31.075 0.0000000000
60721  51.013  -4.262  30.658 0.0000000000
41778  18.814  -24.796  55.125 0.0000000000
41779  18.209  -25.216  55.508 0.0000000000
57053  46.859  -8.901  35.750 0.0000000000
56233  48.545  -9.725  36.761 0.0000000000
56234  47.677  -9.834  36.721 0.0000000000
44501  35.120  -22.522  54.599 0.0000000000
44515  35.049  -22.633  53.490 0.0000000000
107291  35.989  -23.172  52.933 0.0000000000
114404  36.734  -23.132  52.311 0.0000000000
42716  37.514  -24.112  52.714 0.0000000000
59668  44.591  -4.828  38.498 0.0000000000
58727  44.020  -5.725  36.933 0.0000000000
59682  44.368  -5.214  36.524 0.0000000000
59690  44.497  -5.507  35.529 0.0000000000
59700  45.021  -5.570  34.889 0.0000000000
58747  45.214  -6.493  35.161 0.0000000000
57062  46.295  -8.218  35.353 0.0000000000
29256  7.905  -40.200  64.550 0.0000000000
56180  39.743  -8.809  40.234 0.0000000000
56200  39.649  -9.744  38.882 0.0000000000
56182  38.719  -9.886  40.208 0.0000000000
107907  38.280  -11.628  39.576 0.0000000000
53529  38.298  -12.591  39.561 0.0000000000
50792  36.050  -15.127  41.944 0.0000000000
50809  36.984  -15.855  40.827 0.0000000000
50003  36.468  -17.154  41.289 0.0000000000
49206  37.873  -17.938  41.149 0.0000000000
48286  39.494  -18.593  42.502 0.0000000000
48272  39.388  -18.869  43.477 0.0000000000
101419  39.717  -18.943  45.154 0.0000000000
39926  31.903  -27.864  54.010 0.0000000000
37400  16.243  -30.292  56.211 0.0000000000
37389  17.558  -30.941  57.107 0.0000000000
37390  15.979  -31.167  56.751 0.0000000000
36467  15.850  -32.436  57.671 0.0000000000
34586  15.924  -33.359  59.033 0.0000000000
34574  13.959  -34.332  58.988 0.0000000000
33663  13.077  -34.329  58.635 0.0000000000
35515  9.530  -32.747  60.107 0.0000000000
33640  7.830  -34.443  60.574 0.0000000000
32743  7.889  -35.635  60.328 0.0000000000
31967  7.694  -36.503  60.432 0.0000000000
102328  6.858  -35.420  61.480 0.0000000000
32737  6.355  -35.378  61.876 0.0000000000
117110  5.127  -34.780  63.227 0.0000000000
42704  30.384  -23.533  53.349 0.0000000000
104546  30.228  -23.984  52.108 0.0000000000
43591  29.337  -23.780  52.412 0.0000000000
102910  28.632  -24.455  52.153 0.0000000000
42722  27.696  -24.607  52.374 0.0000000000
40831  23.194  -26.147  53.355 0.0000000000
41790  24.045  -25.505  53.476 0.0000000000
40821  24.007  -26.476  54.378 0.0000000000
115295  44.257  -14.004  39.401 0.0000000000
114531  30.452  -18.176  49.209 0.0000000000
46324  34.935  -20.692  50.764 0.0000000000
47216  34.348  -20.872  49.808 0.0000000000
111494  35.768  -19.274  51.296 0.0000000000
48129  35.900  -18.985  51.215 0.0000000000
65037  49.710  0.238  32.019 0.0000000000
27689  3.955  -42.139  64.407 0.0000000000
52549  37.269  -12.610  43.606 0.0000000000
51667  36.799  -13.539  42.955 0.0000000000
50774  35.853  -14.597  42.765 0.0000000000
50793  35.457  -15.781  42.314 0.0000000000
49974  34.754  -16.440  42.686 0.0000000000
48277  34.490  -18.256  43.446 0.0000000000
39076  21.261  -28.675  55.331 0.0000000000
39060  20.750  -29.093  56.024 0.0000000000
39077  20.295  -28.846  54.994 0.0000000000
38277  18.744  -29.267  55.415 0.0000000000
38278  18.072  -29.268  55.315 0.0000000000
40809  17.431  -26.701  55.367 0.0000000000
39081  16.952  -28.411  55.425 0.0000000000
117878  16.622  -29.015  55.545 0.0000000000
38272  15.305  -29.558  56.168 0.0000000000
39064  14.530  -28.840  56.440 0.0000000000
116127  13.272  -28.770  57.523 0.0000000000
45454  26.521  -21.787  53.694 0.0000000000
45439  25.282  -21.385  54.427 0.0000000000
107761  24.109  -21.969  53.425 0.0000000000
43582  22.923  -23.249  52.939 0.0000000000
43567  21.814  -22.884  54.627 0.0000000000
43584  21.523  -23.851  53.464 0.0000000000
108262  22.028  -25.073  52.958 0.0000000000
40833  21.687  -26.485  53.306 0.0000000000
39933  21.522  -27.798  54.101 0.0000000000
47164  31.396  -19.648  54.428 0.0000000000
47191  30.623  -19.564  52.576 0.0000000000
46302  31.626  -20.456  53.842 0.0000000000
118377  32.058  -21.450  52.202 0.0000000000
45474  33.350  -21.737  51.524 0.0000000000
44527  35.159  -22.475  52.288 0.0000000000
44538  34.938  -21.989  51.618 0.0000000000
45473  34.467  -21.500  51.233 0.0000000000
46322  35.998  -20.705  51.504 0.0000000000
46308  37.304  -20.597  52.166 0.0000000000
62519  46.959  -2.098  34.228 0.0000000000
61633  46.541  -3.377  33.815 0.0000000000
60683  47.461  -4.785  33.096 0.0000000000
59698  46.682  -5.978  34.017 0.0000000000
58767  47.579  -6.133  33.621 0.0000000000
104619  42.935  -8.731  37.178 0.0000000000
110592  44.258  -9.934  37.288 0.0000000000
55356  42.787  -10.191  37.741 0.0000000000
54468  42.807  -11.617  37.610 0.0000000000
53558  42.383  -12.365  37.713 0.0000000000
54453  40.247  -11.463  38.259 0.0000000000
53540  41.988  -12.939  37.985 0.0000000000
52626  43.212  -13.543  38.493 0.0000000000
51699  43.196  -14.250  39.532 0.0000000000
51689  43.718  -15.009  39.827 0.0000000000
53509  37.376  -12.406  41.606 0.0000000000
52592  37.656  -12.815  40.165 0.0000000000
51703  39.142  -14.117  39.595 0.0000000000
50827  37.752  -15.941  40.460 0.0000000000
50826  38.850  -15.935  40.268 0.0000000000
50834  40.279  -15.296  39.741 0.0000000000
110831  41.534  -16.079  40.106 0.0000000000
41810  34.417  -25.528  51.858 0.0000000000
40840  35.668  -26.302  52.387 0.0000000000
39958  35.106  -26.970  52.512 0.0000000000
39942  35.744  -27.371  53.286 0.0000000000
58729  42.720  -6.618  37.842 0.0000000000
57860  42.300  -7.355  37.523 0.0000000000
37382  12.405  -30.007  58.006 0.0000000000
37368  11.705  -29.457  58.721 0.0000000000
36468  12.528  -31.023  57.726 0.0000000000
35550  12.215  -32.592  57.884 0.0000000000
34589  11.545  -33.220  58.195 0.0000000000
33657  11.634  -34.797  58.830 0.0000000000
34576  10.109  -33.564  59.142 0.0000000000
32757  10.988  -35.317  59.321 0.0000000000
32750  11.672  -36.030  60.108 0.0000000000
32742  12.119  -36.349  60.924 0.0000000000
31950  11.195  -37.334  62.022 0.0000000000
106666  8.970  -39.136  62.898 0.0000000000
31097  7.520  -37.749  60.822 0.0000000000
30204  7.647  -38.916  61.743 0.0000000000
29270  7.713  -39.885  62.960 0.0000000000
109156  6.847  -40.085  62.767 0.0000000000
29271  5.870  -40.085  62.851 0.0000000000
29272  4.808  -40.058  63.104 0.0000000000
30179  4.233  -38.112  63.680 0.0000000000
30192  4.346  -39.283  63.172 0.0000000000
29273  3.570  -40.162  63.831 0.0000000000
42699  34.674  -24.323  53.398 0.0000000000
42700  33.514  -24.557  53.108 0.0000000000
42719  33.450  -24.925  52.213 0.0000000000
41811  33.564  -25.466  51.803 0.0000000000
40857  31.860  -26.266  51.713 0.0000000000
39961  31.513  -27.261  52.361 0.0000000000
41828  30.381  -25.700  51.563 0.0000000000
40845  30.345  -26.545  51.819 0.0000000000
110882  31.032  -27.549  52.872 0.0000000000
111835  26.230  -22.969  52.711 0.0000000000
42724  26.107  -24.436  52.481 0.0000000000
41798  27.026  -25.685  53.300 0.0000000000
41789  25.597  -26.039  54.492 0.0000000000
41788  25.979  -25.809  54.432 0.0000000000
40818  27.167  -26.264  54.020 0.0000000000
107586  45.192  -11.392  37.263 0.0000000000
50757  33.379  -15.501  45.434 0.0000000000
49962  33.371  -17.136  44.567 0.0000000000
48260  34.311  -18.855  44.436 0.0000000000
47205  30.105  -19.266  51.583 0.0000000000
47233  30.374  -19.426  49.657 0.0000000000
47242  30.952  -19.433  47.884 0.0000000000
47230  33.680  -21.150  48.930 0.0000000000
47240  33.120  -20.715  47.834 0.0000000000
47252  31.585  -19.329  47.181 0.0000000000
48233  32.893  -19.084  45.902 0.0000000000
100285  34.380  -19.340  45.423 0.0000000000
98332  36.032  -19.487  44.835 0.0000000000
48230  37.767  -19.447  45.934 0.0000000000
102526  36.355  -25.544  52.573 0.0000000000
41808  37.209  -25.040  52.781 0.0000000000
42697  38.002  -24.636  53.137 0.0000000000
42681  38.752  -24.633  53.746 0.0000000000
43575  38.969  -23.206  53.011 0.0000000000
65059  53.012  0.045  29.616 0.0000000000
63415  48.900  -1.267  32.216 0.0000000000
109898  49.426  -0.991  31.766 0.0000000000
61648  49.472  -3.597  31.503 0.0000000000
62531  49.962  -2.262  31.229 0.0000000000
63431  50.712  -1.925  30.661 0.0000000000
109738  51.293  -2.073  30.137 0.0000000000
105810  52.161  -2.339  29.271 0.0000000000
57056  43.535  -8.550  36.744 0.0000000000
48276  35.311  -18.635  42.956 0.0000000000
114417  36.099  -19.071  42.931 0.0000000000
98331  36.790  -19.222  43.468 0.0000000000
36485  13.164  -31.461  57.220 0.0000000000
35568  13.739  -32.318  57.336 0.0000000000
44502  28.207  -22.043  54.146 0.0000000000
39886  23.029  -28.243  56.462 0.0000000000
49051  31.019  -17.601  53.669 0.0000000000
40824  19.355  -26.632  54.071 0.0000000000
40807  18.717  -25.946  54.637 0.0000000000
41777  19.586  -24.747  54.736 0.0000000000
42690  20.269  -24.541  54.249 0.0000000000
40823  19.938  -26.246  53.823 0.0000000000
45436  33.591  -22.035  54.327 0.0000000000
110661  34.233  -22.371  53.935 0.0000000000
44525  37.251  -22.740  51.954 0.0000000000
44524  38.032  -22.393  51.938 0.0000000000
43587  38.413  -22.997  52.418 0.0000000000
60660  45.569  -4.055  36.504 0.0000000000
60668  45.212  -4.059  35.283 0.0000000000
114448  45.036  -4.791  34.761 0.0000000000
57061  47.163  -8.476  35.200 0.0000000000
57879  48.653  -8.463  34.830 0.0000000000
30178  9.147  -39.198  64.769 0.0000000000
57031  40.561  -8.585  38.988 0.0000000000
56199  40.330  -9.350  38.658 0.0000000000
52609  39.134  -13.255  39.283 0.0000000000
53527  39.974  -13.063  38.827 0.0000000000
49194  39.560  -18.206  41.702 0.0000000000
113413  39.536  -17.804  41.141 0.0000000000
102338  40.329  -17.849  41.343 0.0000000000
110883  32.153  -27.356  52.586 0.0000000000
39944  33.321  -27.571  53.471 0.0000000000
57030  41.197  -8.167  38.607 0.0000000000
116055  17.950  -30.260  56.134 0.0000000000
33646  13.637  -34.999  60.492 0.0000000000
33647  12.997  -35.406  60.729 0.0000000000
32749  12.437  -35.779  60.387 0.0000000000
35513  10.356  -31.994  59.629 0.0000000000
104356  8.869  -35.939  59.942 0.0000000000
31965  9.457  -36.914  60.015 0.0000000000
31102  8.924  -37.480  60.349 0.0000000000
31095  9.239  -37.999  60.861 0.0000000000
31091  5.432  -37.816  62.396 0.0000000000
42687  31.031  -23.820  54.506 0.0000000000
42702  31.535  -23.979  52.836 0.0000000000
41813  31.850  -24.609  52.076 0.0000000000
98167  30.999  -24.258  51.997 0.0000000000
41816  27.721  -25.509  52.599 0.0000000000
111441  28.539  -26.217  52.425 0.0000000000
40829  28.370  -26.823  53.048 0.0000000000
52642  43.742  -13.185  37.851 0.0000000000
52641  44.808  -13.260  37.722 0.0000000000
52624  45.085  -13.747  38.394 0.0000000000
49113  31.163  -17.839  47.974 0.0000000000
49112  31.732  -17.092  47.702 0.0000000000
49127  31.379  -17.831  47.242 0.0000000000
48235  31.570  -18.117  46.676 0.0000000000
45484  32.753  -21.489  50.790 0.0000000000
46341  33.354  -21.235  49.964 0.0000000000
48171  36.395  -19.413  49.613 0.0000000000
111353  36.482  -19.702  48.661 0.0000000000
100206  37.294  -19.686  48.090 0.0000000000
65885  50.886  1.165  31.959 0.0000000000
65035  51.362  0.697  31.203 0.0000000000
60697  47.638  -4.073  32.692 0.0000000000
61640  47.987  -3.350  32.345 0.0000000000
103683  48.365  -4.105  32.264 0.0000000000
41764  19.135  -23.926  55.733 0.0000000000
41765  18.539  -24.228  56.182 0.0000000000
56235  46.768  -9.560  36.432 0.0000000000
56216  47.214  -10.132  36.936 0.0000000000
44514  35.511  -22.972  53.963 0.0000000000
43589  37.132  -23.568  52.448 0.0000000000
58717  43.978  -5.373  37.920 0.0000000000
58738  44.147  -6.242  36.061 0.0000000000
58737  44.445  -5.838  35.685 0.0000000000
57054  45.583  -8.308  35.687 0.0000000000
28461  7.406  -40.327  63.589 0.0000000000
56181  39.164  -9.197  40.800 0.0000000000
56192  39.333  -9.454  39.713 0.0000000000
54432  37.938  -11.097  40.537 0.0000000000
49987  35.943  -16.500  41.764 0.0000000000
48288  37.565  -18.772  42.287 0.0000000000
48300  37.357  -18.288  41.635 0.0000000000
48299  38.175  -18.470  41.774 0.0000000000
48298  38.908  -18.438  41.970 0.0000000000
48257  38.285  -19.152  44.493 0.0000000000
48256  39.033  -18.980  44.416 0.0000000000
48244  39.314  -19.077  45.975 0.0000000000
113489  39.571  -8.617  41.230 0.0000000000
35546  16.305  -32.773  58.477 0.0000000000
35547  15.477  -33.112  58.115 0.0000000000
34587  15.111  -33.676  58.732 0.0000000000
35549  13.187  -32.974  57.677 0.0000000000
105367  13.618  -33.779  58.249 0.0000000000
33633  7.340  -33.872  61.426 0.0000000000
33641  7.329  -34.989  61.170 0.0000000000
32730  5.752  -34.821  62.549 0.0000000000
43565  30.083  -22.928  54.664 0.0000000000
42688  30.633  -23.553  54.607 0.0000000000
43579  27.903  -23.056  52.786 0.0000000000
43592  28.270  -23.809  52.453 0.0000000000
104471  23.176  -26.767  53.883 0.0000000000
40806  23.310  -27.172  54.618 0.0000000000
100445  30.762  -17.448  49.798 0.0000000000
48151  30.171  -18.379  50.024 0.0000000000
47203  35.571  -19.672  51.171 0.0000000000
47190  35.880  -19.157  51.776 0.0000000000
48116  37.126  -18.980  52.256 0.0000000000
48117  36.377  -18.949  52.061 0.0000000000
48128  37.166  -18.875  51.836 0.0000000000
27690  2.729  -41.978  64.177 0.0000000000
50776  34.435  -15.911  43.428 0.0000000000
49179  34.769  -17.670  42.686 0.0000000000
49975  34.214  -17.148  43.258 0.0000000000
39096  18.820  -27.840  54.526 0.0000000000
39080  17.696  -28.469  55.143 0.0000000000
40792  17.635  -25.595  55.844 0.0000000000
40808  17.997  -26.306  54.883 0.0000000000
113134  16.669  -27.713  55.600 0.0000000000
38271  16.034  -29.278  55.856 0.0000000000
38261  13.724  -29.036  56.926 0.0000000000
45438  26.146  -21.478  54.314 0.0000000000
101162  25.011  -21.213  55.099 0.0000000000
45441  23.867  -21.624  54.102 0.0000000000
44520  23.476  -22.088  53.680 0.0000000000
102585  23.602  -22.586  53.156 0.0000000000
44505  22.868  -22.539  53.567 0.0000000000
43568  21.268  -23.439  54.132 0.0000000000
42710  21.468  -24.642  53.249 0.0000000000
42709  22.235  -24.139  52.972 0.0000000000
41802  22.275  -25.867  53.074 0.0000000000
106610  20.824  -27.775  53.940 0.0000000000
39915  21.659  -28.135  54.850 0.0000000000
45465  32.547  -21.654  52.568 0.0000000000
45475  32.391  -21.590  51.693 0.0000000000
105493  32.886  -21.791  52.032 0.0000000000
99903  35.701  -22.856  53.049 0.0000000000
45472  35.359  -21.424  51.377 0.0000000000
45460  38.551  -21.681  52.261 0.0000000000
59672  45.278  -4.526  38.097 0.0000000000
63408  47.478  -1.551  34.801 0.0000000000
62516  46.980  -2.184  35.253 0.0000000000
61632  47.008  -4.063  33.322 0.0000000000
60684  46.851  -4.722  33.472 0.0000000000
58759  45.915  -6.298  34.557 0.0000000000
59699  45.752  -5.413  34.307 0.0000000000
58757  47.307  -6.610  34.086 0.0000000000
56220  42.670  -9.396  37.577 0.0000000000
55336  41.476  -10.744  37.926 0.0000000000
102995  42.365  -10.826  37.723 0.0000000000
55338  39.624  -10.657  38.520 0.0000000000
52628  41.535  -13.247  38.487 0.0000000000
110983  41.351  -12.715  38.217 0.0000000000
52627  42.343  -13.429  38.453 0.0000000000
52606  42.757  -13.840  39.103 0.0000000000
51690  42.707  -14.869  39.677 0.0000000000
50822  42.974  -15.676  40.101 0.0000000000
53508  37.586  -12.068  42.247 0.0000000000
53500  37.278  -12.733  42.340 0.0000000000
51694  37.192  -14.163  40.668 0.0000000000
110044  37.103  -13.023  41.020 0.0000000000
105661  37.558  -13.571  40.148 0.0000000000
52610  38.281  -13.466  39.690 0.0000000000
51693  38.161  -14.418  39.939 0.0000000000
50002  37.107  -16.733  40.778 0.0000000000
50019  37.792  -16.862  40.543 0.0000000000
50017  39.419  -16.684  40.432 0.0000000000
50825  39.812  -15.966  40.125 0.0000000000
51692  39.209  -15.100  39.853 0.0000000000
50824  40.742  -16.067  40.073 0.0000000000
40855  33.845  -26.105  51.681 0.0000000000
40841  34.769  -26.217  51.928 0.0000000000
105546  34.187  -26.720  52.102 0.0000000000
102658  34.783  -27.534  53.412 0.0000000000
58719  42.491  -6.341  38.738 0.0000000000
57041  41.593  -8.487  38.095 0.0000000000
57040  42.187  -8.363  37.544 0.0000000000
38267  20.310  -29.513  56.871 0.0000000000
36481  16.903  -31.492  57.394 0.0000000000
39027  12.925  -28.504  58.097 0.0000000000
37369  11.302  -29.951  59.215 0.0000000000
37383  11.949  -30.505  58.510 0.0000000000
36469  12.004  -31.515  58.237 0.0000000000
108653  11.343  -34.060  58.451 0.0000000000
33664  12.099  -34.252  58.325 0.0000000000
34559  9.371  -33.564  59.655 0.0000000000
34558  9.860  -33.015  59.642 0.0000000000
31963  11.381  -36.712  60.563 0.0000000000
30202  9.560  -38.723  62.237 0.0000000000
31958  7.201  -36.931  60.736 0.0000000000
30205  6.636  -38.662  61.657 0.0000000000
29269  8.140  -39.409  62.465 0.0000000000
28463  5.418  -40.763  63.384 0.0000000000
31075  4.337  -36.848  63.691 0.0000000000
31076  3.920  -37.251  64.113 0.0000000000
29258  2.538  -39.609  64.184 0.0000000000
41812  32.694  -25.205  51.930 0.0000000000
40843  32.245  -26.831  51.984 0.0000000000
40844  31.293  -26.744  51.884 0.0000000000
42733  30.272  -24.903  51.638 0.0000000000
115598  29.795  -25.441  51.641 0.0000000000
39962  30.707  -27.213  52.305 0.0000000000
39947  30.330  -27.577  53.023 0.0000000000
39927  30.965  -27.843  53.735 0.0000000000
45455  25.607  -21.787  53.567 0.0000000000
44518  26.306  -22.308  53.050 0.0000000000
110078  25.457  -22.639  52.914 0.0000000000
42706  25.317  -24.423  52.589 0.0000000000
43595  25.771  -23.598  52.624 0.0000000000
41817  26.716  -25.021  52.630 0.0000000000
41776  24.913  -26.128  54.445 0.0000000000
41801  24.918  -25.518  53.772 0.0000000000
40819  26.512  -26.302  54.756 0.0000000000
41787  26.528  -25.826  54.069 0.0000000000
55355  44.003  -10.736  37.394 0.0000000000
55354  44.843  -10.616  37.322 0.0000000000
50747  33.181  -15.178  46.205 0.0000000000
49945  32.813  -16.047  45.969 0.0000000000
49153  32.905  -17.587  45.166 0.0000000000
48261  33.341  -18.233  44.674 0.0000000000
49164  33.798  -17.810  43.940 0.0000000000
47204  30.677  -20.098  51.722 0.0000000000
46360  31.580  -20.916  49.227 0.0000000000
101485  30.491  -20.049  50.124 0.0000000000
47232  30.689  -20.253  49.351 0.0000000000
105889  30.576  -19.500  48.755 0.0000000000
47215  35.110  -20.236  50.324 0.0000000000
47229  34.851  -20.525  49.406 0.0000000000
47250  33.758  -20.407  47.358 0.0000000000
47251  32.621  -19.895  47.212 0.0000000000
48216  32.251  -19.264  46.541 0.0000000000
48215  33.388  -19.800  46.693 0.0000000000
48231  35.028  -19.765  46.239 0.0000000000
48246  35.179  -19.461  45.171 0.0000000000
48245  36.897  -19.592  45.396 0.0000000000
48229  38.633  -19.292  46.416 0.0000000000
39956  36.480  -26.405  52.760 0.0000000000
109628  37.613  -25.942  53.411 0.0000000000
40839  37.085  -25.835  52.854 0.0000000000
111300  37.594  -25.391  53.144 0.0000000000
43563  39.257  -23.831  53.682 0.0000000000
64251  52.346  -0.272  29.999 0.0000000000
65047  52.666  0.440  30.240 0.0000000000
63438  52.314  -1.420  29.310 0.0000000000
63413  47.466  -1.554  33.822 0.0000000000
63421  48.703  -2.101  32.154 0.0000000000
63420  49.389  -1.777  31.714 0.0000000000
62544  50.487  -2.855  30.881 0.0000000000
62543  51.104  -2.733  30.395 0.0000000000
110769  45.850  -9.459  36.559 0.0000000000
55353  45.787  -10.748  37.234 0.0000000000
57859  43.005  -7.023  37.029 0.0000000000
57872  44.179  -7.314  36.004 0.0000000000
117457  6.684  -41.093  64.155 0.0000000000
55320  38.506  -9.563  41.309 0.0000000000
55312  38.647  -9.683  42.182 0.0000000000
55313  38.034  -10.483  41.629 0.0000000000
54426  37.574  -11.673  41.417 0.0000000000
49195  35.895  -17.613  41.802 0.0000000000
48289  36.048  -18.540  42.213 0.0000000000
48274  37.627  -19.056  43.122 0.0000000000
37391  14.845  -30.851  56.651 0.0000000000
117578  6.640  -34.350  61.982 0.0000000000
117904  29.211  -22.860  53.800 0.0000000000
110322  28.473  -22.634  53.513 0.0000000000
44528  26.994  -22.821  52.733 0.0000000000
39914  22.393  -27.675  54.596 0.0000000000
39913  23.314  -27.650  55.619 0.0000000000
49080  30.308  -17.218  51.852 0.0000000000
46301  37.085  -19.797  52.368 0.0000000000
110779  36.323  -19.284  52.105 0.0000000000
51637  35.617  -14.366  44.523 0.0000000000
117565  34.692  -14.792  44.544 0.0000000000
50763  34.233  -15.471  44.206 0.0000000000
39094  20.198  -28.111  54.200 0.0000000000
39935  19.433  -27.545  54.197 0.0000000000
40793  17.075  -25.966  56.198 0.0000000000
40794  16.464  -26.328  56.556 0.0000000000
110679  16.204  -27.234  56.098 0.0000000000
39903  15.453  -27.597  56.341 0.0000000000
42672  20.613  -23.780  54.720 0.0000000000
41804  20.780  -25.092  53.528 0.0000000000
40834  20.726  -26.179  53.465 0.0000000000
111813  32.117  -21.011  54.397 0.0000000000
45437  32.832  -21.607  54.344 0.0000000000
44536  36.626  -22.368  51.659 0.0000000000
60655  46.024  -4.072  37.255 0.0000000000
62517  46.331  -2.735  35.653 0.0000000000
58758  46.720  -6.845  34.432 0.0000000000
57888  48.345  -7.633  34.323 0.0000000000
118486  41.497  -9.528  38.103 0.0000000000
53542  40.038  -12.248  38.464 0.0000000000
110116  41.572  -14.187  39.252 0.0000000000
51691  41.800  -14.772  39.561 0.0000000000
52567  37.072  -13.262  42.828 0.0000000000
49218  38.255  -17.440  40.727 0.0000000000
49217  39.076  -17.382  40.745 0.0000000000
49216  39.894  -17.305  40.811 0.0000000000
50015  41.268  -16.824  40.513 0.0000000000
39959  33.690  -27.208  52.550 0.0000000000
39943  34.045  -27.450  53.211 0.0000000000
99803  40.955  -7.846  40.381 0.0000000000
57842  41.364  -7.331  39.641 0.0000000000
57850  41.432  -7.422  38.790 0.0000000000
38260  18.977  -30.340  56.982 0.0000000000
33654  14.250  -34.622  59.838 0.0000000000
33645  14.408  -34.547  60.778 0.0000000000
33632  13.062  -35.296  62.191 0.0000000000
32736  12.155  -36.202  61.916 0.0000000000
37354  10.608  -30.361  59.622 0.0000000000
116290  11.437  -31.431  58.656 0.0000000000
33648  9.191  -34.567  59.564 0.0000000000
109012  9.249  -35.389  59.689 0.0000000000
31964  10.453  -36.931  60.188 0.0000000000
113146  10.190  -38.263  62.107 0.0000000000
30218  8.990  -38.484  61.343 0.0000000000
30206  5.771  -38.585  62.177 0.0000000000
30191  4.959  -38.470  62.678 0.0000000000
30180  2.416  -38.742  64.495 0.0000000000
41814  29.208  -25.731  51.869 0.0000000000
39948  29.510  -27.484  53.222 0.0000000000
39949  28.741  -27.320  53.501 0.0000000000
44519  24.479  -22.650  53.022 0.0000000000
112185  24.637  -24.298  52.744 0.0000000000
109764  24.992  -25.088  52.948 0.0000000000
41775  25.368  -26.662  55.229 0.0000000000
40803  25.763  -27.039  55.837 0.0000000000
54467  43.666  -11.618  37.449 0.0000000000
110185  45.659  -12.992  37.468 0.0000000000
49930  32.161  -16.149  48.222 0.0000000000
49938  32.128  -16.359  47.250 0.0000000000
49946  32.294  -16.634  46.461 0.0000000000
48249  32.395  -17.912  45.610 0.0000000000
46327  31.082  -20.784  51.300 0.0000000000
48172  35.792  -19.436  50.124 0.0000000000
47228  35.384  -20.071  49.047 0.0000000000
47249  34.780  -20.285  47.759 0.0000000000
48214  34.379  -20.007  46.847 0.0000000000
99120  36.072  -20.016  46.984 0.0000000000
99438  36.929  -19.751  46.411 0.0000000000
115967  36.928  -19.791  47.269 0.0000000000
39941  36.528  -27.051  53.268 0.0000000000
41786  37.738  -26.456  53.935 0.0000000000
116521  37.942  -25.958  53.820 0.0000000000
65048  51.891  0.204  30.545 0.0000000000
64252  51.657  -0.598  30.396 0.0000000000
63417  47.724  -1.765  33.123 0.0000000000
62527  47.871  -2.422  32.593 0.0000000000
62533  48.473  -2.807  32.084 0.0000000000
61661  51.527  -3.595  30.153 0.0000000000
60720  51.732  -4.641  30.269 0.0000000000
103284  20.441  -23.469  55.899 0.0000000000
117171  47.418  -8.929  35.576 0.0000000000
57052  47.736  -9.358  36.140 0.0000000000
59673  44.659  -4.948  37.449 0.0000000000
117881  44.876  -4.930  36.967 0.0000000000
59681  44.757  -4.906  36.476 0.0000000000
57882  45.598  -7.564  35.313 0.0000000000
117192  46.208  -7.649  35.081 0.0000000000
105971  8.053  -39.975  63.745 0.0000000000
55331  39.041  -10.259  39.252 0.0000000000
54440  38.894  -11.141  38.980 0.0000000000
55332  38.402  -10.676  39.756 0.0000000000
50810  36.671  -15.163  41.412 0.0000000000
107673  36.511  -16.129  41.260 0.0000000000
48301  36.587  -18.022  41.625 0.0000000000
49207  37.128  -17.621  41.138 0.0000000000
48271  40.165  -18.790  43.797 0.0000000000
110528  39.757  -18.906  44.264 0.0000000000
48255  40.438  -18.808  44.483 0.0000000000
39925  32.738  -27.864  54.191 0.0000000000
39089  32.224  -28.196  54.818 0.0000000000
100951  16.816  -30.919  56.728 0.0000000000
36482  16.169  -31.866  57.322 0.0000000000
36466  16.623  -32.142  57.983 0.0000000000
34573  14.725  -34.151  59.319 0.0000000000
114546  14.386  -33.884  58.611 0.0000000000
33656  12.566  -34.905  59.050 0.0000000000
34543  8.839  -32.927  60.400 0.0000000000
32744  7.205  -35.999  60.832 0.0000000000
113899  5.861  -35.972  62.098 0.0000000000
31944  5.227  -35.632  62.832 0.0000000000
104717  22.847  -25.185  52.824 0.0000000000
40805  24.159  -27.119  55.238 0.0000000000
40804  24.800  -26.973  55.563 0.0000000000
49104  31.023  -17.689  48.910 0.0000000000
48192  30.663  -18.644  48.371 0.0000000000
46340  34.369  -20.935  50.270 0.0000000000
48149  35.648  -19.435  50.775 0.0000000000
65030  50.122  0.831  32.330 0.0000000000
59723  48.655  -5.257  32.731 0.0000000000
60696  48.861  -4.757  32.376 0.0000000000
53482  38.037  -11.841  43.931 0.0000000000
107526  36.267  -14.111  42.554 0.0000000000
50775  35.217  -15.260  43.096 0.0000000000
39059  21.603  -28.876  56.291 0.0000000000
39061  19.889  -29.288  55.896 0.0000000000
39078  19.361  -29.034  55.220 0.0000000000
104747  19.198  -29.455  55.811 0.0000000000
38270  17.673  -29.851  55.751 0.0000000000
39916  18.026  -27.542  54.808 0.0000000000
39917  17.268  -27.663  55.290 0.0000000000
38279  17.303  -29.160  55.435 0.0000000000
104351  16.857  -29.734  55.784 0.0000000000
39063  15.285  -28.545  56.108 0.0000000000
38273  14.533  -29.824  56.472 0.0000000000
44503  27.291  -21.769  54.013 0.0000000000
117943  26.715  -21.597  54.215 0.0000000000
45440  24.482  -21.395  54.624 0.0000000000
45456  24.668  -21.623  53.857 0.0000000000
113880  22.388  -22.522  54.206 0.0000000000
43583  22.041  -23.124  53.570 0.0000000000
40832  22.521  -26.672  53.445 0.0000000000
39932  22.024  -27.262  53.694 0.0000000000
48109  31.010  -18.473  53.916 0.0000000000
47180  31.078  -19.421  53.653 0.0000000000
46303  31.236  -20.260  53.013 0.0000000000
46311  31.760  -21.059  52.753 0.0000000000
45466  31.654  -21.234  51.840 0.0000000000
45451  34.210  -22.270  52.878 0.0000000000
45463  34.207  -22.071  51.932 0.0000000000
46323  35.412  -20.460  51.162 0.0000000000
46309  36.510  -20.131  51.915 0.0000000000
45462  36.819  -21.217  51.677 0.0000000000
62520  46.497  -2.734  34.544 0.0000000000
62523  46.820  -2.714  33.764 0.0000000000
59712  46.339  -5.073  33.786 0.0000000000
59711  47.145  -5.391  33.484 0.0000000000
59710  48.026  -5.525  33.099 0.0000000000
56219  43.537  -9.358  37.174 0.0000000000
102858  43.451  -10.052  37.546 0.0000000000
108844  43.214  -10.813  37.604 0.0000000000
53557  43.266  -12.460  37.631 0.0000000000
115266  40.153  -10.041  38.414 0.0000000000
55337  40.564  -10.692  38.170 0.0000000000
54452  41.115  -11.482  38.033 0.0000000000
53541  40.856  -12.172  38.234 0.0000000000
53559  41.592  -12.243  37.907 0.0000000000
53539  42.801  -13.047  37.936 0.0000000000
52605  43.569  -13.923  39.205 0.0000000000
51698  44.054  -14.345  39.607 0.0000000000
53518  37.374  -12.347  40.898 0.0000000000
99867  37.178  -15.112  40.834 0.0000000000
115394  38.348  -15.266  40.186 0.0000000000
116325  39.897  -14.593  39.550 0.0000000000
50833  41.212  -15.397  39.764 0.0000000000
50014  42.310  -16.439  40.421 0.0000000000
41809  35.332  -25.583  52.210 0.0000000000
58718  43.368  -5.976  38.366 0.0000000000
57849  41.932  -6.909  38.267 0.0000000000
57039  42.821  -7.920  36.957 0.0000000000
38259  19.704  -30.061  57.321 0.0000000000
38262  13.045  -29.437  57.547 0.0000000000
35551  11.445  -32.088  58.427 0.0000000000
35514  9.971  -32.408  60.010 0.0000000000
33659  10.016  -34.470  59.212 0.0000000000
33658  10.779  -34.319  58.862 0.0000000000
32756  12.085  -35.514  59.486 0.0000000000
31956  11.741  -36.922  61.428 0.0000000000
31949  11.786  -36.611  62.570 0.0000000000
30190  9.160  -39.265  63.847 0.0000000000
113004  8.481  -39.602  63.366 0.0000000000
31103  7.978  -37.231  60.433 0.0000000000
30219  8.055  -38.419  61.253 0.0000000000
30220  7.225  -38.294  61.211 0.0000000000
28462  6.524  -40.703  63.509 0.0000000000
27702  4.806  -41.441  63.925 0.0000000000
31945  4.723  -36.232  63.184 0.0000000000
28464  4.459  -40.755  63.604 0.0000000000
27703  3.609  -41.230  64.057 0.0000000000
42682  35.275  -23.517  54.112 0.0000000000
105370  34.152  -24.764  52.537 0.0000000000
105794  34.106  -25.075  52.043 0.0000000000
40856  32.782  -26.017  51.645 0.0000000000
118417  29.797  -26.030  51.684 0.0000000000
39946  31.669  -27.617  53.129 0.0000000000
44517  26.966  -22.155  53.275 0.0000000000
43594  26.540  -23.643  52.529 0.0000000000
42723  26.837  -24.317  52.456 0.0000000000
41800  25.557  -25.465  53.763 0.0000000000
41799  26.217  -25.405  53.486 0.0000000000
40817  27.941  -26.944  53.923 0.0000000000
54465  45.729  -11.831  37.240 0.0000000000
52604  45.840  -13.826  38.993 0.0000000000
51626  33.885  -14.750  45.666 0.0000000000
50764  33.608  -15.982  44.692 0.0000000000
49954  33.104  -16.527  45.261 0.0000000000
98330  35.010  -18.853  43.777 0.0000000000
99344  30.476  -18.474  53.343 0.0000000000
48118  29.809  -18.330  52.375 0.0000000000
48130  29.673  -18.249  51.189 0.0000000000
47217  30.526  -20.108  50.918 0.0000000000
47218  30.189  -19.272  50.584 0.0000000000
48173  30.411  -18.872  49.160 0.0000000000
46359  32.621  -21.210  49.273 0.0000000000
47231  32.303  -20.876  48.456 0.0000000000
47241  31.887  -20.010  47.843 0.0000000000
101581  31.618  -18.726  46.718 0.0000000000
48232  33.924  -19.503  46.074 0.0000000000
48247  33.558  -18.910  45.269 0.0000000000
48259  35.266  -19.185  44.392 0.0000000000
98333  36.827  -19.426  44.409 0.0000000000
98334  37.680  -19.333  44.944 0.0000000000
42715  38.223  -23.713  52.779 0.0000000000
41785  38.309  -25.997  54.220 0.0000000000
104050  38.616  -24.003  53.289 0.0000000000
65032  48.722  -0.001  33.116 0.0000000000
64241  49.147  -0.356  32.256 0.0000000000
64245  49.829  -0.382  31.629 0.0000000000
60708  49.128  -4.185  31.947 0.0000000000
60707  49.808  -4.386  31.542 0.0000000000
106935  49.858  -3.044  31.222 0.0000000000
63419  50.097  -1.259  31.282 0.0000000000
64244  50.489  -0.481  31.225 0.0000000000
64253  50.923  -0.969  30.788 0.0000000000
63430  51.406  -1.402  30.270 0.0000000000
63439  51.790  -1.781  29.764 0.0000000000
62554  51.687  -2.627  29.904 0.0000000000
49140  32.075  -17.596  46.200 0.0000000000
50001  41.210  -17.555  41.158 0.0000000000
