#!ascii label  , from subject sub-027S6002 vox2ras=TkReg
740
55866  22.473  -9.819  -9.745 0.0000000000
63903  28.759  -0.928  -12.060 0.0000000000
71717  26.697  8.641  -18.920 0.0000000000
67130  24.147  2.153  -14.006 0.0000000000
104789  24.941  -15.673  -7.614 0.0000000000
54972  27.252  -11.056  -9.623 0.0000000000
59289  20.719  -6.515  -13.637 0.0000000000
63001  21.697  -3.039  -12.243 0.0000000000
68593  27.595  4.245  -14.765 0.0000000000
73799  27.865  11.756  -14.783 0.0000000000
72451  20.209  9.142  -22.289 0.0000000000
54069  23.485  -12.188  -8.824 0.0000000000
53179  26.206  -13.186  -9.337 0.0000000000
104837  24.603  -10.497  -10.456 0.0000000000
62099  20.876  -3.454  -11.673 0.0000000000
99975  20.524  -1.336  -10.251 0.0000000000
69437  26.306  4.037  -19.169 0.0000000000
67136  26.040  2.858  -15.394 0.0000000000
70241  27.479  6.084  -17.375 0.0000000000
109760  27.998  7.845  -15.356 0.0000000000
73178  27.263  10.315  -17.504 0.0000000000
74511  18.422  11.629  -18.295 0.0000000000
97091  18.127  7.135  -20.144 0.0000000000
74536  18.266  12.811  -20.286 0.0000000000
61231  25.669  -4.776  -12.588 0.0000000000
113190  26.391  -7.242  -11.729 0.0000000000
62087  29.146  -3.462  -10.986 0.0000000000
71014  24.109  7.068  -18.992 0.0000000000
67096  29.908  2.433  -10.673 0.0000000000
58343  21.342  -7.461  -10.567 0.0000000000
56758  20.446  -9.299  -12.959 0.0000000000
60247  17.166  -5.808  -13.895 0.0000000000
97031  21.336  -3.599  -15.288 0.0000000000
62996  25.845  -2.033  -13.157 0.0000000000
64711  23.012  -0.540  -12.574 0.0000000000
107791  25.663  0.214  -13.958 0.0000000000
66321  28.812  1.560  -13.234 0.0000000000
69383  29.636  5.582  -12.649 0.0000000000
71728  20.698  7.841  -20.593 0.0000000000
73223  21.853  10.882  -20.782 0.0000000000
75869  19.644  14.574  -22.289 0.0000000000
74543  21.048  12.579  -20.815 0.0000000000
73855  24.927  11.713  -20.070 0.0000000000
75829  25.639  14.531  -17.355 0.0000000000
101017  24.400  -8.893  -10.873 0.0000000000
56701  21.422  -9.110  -8.754 0.0000000000
55838  21.341  -10.830  -8.169 0.0000000000
114056  22.852  -11.136  -9.100 0.0000000000
54100  24.431  -11.021  -9.858 0.0000000000
55865  23.289  -10.172  -9.972 0.0000000000
70258  26.168  6.251  -18.949 0.0000000000
69436  27.158  4.881  -18.569 0.0000000000
71011  27.387  7.860  -18.342 0.0000000000
71690  27.699  8.971  -18.062 0.0000000000
72413  27.422  9.567  -18.697 0.0000000000
75837  17.870  14.768  -18.468 0.0000000000
74525  17.841  12.193  -19.186 0.0000000000
111515  18.018  14.511  -19.352 0.0000000000
62109  27.459  -3.432  -12.735 0.0000000000
61218  27.609  -4.691  -12.281 0.0000000000
62979  28.927  -2.782  -11.596 0.0000000000
69438  23.800  4.364  -18.708 0.0000000000
118091  22.770  5.574  -18.472 0.0000000000
51383  23.200  -15.121  -7.163 0.0000000000
50529  23.907  -16.445  -6.652 0.0000000000
50527  25.511  -16.775  -6.573 0.0000000000
51380  26.364  -15.320  -7.374 0.0000000000
101749  26.904  -11.772  -9.561 0.0000000000
108693  27.380  -13.609  -8.029 0.0000000000
59248  19.146  -6.815  -11.898 0.0000000000
107258  19.116  -5.842  -11.805 0.0000000000
62098  21.080  -3.017  -12.185 0.0000000000
62125  19.664  -3.148  -14.520 0.0000000000
97035  21.933  -3.041  -13.269 0.0000000000
97884  23.486  -3.634  -12.774 0.0000000000
97506  23.045  -2.996  -12.642 0.0000000000
64696  22.418  -0.330  -12.005 0.0000000000
104995  23.737  0.401  -13.343 0.0000000000
67822  26.577  3.711  -15.182 0.0000000000
66344  25.663  1.316  -14.643 0.0000000000
66342  27.152  1.840  -14.312 0.0000000000
65522  27.330  0.362  -13.563 0.0000000000
67812  28.176  3.366  -13.809 0.0000000000
67802  28.679  3.478  -13.087 0.0000000000
108404  28.525  5.079  -13.687 0.0000000000
73162  28.305  10.187  -14.784 0.0000000000
71648  29.288  8.175  -13.794 0.0000000000
71030  17.927  7.184  -21.534 0.0000000000
70264  20.409  6.080  -21.468 0.0000000000
97089  20.918  6.459  -24.030 0.0000000000
71727  21.179  8.966  -21.203 0.0000000000
72449  21.600  8.940  -22.472 0.0000000000
74534  22.826  12.664  -20.444 0.0000000000
74532  24.581  12.718  -20.215 0.0000000000
74509  25.484  12.501  -18.764 0.0000000000
58388  20.574  -7.989  -13.406 0.0000000000
56756  22.564  -9.334  -11.729 0.0000000000
57593  23.524  -7.921  -11.348 0.0000000000
59231  29.071  -6.803  -10.696 0.0000000000
58341  27.064  -8.320  -11.244 0.0000000000
53182  23.016  -12.858  -7.972 0.0000000000
52240  23.991  -13.948  -8.490 0.0000000000
52239  25.698  -14.139  -8.858 0.0000000000
53197  25.009  -12.314  -9.618 0.0000000000
54082  25.413  -11.675  -9.738 0.0000000000
54974  25.843  -10.981  -9.950 0.0000000000
109169  19.069  -2.788  -7.827 0.0000000000
62981  20.908  -2.274  -10.452 0.0000000000
62980  21.426  -2.347  -11.195 0.0000000000
67835  25.273  2.847  -16.716 0.0000000000
67129  24.761  2.090  -14.534 0.0000000000
67834  26.056  3.146  -16.681 0.0000000000
103265  27.048  4.582  -16.826 0.0000000000
69420  27.668  5.670  -15.721 0.0000000000
69419  28.084  5.833  -14.926 0.0000000000
114963  27.552  7.664  -16.148 0.0000000000
72382  27.494  9.353  -16.352 0.0000000000
73164  26.984  10.876  -16.127 0.0000000000
97085  17.249  9.344  -17.443 0.0000000000
72431  16.869  9.126  -18.479 0.0000000000
109018  17.916  9.588  -19.684 0.0000000000
73224  18.605  10.310  -20.915 0.0000000000
59287  22.936  -5.337  -12.634 0.0000000000
59257  24.122  -6.281  -11.418 0.0000000000
60233  25.819  -6.174  -11.969 0.0000000000
60230  27.793  -5.813  -11.192 0.0000000000
67829  24.047  2.945  -15.567 0.0000000000
68614  24.062  3.214  -18.142 0.0000000000
70254  25.275  4.927  -19.692 0.0000000000
71021  24.749  7.885  -19.008 0.0000000000
103490  26.809  -14.411  -7.861 0.0000000000
65498  29.420  0.499  -11.660 0.0000000000
64682  29.239  -0.469  -11.265 0.0000000000
57546  21.637  -8.506  -11.139 0.0000000000
57545  21.711  -8.900  -11.182 0.0000000000
57562  19.814  -9.001  -11.525 0.0000000000
97735  17.689  -8.478  -14.305 0.0000000000
59290  19.044  -6.649  -14.250 0.0000000000
60245  19.358  -4.634  -12.490 0.0000000000
97027  17.529  -3.893  -15.182 0.0000000000
60268  21.482  -5.442  -14.525 0.0000000000
100434  22.684  -4.642  -14.235 0.0000000000
62111  25.250  -3.841  -12.740 0.0000000000
63913  26.547  -2.018  -13.005 0.0000000000
63904  21.828  -1.680  -11.226 0.0000000000
63914  22.853  -1.718  -12.359 0.0000000000
66345  25.271  1.219  -14.548 0.0000000000
64709  24.547  -0.806  -13.648 0.0000000000
63017  23.438  -1.811  -12.927 0.0000000000
103415  25.587  -0.981  -13.739 0.0000000000
115478  27.299  -0.818  -13.249 0.0000000000
64693  28.581  -0.023  -12.853 0.0000000000
66320  29.241  1.359  -12.544 0.0000000000
67788  29.622  3.781  -11.605 0.0000000000
70201  28.716  6.327  -13.750 0.0000000000
71023  22.772  7.774  -19.616 0.0000000000
72433  23.009  9.671  -20.500 0.0000000000
72426  24.912  9.606  -19.146 0.0000000000
75230  18.651  13.719  -21.435 0.0000000000
74553  19.864  12.124  -21.934 0.0000000000
75235  20.317  13.510  -21.918 0.0000000000
73878  20.431  11.555  -21.846 0.0000000000
73865  21.698  11.409  -20.843 0.0000000000
73221  23.804  11.033  -20.597 0.0000000000
110637  25.359  10.197  -19.110 0.0000000000
73205  26.627  10.922  -18.896 0.0000000000
73820  26.394  12.100  -17.412 0.0000000000
75146  26.889  13.310  -15.619 0.0000000000
55879  23.264  -9.570  -10.660 0.0000000000
107448  24.685  -10.115  -10.836 0.0000000000
55876  26.088  -10.354  -10.550 0.0000000000
101351  25.932  -8.122  -11.083 0.0000000000
57558  26.407  -9.200  -10.885 0.0000000000
56700  21.884  -9.497  -9.300 0.0000000000
56689  21.387  -9.947  -8.480 0.0000000000
55848  21.997  -10.305  -8.990 0.0000000000
54959  22.155  -11.026  -8.792 0.0000000000
54958  22.747  -10.562  -9.405 0.0000000000
106187  26.416  7.567  -18.805 0.0000000000
71012  27.020  7.083  -18.522 0.0000000000
71716  27.189  8.173  -18.649 0.0000000000
110054  27.273  8.969  -18.792 0.0000000000
72425  26.969  9.503  -19.136 0.0000000000
75845  17.957  14.286  -19.138 0.0000000000
98442  27.981  -1.898  -12.705 0.0000000000
62108  28.216  -2.876  -12.389 0.0000000000
63893  28.712  -1.905  -12.105 0.0000000000
51382  24.169  -15.288  -7.590 0.0000000000
50542  23.617  -15.751  -6.895 0.0000000000
50541  24.465  -15.993  -7.078 0.0000000000
50528  24.742  -16.692  -6.771 0.0000000000
50540  25.210  -16.161  -7.121 0.0000000000
51366  25.907  -16.001  -6.876 0.0000000000
51381  25.595  -15.526  -7.594 0.0000000000
54081  27.295  -11.688  -9.494 0.0000000000
54068  27.591  -12.284  -9.169 0.0000000000
54956  27.968  -11.467  -9.350 0.0000000000
60222  20.485  -5.891  -11.097 0.0000000000
98500  20.474  -5.188  -10.441 0.0000000000
62113  21.150  -2.899  -13.066 0.0000000000
97716  22.170  -3.014  -12.515 0.0000000000
65511  22.762  0.188  -12.433 0.0000000000
66334  23.878  1.120  -13.603 0.0000000000
67127  26.734  2.534  -14.792 0.0000000000
67813  27.489  3.417  -14.498 0.0000000000
67117  27.681  2.566  -14.114 0.0000000000
68580  28.063  3.986  -14.192 0.0000000000
68579  28.471  4.290  -13.510 0.0000000000
68592  28.219  4.687  -14.249 0.0000000000
73154  28.285  11.115  -14.637 0.0000000000
109522  29.069  9.838  -14.143 0.0000000000
72452  19.271  8.464  -22.093 0.0000000000
71732  18.778  6.858  -22.565 0.0000000000
71731  19.790  7.800  -23.029 0.0000000000
97090  21.248  7.293  -23.910 0.0000000000
72450  21.081  9.158  -22.591 0.0000000000
75216  24.049  13.396  -20.421 0.0000000000
75215  24.641  13.417  -20.297 0.0000000000
74523  25.433  13.165  -19.045 0.0000000000
57595  21.881  -8.267  -12.787 0.0000000000
58387  22.986  -7.311  -12.014 0.0000000000
59230  30.572  -6.410  -10.914 0.0000000000
58338  30.111  -7.340  -10.750 0.0000000000
54070  22.677  -12.152  -8.301 0.0000000000
53183  22.147  -12.762  -7.490 0.0000000000
52241  23.296  -13.710  -7.831 0.0000000000
53181  23.741  -13.014  -8.621 0.0000000000
109317  24.492  -13.190  -9.134 0.0000000000
53198  24.225  -12.260  -9.309 0.0000000000
54083  24.703  -11.564  -9.714 0.0000000000
54099  25.102  -11.155  -9.934 0.0000000000
54098  25.645  -11.176  -9.866 0.0000000000
54975  25.402  -10.853  -10.165 0.0000000000
63875  19.902  -1.475  -9.055 0.0000000000
109950  19.240  -2.068  -8.150 0.0000000000
108894  20.324  -1.791  -9.684 0.0000000000
68607  25.877  3.257  -17.428 0.0000000000
68612  26.594  3.994  -18.020 0.0000000000
70251  27.397  5.947  -18.053 0.0000000000
69430  27.110  4.646  -17.684 0.0000000000
69429  27.387  5.382  -16.895 0.0000000000
68605  27.249  4.987  -15.996 0.0000000000
70229  27.593  6.221  -16.300 0.0000000000
70982  27.434  6.967  -16.719 0.0000000000
72398  27.619  9.560  -18.223 0.0000000000
71689  27.409  8.750  -17.247 0.0000000000
72397  27.474  9.502  -17.476 0.0000000000
73177  27.305  10.039  -16.401 0.0000000000
74499  19.116  13.140  -18.026 0.0000000000
74500  18.954  11.964  -18.036 0.0000000000
97582  17.000  10.158  -17.612 0.0000000000
97970  16.585  8.789  -18.058 0.0000000000
109620  17.532  10.548  -18.411 0.0000000000
74537  17.819  12.050  -19.836 0.0000000000
73218  17.746  10.388  -19.516 0.0000000000
73866  17.882  11.198  -20.023 0.0000000000
109265  18.550  11.889  -20.558 0.0000000000
60244  24.313  -5.127  -12.151 0.0000000000
115799  24.404  -5.757  -11.666 0.0000000000
60242  25.575  -5.508  -12.218 0.0000000000
109757  28.255  -4.383  -11.743 0.0000000000
118604  27.866  -5.098  -11.620 0.0000000000
61206  28.378  -5.019  -10.998 0.0000000000
61205  29.120  -4.907  -10.558 0.0000000000
67118  23.858  2.662  -13.710 0.0000000000
67836  23.433  3.200  -15.869 0.0000000000
104610  24.197  2.853  -16.409 0.0000000000
68609  23.337  3.517  -16.687 0.0000000000
69443  23.745  5.342  -18.887 0.0000000000
70259  24.705  6.155  -19.431 0.0000000000
71013  25.344  7.182  -19.024 0.0000000000
52238  26.451  -13.952  -8.773 0.0000000000
52228  26.029  -14.827  -8.205 0.0000000000
52216  27.582  -14.218  -6.980 0.0000000000
66306  29.534  1.121  -11.823 0.0000000000
58330  21.070  -7.596  -9.456 0.0000000000
101277  21.461  -8.135  -11.285 0.0000000000
109678  20.238  -8.792  -11.371 0.0000000000
58356  19.749  -7.921  -11.724 0.0000000000
59258  18.406  -6.384  -12.887 0.0000000000
58370  18.465  -7.396  -13.331 0.0000000000
59273  17.447  -7.792  -14.299 0.0000000000
58401  17.769  -8.348  -14.715 0.0000000000
97913  16.941  -6.033  -14.838 0.0000000000
61207  20.614  -4.206  -10.840 0.0000000000
61222  20.347  -3.998  -12.087 0.0000000000
97639  19.614  -3.279  -15.015 0.0000000000
62126  18.548  -3.388  -15.043 0.0000000000
97030  19.006  -3.620  -15.010 0.0000000000
97029  19.331  -4.517  -15.091 0.0000000000
97032  20.741  -4.031  -15.458 0.0000000000
60282  21.839  -4.577  -15.136 0.0000000000
97033  22.224  -3.960  -14.758 0.0000000000
62998  24.739  -2.961  -12.782 0.0000000000
62112  24.332  -3.780  -12.694 0.0000000000
62997  25.637  -2.900  -12.929 0.0000000000
62110  26.579  -2.930  -12.917 0.0000000000
64683  21.928  -0.608  -11.276 0.0000000000
63915  22.425  -1.310  -11.769 0.0000000000
64694  23.298  -1.210  -12.790 0.0000000000
67137  25.459  2.626  -15.411 0.0000000000
66356  25.378  2.090  -14.846 0.0000000000
65539  25.921  0.722  -14.271 0.0000000000
65540  25.496  0.599  -14.273 0.0000000000
65524  25.372  -0.008  -13.945 0.0000000000
63928  24.010  -1.311  -13.374 0.0000000000
64708  25.223  -0.645  -13.877 0.0000000000
63927  24.871  -1.289  -13.717 0.0000000000
64707  25.798  -0.351  -13.745 0.0000000000
110331  27.926  1.045  -13.578 0.0000000000
64706  26.724  -0.299  -13.521 0.0000000000
64705  27.824  -0.191  -13.299 0.0000000000
65521  28.526  0.629  -13.193 0.0000000000
67108  29.160  2.136  -12.566 0.0000000000
68568  28.976  4.306  -12.751 0.0000000000
67801  29.188  3.601  -12.399 0.0000000000
68567  29.504  4.407  -12.120 0.0000000000
68552  30.131  4.604  -11.506 0.0000000000
70968  28.324  7.179  -14.925 0.0000000000
70214  28.404  6.446  -14.493 0.0000000000
70952  28.838  7.199  -14.032 0.0000000000
71019  18.308  7.817  -18.867 0.0000000000
71025  18.661  7.002  -19.424 0.0000000000
71026  21.061  6.175  -21.280 0.0000000000
71027  20.235  6.680  -20.434 0.0000000000
72441  20.667  8.990  -20.040 0.0000000000
72435  21.029  9.225  -19.658 0.0000000000
71719  22.012  8.324  -19.615 0.0000000000
72434  21.878  9.259  -20.152 0.0000000000
72439  22.069  10.185  -20.669 0.0000000000
72432  24.065  9.273  -19.682 0.0000000000
73217  23.914  10.240  -20.413 0.0000000000
75870  18.863  14.970  -22.047 0.0000000000
75237  18.953  14.147  -22.168 0.0000000000
74554  19.183  12.620  -21.905 0.0000000000
99461  19.222  13.393  -22.062 0.0000000000
75229  21.592  13.470  -20.454 0.0000000000
75867  20.481  14.620  -20.819 0.0000000000
113067  20.517  12.739  -21.505 0.0000000000
74552  20.313  12.495  -21.807 0.0000000000
74551  20.699  11.954  -21.500 0.0000000000
73877  21.002  11.019  -21.737 0.0000000000
117692  21.644  12.004  -20.808 0.0000000000
73862  24.205  11.766  -20.487 0.0000000000
73863  23.216  11.710  -20.606 0.0000000000
73220  24.536  10.909  -20.314 0.0000000000
108939  25.169  10.852  -19.698 0.0000000000
73206  25.701  10.930  -19.180 0.0000000000
73848  25.824  11.739  -18.697 0.0000000000
75175  25.587  13.560  -17.598 0.0000000000
74498  26.045  12.624  -18.088 0.0000000000
74486  25.586  13.038  -17.184 0.0000000000
74475  26.457  12.815  -15.807 0.0000000000
75159  26.132  13.663  -16.000 0.0000000000
56731  21.057  -9.462  -11.723 0.0000000000
56730  22.264  -9.155  -11.240 0.0000000000
109500  21.963  -9.405  -11.699 0.0000000000
57580  23.491  -8.982  -10.981 0.0000000000
56746  24.481  -9.490  -10.876 0.0000000000
55877  25.498  -10.273  -10.803 0.0000000000
57577  25.754  -9.482  -11.021 0.0000000000
59246  25.585  -6.767  -11.476 0.0000000000
58355  24.685  -7.171  -11.030 0.0000000000
98505  25.888  -7.505  -11.329 0.0000000000
57542  28.335  -8.869  -10.229 0.0000000000
57544  26.991  -8.888  -10.862 0.0000000000
57543  27.470  -9.252  -10.353 0.0000000000
56712  27.356  -9.755  -10.104 0.0000000000
54947  22.406  -11.569  -8.580 0.0000000000
54085  23.205  -11.559  -9.010 0.0000000000
54084  23.969  -11.527  -9.449 0.0000000000
54957  23.580  -10.910  -9.599 0.0000000000
55864  24.128  -10.519  -10.165 0.0000000000
70253  26.639  5.121  -19.305 0.0000000000
70252  27.018  5.947  -18.522 0.0000000000
71007  27.348  6.941  -18.167 0.0000000000
70994  27.485  6.932  -17.713 0.0000000000
71705  27.607  8.038  -18.028 0.0000000000
71706  27.508  8.800  -18.394 0.0000000000
73193  27.424  10.255  -18.417 0.0000000000
75176  18.754  14.078  -17.949 0.0000000000
74510  18.206  12.511  -18.662 0.0000000000
73850  17.846  11.445  -18.608 0.0000000000
104093  17.966  13.025  -19.091 0.0000000000
75206  17.893  13.697  -19.445 0.0000000000
75220  17.883  13.650  -20.092 0.0000000000
116869  26.878  -3.872  -12.929 0.0000000000
61230  26.562  -4.615  -12.782 0.0000000000
61219  27.304  -4.293  -12.723 0.0000000000
62097  27.986  -3.886  -12.410 0.0000000000
62096  28.601  -3.596  -11.793 0.0000000000
69439  22.689  5.065  -18.107 0.0000000000
70260  23.082  6.101  -18.952 0.0000000000
111734  22.352  -14.424  -6.706 0.0000000000
51385  22.064  -14.877  -6.204 0.0000000000
51384  22.499  -15.039  -6.712 0.0000000000
50543  22.745  -15.640  -6.631 0.0000000000
50512  26.019  -17.184  -6.052 0.0000000000
50526  26.282  -16.500  -6.269 0.0000000000
51365  26.626  -15.760  -6.521 0.0000000000
53195  26.617  -12.264  -9.506 0.0000000000
52237  26.960  -13.647  -8.639 0.0000000000
53177  27.314  -13.008  -8.951 0.0000000000
59235  20.970  -6.699  -10.862 0.0000000000
59234  20.172  -6.784  -11.453 0.0000000000
60246  18.042  -5.272  -13.146 0.0000000000
61234  19.539  -3.376  -13.284 0.0000000000
61221  20.379  -3.005  -12.646 0.0000000000
62114  20.463  -2.860  -13.747 0.0000000000
110900  21.394  -2.910  -14.015 0.0000000000
97034  22.389  -3.525  -13.832 0.0000000000
97023  22.611  -3.407  -12.853 0.0000000000
114743  23.872  -3.058  -12.723 0.0000000000
117581  24.244  -2.434  -13.126 0.0000000000
65527  23.343  -0.050  -12.928 0.0000000000
67128  25.912  2.127  -15.000 0.0000000000
66343  26.346  1.521  -14.551 0.0000000000
65523  26.245  0.239  -13.792 0.0000000000
66333  26.902  1.050  -13.921 0.0000000000
66332  27.867  1.762  -13.772 0.0000000000
67116  28.498  2.521  -13.425 0.0000000000
67109  28.984  2.229  -13.128 0.0000000000
69384  28.942  5.144  -13.080 0.0000000000
71677  28.251  8.628  -14.991 0.0000000000
109027  28.709  7.975  -14.627 0.0000000000
71662  28.903  8.844  -14.333 0.0000000000
71661  29.423  9.089  -13.818 0.0000000000
97092  17.852  7.313  -20.741 0.0000000000
70262  18.180  6.631  -20.664 0.0000000000
97627  18.009  6.415  -21.643 0.0000000000
111674  20.063  5.429  -22.971 0.0000000000
113705  20.761  6.490  -22.720 0.0000000000
71729  21.626  7.719  -22.628 0.0000000000
72444  21.658  9.082  -22.422 0.0000000000
103509  21.593  9.769  -22.097 0.0000000000
75218  22.391  13.331  -20.434 0.0000000000
74535  21.998  12.672  -20.608 0.0000000000
74533  23.700  12.656  -20.450 0.0000000000
73849  25.271  11.707  -19.223 0.0000000000
74524  25.157  12.520  -19.480 0.0000000000
75187  25.681  13.252  -18.386 0.0000000000
100019  20.392  -9.045  -13.343 0.0000000000
56757  21.648  -9.340  -12.630 0.0000000000
57594  22.926  -8.697  -12.136 0.0000000000
57579  23.937  -8.409  -10.920 0.0000000000
59233  27.256  -7.551  -11.434 0.0000000000
59244  26.618  -7.837  -11.592 0.0000000000
59232  27.892  -7.698  -11.013 0.0000000000
58339  28.755  -7.968  -10.528 0.0000000000
111755  22.437  -13.658  -7.173 0.0000000000
52229  22.896  -14.413  -7.191 0.0000000000
51392  23.605  -14.557  -7.785 0.0000000000
51391  24.306  -14.661  -8.262 0.0000000000
51390  25.106  -15.014  -8.243 0.0000000000
108607  24.830  -14.092  -8.763 0.0000000000
53180  25.372  -13.252  -9.342 0.0000000000
53196  25.863  -12.287  -9.590 0.0000000000
114515  26.279  -11.476  -9.700 0.0000000000
54097  26.895  -11.367  -9.608 0.0000000000
54973  26.573  -10.925  -9.785 0.0000000000
116401  19.801  -3.054  -8.851 0.0000000000
62079  20.282  -2.879  -9.608 0.0000000000
62088  20.747  -3.253  -10.644 0.0000000000
62988  21.126  -2.914  -11.354 0.0000000000
62987  21.466  -2.935  -11.782 0.0000000000
62986  21.858  -2.578  -11.651 0.0000000000
67138  24.792  2.709  -15.128 0.0000000000
67143  24.866  2.715  -15.905 0.0000000000
67828  25.658  2.890  -16.010 0.0000000000
68606  26.592  3.841  -17.194 0.0000000000
68601  26.452  4.148  -16.088 0.0000000000
68600  27.119  4.483  -15.424 0.0000000000
69409  27.882  5.063  -15.043 0.0000000000
70228  27.950  6.405  -15.302 0.0000000000
70981  27.696  7.056  -15.736 0.0000000000
107952  27.339  7.830  -17.007 0.0000000000
71678  27.617  8.506  -16.028 0.0000000000
72381  27.943  9.321  -15.340 0.0000000000
73163  27.622  10.739  -15.278 0.0000000000
73808  27.278  11.544  -15.370 0.0000000000
97722  18.094  8.277  -19.199 0.0000000000
73209  17.361  10.076  -18.740 0.0000000000
110208  17.486  9.613  -19.061 0.0000000000
72443  18.190  8.624  -19.897 0.0000000000
72447  18.001  8.198  -20.935 0.0000000000
72446  18.821  9.202  -21.233 0.0000000000
72445  19.462  9.545  -21.765 0.0000000000
59288  22.344  -6.031  -13.345 0.0000000000
59271  22.755  -6.021  -11.930 0.0000000000
59270  23.361  -5.536  -11.883 0.0000000000
59247  24.892  -6.531  -11.351 0.0000000000
60241  26.171  -5.452  -12.403 0.0000000000
60232  26.470  -6.257  -11.997 0.0000000000
106485  27.052  -6.790  -11.614 0.0000000000
60220  28.555  -5.752  -10.735 0.0000000000
67139  24.256  2.877  -14.770 0.0000000000
68608  24.764  2.974  -17.360 0.0000000000
68613  25.535  3.453  -18.150 0.0000000000
114335  24.996  3.628  -19.117 0.0000000000
71020  25.663  8.241  -18.910 0.0000000000
64692  28.890  -0.079  -12.168 0.0000000000
57533  21.672  -8.816  -9.776 0.0000000000
56715  22.050  -9.044  -10.244 0.0000000000
57561  20.394  -9.079  -11.402 0.0000000000
56733  19.855  -9.101  -12.344 0.0000000000
58357  19.024  -7.459  -12.413 0.0000000000
107783  18.805  -8.220  -13.310 0.0000000000
118536  18.640  -8.531  -13.561 0.0000000000
57604  19.273  -8.812  -14.249 0.0000000000
58399  19.534  -7.792  -14.077 0.0000000000
60234  20.233  -5.002  -11.461 0.0000000000
60257  16.819  -4.582  -14.544 0.0000000000
61245  17.268  -3.544  -14.897 0.0000000000
97656  16.741  -4.762  -15.161 0.0000000000
60270  18.389  -5.553  -14.875 0.0000000000
60269  19.960  -5.480  -14.512 0.0000000000
110618  22.657  -5.302  -14.023 0.0000000000
60267  22.996  -4.846  -12.834 0.0000000000
60256  23.423  -4.717  -12.646 0.0000000000
61243  22.989  -4.106  -12.869 0.0000000000
61233  23.883  -4.443  -12.631 0.0000000000
61232  24.758  -4.598  -12.487 0.0000000000
99026  26.154  -3.861  -12.922 0.0000000000
62995  27.335  -2.454  -12.810 0.0000000000
63888  20.042  -1.003  -9.984 0.0000000000
63898  21.127  -1.522  -10.653 0.0000000000
63000  22.324  -2.356  -11.950 0.0000000000
66346  24.607  1.202  -14.164 0.0000000000
65542  24.437  0.421  -13.768 0.0000000000
65526  24.133  -0.207  -13.460 0.0000000000
65525  24.919  -0.235  -13.942 0.0000000000
64710  23.692  -0.745  -13.164 0.0000000000
100576  22.862  -2.418  -12.496 0.0000000000
63016  24.161  -1.824  -13.414 0.0000000000
106823  25.452  -1.471  -13.566 0.0000000000
63925  26.332  -0.875  -13.491 0.0000000000
63926  26.071  -1.409  -13.377 0.0000000000
63912  27.034  -1.510  -13.078 0.0000000000
117053  27.806  -1.252  -12.955 0.0000000000
63910  28.534  -0.582  -12.565 0.0000000000
65510  29.145  0.691  -12.553 0.0000000000
67097  29.352  2.064  -11.544 0.0000000000
107613  29.305  2.907  -11.984 0.0000000000
104509  29.660  3.090  -11.036 0.0000000000
69408  28.365  5.597  -14.199 0.0000000000
69398  28.704  5.668  -13.529 0.0000000000
111856  29.976  6.228  -12.726 0.0000000000
71024  19.416  6.999  -19.309 0.0000000000
71015  22.845  7.000  -19.161 0.0000000000
71723  22.951  8.495  -20.127 0.0000000000
71022  23.798  8.037  -19.232 0.0000000000
71722  24.816  8.763  -19.057 0.0000000000
75855  19.280  14.470  -19.667 0.0000000000
75854  18.446  14.086  -20.578 0.0000000000
75861  18.668  14.524  -21.587 0.0000000000
75219  18.517  13.441  -20.663 0.0000000000
110085  18.884  12.042  -21.444 0.0000000000
73872  19.441  10.980  -21.685 0.0000000000
73228  19.775  10.321  -21.950 0.0000000000
75868  20.233  14.477  -22.131 0.0000000000
105947  19.864  12.999  -22.042 0.0000000000
73879  19.941  11.212  -21.966 0.0000000000
73235  20.639  10.403  -22.104 0.0000000000
73234  21.321  10.031  -22.167 0.0000000000
73227  21.379  10.713  -21.549 0.0000000000
108707  22.337  11.943  -20.681 0.0000000000
73864  22.410  11.329  -20.690 0.0000000000
73222  22.918  10.727  -20.679 0.0000000000
73216  24.769  10.115  -19.838 0.0000000000
71718  25.802  9.347  -18.971 0.0000000000
108528  26.347  10.220  -19.148 0.0000000000
73204  27.215  10.256  -19.006 0.0000000000
73194  27.121  10.782  -18.558 0.0000000000
73837  26.648  11.537  -18.276 0.0000000000
73836  27.112  11.101  -17.955 0.0000000000
101585  26.637  11.316  -16.865 0.0000000000
73809  26.750  11.862  -15.858 0.0000000000
74474  27.315  12.478  -15.270 0.0000000000
108824  26.271  14.878  -16.953 0.0000000000
75158  26.939  13.995  -15.767 0.0000000000
74473  27.747  13.256  -15.272 0.0000000000
74460  28.220  12.522  -14.755 0.0000000000
56714  22.725  -9.424  -10.470 0.0000000000
55878  24.075  -10.087  -10.542 0.0000000000
55890  22.834  -9.169  -11.078 0.0000000000
55889  23.795  -9.589  -10.747 0.0000000000
54986  25.135  -10.609  -10.531 0.0000000000
54984  26.186  -10.660  -10.164 0.0000000000
55861  26.930  -10.632  -9.806 0.0000000000
58386  23.534  -6.687  -11.467 0.0000000000
57560  24.779  -8.163  -10.851 0.0000000000
102026  25.522  -8.371  -10.922 0.0000000000
58352  26.546  -8.459  -11.252 0.0000000000
114920  26.278  -8.571  -11.113 0.0000000000
57559  25.935  -8.907  -11.044 0.0000000000
56728  26.453  -9.886  -10.605 0.0000000000
56713  27.111  -10.046  -10.066 0.0000000000
55847  27.816  -10.653  -9.663 0.0000000000
108124  29.057  -1.325  -11.482 0.0000000000
106974  29.172  -2.007  -11.151 0.0000000000
53178  26.837  -13.063  -9.202 0.0000000000
53194  27.126  -12.302  -9.407 0.0000000000
54985  25.754  -10.548  -10.443 0.0000000000
55860  27.301  -10.545  -9.738 0.0000000000
55862  26.542  -10.449  -10.135 0.0000000000
55863  24.827  -10.795  -10.216 0.0000000000
55888  25.929  -9.952  -10.928 0.0000000000
56729  26.146  -9.496  -10.920 0.0000000000
56732  20.153  -9.329  -11.749 0.0000000000
56745  25.294  -9.820  -11.066 0.0000000000
56747  21.408  -9.557  -12.305 0.0000000000
56748  20.473  -9.405  -12.408 0.0000000000
56759  19.952  -9.179  -13.130 0.0000000000
57547  21.506  -8.171  -10.190 0.0000000000
57557  26.606  -8.907  -10.953 0.0000000000
57563  19.516  -8.386  -12.404 0.0000000000
57578  25.207  -9.077  -10.991 0.0000000000
57581  19.290  -8.704  -13.322 0.0000000000
57582  18.015  -8.459  -13.788 0.0000000000
57596  19.209  -9.177  -13.958 0.0000000000
57597  18.373  -8.209  -13.702 0.0000000000
57605  18.517  -7.870  -14.510 0.0000000000
58340  27.644  -8.613  -10.698 0.0000000000
58342  20.836  -7.617  -11.390 0.0000000000
58353  26.167  -7.882  -11.413 0.0000000000
58354  25.411  -7.514  -11.027 0.0000000000
58369  24.110  -7.449  -11.049 0.0000000000
58371  17.697  -8.421  -13.969 0.0000000000
58400  18.344  -8.300  -14.673 0.0000000000
59223  20.786  -6.866  -9.851 0.0000000000
59245  26.020  -7.044  -11.708 0.0000000000
59256  25.091  -5.853  -11.824 0.0000000000
59259  17.497  -7.074  -13.842 0.0000000000
59272  22.036  -6.954  -12.754 0.0000000000
59291  17.684  -6.988  -14.754 0.0000000000
60221  27.864  -6.674  -11.038 0.0000000000
60231  27.249  -5.645  -11.944 0.0000000000
60243  25.082  -5.192  -12.221 0.0000000000
60271  17.353  -5.407  -15.113 0.0000000000
60283  20.713  -4.740  -15.202 0.0000000000
61220  26.902  -5.188  -12.512 0.0000000000
61235  18.378  -4.244  -13.793 0.0000000000
61244  18.809  -3.629  -14.348 0.0000000000
61246  16.507  -4.251  -15.105 0.0000000000
61253  22.848  -4.411  -13.732 0.0000000000
62070  19.380  -3.263  -8.134 0.0000000000
62124  20.701  -3.018  -14.895 0.0000000000
62974  19.734  -2.453  -8.741 0.0000000000
62999  23.559  -2.376  -12.870 0.0000000000
63015  24.986  -2.042  -13.316 0.0000000000
63911  28.353  -1.231  -12.605 0.0000000000
64695  22.802  -1.021  -12.282 0.0000000000
65541  25.128  0.444  -14.235 0.0000000000
67827  26.053  3.305  -15.916 0.0000000000
67830  23.533  3.377  -15.209 0.0000000000
69364  29.883  5.183  -12.027 0.0000000000
69435  27.370  5.355  -17.823 0.0000000000
70263  20.673  5.465  -22.446 0.0000000000
70265  19.239  6.648  -20.756 0.0000000000
71028  21.755  6.542  -23.145 0.0000000000
71029  21.846  6.851  -21.911 0.0000000000
71031  19.982  6.775  -23.384 0.0000000000
71724  20.064  7.503  -19.499 0.0000000000
71726  16.950  8.596  -18.459 0.0000000000
71730  18.601  7.958  -21.585 0.0000000000
71733  20.609  7.264  -23.503 0.0000000000
72369  28.509  9.369  -14.679 0.0000000000
72403  17.759  9.933  -17.275 0.0000000000
72438  17.481  8.889  -19.012 0.0000000000
72440  21.324  9.634  -20.440 0.0000000000
72442  18.390  9.433  -20.430 0.0000000000
72448  21.386  7.858  -22.967 0.0000000000
72455  21.211  8.002  -22.980 0.0000000000
72456  20.766  8.082  -23.068 0.0000000000
73210  16.782  9.745  -17.961 0.0000000000
73225  18.082  10.390  -20.238 0.0000000000
73229  19.091  10.308  -21.498 0.0000000000
73798  28.594  11.801  -14.444 0.0000000000
73839  18.298  10.883  -17.992 0.0000000000
73856  17.716  11.133  -19.228 0.0000000000
73871  21.199  11.556  -21.227 0.0000000000
73873  18.870  11.199  -21.217 0.0000000000
73880  19.402  11.708  -21.729 0.0000000000
74485  25.871  12.991  -16.471 0.0000000000
74489  18.789  12.625  -17.383 0.0000000000
74544  18.746  12.837  -21.213 0.0000000000
75138  28.612  13.031  -14.855 0.0000000000
75160  25.494  13.791  -16.702 0.0000000000
75164  18.371  13.632  -17.025 0.0000000000
75188  18.625  13.682  -18.535 0.0000000000
75234  20.645  13.665  -20.666 0.0000000000
75236  19.805  13.833  -22.225 0.0000000000
75816  26.923  14.501  -16.478 0.0000000000
75817  26.030  14.446  -16.388 0.0000000000
97024  18.594  -3.934  -15.279 0.0000000000
97025  19.684  -3.831  -15.356 0.0000000000
97026  17.483  -7.532  -14.508 0.0000000000
97028  17.779  -4.572  -15.259 0.0000000000
97086  17.974  6.556  -21.010 0.0000000000
97087  18.278  6.201  -21.570 0.0000000000
97088  21.678  6.971  -23.215 0.0000000000
97093  16.849  9.386  -17.678 0.0000000000
97094  17.035  9.115  -17.581 0.0000000000
97095  17.299  10.082  -17.406 0.0000000000
97424  18.831  5.730  -22.502 0.0000000000
97547  16.566  -5.157  -14.816 0.0000000000
97593  20.802  6.861  -23.273 0.0000000000
97612  21.066  5.759  -23.548 0.0000000000
97738  20.198  -3.455  -15.262 0.0000000000
97755  21.755  -3.191  -14.926 0.0000000000
97757  17.468  10.639  -17.984 0.0000000000
97775  19.526  5.798  -22.174 0.0000000000
97935  18.742  11.742  -17.376 0.0000000000
97968  23.751  -5.258  -11.980 0.0000000000
98131  21.613  10.129  -21.259 0.0000000000
100809  17.857  12.935  -19.653 0.0000000000
102897  29.371  4.929  -12.522 0.0000000000
103475  20.398  -3.808  -9.855 0.0000000000
103743  17.848  14.086  -19.866 0.0000000000
104765  26.364  12.206  -16.429 0.0000000000
106954  27.691  9.907  -15.584 0.0000000000
107361  18.421  11.046  -20.557 0.0000000000
107719  17.016  -6.557  -14.469 0.0000000000
108417  17.830  14.924  -18.856 0.0000000000
108543  26.872  -9.442  -10.543 0.0000000000
110319  28.857  -4.220  -11.082 0.0000000000
111101  19.962  5.855  -23.368 0.0000000000
112761  23.612  -10.114  -10.334 0.0000000000
113047  23.334  -8.696  -11.379 0.0000000000
113129  20.278  -5.421  -9.421 0.0000000000
113135  28.124  -0.708  -12.981 0.0000000000
114621  29.011  2.801  -12.808 0.0000000000
114836  19.469  15.180  -19.699 0.0000000000
115318  18.900  13.343  -21.965 0.0000000000
115923  21.300  7.434  -23.704 0.0000000000
116024  20.205  -4.222  -15.300 0.0000000000
116803  29.082  1.036  -12.958 0.0000000000
117717  20.398  6.853  -20.399 0.0000000000
117886  18.927  12.340  -18.169 0.0000000000
118426  27.738  13.697  -15.637 0.0000000000
