#!ascii label  , from subject sub-027S6002 vox2ras=TkReg
1485
23892  29.637  -47.460  5.209 0.8999999762
23103  29.505  -48.405  5.164 0.8000000119
23113  29.928  -48.613  4.143 0.8000000119
22300  29.726  -49.397  3.730 0.6999999881
22309  29.529  -49.400  2.847 0.8000000119
23893  28.870  -47.809  5.676 0.8999999762
23910  30.031  -47.772  4.522 1.0000000000
23946  30.434  -47.197  3.037 1.0000000000
23929  30.257  -47.942  3.545 0.8999999762
23126  30.002  -48.734  3.145 0.8000000119
23142  28.849  -48.676  1.682 0.8000000119
23948  29.332  -48.163  1.802 0.8999999762
22324  28.446  -49.313  1.666 0.8000000119
23143  28.033  -48.652  1.170 0.6999999881
101761  27.642  -49.318  1.217 0.6999999881
99609  27.229  -47.204  5.531 0.8000000119
98807  28.510  -47.079  5.693 0.8999999762
99659  28.572  -46.235  5.607 0.8999999762
24602  27.038  -46.145  5.238 0.8999999762
24617  25.569  -46.164  4.256 0.8999999762
23909  30.147  -46.946  4.790 0.8999999762
23928  30.409  -47.161  3.986 1.0000000000
23947  30.023  -47.938  2.468 0.8999999762
24646  30.174  -46.996  2.112 1.0000000000
23961  29.470  -47.453  1.604 0.8999999762
23962  28.604  -47.893  1.135 0.8999999762
23144  27.164  -48.688  0.815 0.6999999881
97920  29.553  -46.216  5.484 0.8999999762
114872  27.688  -45.850  5.438 0.8999999762
24616  26.190  -45.408  4.564 0.8999999762
111615  25.362  -44.703  3.839 0.8999999762
24600  29.202  -46.958  5.508 0.8999999762
23891  29.817  -46.755  5.218 0.8999999762
24645  30.462  -46.374  2.733 1.0000000000
24663  27.974  -47.161  0.580 0.8000000119
23964  26.654  -48.019  0.470 0.8000000119
23975  26.143  -47.344  0.064 0.8000000119
23965  25.796  -48.086  0.280 0.8000000119
23976  25.265  -47.409  -0.123 0.8000000119
25337  26.895  -44.878  5.067 0.8999999762
25359  25.143  -43.758  3.863 0.8999999762
25360  24.518  -44.155  3.640 0.8999999762
25336  29.118  -45.447  5.680 0.8999999762
26048  25.586  -43.823  4.504 0.8999999762
26050  24.411  -43.797  4.205 0.8000000119
25361  23.330  -44.639  4.053 0.8000000119
25334  30.242  -46.105  5.130 0.8999999762
26024  24.786  -43.795  5.037 0.6999999881
25338  23.779  -44.670  4.945 0.6999999881
24603  23.031  -46.368  5.144 0.6999999881
100488  30.630  -45.514  4.461 0.8999999762
24590  23.811  -47.148  6.054 0.6999999881
23879  23.530  -47.951  6.322 0.6999999881
25387  30.834  -45.015  3.492 1.0000000000
23061  23.599  -48.444  7.063 0.6000000238
24631  30.650  -45.886  3.508 1.0000000000
25411  30.546  -45.423  2.470 1.0000000000
24660  30.158  -46.140  1.902 1.0000000000
25424  29.108  -46.150  0.867 1.0000000000
24662  28.876  -46.966  0.935 0.8999999762
108840  29.652  -45.945  1.326 1.0000000000
25431  28.649  -45.513  0.502 0.8999999762
24675  28.302  -46.323  0.525 0.8000000119
24677  26.493  -46.524  -0.107 0.8000000119
25433  25.823  -45.642  -0.384 0.8000000119
24678  25.569  -46.612  -0.262 0.8000000119
106095  24.935  -45.956  -0.364 0.8000000119
25434  24.708  -45.048  -0.334 0.8000000119
25435  23.820  -45.790  -0.364 0.8000000119
100298  28.064  -45.162  5.541 0.8999999762
25358  25.812  -44.214  4.383 0.8999999762
26020  28.629  -44.383  5.693 0.8999999762
26021  27.415  -44.146  5.403 0.8999999762
26022  26.317  -43.983  5.009 0.8999999762
26049  25.235  -43.689  4.579 0.8999999762
25335  29.888  -45.582  5.557 0.8999999762
25319  23.843  -46.063  5.594 0.6999999881
25357  30.351  -45.172  5.280 0.8999999762
25318  24.711  -45.834  6.160 0.6000000238
24589  24.452  -46.851  6.638 0.6000000238
23866  22.937  -48.212  8.113 0.5000000000
111853  30.816  -44.465  2.594 1.0000000000
23856  22.422  -47.543  8.358 0.5000000000
26095  30.344  -44.657  1.780 1.0000000000
25422  30.011  -45.387  1.529 1.0000000000
26096  29.673  -44.703  1.116 1.0000000000
25423  29.389  -45.412  0.889 1.0000000000
26104  28.178  -44.810  0.247 0.8999999762
24676  27.405  -46.432  0.224 0.8000000119
108907  27.338  -44.844  -0.146 0.8999999762
108103  26.901  -45.666  -0.212 0.8000000119
107592  26.887  -44.081  -0.216 0.8999999762
105341  26.433  -44.830  -0.391 0.8000000119
26818  26.438  -43.350  0.015 0.8999999762
26107  25.077  -44.131  -0.236 0.8000000119
110813  23.572  -44.921  -0.153 0.8000000119
26821  23.465  -43.512  0.176 0.8000000119
26109  22.701  -44.308  0.120 0.8000000119
26023  25.667  -43.797  5.693 0.6999999881
26004  24.608  -44.522  5.554 0.8000000119
26047  30.262  -44.309  5.434 0.8999999762
103479  29.384  -43.748  5.734 0.8999999762
24575  24.978  -46.365  7.097 0.6999999881
24576  24.332  -47.193  7.568 0.6000000238
23865  23.739  -48.043  7.620 0.6000000238
24558  24.668  -46.289  7.913 0.6999999881
24559  23.776  -46.645  8.234 0.6000000238
23855  23.401  -47.460  8.115 0.5000000000
24560  22.767  -46.765  8.346 0.5000000000
24561  21.716  -46.755  8.234 0.5000000000
98795  29.939  -44.089  1.359 1.0000000000
26805  29.332  -43.994  0.769 1.0000000000
26105  27.726  -44.109  0.089 0.8999999762
27534  29.796  -43.269  1.292 1.0000000000
26806  28.769  -43.184  0.652 0.8999999762
26816  28.537  -44.055  0.399 0.8999999762
26817  27.296  -43.419  0.192 0.8999999762
113988  28.020  -43.520  0.388 0.8999999762
26819  25.518  -43.353  -0.016 0.8999999762
26820  24.536  -43.422  0.051 0.8999999762
27548  26.897  -42.657  0.380 0.8999999762
27549  25.997  -42.562  0.268 0.8999999762
26807  24.017  -42.720  0.285 0.8999999762
27538  25.553  -41.602  0.504 0.8999999762
111534  27.902  -43.595  5.713 0.8999999762
26739  26.123  -43.801  5.338 0.8999999762
98488  27.002  -43.594  5.612 0.8999999762
26724  26.408  -43.560  6.484 1.0000000000
26003  25.398  -44.469  6.211 0.8000000119
117384  28.560  -43.699  5.750 0.8999999762
25317  25.240  -45.533  6.606 0.6999999881
115545  30.788  -44.455  4.513 0.8999999762
25301  25.390  -45.540  7.480 0.6999999881
25283  24.022  -45.821  8.446 0.6999999881
26071  31.065  -44.249  3.411 1.0000000000
25285  22.009  -46.002  8.199 0.5000000000
109843  21.102  -45.960  7.844 0.5000000000
26791  31.052  -43.549  2.734 1.0000000000
27523  30.817  -42.546  2.511 1.0000000000
27533  30.553  -43.096  1.957 1.0000000000
28280  29.996  -42.240  1.669 1.0000000000
27535  29.189  -42.484  1.100 0.8999999762
27536  27.367  -41.957  0.657 0.8999999762
110502  26.927  -41.091  0.780 0.8999999762
105201  22.955  -40.638  -2.163 0.6999999881
29099  23.151  -40.063  -2.987 0.8000000119
28317  21.895  -40.925  -2.159 0.8000000119
29101  21.126  -40.096  -1.962 0.8000000119
26737  28.425  -43.208  5.923 1.0000000000
26738  27.698  -43.078  6.209 1.0000000000
26723  27.568  -42.725  6.871 1.0000000000
25983  25.904  -44.366  7.315 0.6999999881
114108  30.591  -43.986  5.075 0.8999999762
26736  30.383  -43.492  5.381 0.8999999762
25966  25.334  -44.917  8.325 0.6999999881
25968  23.133  -45.132  8.471 0.6000000238
26777  31.156  -43.636  3.829 1.0000000000
25302  20.757  -45.148  7.396 0.4000000060
28266  29.630  -41.154  1.725 1.0000000000
28281  28.880  -41.585  1.283 1.0000000000
29062  28.826  -40.819  1.470 1.0000000000
109963  21.533  -39.837  0.397 0.8999999762
29097  24.713  -40.663  -1.467 0.6000000238
29098  23.580  -40.300  -1.861 0.6000000238
30038  23.714  -39.541  -2.132 0.8000000119
30039  22.699  -39.344  -2.244 0.8000000119
29083  20.812  -40.167  -0.864 0.8999999762
29074  20.958  -40.222  0.111 0.8999999762
117056  29.809  -43.006  5.708 0.8999999762
98047  29.032  -42.784  5.969 0.8999999762
102835  26.380  -43.677  7.694 0.8000000119
26706  25.736  -43.965  8.509 0.6999999881
107470  24.803  -44.236  8.797 0.6999999881
104564  23.128  -44.304  8.431 0.6000000238
110294  21.697  -43.785  7.407 0.4000000060
26755  31.256  -42.958  4.253 1.0000000000
27506  31.270  -42.844  3.340 1.0000000000
27522  31.289  -41.878  3.069 1.0000000000
28265  30.522  -41.566  2.290 1.0000000000
29040  29.142  -40.269  1.673 1.0000000000
108767  23.446  -39.871  0.632 0.8999999762
30004  22.844  -39.194  0.596 0.8999999762
30005  21.820  -39.203  0.497 0.8999999762
30931  21.082  -38.539  -0.675 0.8999999762
30015  21.217  -39.252  0.154 0.8999999762
29082  26.850  -40.629  -0.849 0.6000000238
29096  25.836  -40.642  -1.078 0.6000000238
30037  24.536  -39.769  -1.664 0.8000000119
30948  23.644  -38.760  -2.068 0.8000000119
30041  21.060  -39.356  -1.286 0.8999999762
27468  28.350  -42.608  6.390 0.8999999762
27454  28.013  -42.523  6.755 0.8999999762
26704  26.984  -43.027  7.371 0.6999999881
28181  28.407  -41.979  6.980 0.8999999762
101694  30.473  -42.646  5.614 1.0000000000
27452  29.684  -42.339  6.103 1.0000000000
26690  24.810  -43.414  9.013 0.6000000238
26691  23.723  -43.667  8.640 0.6000000238
26707  22.540  -43.450  7.878 0.5000000000
27484  31.485  -42.256  4.662 1.0000000000
26735  31.021  -42.909  5.079 1.0000000000
28228  31.684  -41.525  4.790 1.0000000000
27505  31.470  -42.348  3.824 1.0000000000
114080  31.050  -41.011  2.661 1.0000000000
99327  30.170  -40.441  2.183 1.0000000000
29978  29.348  -39.572  1.903 1.0000000000
110889  28.602  -39.636  1.613 1.0000000000
118442  27.447  -39.820  1.275 1.0000000000
29980  27.098  -39.376  1.354 1.0000000000
30001  26.439  -39.417  1.141 1.0000000000
108674  26.126  -39.067  1.153 1.0000000000
107812  25.519  -39.067  0.887 0.8999999762
29064  26.162  -39.866  0.848 0.8999999762
30003  23.938  -39.198  0.791 0.8999999762
30909  21.391  -38.592  0.306 0.8999999762
112495  21.835  -37.742  -1.418 0.8999999762
30022  29.244  -39.332  -0.559 0.6000000238
30023  28.256  -39.442  -0.594 0.6000000238
30025  26.304  -39.684  -0.827 0.6000000238
30036  25.385  -39.741  -1.144 0.6000000238
111276  24.454  -39.126  -2.025 0.8000000119
30949  22.709  -38.251  -1.879 0.8000000119
27453  28.854  -42.105  6.468 0.8999999762
27437  27.488  -42.270  7.642 0.6999999881
26705  26.352  -43.220  8.384 0.6000000238
26689  25.612  -43.182  8.887 0.6000000238
112016  30.594  -41.871  6.136 0.8999999762
27426  23.933  -42.637  8.663 0.6000000238
27467  31.166  -42.223  5.406 1.0000000000
28246  31.642  -41.673  3.953 1.0000000000
28215  31.451  -41.482  5.577 0.8999999762
28264  31.529  -40.979  3.331 1.0000000000
29027  31.071  -40.107  2.902 1.0000000000
29977  30.171  -39.478  2.407 1.0000000000
30879  29.471  -38.974  2.127 1.0000000000
30880  28.511  -39.074  1.732 1.0000000000
30881  27.534  -39.008  1.554 1.0000000000
30904  26.434  -38.646  1.129 1.0000000000
30905  25.741  -38.615  0.922 1.0000000000
31762  24.419  -37.832  0.672 0.8999999762
31763  23.464  -37.696  0.481 0.8999999762
30908  22.019  -38.437  0.548 0.8999999762
109602  21.474  -36.188  -0.776 0.8999999762
30928  28.681  -38.436  -0.848 0.6000000238
30024  27.281  -39.584  -0.681 0.6000000238
30946  26.009  -38.789  -0.964 0.6000000238
103131  26.093  -38.074  -1.475 0.6999999881
109966  24.590  -38.261  -2.124 0.6999999881
105123  21.385  -36.878  -1.107 0.8999999762
30021  30.200  -39.233  -0.593 0.6000000238
31807  25.174  -37.395  -2.154 0.6999999881
110341  23.525  -37.939  -2.066 0.8000000119
31809  22.519  -37.157  -1.602 0.8999999762
27438  26.779  -42.431  8.304 0.6999999881
27425  24.923  -42.549  8.980 0.6000000238
28198  29.472  -41.601  6.713 0.8999999762
28199  28.712  -41.603  6.993 0.8000000119
101810  28.180  -41.490  7.459 0.6999999881
98931  30.416  -41.227  6.675 0.8000000119
28966  31.529  -40.709  5.944 0.8000000119
29938  31.891  -40.155  4.546 0.8999999762
29007  31.799  -40.832  5.106 0.8000000119
116152  31.700  -40.200  3.726 1.0000000000
29976  30.812  -39.214  2.850 1.0000000000
107661  30.183  -38.917  2.477 1.0000000000
30900  30.002  -38.471  1.991 1.0000000000
30901  28.974  -38.594  1.597 1.0000000000
31759  27.652  -38.121  0.950 1.0000000000
30903  27.192  -38.631  1.272 1.0000000000
109650  26.014  -38.075  0.790 1.0000000000
31761  25.214  -37.954  0.766 0.8999999762
32551  23.764  -37.054  0.412 0.8999999762
31764  22.301  -37.651  0.328 0.8999999762
32579  21.691  -36.176  -0.378 0.8999999762
30930  26.875  -38.685  -0.877 0.6000000238
103346  25.534  -38.055  -1.916 0.6999999881
32593  21.703  -36.059  -1.251 0.8999999762
31801  31.021  -37.749  -1.225 0.6000000238
30927  29.620  -38.388  -0.858 0.6000000238
31808  23.928  -37.114  -2.044 0.6999999881
28170  27.117  -41.604  8.272 0.6999999881
28171  26.177  -41.753  8.682 0.6000000238
28969  28.879  -41.061  7.253 0.8000000119
28180  28.474  -41.270  7.367 0.8000000119
111610  27.732  -41.118  8.006 0.6999999881
28967  30.810  -40.494  6.637 0.6999999881
107910  29.803  -40.822  7.137 0.8000000119
29924  31.797  -40.054  5.411 0.6999999881
113336  32.103  -39.397  4.861 0.6999999881
30858  31.983  -38.637  3.594 0.8000000119
30859  31.321  -38.814  3.098 0.8000000119
30877  31.587  -38.247  2.821 0.8000000119
30878  30.797  -38.618  2.587 0.8999999762
31757  29.432  -38.034  1.287 1.0000000000
31758  28.515  -38.103  1.100 1.0000000000
31760  26.825  -38.125  0.840 1.0000000000
31783  26.399  -37.415  0.494 1.0000000000
31781  28.096  -37.556  0.571 1.0000000000
31782  27.250  -37.496  0.525 1.0000000000
32549  25.502  -37.296  0.478 1.0000000000
32576  24.869  -36.435  0.216 1.0000000000
32550  24.554  -37.121  0.468 0.8999999762
32577  23.595  -36.155  0.226 0.8999999762
32552  22.704  -36.748  -0.064 0.8999999762
32578  22.355  -35.719  -0.304 0.8999999762
30943  29.073  -37.715  -1.486 0.6000000238
30944  28.300  -37.793  -1.552 0.6000000238
111737  26.687  -38.121  -1.247 0.6000000238
31805  26.986  -37.583  -1.697 0.6999999881
33464  21.766  -35.402  -1.021 0.8999999762
110591  22.882  -36.287  -1.596 0.8999999762
32591  25.735  -36.642  -2.298 0.6999999881
32592  24.687  -36.525  -2.321 0.6999999881
32610  23.534  -35.915  -1.932 0.8999999762
33480  22.855  -35.019  -2.124 0.8999999762
28968  29.143  -40.280  7.417 0.6999999881
28954  28.481  -40.572  7.576 0.6000000238
28941  27.488  -40.356  8.290 0.6000000238
103825  25.449  -41.046  8.723 0.6000000238
29908  30.954  -39.434  6.665 0.6999999881
29895  28.671  -39.704  7.717 0.6000000238
29907  31.485  -39.992  6.127 0.6999999881
109971  32.245  -38.735  4.351 0.6999999881
31739  30.997  -38.086  2.144 0.8000000119
31756  30.405  -37.873  1.460 0.8000000119
31780  28.993  -37.596  0.609 1.0000000000
32548  29.972  -37.506  0.716 0.8000000119
32574  27.671  -36.953  0.088 1.0000000000
32575  26.825  -36.809  0.140 1.0000000000
102693  25.924  -36.645  0.166 1.0000000000
33437  27.244  -36.297  -0.282 1.0000000000
33438  26.401  -36.143  -0.248 1.0000000000
33439  25.429  -35.883  -0.185 1.0000000000
33454  24.953  -35.093  -0.569 1.0000000000
34327  23.833  -34.817  -0.647 1.0000000000
33440  23.137  -35.367  -0.431 0.8999999762
30945  27.538  -37.839  -1.507 0.6000000238
33455  22.172  -34.937  -1.026 0.8999999762
30942  29.983  -37.689  -1.397 0.6000000238
31803  28.712  -37.238  -2.093 0.6000000238
31823  27.861  -37.192  -2.131 0.6999999881
33463  22.644  -34.916  -1.538 0.8999999762
103140  27.592  -36.570  -2.433 0.6999999881
32609  25.159  -35.888  -2.658 0.6999999881
33479  23.120  -34.975  -3.064 0.8999999762
29884  26.458  -39.809  8.583 0.5000000000
29894  29.458  -39.433  7.502 0.6000000238
117922  28.257  -39.153  8.063 0.5000000000
29909  30.210  -39.225  7.254 0.6999999881
101155  31.891  -39.216  5.879 0.6999999881
30835  32.354  -38.187  4.658 0.6999999881
30836  32.227  -38.641  5.151 0.6999999881
31715  32.288  -37.813  3.207 0.6999999881
31738  31.939  -37.546  2.268 0.8000000119
31755  31.274  -37.616  1.592 0.8000000119
32547  30.974  -37.354  0.871 0.8000000119
32571  30.471  -36.844  0.240 0.8000000119
33436  29.028  -36.520  -0.490 0.8999999762
32573  28.554  -37.089  -0.004 1.0000000000
33435  29.948  -36.373  -0.351 0.8000000119
33451  28.598  -35.832  -0.853 0.8999999762
106770  28.127  -36.396  -0.380 1.0000000000
116011  26.864  -35.745  -0.534 1.0000000000
33453  26.102  -35.341  -0.622 1.0000000000
108046  24.438  -34.325  -1.066 1.0000000000
108354  23.529  -34.206  -1.266 0.8999999762
34328  22.837  -34.648  -1.085 0.8999999762
34342  22.903  -34.448  -1.818 0.8999999762
35272  23.017  -33.823  -1.750 0.8999999762
35290  22.645  -33.618  -2.686 0.8999999762
31802  29.399  -37.118  -2.084 0.6000000238
31822  28.529  -36.923  -2.313 0.6000000238
108501  26.992  -35.839  -2.787 0.6999999881
33478  24.205  -35.089  -3.164 0.8000000119
34352  22.718  -34.312  -3.674 0.8999999762
110809  30.279  -37.048  -1.992 0.6000000238
114994  27.881  -36.019  -2.680 0.6999999881
110093  26.714  -35.201  -3.383 0.6999999881
33504  23.152  -34.623  -3.738 0.8000000119
35307  22.494  -33.602  -3.611 0.8999999762
33477  25.637  -35.274  -3.180 0.6999999881
34379  22.917  -33.907  -4.117 0.8999999762
30810  29.834  -38.618  7.469 0.5000000000
30797  28.011  -38.431  8.003 0.5000000000
30809  30.659  -38.616  7.101 0.6999999881
30796  28.880  -38.709  7.755 0.5000000000
30808  31.415  -38.531  6.548 0.6999999881
30822  32.233  -37.972  5.226 0.6999999881
30823  31.985  -38.242  5.893 0.6999999881
31692  32.446  -37.450  4.711 0.6999999881
31714  32.619  -37.249  3.763 0.6999999881
32533  32.414  -36.828  2.078 0.6999999881
32570  31.401  -36.620  0.525 0.8000000119
106625  30.238  -35.793  -0.663 0.8000000119
33450  29.477  -35.862  -0.809 0.8000000119
34323  28.228  -35.192  -1.374 0.8999999762
33452  27.619  -35.656  -0.747 1.0000000000
34325  26.463  -34.729  -1.155 1.0000000000
34326  25.507  -34.558  -1.031 1.0000000000
34322  29.131  -35.355  -1.407 0.8000000119
34324  27.332  -34.954  -1.298 0.8999999762
35269  25.878  -33.910  -1.490 1.0000000000
34341  26.890  -34.190  -1.686 0.8999999762
35270  24.939  -33.846  -1.437 1.0000000000
35271  23.803  -33.422  -1.696 1.0000000000
36189  23.275  -32.171  -2.422 1.0000000000
35306  22.537  -32.682  -3.127 0.8999999762
32607  28.271  -36.520  -2.489 0.6999999881
36208  22.845  -31.655  -3.457 0.8999999762
31821  29.068  -36.689  -2.409 0.6000000238
32606  28.811  -36.278  -2.565 0.6000000238
35316  22.478  -32.671  -4.095 0.8999999762
33475  28.872  -35.624  -3.020 0.6999999881
33501  27.646  -35.487  -3.161 0.6999999881
34376  27.208  -34.732  -3.668 0.6999999881
33503  24.263  -34.531  -3.641 0.6999999881
34378  24.524  -33.730  -3.957 0.8000000119
33502  25.781  -34.549  -3.648 0.6999999881
101955  23.450  -32.858  -4.380 0.8000000119
36236  23.804  -31.820  -4.156 0.8999999762
34377  25.959  -33.603  -3.924 0.6999999881
108858  30.334  -37.893  7.331 0.5000000000
31693  32.050  -37.325  5.710 0.6999999881
31674  31.536  -37.705  6.494 0.5000000000
32515  32.731  -36.329  3.531 0.6999999881
32507  32.592  -36.528  4.481 0.6999999881
32532  32.744  -36.128  2.527 0.6999999881
116427  32.840  -35.764  2.031 0.6999999881
32545  32.521  -36.190  1.609 0.6999999881
33432  32.553  -35.771  0.897 0.6999999881
32569  32.088  -36.330  0.876 0.6999999881
33433  31.869  -35.918  0.295 0.8000000119
33434  30.942  -36.073  -0.215 0.8000000119
33448  31.725  -35.458  -0.467 0.8000000119
33449  30.846  -35.430  -0.913 0.8000000119
106632  29.997  -35.388  -1.240 0.8000000119
34320  31.536  -34.915  -1.262 0.8000000119
110534  30.265  -34.160  -2.122 0.8000000119
34339  28.768  -34.638  -1.866 0.8000000119
34340  27.835  -34.453  -1.843 0.8999999762
35287  26.239  -33.292  -2.115 0.8999999762
102186  29.908  -33.342  -2.472 0.8000000119
35284  29.323  -34.000  -2.258 0.8000000119
35288  24.824  -32.890  -1.970 1.0000000000
32604  29.931  -35.985  -2.899 0.6000000238
118431  23.370  -31.478  -2.866 1.0000000000
33500  28.240  -35.282  -3.371 0.6999999881
34375  28.250  -34.715  -3.751 0.6999999881
36207  23.705  -31.223  -3.157 1.0000000000
34393  27.427  -33.991  -4.009 0.6999999881
35330  25.178  -32.572  -4.296 0.8000000119
33385  32.817  -35.391  3.289 0.6999999881
115293  32.999  -35.216  2.355 0.6999999881
33417  32.956  -35.512  1.575 0.6999999881
33431  33.216  -35.278  0.834 0.6999999881
33447  32.604  -35.440  0.124 0.6999999881
33446  33.425  -35.008  0.003 0.6999999881
34319  32.611  -34.889  -0.787 0.8000000119
34337  31.198  -34.262  -1.914 0.8000000119
35282  31.742  -33.574  -2.178 0.8000000119
35283  30.822  -33.500  -2.345 0.8000000119
35285  28.355  -33.828  -2.302 0.8999999762
35286  27.363  -33.612  -2.222 0.8999999762
36184  28.893  -33.031  -2.563 0.8000000119
36185  27.836  -32.938  -2.471 0.8999999762
33499  29.294  -35.366  -3.406 0.6000000238
37135  27.200  -31.911  -2.551 0.8999999762
37136  25.924  -31.467  -2.676 0.8999999762
36188  24.109  -31.685  -2.608 1.0000000000
99877  29.797  -35.529  -3.363 0.6000000238
34392  28.473  -34.186  -4.086 0.6999999881
37166  24.758  -31.178  -3.378 0.8999999762
103102  26.530  -32.999  -4.291 0.8000000119
109096  24.521  -31.987  -4.273 0.8999999762
37186  24.695  -31.500  -3.825 0.8000000119
34312  33.811  -34.642  0.828 0.6999999881
34318  33.512  -34.513  -0.626 0.6999999881
35268  34.047  -33.801  -0.773 0.6999999881
34335  33.188  -34.156  -1.365 0.6999999881
37134  28.878  -32.029  -2.661 0.8000000119
116631  29.547  -31.810  -2.742 0.8000000119
37156  28.980  -31.262  -2.903 0.8000000119
36187  25.416  -32.110  -2.378 0.8999999762
99397  28.785  -35.167  -3.497 0.6000000238
110928  28.175  -32.259  -2.567 0.8000000119
38028  28.184  -30.462  -3.291 0.8999999762
37158  26.410  -30.889  -2.969 0.8999999762
110677  25.359  -30.645  -3.149 0.8999999762
34373  29.694  -34.997  -3.779 0.6000000238
34374  29.078  -34.751  -3.791 0.6999999881
102302  25.630  -30.329  -3.495 0.8999999762
35329  27.793  -33.388  -4.332 0.6999999881
37165  25.494  -30.559  -3.750 0.8000000119
37183  27.457  -31.606  -4.653 0.6999999881
37184  26.362  -31.157  -4.566 0.8000000119
35248  33.960  -33.986  1.736 0.6999999881
35260  34.289  -33.897  0.773 0.6999999881
116490  34.397  -33.731  0.029 0.6999999881
36183  30.499  -32.699  -2.590 0.8000000119
36206  30.225  -31.961  -2.739 0.8000000119
100043  29.881  -31.293  -2.926 0.8000000119
38029  26.789  -30.187  -3.360 0.8999999762
105271  29.607  -34.492  -4.009 0.6000000238
113522  25.789  -30.173  -3.299 0.8999999762
34391  29.183  -34.225  -4.103 0.6999999881
35328  28.821  -33.608  -4.322 0.6999999881
38868  26.248  -29.306  -3.884 0.8999999762
37182  28.550  -31.851  -4.683 0.6999999881
37202  26.855  -30.682  -4.954 0.8000000119
38051  25.853  -29.988  -4.256 0.8000000119
37201  27.715  -30.870  -5.105 0.6999999881
38064  26.857  -30.004  -5.273 0.8000000119
37203  26.304  -30.326  -4.722 0.8000000119
38063  27.908  -30.048  -5.379 0.8000000119
35247  34.415  -33.173  1.460 0.6999999881
35259  34.553  -33.166  0.577 0.6000000238
35326  30.713  -33.675  -4.271 0.6000000238
38854  28.581  -29.666  -3.519 0.8000000119
39706  27.662  -28.731  -3.722 0.8999999762
112772  26.426  -29.384  -3.687 0.8999999762
35327  29.744  -33.821  -4.322 0.6000000238
38880  26.594  -28.820  -4.062 0.8999999762
36233  28.197  -32.676  -4.501 0.8000000119
38881  26.186  -29.393  -4.144 0.8999999762
38901  26.298  -29.720  -4.735 0.8000000119
37200  28.794  -31.012  -5.109 0.6999999881
38899  28.028  -28.929  -5.537 0.8000000119
38900  27.261  -28.410  -5.192 0.8000000119
36231  30.303  -32.857  -4.590 0.6999999881
39705  28.887  -28.888  -3.736 0.8000000119
36252  30.500  -31.848  -4.837 0.5000000000
37181  29.578  -31.948  -4.747 0.6000000238
37199  29.842  -31.020  -5.039 0.6000000238
39734  27.140  -28.348  -4.529 0.8000000119
38062  30.126  -30.137  -5.366 0.6000000238
39750  30.620  -28.667  -6.082 0.6000000238
39752  28.412  -28.101  -5.893 0.8000000119
110360  26.664  -29.054  -4.783 0.8000000119
39751  29.420  -28.225  -6.108 0.6000000238
39721  27.963  -28.136  -4.000 0.8000000119
40613  28.266  -27.673  -4.484 0.8000000119
39733  27.512  -27.859  -4.529 0.8999999762
108787  30.800  -31.016  -5.222 0.6000000238
39753  27.788  -27.657  -5.768 0.8000000119
117194  27.782  -27.198  -5.783 0.8000000119
116243  28.973  -27.497  -6.605 0.6000000238
40629  28.517  -27.159  -5.065 0.8000000119
40642  27.767  -26.774  -5.993 0.8000000119
38896  31.552  -29.437  -5.929 0.6000000238
38912  31.331  -28.488  -6.298 0.6000000238
40657  27.872  -26.289  -6.676 0.8000000119
104898  30.995  -27.717  -6.559 0.6000000238
41591  28.291  -25.443  -7.412 0.6999999881
41567  28.060  -25.399  -6.986 0.8000000119
41578  31.053  -26.062  -7.454 0.6000000238
41590  29.233  -25.658  -7.615 0.6000000238
42486  29.689  -24.593  -7.604 0.6999999881
40665  32.499  -26.921  -7.003 0.6000000238
40654  31.350  -27.152  -6.812 0.6000000238
42442  29.914  -25.736  -5.702 0.8000000119
41554  28.577  -26.506  -5.616 0.8000000119
38911  32.334  -28.999  -6.257 0.6000000238
41553  29.862  -26.405  -5.307 0.8000000119
39763  33.023  -28.481  -6.470 0.5000000000
42468  28.330  -24.688  -7.217 0.8000000119
41568  28.024  -26.182  -6.531 0.8000000119
40653  33.306  -27.623  -6.691 0.6000000238
39764  32.012  -28.131  -6.495 0.6000000238
108459  29.526  -23.697  -7.377 0.6000000238
41588  34.661  -26.286  -7.448 0.5000000000
41589  32.708  -26.056  -7.389 0.6000000238
42485  31.618  -25.081  -7.648 0.6000000238
42483  34.253  -25.427  -7.690 0.6000000238
42484  33.145  -25.293  -7.643 0.6000000238
43360  33.082  -24.015  -8.011 0.6000000238
42453  28.985  -24.773  -6.419 0.8000000119
43322  30.376  -24.031  -6.311 0.8000000119
40664  33.712  -26.758  -7.055 0.6000000238
103770  30.535  -23.912  -7.806 0.6000000238
44268  31.531  -22.798  -8.330 0.6000000238
43347  29.951  -23.023  -7.800 0.6999999881
42501  35.716  -25.231  -8.161 0.5000000000
44267  32.721  -23.334  -8.309 0.6000000238
99780  35.100  -24.613  -7.960 0.5000000000
108455  34.170  -24.287  -7.932 0.6000000238
110486  33.698  -23.725  -8.170 0.6000000238
101289  36.945  -24.397  -9.217 0.5000000000
44242  30.035  -22.880  -7.532 0.6000000238
110774  30.534  -22.687  -8.124 0.6000000238
43333  29.522  -23.503  -7.209 0.6000000238
44254  30.413  -22.533  -7.867 0.6000000238
44264  36.158  -24.151  -8.600 0.5000000000
44278  35.737  -23.243  -8.615 0.6000000238
45182  34.831  -23.124  -8.539 0.6000000238
45183  33.725  -23.031  -8.491 0.6000000238
45184  32.547  -22.668  -8.571 0.6000000238
45185  31.588  -22.281  -8.474 0.6000000238
44277  36.433  -23.444  -8.891 0.6000000238
45190  36.237  -22.579  -8.945 0.6000000238
44276  37.786  -23.932  -9.562 0.5000000000
44285  37.956  -22.889  -9.628 0.5000000000
101201  38.634  -23.515  -10.005 0.4000000060
45201  38.456  -22.309  -10.020 0.5000000000
45150  30.738  -22.534  -7.368 0.6000000238
45163  30.941  -22.102  -7.690 0.6000000238
45192  34.325  -22.337  -8.993 0.6000000238
45193  33.187  -22.150  -9.011 0.6000000238
112193  31.417  -21.412  -8.331 0.6000000238
45204  35.913  -21.818  -9.300 0.6000000238
46130  34.968  -21.603  -9.503 0.6000000238
45189  37.114  -22.966  -9.268 0.5000000000
45203  36.756  -21.882  -9.220 0.6000000238
45202  37.632  -21.926  -9.679 0.5000000000
45200  39.207  -22.582  -10.242 0.4000000060
46138  38.979  -21.743  -10.236 0.4000000060
46131  33.851  -21.560  -9.523 0.6000000238
46133  32.358  -21.565  -8.984 0.5000000000
118151  31.496  -21.150  -8.211 0.5000000000
46114  31.650  -21.555  -7.490 0.5000000000
46950  33.340  -20.676  -9.720 0.5000000000
108456  36.356  -21.341  -9.468 0.6000000238
46141  37.025  -21.176  -9.535 0.5000000000
46139  38.321  -21.453  -10.069 0.4000000060
46943  31.622  -20.987  -7.916 0.4000000060
46143  35.255  -20.739  -9.813 0.6000000238
111633  34.323  -20.866  -9.858 0.5000000000
46960  37.186  -20.430  -9.862 0.4000000060
46961  36.271  -20.686  -9.718 0.6000000238
117337  33.937  -20.397  -10.033 0.4000000060
46959  37.902  -20.154  -10.037 0.4000000060
105289  37.414  -19.612  -9.910 0.4000000060
47866  32.692  -18.994  -10.046 0.4000000060
104853  36.620  -19.785  -9.907 0.4000000060
46962  34.545  -20.015  -10.127 0.4000000060
46958  38.402  -20.665  -10.049 0.4000000060
104589  35.654  -19.886  -9.918 0.4000000060
47844  32.146  -19.387  -8.248 0.4000000060
47847  31.690  -19.004  -9.520 0.4000000060
47865  33.944  -19.097  -10.307 0.4000000060
112143  37.564  -18.954  -9.749 0.4000000060
47862  36.972  -18.991  -9.919 0.4000000060
47863  36.125  -19.071  -10.043 0.4000000060
47864  35.112  -19.040  -10.407 0.4000000060
48815  31.756  -18.887  -9.227 0.4000000060
48823  31.772  -18.563  -9.759 0.4000000060
48827  37.325  -18.361  -9.772 0.3000000119
48829  35.136  -18.143  -10.457 0.4000000060
112099  34.420  -18.417  -10.448 0.4000000060
49699  32.109  -18.185  -9.448 0.4000000060
48831  33.325  -18.110  -10.240 0.4000000060
28318  20.853  -40.967  -1.357 0.8000000119
101266  20.662  -41.046  -0.273 0.8999999762
28287  21.870  -41.245  0.426 0.8999999762
27542  21.322  -41.748  0.186 0.8999999762
105431  28.327  -42.214  0.821 0.8999999762
118086  28.206  -40.868  1.254 1.0000000000
29041  28.208  -40.160  1.375 1.0000000000
27539  24.577  -41.833  0.408 0.8999999762
27537  26.476  -41.775  0.561 0.8999999762
28283  26.135  -40.901  0.694 0.8999999762
29063  27.390  -40.473  1.073 1.0000000000
28286  24.162  -41.149  0.440 0.8999999762
29066  24.839  -40.456  0.597 0.8999999762
108489  26.518  -40.371  0.830 1.0000000000
109192  23.010  -41.257  0.482 0.8999999762
116207  25.314  -39.499  0.739 0.8999999762
105960  31.755  -20.428  -8.819 0.4000000060
46951  32.293  -20.671  -9.228 0.4000000060
114737  31.724  -20.598  -8.393 0.4000000060
46937  32.474  -20.914  -7.376 0.4000000060
23963  27.577  -47.965  0.689 0.8000000119
24615  30.490  -46.374  4.305 1.0000000000
23974  27.024  -47.246  0.337 0.8000000119
26019  29.688  -44.826  5.698 0.8999999762
26103  29.022  -44.738  0.526 0.8999999762
25432  27.790  -45.608  0.191 0.8000000119
106212  25.617  -44.736  -0.411 0.8000000119
26804  30.543  -43.860  1.886 1.0000000000
26106  26.004  -44.067  -0.329 0.8999999762
26108  24.026  -44.207  -0.128 0.8000000119
27540  23.474  -42.002  0.411 0.8999999762
26808  22.891  -42.844  0.353 0.8000000119
28285  24.975  -41.083  0.548 0.8999999762
102227  26.984  -43.289  6.227 1.0000000000
25967  24.211  -44.893  8.671 0.6000000238
113915  21.458  -45.380  7.836 0.4000000060
25984  22.296  -44.400  8.008 0.4000000060
28282  27.831  -41.330  0.968 0.8999999762
102704  21.337  -41.751  -1.538 0.6999999881
30950  21.872  -38.584  -1.644 0.8000000119
29067  22.680  -40.555  0.541 0.8999999762
108816  23.775  -40.992  -1.713 0.6000000238
30026  20.932  -39.318  -0.366 0.8999999762
108401  23.842  -40.503  0.533 0.8999999762
31792  21.042  -37.677  -0.385 0.8999999762
31791  21.239  -37.018  -0.694 0.8999999762
30947  25.261  -38.859  -1.604 0.6999999881
27436  28.007  -42.132  7.234 0.8000000119
30902  28.040  -38.617  1.415 1.0000000000
29065  25.497  -39.973  0.698 0.8999999762
107353  25.038  -38.548  0.790 0.8999999762
30906  24.223  -38.505  0.773 0.8999999762
108449  24.605  -39.796  0.674 0.8999999762
31765  21.328  -37.770  0.141 0.8999999762
28197  31.081  -41.196  6.302 0.8000000119
108078  24.170  -41.762  8.626 0.5000000000
29026  31.785  -40.910  4.217 1.0000000000
104888  21.810  -36.998  -0.118 0.8999999762
29960  31.995  -39.450  4.061 0.8000000119
29961  31.517  -39.424  3.432 0.8999999762
31806  26.250  -37.356  -1.943 0.6999999881
32611  22.410  -35.465  -1.504 0.8999999762
107024  24.195  -35.778  -2.585 0.8000000119
114351  26.301  -41.124  8.623 0.6000000238
98621  30.091  -39.977  7.213 0.8000000119
98506  28.003  -39.908  8.051 0.6000000238
104861  24.269  -35.565  -0.051 1.0000000000
34353  22.688  -34.365  -2.858 0.8999999762
112436  27.244  -39.591  8.439 0.6000000238
28943  25.866  -40.445  8.666 0.5000000000
30857  32.497  -38.065  4.004 0.6999999881
32572  29.486  -37.057  0.044 0.8999999762
29896  27.595  -39.013  8.374 0.5000000000
31737  32.626  -37.061  2.847 0.6999999881
32546  31.879  -37.014  1.315 0.8000000119
35289  22.853  -33.015  -2.226 0.8999999762
115399  31.059  -37.994  7.060 0.6000000238
31676  29.877  -37.063  7.183 0.5000000000
34321  30.599  -34.852  -1.571 0.8000000119
34338  29.692  -34.754  -1.763 0.8000000119
36213  23.616  -31.538  -3.746 0.8999999762
31675  30.763  -37.308  6.854 0.5000000000
32493  31.888  -36.360  5.775 0.6999999881
34336  32.178  -34.281  -1.644 0.8000000119
36186  26.726  -32.613  -2.401 0.8999999762
36235  25.612  -31.845  -4.332 0.8000000119
33403  33.439  -34.856  1.608 0.6999999881
105324  34.058  -34.393  -0.017 0.6999999881
36182  31.350  -32.804  -2.477 0.8000000119
38036  25.913  -29.800  -3.802 0.8999999762
38855  27.342  -29.485  -3.544 0.8999999762
35236  33.591  -33.583  2.543 0.6000000238
38898  29.236  -29.121  -5.625 0.6999999881
39722  27.125  -28.312  -4.016 0.8999999762
40656  28.653  -26.740  -7.018 0.6999999881
40655  29.898  -27.055  -7.200 0.6000000238
40666  30.044  -26.550  -7.458 0.6000000238
41592  28.050  -25.063  -7.254 0.8000000119
42452  28.882  -23.958  -6.943 0.6999999881
43359  34.557  -24.893  -7.814 0.6000000238
44265  35.382  -23.927  -8.244 0.6000000238
46132  33.003  -21.391  -9.379 0.6000000238
46942  31.877  -20.201  -7.991 0.4000000060
105421  31.831  -19.669  -9.297 0.4000000060
48811  32.461  -18.573  -8.455 0.4000000060
100086  35.768  -17.941  -10.206 0.4000000060
27541  22.148  -42.095  0.258 0.8999999762
108697  26.419  -54.004  5.834 0.4000000060
18782  25.980  -53.244  6.034 0.4000000060
18783  24.969  -53.176  5.852 0.4000000060
18780  27.732  -53.423  5.403 0.4000000060
19673  25.474  -52.437  5.996 0.4000000060
19674  24.542  -52.382  5.594 0.4000000060
18779  28.299  -52.977  5.014 0.3000000119
19672  26.575  -52.470  6.095 0.4000000060
19701  28.284  -52.577  3.656 0.4000000060
20602  28.173  -52.051  2.833 0.4000000060
20616  27.709  -51.432  2.068 0.4000000060
20629  27.046  -51.120  1.392 0.4000000060
20579  25.890  -51.688  6.115 0.5000000000
101355  24.985  -51.648  5.765 0.4000000060
20576  28.267  -51.855  5.517 0.4000000060
20578  26.703  -51.682  6.183 0.4000000060
20601  28.734  -51.715  3.619 0.5000000000
20615  28.451  -51.391  2.706 0.4000000060
21504  27.552  -50.590  1.535 0.5000000000
21505  26.728  -50.326  0.953 0.5000000000
22327  26.053  -49.550  0.613 0.6000000238
21506  25.746  -50.417  0.578 0.5000000000
22328  25.170  -49.670  0.348 0.6000000238
23158  24.620  -48.954  0.026 0.4000000060
21458  25.443  -50.918  5.854 0.5000000000
21459  24.596  -50.907  5.412 0.5000000000
20590  23.822  -50.945  4.953 0.5000000000
21480  22.744  -50.643  3.924 0.5000000000
111901  27.886  -51.353  5.939 0.6000000238
100300  27.183  -51.195  6.171 0.6000000238
20589  28.822  -51.605  4.750 0.5000000000
109291  28.507  -51.075  5.533 0.6000000238
21490  29.013  -50.883  2.972 0.5000000000
21491  28.298  -50.721  2.192 0.4000000060
112614  27.371  -49.917  1.219 0.6000000238
22326  26.870  -49.410  0.884 0.6000000238
23145  26.317  -48.747  0.607 0.6000000238
23157  24.956  -48.159  0.014 0.6000000238
23977  24.305  -47.431  -0.234 0.6000000238
23146  25.485  -48.837  0.368 0.6000000238
97995  23.986  -48.194  -0.180 0.6000000238
23978  23.164  -47.443  -0.342 0.6000000238
98055  25.996  -50.222  5.835 0.5000000000
22277  25.078  -50.161  5.405 0.5000000000
21470  23.503  -50.320  4.479 0.5000000000
21456  27.754  -50.531  6.074 0.6000000238
21457  26.814  -50.515  6.116 0.6000000238
21479  29.174  -50.873  3.989 0.6000000238
21455  28.640  -50.224  5.645 0.6000000238
21467  29.452  -50.054  4.334 0.6000000238
22310  28.906  -49.982  2.368 0.6000000238
22325  28.087  -49.997  1.615 0.6000000238
24680  23.503  -46.676  -0.341 0.6000000238
104662  22.646  -46.063  -0.202 0.6999999881
22292  24.712  -49.584  4.875 0.6000000238
22293  23.960  -49.551  4.478 0.5000000000
22302  23.092  -49.523  3.918 0.5000000000
22275  26.907  -49.658  5.917 0.6000000238
114167  23.102  -48.437  3.542 0.5000000000
111719  21.583  -48.621  2.734 0.5000000000
22274  28.043  -49.650  5.970 0.6000000238
104628  29.089  -49.234  2.167 0.6000000238
22276  25.621  -49.177  5.268 0.6000000238
23115  23.690  -48.833  4.093 0.6000000238
23104  24.575  -48.744  4.425 0.6000000238
23114  23.843  -47.838  3.784 0.6000000238
23116  22.513  -47.918  3.098 0.6000000238
23117  21.862  -47.793  2.735 0.6000000238
101290  26.681  -48.666  5.611 0.6000000238
23951  20.547  -46.738  2.242 0.5000000000
22273  28.729  -49.437  5.670 0.6000000238
25436  22.505  -45.284  -0.024 0.6999999881
112689  25.966  -48.246  5.179 0.6000000238
23087  27.410  -48.103  5.791 0.6000000238
110297  24.630  -47.791  4.181 0.6000000238
100804  23.007  -47.339  3.163 0.6000000238
23950  21.417  -46.665  2.500 0.6000000238
105311  27.628  -48.933  5.897 0.6000000238
23949  22.035  -46.034  2.718 0.6000000238
23085  28.819  -48.713  5.677 0.6000000238
26110  21.574  -43.884  0.109 0.6999999881
23086  28.205  -48.374  5.885 0.6000000238
23913  25.090  -47.138  4.230 0.6999999881
23931  23.538  -46.561  3.248 0.6999999881
27551  21.262  -42.452  -0.053 0.6999999881
23912  25.824  -47.410  4.753 0.6999999881
23894  28.024  -47.569  5.851 0.6999999881
23088  26.559  -47.743  5.390 0.6999999881
24618  24.842  -46.090  3.797 0.6999999881
24633  24.115  -45.787  3.387 0.6999999881
23932  22.755  -46.208  2.786 0.6000000238
24635  22.561  -45.578  2.936 0.6999999881
25389  23.033  -45.178  3.593 0.6000000238
24636  21.130  -45.791  3.200 0.5000000000
98222  20.852  -41.834  -0.816 0.8000000119
23911  26.408  -46.712  4.958 0.6999999881
24632  24.769  -44.923  3.514 0.6999999881
25388  23.897  -44.964  3.532 0.6999999881
23916  20.406  -46.643  4.070 0.5000000000
26072  23.742  -44.254  3.905 0.6999999881
25362  22.542  -45.343  3.740 0.6000000238
24619  22.012  -45.733  4.239 0.6000000238
38027  29.352  -30.569  -3.235 0.6999999881
35281  32.682  -33.541  -1.972 0.6999999881
36205  31.015  -32.075  -2.707 0.6999999881
35280  33.609  -33.199  -1.621 0.6000000238
37155  30.686  -31.401  -2.905 0.6999999881
38026  30.357  -30.706  -3.174 0.6999999881
38853  29.879  -29.772  -3.441 0.6999999881
35279  34.268  -32.966  -0.993 0.6000000238
104042  32.977  -32.868  -2.175 0.6000000238
36204  31.844  -32.137  -2.572 0.6999999881
112505  31.106  -30.915  -3.070 0.6999999881
110299  34.662  -32.225  -0.586 0.6000000238
39704  29.979  -28.859  -3.597 0.6999999881
40612  29.721  -27.056  -4.768 0.6999999881
36179  34.169  -32.371  -1.465 0.6000000238
36180  33.507  -32.347  -2.075 0.6000000238
38024  32.945  -30.664  -2.768 0.6000000238
105020  31.863  -30.794  -3.028 0.6999999881
38025  31.088  -30.146  -3.258 0.6999999881
116405  31.043  -28.247  -3.786 0.6999999881
39719  30.587  -27.693  -4.179 0.6999999881
41552  30.838  -26.205  -5.142 0.6999999881
37131  34.590  -31.629  -1.252 0.6000000238
38008  34.501  -31.116  -1.711 0.6000000238
106848  33.931  -30.118  -2.526 0.5000000000
38850  33.098  -29.686  -2.983 0.6000000238
39717  32.505  -28.414  -3.589 0.5000000000
39718  31.731  -27.859  -3.979 0.6999999881
41551  31.846  -26.348  -4.853 0.6999999881
42441  30.937  -25.389  -5.573 0.6999999881
47851  40.197  -19.398  -9.296 0.3000000119
47852  39.199  -19.641  -9.381 0.3000000119
47861  37.986  -19.344  -9.738 0.3000000119
103198  25.451  -54.003  5.959 0.4000000060
101164  24.386  -53.902  5.723 0.3000000119
18785  23.358  -53.768  5.243 0.4000000060
17886  27.565  -54.331  5.172 0.3000000119
18796  23.322  -52.935  5.033 0.4000000060
18814  28.001  -53.446  3.668 0.4000000060
19675  23.730  -52.334  5.110 0.4000000060
19717  27.782  -52.757  2.894 0.4000000060
20617  26.905  -51.940  1.648 0.4000000060
20630  26.272  -51.294  0.937 0.4000000060
22340  24.180  -49.881  0.037 0.4000000060
20592  22.857  -51.542  4.192 0.4000000060
98916  23.592  -49.007  -0.256 0.5000000000
21481  21.914  -50.638  3.321 0.5000000000
24681  22.162  -46.713  -0.249 0.6000000238
105760  22.388  -49.890  3.464 0.5000000000
22304  21.732  -49.583  3.027 0.5000000000
22311  20.865  -49.039  2.500 0.5000000000
109071  21.066  -47.655  2.361 0.5000000000
23952  19.490  -46.928  2.021 0.4000000060
104828  21.341  -44.794  0.117 0.6999999881
24637  20.539  -46.027  3.002 0.5000000000
26822  21.023  -43.377  -0.204 0.6999999881
24621  20.717  -46.059  3.573 0.5000000000
27558  20.983  -42.700  -0.491 0.8000000119
23106  20.684  -48.330  4.824 0.5000000000
23105  20.953  -47.493  4.743 0.6000000238
32492  32.343  -36.702  5.224 0.6000000238
33373  32.656  -35.481  4.347 0.6000000238
38007  34.995  -30.891  -1.059 0.5000000000
115163  34.592  -29.692  -2.189 0.5000000000
39702  34.003  -28.438  -2.996 0.5000000000
39716  33.334  -28.091  -3.494 0.5000000000
41550  33.027  -26.469  -4.512 0.5000000000
117979  32.142  -24.369  -5.846 0.5000000000
48819  40.585  -18.493  -9.169 0.3000000119
48820  39.436  -18.774  -9.064 0.3000000119
47853  38.503  -18.976  -9.360 0.3000000119
22272  29.193  -49.134  5.354 0.6000000238
21454  29.199  -49.816  5.197 0.6000000238
22301  29.394  -50.134  3.361 0.6000000238
116983  24.981  -44.179  3.540 0.8000000119
24679  24.612  -46.653  -0.332 0.6999999881
26809  21.808  -43.037  0.064 0.6999999881
36181  32.218  -32.861  -2.329 0.6999999881
39720  29.143  -28.230  -4.015 0.6999999881
43313  31.846  -24.924  -5.658 0.6000000238
28301  20.949  -41.805  -0.090 0.8000000119
113713  21.804  -42.469  -1.769 0.6999999881
37154  31.477  -31.465  -2.834 0.6999999881
18781  26.936  -53.343  5.872 0.4000000060
19670  28.016  -52.595  5.483 0.4000000060
18813  28.275  -53.055  4.351 0.3000000119
19685  28.471  -52.324  5.108 0.5000000000
20591  23.468  -51.648  4.726 0.5000000000
20603  22.272  -51.442  3.705 0.5000000000
24620  21.281  -45.793  3.735 0.6000000238
38852  30.681  -29.385  -3.441 0.6999999881
114566  30.218  -28.246  -3.857 0.6999999881
36203  32.706  -32.217  -2.417 0.6999999881
37152  33.278  -31.571  -2.413 0.6000000238
37153  32.350  -31.475  -2.690 0.6999999881
105366  32.143  -29.991  -3.184 0.6999999881
38023  33.943  -30.940  -2.266 0.6000000238
38849  34.049  -29.233  -2.671 0.5000000000
38865  32.349  -29.174  -3.345 0.6000000238
38851  31.477  -29.360  -3.397 0.6999999881
41535  31.052  -26.949  -4.548 0.6999999881
38022  34.715  -30.364  -1.801 0.5000000000
38864  33.225  -28.863  -3.223 0.5000000000
40611  32.682  -27.769  -3.860 0.5000000000
41534  32.345  -27.154  -4.314 0.5000000000
42440  32.500  -25.713  -5.169 0.5000000000
107882  35.137  -30.158  -0.877 0.5000000000
40598  34.101  -27.716  -3.267 0.5000000000
41533  33.447  -27.261  -3.898 0.5000000000
43312  33.081  -25.056  -5.428 0.5000000000
26830  20.652  -43.752  -0.810 0.6000000238
27570  21.025  -42.814  -1.204 0.6000000238
27567  23.271  -42.239  -1.759 0.5000000000
27569  21.337  -43.290  -1.615 0.6000000238
27565  25.495  -42.150  -1.689 0.5000000000
28316  22.783  -41.201  -1.933 0.6000000238
23074  23.218  -48.697  6.447 0.5000000000
102991  22.766  -40.502  -2.747 0.6000000238
28313  26.315  -41.975  -1.635 0.5000000000
28314  24.653  -41.527  -1.607 0.5000000000
29095  27.481  -41.370  -1.177 0.5000000000
23062  23.286  -48.628  7.697 0.4000000060
23063  22.580  -49.047  8.123 0.4000000060
23053  22.005  -48.310  8.456 0.4000000060
115176  25.566  -41.372  -1.416 0.5000000000
29094  28.403  -41.339  -1.048 0.5000000000
110869  26.573  -41.381  -1.273 0.5000000000
23857  21.387  -47.526  8.311 0.4000000060
29080  28.811  -40.409  -0.600 0.5000000000
29081  27.826  -40.528  -0.726 0.5000000000
24577  20.639  -46.743  7.832 0.4000000060
27439  23.033  -42.666  8.006 0.4000000060
27440  22.432  -42.623  7.396 0.4000000060
115497  21.888  -42.964  7.125 0.3000000119
106265  27.693  -37.730  7.812 0.4000000060
30798  27.124  -38.174  8.192 0.4000000060
28944  24.948  -40.309  8.631 0.4000000060
28172  24.495  -40.971  8.635 0.4000000060
31678  27.825  -36.904  7.515 0.4000000060
29886  24.657  -39.666  8.399 0.4000000060
103451  23.616  -40.967  8.220 0.4000000060
29897  24.053  -39.198  8.060 0.4000000060
28945  24.015  -40.124  8.261 0.4000000060
28183  22.676  -41.941  7.326 0.4000000060
107410  26.739  -38.956  8.490 0.4000000060
30799  26.187  -38.276  8.228 0.4000000060
29885  25.414  -39.696  8.553 0.4000000060
31677  28.902  -36.918  7.409 0.4000000060
31667  26.444  -37.708  7.821 0.4000000060
31668  25.672  -37.685  7.723 0.4000000060
30791  24.908  -39.026  8.261 0.4000000060
30801  24.351  -38.425  7.871 0.4000000060
28955  23.288  -40.325  7.750 0.4000000060
31670  23.970  -37.934  7.422 0.4000000060
29910  22.692  -39.201  6.928 0.4000000060
28956  22.886  -40.985  7.370 0.4000000060
32478  31.384  -36.810  6.379 0.4000000060
32481  28.382  -35.958  7.116 0.4000000060
32473  26.961  -36.710  7.374 0.4000000060
32474  26.186  -37.021  7.418 0.4000000060
32479  30.417  -36.339  6.682 0.4000000060
32480  29.410  -36.183  7.003 0.4000000060
32483  26.478  -36.188  7.106 0.4000000060
31679  25.206  -37.104  7.295 0.4000000060
31669  24.762  -37.757  7.594 0.4000000060
100824  24.836  -36.643  6.855 0.4000000060
31681  23.378  -37.882  6.847 0.4000000060
33354  32.372  -35.905  5.209 0.5000000000
33356  30.876  -35.187  5.924 0.5000000000
113684  30.481  -35.587  6.348 0.4000000060
33346  29.015  -35.491  6.610 0.4000000060
110545  28.375  -35.338  6.508 0.4000000060
32482  27.367  -36.053  7.174 0.4000000060
33355  31.706  -35.509  5.663 0.5000000000
33357  30.057  -35.008  6.137 0.4000000060
34226  28.017  -34.917  6.107 0.4000000060
33358  27.276  -34.982  6.157 0.4000000060
34233  31.383  -34.669  5.446 0.4000000060
34234  30.382  -34.501  5.568 0.4000000060
34235  29.355  -34.501  5.732 0.4000000060
34225  28.749  -34.918  6.164 0.4000000060
34237  27.596  -34.500  5.633 0.4000000060
35198  30.992  -33.103  4.346 0.4000000060
35199  30.117  -33.201  4.555 0.4000000060
35200  29.162  -33.300  4.568 0.4000000060
36106  28.560  -32.735  3.982 0.4000000060
34251  32.839  -34.606  3.906 0.5000000000
118095  32.560  -33.317  3.640 0.5000000000
112168  31.632  -33.596  4.515 0.4000000060
36125  29.865  -31.946  3.689 0.4000000060
36105  29.506  -32.626  4.083 0.4000000060
34285  33.400  -34.351  2.364 0.5000000000
35191  30.909  -33.806  5.031 0.4000000060
35192  29.772  -33.866  5.102 0.4000000060
35193  28.807  -33.842  5.191 0.4000000060
35194  27.923  -33.917  5.152 0.4000000060
35237  33.065  -33.202  3.124 0.5000000000
35221  31.810  -33.036  3.904 0.5000000000
36103  31.078  -32.549  3.807 0.4000000060
36124  30.722  -31.901  3.461 0.4000000060
107716  29.059  -32.128  3.568 0.3000000119
101288  34.010  -33.037  2.259 0.5000000000
36122  32.329  -32.633  3.359 0.5000000000
36123  31.543  -32.254  3.409 0.4000000060
37068  30.095  -31.428  3.238 0.4000000060
111816  29.447  -31.637  3.281 0.3000000119
37069  28.715  -31.629  2.989 0.3000000119
37070  27.748  -31.885  2.988 0.3000000119
36140  33.514  -32.269  2.537 0.5000000000
36152  34.597  -32.572  1.106 0.5000000000
36142  32.029  -31.889  3.011 0.3000000119
115568  31.315  -31.682  3.037 0.4000000060
107788  30.767  -31.378  2.874 0.4000000060
37092  29.520  -31.236  2.857 0.3000000119
37093  28.091  -31.230  2.563 0.3000000119
37089  32.617  -31.559  2.566 0.3000000119
36153  34.322  -32.233  1.951 0.4000000060
37106  34.597  -31.842  1.088 0.4000000060
36166  34.728  -32.423  0.360 0.4000000060
37124  34.918  -31.379  -0.518 0.4000000060
37090  31.480  -31.292  2.630 0.3000000119
37091  30.190  -31.081  2.807 0.3000000119
106352  29.071  -30.476  2.344 0.3000000119
106628  28.922  -31.015  2.559 0.3000000119
37094  27.247  -31.332  2.487 0.3000000119
37095  26.384  -31.307  2.487 0.3000000119
37957  28.383  -30.599  2.342 0.3000000119
37958  27.598  -30.694  2.265 0.3000000119
37959  26.765  -30.707  2.154 0.3000000119
37088  33.585  -31.603  2.276 0.3000000119
37107  34.102  -31.302  1.761 0.3000000119
37970  34.574  -30.976  0.993 0.3000000119
37995  35.054  -30.527  0.062 0.4000000060
38840  35.087  -29.468  -1.360 0.4000000060
38848  34.778  -29.135  -2.090 0.4000000060
106706  34.575  -28.006  -2.701 0.4000000060
37960  25.849  -30.638  2.143 0.3000000119
37972  32.448  -30.105  1.957 0.3000000119
37953  32.040  -30.750  2.341 0.3000000119
37952  33.161  -30.809  2.112 0.3000000119
37988  34.372  -30.028  1.121 0.3000000119
38826  35.159  -29.524  -0.239 0.3000000119
39677  35.225  -28.698  -0.574 0.4000000060
39676  35.398  -27.954  -0.988 0.3000000119
39691  35.122  -28.632  -1.575 0.4000000060
40610  34.368  -26.980  -3.466 0.4000000060
110577  34.010  -26.468  -4.095 0.4000000060
42439  33.779  -25.731  -4.718 0.4000000060
37971  33.918  -30.607  1.560 0.3000000119
40571  35.541  -27.137  -1.219 0.3000000119
40596  35.393  -26.975  -2.176 0.3000000119
41532  34.654  -26.227  -3.467 0.4000000060
44229  34.255  -23.558  -5.410 0.4000000060
43321  33.379  -24.183  -5.589 0.4000000060
44230  33.198  -23.326  -6.100 0.4000000060
113273  31.936  -23.686  -6.293 0.5000000000
101970  35.507  -25.638  -1.979 0.3000000119
42411  35.159  -25.895  -2.771 0.3000000119
42430  34.973  -25.524  -3.428 0.4000000060
43310  35.081  -24.230  -4.162 0.4000000060
112826  34.407  -24.123  -4.982 0.4000000060
45137  35.099  -23.081  -5.071 0.3000000119
111604  34.259  -22.733  -5.912 0.4000000060
45149  32.947  -22.491  -6.501 0.3000000119
46102  32.622  -21.710  -6.900 0.3000000119
44231  31.852  -22.899  -6.718 0.4000000060
109007  35.502  -25.802  -1.279 0.3000000119
43299  35.589  -24.373  -2.618 0.3000000119
43309  35.545  -24.110  -3.277 0.3000000119
44211  35.634  -23.613  -3.564 0.3000000119
104844  35.497  -23.342  -4.232 0.3000000119
45136  35.792  -22.560  -4.534 0.3000000119
45148  35.306  -22.304  -5.478 0.3000000119
46100  34.700  -22.010  -6.133 0.3000000119
46101  33.796  -21.990  -6.502 0.3000000119
46113  33.444  -21.355  -6.864 0.3000000119
46112  34.412  -21.386  -6.586 0.3000000119
106185  35.631  -24.018  -1.942 0.3000000119
117453  36.145  -21.074  -5.524 0.3000000119
46111  35.475  -21.449  -6.030 0.3000000119
46935  34.890  -20.510  -6.568 0.3000000119
47837  33.952  -19.798  -7.036 0.3000000119
47838  32.764  -19.976  -7.454 0.3000000119
47843  33.144  -19.131  -7.594 0.3000000119
48810  33.449  -18.314  -7.818 0.3000000119
34232  32.268  -34.996  5.196 0.5000000000
118226  32.486  -34.610  4.566 0.5000000000
26111  20.735  -44.257  -0.267 0.6000000238
26838  20.428  -44.324  -1.236 0.5000000000
26863  20.868  -44.021  -1.504 0.5000000000
26861  22.926  -43.576  -1.932 0.5000000000
26862  21.966  -43.746  -1.748 0.5000000000
105636  26.606  -42.710  -1.916 0.5000000000
27585  25.460  -42.928  -1.855 0.5000000000
26836  23.121  -43.079  -1.915 0.5000000000
25339  23.076  -45.387  4.461 0.6000000238
23914  22.307  -46.811  5.046 0.6000000238
99689  23.163  -47.300  5.627 0.6000000238
23089  22.499  -48.690  5.776 0.5000000000
22257  22.855  -49.444  6.541 0.5000000000
22244  22.648  -49.774  7.463 0.5000000000
21421  22.112  -50.450  7.570 0.5000000000
22235  21.458  -49.055  8.459 0.4000000060
23054  20.954  -48.243  8.389 0.4000000060
112414  20.559  -47.537  8.062 0.4000000060
105161  19.879  -47.206  7.667 0.4000000060
117295  20.852  -44.579  7.236 0.3000000119
26708  21.217  -43.317  6.793 0.3000000119
28184  22.088  -42.191  6.826 0.4000000060
115262  22.299  -39.648  6.573 0.4000000060
28200  22.217  -41.334  6.739 0.4000000060
30811  22.696  -38.485  6.552 0.4000000060
33348  26.883  -35.540  6.657 0.4000000060
31680  24.267  -37.310  6.935 0.4000000060
117913  23.403  -36.698  6.060 0.4000000060
33349  25.992  -35.649  6.616 0.4000000060
33350  25.014  -35.916  6.466 0.4000000060
104788  26.927  -34.613  5.724 0.4000000060
35201  28.291  -33.391  4.569 0.4000000060
36107  27.835  -32.996  4.098 0.4000000060
35202  27.455  -33.441  4.551 0.4000000060
107888  27.198  -32.308  3.315 0.3000000119
37071  26.862  -31.879  2.875 0.3000000119
36128  26.508  -32.394  3.364 0.3000000119
28311  28.096  -41.943  -1.749 0.5000000000
25303  20.283  -45.860  7.364 0.4000000060
104432  22.210  -39.027  6.207 0.4000000060
31682  22.753  -37.818  6.255 0.4000000060
33359  26.478  -35.044  6.136 0.4000000060
33360  25.520  -35.046  6.019 0.4000000060
28315  23.452  -41.477  -1.708 0.5000000000
31665  28.457  -37.748  7.691 0.4000000060
34272  33.046  -34.544  3.079 0.5000000000
34271  33.305  -33.917  2.959 0.5000000000
43311  34.180  -24.845  -4.963 0.4000000060
26837  22.430  -43.074  -1.889 0.6000000238
27566  24.380  -42.213  -1.726 0.5000000000
29898  23.315  -39.565  7.623 0.4000000060
30802  23.426  -38.630  7.376 0.4000000060
28970  22.736  -40.014  7.169 0.4000000060
33344  31.177  -35.944  6.208 0.5000000000
33345  29.804  -35.570  6.565 0.4000000060
32485  24.140  -36.540  6.400 0.4000000060
32486  23.464  -37.248  6.363 0.4000000060
34252  31.889  -34.224  4.892 0.5000000000
34236  28.397  -34.437  5.650 0.4000000060
35220  33.012  -33.866  3.578 0.5000000000
35197  32.424  -33.846  4.236 0.5000000000
36141  32.832  -32.369  2.898 0.5000000000
106128  33.457  -32.893  2.721 0.5000000000
37117  34.868  -31.569  0.249 0.4000000060
40584  35.242  -27.852  -2.028 0.4000000060
41517  34.969  -26.618  -2.843 0.4000000060
38793  33.499  -29.262  1.308 0.3000000119
100319  34.671  -25.186  -4.144 0.4000000060
41507  35.499  -26.362  -1.619 0.3000000119
113827  35.343  -26.296  -2.268 0.3000000119
43287  35.636  -24.801  -1.965 0.3000000119
42429  35.410  -25.152  -2.667 0.3000000119
45124  35.874  -22.800  -3.546 0.3000000119
45123  36.221  -21.953  -3.998 0.3000000119
47842  34.347  -18.892  -7.161 0.3000000119
23935  19.621  -46.556  2.798 0.4000000060
23118  19.209  -47.208  3.553 0.4000000060
22295  19.430  -48.549  4.226 0.3000000119
23917  19.792  -46.854  3.758 0.4000000060
22294  20.321  -49.044  4.798 0.3000000119
23979  21.863  -47.463  -0.359 0.5000000000
23090  21.548  -48.514  5.287 0.5000000000
22279  21.229  -49.330  5.302 0.3000000119
24682  20.897  -46.783  -0.176 0.5000000000
23980  20.837  -47.496  -0.596 0.5000000000
23896  21.857  -47.613  5.184 0.5000000000
22278  22.168  -49.498  5.824 0.4000000060
118331  21.231  -45.871  0.067 0.5000000000
24690  20.372  -46.925  -0.726 0.5000000000
25447  20.433  -45.892  -1.232 0.3000000119
103508  20.538  -45.095  -0.382 0.5000000000
25439  20.273  -46.080  -0.606 0.4000000060
112097  20.558  -44.592  -1.432 0.4000000060
100886  21.591  -45.973  -1.802 0.3000000119
25467  20.757  -45.337  -1.606 0.3000000119
105883  22.130  -45.195  -1.828 0.3000000119
26144  21.341  -44.491  -1.768 0.3000000119
26143  24.009  -44.534  -1.989 0.3000000119
25466  23.423  -45.030  -1.950 0.3000000119
98535  22.632  -44.263  -1.852 0.4000000060
22246  20.946  -49.849  8.432 0.3000000119
26859  25.366  -43.850  -2.072 0.4000000060
112535  24.419  -44.058  -1.992 0.4000000060
112831  23.310  -44.132  -1.885 0.4000000060
23064  20.256  -48.947  8.318 0.3000000119
24578  19.724  -46.447  7.294 0.3000000119
28201  21.595  -41.667  6.286 0.3000000119
28971  22.256  -40.400  6.675 0.3000000119
28972  21.646  -40.724  6.222 0.3000000119
29911  21.743  -39.728  6.098 0.3000000119
30812  22.161  -38.379  6.006 0.3000000119
32487  22.806  -37.200  5.899 0.3000000119
32494  24.283  -35.798  6.171 0.3000000119
32495  23.625  -36.017  6.002 0.3000000119
109051  22.905  -36.425  5.722 0.3000000119
32496  21.624  -36.604  5.231 0.3000000119
34238  26.248  -34.503  5.567 0.3000000119
34240  24.717  -34.700  5.668 0.3000000119
33362  23.928  -35.171  5.848 0.3000000119
34253  26.985  -34.044  5.158 0.3000000119
34254  26.077  -33.908  4.999 0.3000000119
34239  25.439  -34.325  5.378 0.3000000119
34256  24.659  -33.982  5.079 0.3000000119
113971  24.039  -34.453  5.436 0.3000000119
34255  25.387  -33.807  4.885 0.3000000119
35203  25.004  -33.447  4.464 0.3000000119
35204  24.286  -33.444  4.508 0.3000000119
35222  27.078  -32.868  3.874 0.3000000119
102205  26.591  -33.434  4.478 0.3000000119
110692  25.761  -33.429  4.422 0.3000000119
35224  25.346  -33.014  3.901 0.3000000119
23159  22.838  -48.214  -0.380 0.5000000000
27586  24.149  -43.154  -1.851 0.4000000060
23867  20.020  -47.984  8.033 0.3000000119
105717  22.156  -37.022  5.537 0.3000000119
21460  21.790  -50.299  5.839 0.3000000119
21439  22.431  -50.187  6.607 0.3000000119
100801  21.450  -50.409  8.175 0.3000000119
19703  21.867  -52.159  3.685 0.4000000060
108594  21.202  -51.858  3.303 0.4000000060
20604  21.198  -51.032  3.004 0.4000000060
21508  19.165  -50.255  1.512 0.4000000060
21492  21.244  -50.174  2.871 0.4000000060
21493  20.449  -50.339  2.480 0.4000000060
22312  19.871  -49.059  2.097 0.4000000060
21507  24.891  -50.482  0.338 0.3000000119
23147  18.491  -47.172  0.858 0.3000000119
112075  18.844  -46.999  1.289 0.3000000119
103067  17.736  -48.110  2.890 0.3000000119
23131  17.833  -46.857  1.291 0.3000000119
23119  18.549  -47.859  3.368 0.3000000119
23128  20.175  -47.624  1.982 0.4000000060
23936  18.908  -46.845  2.417 0.3000000119
20618  20.504  -51.475  2.822 0.4000000060
20619  19.614  -51.054  2.138 0.4000000060
22296  19.041  -49.482  4.143 0.3000000119
19686  22.979  -52.344  4.511 0.3000000119
22305  18.264  -49.338  3.518 0.3000000119
18784  24.019  -53.074  5.467 0.4000000060
18795  28.082  -53.794  4.683 0.3000000119
19671  27.425  -52.800  5.830 0.4000000060
19700  28.538  -52.395  4.466 0.3000000119
19702  22.454  -52.043  4.003 0.4000000060
20577  27.485  -52.012  5.955 0.4000000060
20580  24.169  -51.637  5.276 0.5000000000
21461  20.876  -50.135  5.245 0.3000000119
21468  29.080  -50.650  4.933 0.6000000238
21469  24.265  -50.243  4.948 0.5000000000
21494  19.677  -50.069  1.979 0.4000000060
22243  23.183  -49.112  7.265 0.4000000060
22245  21.900  -49.798  8.219 0.5000000000
22290  29.551  -49.249  4.694 0.6000000238
22291  25.296  -48.133  4.635 0.6000000238
22303  22.353  -48.876  3.203 0.5000000000
23107  19.875  -47.897  4.344 0.3000000119
23127  29.530  -48.718  2.350 0.8000000119
23129  19.201  -47.787  1.517 0.3000000119
23130  18.101  -46.895  2.155 0.3000000119
23878  24.075  -47.731  6.898 0.6000000238
23895  22.840  -47.915  5.682 0.6000000238
23915  21.244  -46.414  4.401 0.6000000238
23930  24.350  -46.900  3.733 0.6999999881
23933  22.263  -46.938  2.700 0.6000000238
23934  20.127  -46.240  3.227 0.5000000000
23953  18.492  -46.873  1.360 0.3000000119
24601  27.845  -46.719  5.613 0.8000000119
24634  23.247  -45.610  3.090 0.6999999881
24647  21.406  -45.920  2.790 0.6000000238
24648  20.824  -46.170  2.676 0.5000000000
24649  20.205  -46.360  2.609 0.5000000000
24661  29.587  -46.614  1.449 1.0000000000
25282  24.839  -45.584  8.255 0.6999999881
25284  22.998  -45.967  8.416 0.6000000238
25363  21.693  -45.607  3.580 0.6000000238
25390  21.987  -45.586  3.209 0.5000000000
25985  21.428  -44.638  7.582 0.4000000060
26025  24.159  -43.984  4.712 0.8000000119
26051  23.831  -44.129  4.291 0.8000000119
26097  22.492  -43.530  0.211 0.8000000119
26118  20.397  -44.529  -0.779 0.5000000000
26124  20.162  -45.091  -1.106 0.4000000060
26709  20.982  -44.068  7.084 0.3000000119
26756  30.880  -43.592  4.735 0.8999999762
26860  23.465  -43.762  -1.866 0.4000000060
27424  25.919  -42.524  8.805 0.6000000238
27547  27.785  -42.826  0.519 0.8999999762
27550  25.044  -42.604  0.290 0.8999999762
27568  22.759  -42.304  -1.845 0.6000000238
28182  23.318  -41.808  8.068 0.4000000060
28284  25.526  -40.645  0.641 0.8999999762
28294  21.032  -41.132  0.264 0.8999999762
28312  27.265  -41.962  -1.700 0.5000000000
28335  27.189  -42.384  -1.906 0.5000000000
28942  26.867  -40.751  8.483 0.6000000238
29042  26.807  -39.853  1.074 1.0000000000
29068  21.646  -40.511  0.455 0.8999999762
29100  22.243  -40.033  -2.480 0.8000000119
29979  27.870  -39.431  1.500 1.0000000000
30002  25.857  -39.475  0.889 0.8999999762
30040  21.594  -39.326  -2.055 0.8000000119
30790  25.816  -38.987  8.458 0.4000000060
30800  25.262  -38.309  8.084 0.4000000060
30882  26.768  -39.034  1.374 1.0000000000
30907  23.176  -38.452  0.576 0.8999999762
30920  21.003  -38.459  -0.061 0.8999999762
30929  27.787  -38.539  -0.882 0.6000000238
30951  21.347  -38.772  -1.325 0.8999999762
31664  29.391  -37.820  7.518 0.5000000000
31666  27.034  -37.380  7.675 0.4000000060
31784  21.369  -36.928  -0.417 0.8999999762
31804  28.202  -37.350  -2.025 0.6000000238
31810  21.269  -37.884  -1.016 0.8999999762
32484  25.601  -36.387  7.019 0.4000000060
32605  29.375  -35.953  -2.792 0.6000000238
32608  26.714  -36.597  -2.341 0.6999999881
33347  27.717  -35.451  6.622 0.4000000060
33361  24.701  -35.326  6.061 0.3000000119
33441  22.225  -35.150  -0.677 0.8999999762
33456  21.794  -35.507  -0.651 0.8999999762
33476  28.377  -35.823  -2.791 0.6999999881
34224  29.392  -35.073  6.256 0.4000000060
34390  30.249  -34.481  -4.017 0.6000000238
35267  34.499  -33.075  -0.255 0.6000000238
35315  24.629  -32.950  -4.261 0.8000000119
35331  24.031  -32.296  -4.360 0.8000000119
36104  30.370  -32.523  4.015 0.4000000060
36126  28.357  -32.176  3.416 0.3000000119
36127  27.792  -32.498  3.598 0.4000000060
36214  23.033  -31.875  -4.355 0.8999999762
36232  29.243  -32.875  -4.544 0.6999999881
36234  27.009  -32.291  -4.438 0.6999999881
37072  26.030  -31.864  2.961 0.3000000119
37132  34.064  -31.697  -1.945 0.6000000238
37133  29.663  -32.498  -2.641 0.8000000119
37137  24.697  -31.139  -2.866 0.8999999762
37157  27.835  -31.296  -2.841 0.8999999762
37185  25.660  -30.783  -4.206 0.8000000119
38061  31.136  -30.211  -5.546 0.6000000238
38856  25.976  -29.747  -3.651 0.8999999762
38866  31.674  -28.650  -3.597 0.6999999881
38867  26.728  -28.867  -3.807 0.8999999762
38897  30.414  -29.309  -5.716 0.6000000238
39701  34.670  -28.570  -2.364 0.4000000060
39703  30.868  -28.784  -3.567 0.6999999881
39765  29.979  -27.809  -6.597 0.6000000238
39766  28.169  -27.220  -6.446 0.8000000119
39767  27.836  -26.890  -6.233 0.8000000119
40597  34.797  -27.370  -2.769 0.4000000060
40630  27.705  -27.370  -5.213 0.8999999762
40667  28.914  -26.253  -7.549 0.6999999881
40668  28.214  -25.613  -7.156 0.6999999881
41549  34.453  -25.856  -4.022 0.4000000060
42398  35.477  -25.182  -1.337 0.3000000119
42467  28.806  -24.091  -7.167 0.8000000119
42487  28.322  -24.878  -7.337 0.8000000119
43300  35.282  -24.771  -3.383 0.4000000060
43345  33.679  -24.719  -7.808 0.6000000238
43346  32.308  -24.422  -7.799 0.6000000238
43358  35.847  -24.779  -8.349 0.5000000000
43361  31.424  -23.415  -8.113 0.6000000238
44221  34.892  -23.675  -4.731 0.3000000119
44232  30.499  -23.094  -6.882 0.6000000238
44266  34.510  -23.783  -8.150 0.6000000238
44269  30.774  -22.339  -8.136 0.6000000238
45135  36.129  -21.709  -5.004 0.3000000119
45162  31.687  -22.141  -7.046 0.4000000060
45173  30.746  -22.147  -7.959 0.6000000238
45186  31.105  -21.918  -8.197 0.6000000238
45191  35.331  -22.447  -8.985 0.6000000238
45194  32.288  -22.119  -8.748 0.6000000238
46123  31.189  -21.644  -7.977 0.5000000000
46140  37.739  -20.993  -9.942 0.5000000000
46142  35.763  -21.241  -9.612 0.6000000238
46936  33.697  -20.683  -6.989 0.3000000119
46945  31.781  -19.706  -8.852 0.4000000060
46946  31.628  -20.953  -8.479 0.5000000000
46952  31.803  -21.110  -8.691 0.6000000238
46963  33.484  -19.852  -10.038 0.4000000060
47854  32.469  -19.775  -9.672 0.4000000060
47855  31.721  -18.922  -9.761 0.4000000060
47860  38.496  -19.863  -9.736 0.3000000119
48828  36.497  -18.261  -10.014 0.4000000060
48832  32.020  -18.293  -9.918 0.4000000060
100089  33.764  -25.974  -7.492 0.6000000238
100450  28.146  -40.805  7.738 0.6000000238
101560  27.265  -29.275  -5.310 0.8000000119
102020  26.323  -51.023  6.164 0.5000000000
102137  35.743  -18.484  -10.211 0.4000000060
103401  30.534  -46.599  3.521 1.0000000000
104716  25.954  -40.303  0.723 0.8999999762
105436  27.521  -52.185  2.322 0.4000000060
105578  22.197  -41.715  -1.935 0.6000000238
106299  28.999  -30.086  -5.427 0.6999999881
106536  20.781  -43.740  -1.303 0.5000000000
106627  30.134  -35.094  -3.742 0.6000000238
106742  26.117  -36.022  -2.590 0.6999999881
106754  20.277  -47.454  4.407 0.5000000000
107059  24.844  -39.119  0.759 0.8999999762
107158  29.445  -27.679  -4.359 0.6999999881
108954  22.171  -45.237  8.146 0.5000000000
109734  28.583  -25.696  -6.075 0.8000000119
109755  22.311  -39.899  0.585 0.8999999762
110414  32.498  -27.694  -6.674 0.6000000238
110492  28.316  -49.037  5.870 0.6000000238
110500  25.155  -41.755  8.782 0.6000000238
110575  27.579  -27.746  -5.215 0.8000000119
110799  21.550  -37.167  5.224 0.3000000119
113403  17.453  -47.348  2.027 0.3000000119
113425  27.787  -41.704  7.678 0.6999999881
113431  30.525  -38.376  -0.833 0.6000000238
113902  26.887  -35.296  -0.866 1.0000000000
114045  23.265  -51.020  4.457 0.5000000000
114313  31.702  -21.729  -8.552 0.6000000238
115735  31.504  -41.886  5.145 1.0000000000
116629  25.497  -41.768  -1.574 0.5000000000
117193  27.200  -37.088  -2.074 0.6999999881
117358  21.701  -51.448  3.392 0.5000000000
118019  25.155  -45.448  3.779 0.6999999881
118507  27.155  -53.964  5.556 0.4000000060
