#!ascii label  , from subject sub-027S6002 vox2ras=TkReg
1710
99228  39.957  -49.354  -1.647 0.6000000238
21516  39.289  -50.505  0.485 0.5000000000
23987  39.941  -47.595  -1.231 0.6999999881
23153  39.189  -47.563  -1.091 0.6000000238
116637  38.668  -48.178  -1.032 0.6000000238
23154  37.957  -47.889  -0.254 0.6000000238
102403  40.250  -48.369  -0.986 0.6999999881
23152  40.179  -47.930  -1.235 0.6000000238
23168  39.611  -48.123  -1.421 0.5000000000
22352  39.534  -48.841  -1.518 0.5000000000
22353  38.727  -48.808  -1.214 0.5000000000
23958  37.697  -47.309  0.593 0.6000000238
22318  39.895  -48.835  0.043 0.5000000000
22336  40.039  -49.243  -0.753 0.5000000000
22351  39.902  -48.623  -1.411 0.6000000238
23138  37.054  -48.080  0.883 0.6000000238
20628  39.055  -51.290  1.510 0.5000000000
25420  38.618  -45.526  1.216 0.6000000238
116705  38.230  -46.041  0.998 0.6999999881
24655  40.137  -46.300  0.451 0.6000000238
24670  40.185  -46.693  -0.283 0.6999999881
24657  39.117  -45.826  0.407 0.6000000238
24672  38.473  -46.484  0.370 0.6000000238
23136  40.320  -47.960  -0.513 0.6000000238
23970  40.242  -47.428  -0.762 0.6999999881
23942  37.464  -46.787  1.399 0.6000000238
22308  38.986  -49.237  1.304 0.5000000000
23137  39.593  -48.333  0.724 0.5000000000
23943  36.561  -47.675  1.672 0.6000000238
23944  35.647  -47.488  2.253 0.6000000238
21501  38.522  -50.700  1.797 0.5000000000
23124  35.614  -48.114  1.979 0.6000000238
23959  34.566  -47.350  1.815 0.6999999881
23125  35.009  -47.840  1.991 0.6000000238
24658  34.276  -46.754  1.530 0.6999999881
23140  34.457  -48.072  1.593 0.6000000238
23960  34.084  -47.476  1.303 0.6000000238
24689  34.011  -46.985  -0.271 0.6000000238
23973  33.859  -47.471  0.533 0.6000000238
25470  36.367  -46.266  -3.851 0.5000000000
113045  36.157  -45.217  -4.730 0.6999999881
25471  35.650  -46.536  -3.626 0.6000000238
106099  35.010  -45.759  -4.042 0.6999999881
26087  38.614  -44.787  2.359 0.6000000238
25407  37.978  -45.388  2.322 0.6999999881
25418  40.066  -45.715  0.739 0.6999999881
24656  39.878  -46.032  0.278 0.6999999881
25419  39.597  -45.417  0.862 0.6000000238
105390  37.424  -46.145  2.136 0.6999999881
25385  37.367  -44.930  3.139 0.6999999881
23957  40.274  -47.257  0.194 0.6000000238
25408  36.791  -45.544  2.979 0.8000000119
23112  38.553  -47.902  2.384 0.5000000000
23941  39.796  -46.923  1.478 0.5000000000
25409  35.615  -45.323  3.049 0.8000000119
24642  36.472  -46.932  2.271 0.6000000238
116445  39.290  -47.864  1.377 0.5000000000
101812  35.012  -45.869  2.490 0.8000000119
24643  35.453  -46.767  2.466 0.6000000238
21488  38.230  -50.667  2.910 0.5000000000
109170  34.427  -45.962  1.775 0.8000000119
23945  35.016  -47.242  2.196 0.6999999881
26102  34.463  -44.592  0.738 0.6999999881
105041  34.325  -45.269  1.318 0.6999999881
25438  34.480  -45.670  -0.716 0.6999999881
25430  34.308  -45.424  0.375 0.6999999881
25421  34.135  -46.160  0.979 0.6999999881
26123  34.925  -45.151  -1.507 0.6000000238
24673  34.179  -46.224  0.011 0.6000000238
24674  33.974  -46.735  0.519 0.6000000238
25442  35.790  -45.876  -2.660 0.6999999881
25443  34.945  -46.149  -1.872 0.6999999881
24688  34.416  -46.558  -1.074 0.6000000238
25457  36.514  -46.014  -3.621 0.6999999881
25458  35.524  -46.619  -2.704 0.6000000238
26154  36.735  -45.594  -4.520 0.8000000119
25456  36.854  -45.994  -4.123 0.8000000119
24706  35.922  -46.403  -3.373 0.6000000238
107498  36.937  -44.889  -4.950 0.8999999762
26149  34.715  -44.589  -4.106 0.6999999881
26877  36.590  -43.781  -5.194 0.8000000119
26068  37.845  -44.481  3.214 0.6000000238
26754  37.847  -43.251  4.011 0.6999999881
118358  38.962  -45.097  1.471 0.6000000238
26775  36.781  -43.350  3.839 0.6000000238
25404  40.211  -44.815  2.012 0.4000000060
25405  40.019  -45.265  1.345 0.6000000238
25406  39.637  -44.973  1.527 0.6000000238
26069  36.925  -44.222  3.534 0.6999999881
23940  40.257  -45.844  1.124 0.6000000238
25386  36.241  -44.762  3.414 0.8000000119
24629  40.096  -46.191  2.941 0.4000000060
24630  39.826  -46.372  2.289 0.5000000000
26088  35.395  -44.409  3.055 0.8000000119
23926  38.867  -47.210  2.914 0.5000000000
117402  35.014  -45.017  2.632 0.8000000119
115201  37.834  -48.562  2.931 0.4000000060
26094  34.503  -44.467  1.663 0.8000000119
22299  37.629  -49.351  3.049 0.5000000000
27564  35.989  -42.897  -1.304 0.8000000119
26829  34.772  -43.921  0.066 0.6999999881
26815  34.747  -43.839  1.107 0.8000000119
26122  35.571  -44.648  -2.128 0.8000000119
26116  35.063  -44.196  -1.030 0.6999999881
100463  37.242  -43.427  -3.059 0.8999999762
26851  36.186  -44.184  -2.547 0.8999999762
26835  35.766  -43.703  -1.649 0.6999999881
26850  37.015  -44.361  -3.325 0.8999999762
26134  36.385  -45.172  -3.102 0.6000000238
26147  37.689  -44.610  -4.842 0.8999999762
26868  37.538  -44.767  -4.297 0.8999999762
27592  34.705  -42.377  -4.170 0.8000000119
27593  33.958  -42.750  -3.728 0.8000000119
108119  34.811  -43.549  -4.249 0.8000000119
26869  33.745  -43.681  -3.655 0.8000000119
26878  35.906  -44.233  -4.835 0.6999999881
26774  37.775  -43.919  3.554 0.6999999881
27483  37.182  -42.595  4.167 0.6000000238
109904  38.700  -44.333  2.911 0.6000000238
26067  38.718  -43.775  3.428 0.5000000000
28227  36.845  -41.950  4.030 0.6999999881
26788  40.462  -43.928  2.834 0.4000000060
26066  40.024  -44.378  2.256 0.5000000000
117308  39.415  -44.189  2.665 0.6000000238
26070  36.024  -43.920  3.508 0.6999999881
26789  35.557  -43.651  3.191 0.6999999881
111913  41.482  -45.525  3.589 0.5000000000
25384  40.409  -45.457  2.301 0.6000000238
24614  39.685  -46.290  4.175 0.4000000060
25356  40.529  -46.088  3.436 0.4000000060
27532  35.425  -42.423  1.367 0.8000000119
104430  35.238  -43.077  2.233 0.8000000119
26814  35.163  -43.067  0.473 0.8000000119
26802  35.079  -43.248  1.467 0.8000000119
26089  34.808  -44.407  2.398 0.8000000119
102877  37.577  -48.794  3.782 0.3000000119
27556  36.000  -42.073  -1.064 0.8000000119
27563  36.588  -42.473  -1.866 0.8000000119
26828  35.331  -43.351  -0.631 0.8000000119
27577  37.765  -42.994  -3.247 0.8999999762
26834  36.582  -43.366  -2.296 0.8999999762
107392  38.398  -42.878  -3.757 0.8999999762
26849  37.783  -43.908  -3.825 0.8999999762
27591  38.406  -43.506  -4.270 0.8999999762
26867  38.116  -44.129  -4.730 0.8999999762
28343  34.076  -41.933  -3.590 0.8000000119
26875  38.311  -44.042  -5.232 0.8999999762
26876  37.673  -44.167  -5.260 0.8999999762
27600  36.160  -42.605  -5.152 0.8000000119
27599  37.314  -43.345  -5.609 0.8000000119
26753  38.864  -43.074  4.040 0.6000000238
27482  37.994  -42.545  4.335 0.6000000238
112055  37.534  -41.989  4.352 0.6000000238
115758  39.585  -43.123  3.832 0.6000000238
26772  41.103  -43.603  3.190 0.4000000060
98638  40.252  -43.153  3.646 0.4000000060
26773  39.647  -43.704  3.237 0.5000000000
100830  36.350  -41.952  3.596 0.6999999881
26085  40.554  -44.505  2.418 0.4000000060
27504  35.923  -42.372  3.320 0.6999999881
116875  41.884  -45.126  3.381 0.5000000000
26065  41.231  -44.605  2.876 0.4000000060
27521  35.635  -42.155  2.534 0.6999999881
29073  35.833  -40.914  1.030 0.8000000119
28299  36.103  -41.333  -0.769 0.8000000119
27546  35.423  -42.246  0.343 0.8000000119
29106  37.030  -41.237  -1.949 0.8000000119
28325  37.846  -42.331  -3.185 0.8999999762
28326  37.163  -42.131  -2.468 0.8999999762
28340  38.540  -42.161  -3.740 0.8999999762
26866  38.690  -43.670  -5.087 0.8999999762
26874  38.750  -43.628  -5.556 1.0000000000
28341  35.449  -41.359  -4.316 0.8000000119
27608  38.933  -43.467  -5.901 1.0000000000
28352  35.316  -41.988  -4.598 0.8000000119
27609  38.184  -43.083  -6.051 1.0000000000
28350  36.919  -42.310  -5.620 0.8000000119
28351  36.007  -41.565  -4.821 0.8000000119
117889  38.058  -42.071  4.486 0.6000000238
29006  37.679  -40.631  4.194 0.6000000238
27479  40.035  -41.797  4.364 0.6000000238
99086  36.843  -40.616  3.806 0.6999999881
26771  41.784  -43.099  3.337 0.4000000060
99091  41.009  -42.691  3.751 0.4000000060
26064  41.867  -44.227  3.143 0.4000000060
28245  36.046  -41.612  3.173 0.6999999881
26063  42.637  -45.066  3.416 0.5000000000
26770  42.664  -43.672  3.197 0.4000000060
28263  35.849  -41.144  2.520 0.8000000119
28292  35.885  -41.075  0.085 0.8000000119
29061  35.761  -40.753  1.858 0.8000000119
105387  36.423  -40.280  -0.957 0.8000000119
29105  37.369  -40.645  -2.334 0.8000000119
28305  36.556  -41.683  -1.568 0.8000000119
108765  37.601  -41.578  -2.789 0.8999999762
28339  39.538  -42.446  -4.898 0.8999999762
29113  39.014  -41.449  -4.103 0.8999999762
28349  40.105  -42.261  -5.665 1.0000000000
27607  39.099  -42.664  -6.163 1.0000000000
117120  36.160  -40.989  -4.707 0.8000000119
28342  34.872  -41.524  -3.913 0.8000000119
107643  39.472  -41.783  -6.465 1.0000000000
29124  36.794  -41.253  -5.364 0.8000000119
28360  37.777  -42.173  -6.044 0.8000000119
102787  40.507  -41.084  3.971 0.6000000238
28224  39.127  -41.649  4.490 0.6000000238
29005  38.659  -40.758  4.252 0.6000000238
29959  37.000  -39.067  3.376 0.6999999881
27501  41.638  -42.086  3.760 0.4000000060
98434  40.851  -41.906  4.115 0.5000000000
29025  36.524  -39.919  3.302 0.8000000119
29975  36.376  -39.254  2.687 0.8000000119
29039  36.002  -40.155  2.455 0.8000000119
105176  43.539  -43.633  3.041 0.4000000060
27499  43.287  -42.539  3.236 0.4000000060
29072  36.007  -40.352  0.410 0.8000000119
29060  35.912  -40.144  1.422 0.8000000119
29077  36.192  -40.647  -0.471 0.8000000119
29087  36.809  -40.380  -1.589 0.8000000119
29114  38.036  -40.976  -3.219 0.8999999762
30047  37.717  -39.924  -2.811 0.8000000119
114557  39.361  -40.835  -4.354 1.0000000000
29122  40.003  -41.761  -5.028 1.0000000000
30071  40.174  -40.927  -5.182 1.0000000000
28348  40.527  -41.679  -5.984 1.0000000000
99744  38.725  -40.833  -6.518 1.0000000000
29125  36.386  -40.517  -4.673 0.8999999762
29116  35.344  -40.904  -3.912 0.8000000119
117831  35.657  -40.452  -3.932 0.8999999762
29123  37.300  -40.320  -5.463 1.0000000000
30072  37.350  -39.404  -5.053 1.0000000000
30073  36.666  -39.635  -4.491 1.0000000000
30085  39.650  -40.182  -7.073 1.0000000000
30995  39.941  -39.249  -7.021 1.0000000000
108185  38.722  -38.710  -6.124 1.0000000000
32650  40.667  -36.879  -7.617 1.0000000000
31866  39.769  -37.836  -6.949 1.0000000000
29022  39.186  -40.055  3.897 0.6999999881
29023  38.185  -39.912  4.070 0.6999999881
29957  38.713  -39.171  3.647 0.6999999881
29021  40.114  -40.244  3.699 0.6000000238
29958  37.772  -39.314  3.718 0.6999999881
28242  41.371  -41.196  3.799 0.6000000238
28241  42.220  -41.322  3.598 0.5000000000
30876  36.694  -38.582  2.823 0.8000000119
30014  36.052  -39.390  0.736 0.8000000119
109226  36.244  -39.121  -0.213 0.8000000119
30031  36.568  -39.513  -1.089 0.8000000119
108178  37.612  -38.972  -2.343 0.6999999881
30030  37.083  -39.673  -2.003 0.8000000119
30057  38.548  -40.328  -3.578 0.8999999762
30046  38.386  -39.190  -3.155 0.8000000119
30056  39.200  -39.926  -4.214 0.8999999762
30965  39.284  -38.878  -3.885 1.0000000000
30979  40.237  -39.790  -5.184 1.0000000000
30964  40.106  -38.517  -4.644 1.0000000000
30070  40.849  -40.906  -6.291 1.0000000000
103989  40.963  -38.162  -5.369 1.0000000000
102794  41.097  -40.188  -6.462 1.0000000000
30993  40.966  -39.045  -6.907 1.0000000000
30092  40.560  -39.987  -7.343 1.0000000000
30058  36.215  -39.506  -3.837 1.0000000000
31865  40.947  -38.074  -7.410 1.0000000000
30988  37.738  -38.839  -5.253 1.0000000000
31851  37.612  -37.922  -5.036 1.0000000000
112523  38.424  -37.501  -5.831 1.0000000000
32651  39.633  -36.504  -6.975 1.0000000000
29956  39.756  -39.429  3.503 0.6999999881
30856  37.838  -38.626  3.471 0.6999999881
29954  41.384  -39.778  3.059 0.5000000000
29020  40.986  -40.366  3.553 0.6000000238
29018  42.714  -40.528  3.290 0.5000000000
29019  41.880  -40.433  3.466 0.5000000000
30899  36.403  -38.588  2.159 0.8000000119
30919  36.230  -38.676  1.377 0.8000000119
30926  36.345  -38.348  0.432 0.6999999881
30937  36.963  -38.748  -1.624 0.8000000119
30938  36.597  -38.537  -0.691 0.8000000119
30956  37.613  -38.150  -1.928 0.6999999881
30955  38.573  -38.188  -3.066 0.8999999762
32599  38.031  -36.842  -2.373 0.8000000119
33469  38.509  -35.578  -2.694 0.8000000119
34351  38.603  -34.692  -2.479 0.8000000119
31834  39.283  -37.836  -3.659 0.8999999762
31814  38.578  -37.294  -2.960 0.8000000119
33492  39.100  -35.949  -3.307 0.8000000119
32624  39.171  -36.866  -3.484 0.8999999762
32623  39.706  -36.317  -3.996 0.8999999762
34369  38.989  -34.943  -3.342 0.8000000119
31833  40.051  -37.378  -4.367 0.8999999762
31850  40.821  -37.393  -5.172 1.0000000000
30977  41.278  -38.552  -6.457 1.0000000000
30083  41.225  -39.783  -6.793 1.0000000000
31864  41.264  -37.947  -7.164 1.0000000000
101509  41.170  -37.324  -7.615 1.0000000000
32639  37.690  -36.794  -5.055 1.0000000000
32643  41.525  -35.959  -6.985 1.0000000000
32645  38.575  -36.462  -6.120 1.0000000000
32648  41.198  -36.048  -7.585 1.0000000000
33530  40.864  -35.782  -7.735 1.0000000000
34406  39.433  -35.143  -6.875 1.0000000000
29973  40.856  -39.258  2.526 0.6999999881
29974  40.240  -38.944  2.996 0.6999999881
30854  39.491  -38.659  3.295 0.6999999881
30873  39.350  -37.959  3.030 0.6999999881
30874  38.659  -37.688  3.074 0.6999999881
29972  41.633  -39.427  2.288 0.6000000238
31713  37.939  -37.878  3.204 0.6999999881
29038  42.277  -39.841  2.956 0.5000000000
31735  37.369  -37.504  2.711 0.6999999881
113645  42.998  -39.956  2.835 0.5000000000
31753  36.850  -37.116  2.105 0.8000000119
31754  36.533  -37.819  1.518 0.6999999881
31790  36.651  -37.669  -0.311 0.6999999881
31779  36.533  -37.316  0.589 0.6999999881
31789  36.942  -37.016  -0.873 0.6999999881
31798  37.065  -37.881  -1.198 0.6999999881
31815  38.068  -37.687  -2.403 0.6999999881
33470  38.073  -36.055  -2.222 0.8000000119
34333  38.398  -34.505  -1.552 0.8000000119
35278  38.735  -33.776  -1.133 0.8000000119
35305  39.037  -33.813  -2.159 0.8000000119
118651  39.212  -34.213  -3.001 0.8000000119
33513  40.230  -35.795  -4.372 1.0000000000
33491  39.695  -35.354  -3.877 0.8999999762
35304  40.012  -33.692  -2.858 0.8000000119
34384  40.612  -34.973  -4.375 1.0000000000
34368  40.117  -34.399  -3.583 0.8000000119
32638  40.456  -36.601  -4.722 1.0000000000
31860  41.472  -37.547  -6.559 1.0000000000
32644  41.414  -36.592  -6.462 1.0000000000
33529  41.320  -35.185  -7.257 1.0000000000
33514  37.545  -35.822  -5.304 1.0000000000
34409  41.096  -34.460  -7.595 1.0000000000
35351  40.552  -34.103  -7.379 1.0000000000
34405  40.280  -34.986  -7.256 1.0000000000
33524  39.032  -35.646  -6.632 1.0000000000
35341  40.539  -33.171  -7.189 1.0000000000
30872  40.577  -38.454  2.311 0.6999999881
100840  39.964  -38.337  2.856 0.6999999881
31733  39.158  -37.172  2.767 0.6000000238
31734  38.170  -37.239  2.793 0.6000000238
32531  37.522  -36.747  2.383 0.6000000238
32543  37.045  -36.309  1.818 0.6999999881
32568  36.756  -36.489  0.549 0.6999999881
32544  36.663  -36.769  1.337 0.6999999881
32583  37.083  -36.242  -0.319 0.6999999881
34316  38.289  -34.360  -0.670 0.8000000119
32590  37.376  -36.394  -1.220 0.6999999881
33462  37.751  -35.814  -1.519 0.8000000119
115023  39.259  -33.276  -1.452 0.8000000119
35277  39.771  -32.658  -1.234 0.8000000119
104424  40.849  -33.159  -2.657 0.8000000119
34367  41.398  -34.182  -4.084 0.8000000119
35314  41.126  -33.614  -3.378 0.8000000119
34383  41.555  -34.616  -4.962 1.0000000000
34366  41.867  -33.943  -4.559 1.0000000000
108363  41.748  -33.475  -3.971 0.6999999881
34382  42.038  -34.084  -5.089 1.0000000000
36212  41.710  -32.797  -4.083 0.8999999762
35339  41.840  -33.749  -5.841 1.0000000000
34403  41.533  -34.267  -6.858 1.0000000000
36223  41.216  -31.794  -5.762 1.0000000000
33515  36.515  -35.313  -5.039 1.0000000000
35349  41.156  -33.848  -7.559 1.0000000000
114041  40.983  -32.649  -7.236 1.0000000000
114079  38.563  -34.881  -6.587 1.0000000000
33525  38.073  -35.341  -6.146 1.0000000000
33526  37.144  -35.017  -5.771 1.0000000000
34398  39.595  -34.282  -6.775 1.0000000000
31732  40.010  -37.715  2.613 0.6999999881
117483  38.005  -35.433  1.773 0.6000000238
33416  37.415  -35.664  1.508 0.6999999881
33445  37.503  -35.423  -0.108 0.6999999881
33430  37.366  -35.455  0.772 0.6999999881
104024  37.482  -35.759  -0.848 0.6999999881
34317  37.923  -34.795  -0.243 0.8000000119
35266  38.742  -33.776  -0.238 0.6999999881
35265  39.164  -33.126  -0.690 0.6999999881
36178  40.383  -31.910  -1.009 0.6999999881
35303  40.833  -32.409  -2.066 0.6999999881
36177  41.201  -31.560  -1.885 0.6999999881
98764  41.569  -32.185  -3.418 0.8000000119
36202  41.543  -32.024  -2.689 0.6999999881
35319  41.928  -33.420  -4.828 0.8999999762
36222  41.610  -32.605  -4.958 1.0000000000
111894  40.925  -31.572  -4.712 1.0000000000
36245  41.057  -32.036  -6.721 1.0000000000
116864  37.621  -34.341  -6.063 1.0000000000
35342  39.469  -33.217  -6.392 1.0000000000
32528  40.028  -36.852  2.508 0.6000000238
32529  39.308  -36.327  2.500 0.6000000238
33413  40.204  -35.509  2.070 0.6000000238
33401  38.659  -35.660  2.199 0.6000000238
33414  39.321  -35.097  1.934 0.6000000238
33415  38.514  -35.002  1.587 0.6000000238
34295  39.072  -34.439  1.355 0.6000000238
34311  37.848  -34.914  0.449 0.6000000238
34309  38.880  -33.994  0.599 0.6999999881
36165  39.984  -32.584  0.263 0.6999999881
36170  40.353  -31.903  -0.078 0.6999999881
37122  41.425  -30.706  0.074 0.6999999881
99221  41.381  -30.543  -0.869 0.6999999881
42462  45.611  -26.062  -6.386 0.3000000119
37150  41.321  -31.586  -2.725 0.6999999881
37130  41.282  -30.957  -1.718 0.6999999881
42449  46.205  -24.972  -6.116 0.3000000119
38019  41.173  -30.944  -2.187 0.8000000119
32602  32.502  -36.328  -2.441 0.8999999762
37173  41.287  -32.031  -4.590 1.0000000000
32600  34.327  -35.951  -2.997 1.0000000000
33493  35.899  -35.553  -4.210 1.0000000000
117301  35.254  -35.297  -4.314 1.0000000000
112291  40.425  -30.588  -5.874 1.0000000000
37194  39.738  -31.032  -6.102 1.0000000000
36246  40.525  -31.819  -6.663 1.0000000000
103569  38.341  -34.154  -6.265 1.0000000000
34399  37.145  -34.455  -5.768 1.0000000000
36247  39.165  -32.327  -5.949 1.0000000000
99262  41.839  -36.048  1.420 0.6000000238
33412  41.023  -35.801  1.729 0.6000000238
106989  41.577  -35.014  1.627 0.6000000238
100881  40.737  -35.070  1.763 0.6000000238
34292  42.422  -34.400  1.511 0.6000000238
35244  41.399  -33.875  1.490 0.6999999881
35245  40.427  -33.796  1.371 0.6999999881
36151  40.772  -33.173  1.196 0.6999999881
37148  47.888  -31.606  -2.474 0.3000000119
38017  47.770  -30.701  -2.584 0.3000000119
35257  40.086  -33.109  0.862 0.6999999881
37987  41.973  -30.419  0.381 0.6999999881
41562  45.546  -26.647  -6.232 0.3000000119
116436  45.619  -26.137  -5.641 0.4000000060
42450  45.581  -25.410  -5.299 0.4000000060
43306  45.338  -24.692  -4.577 0.4000000060
32603  31.416  -36.348  -2.423 0.6999999881
103632  30.464  -36.429  -2.490 0.6999999881
46086  46.172  -21.714  -4.216 0.3000000119
38825  40.904  -28.878  -0.965 0.6999999881
33472  32.677  -35.731  -3.035 0.8999999762
45133  45.994  -22.698  -4.261 0.3000000119
43319  46.099  -24.207  -5.290 0.3000000119
37151  40.952  -31.384  -3.241 0.8000000119
33495  34.049  -35.382  -3.648 0.8999999762
44218  45.644  -23.722  -4.434 0.3000000119
38020  40.663  -30.875  -2.594 0.8000000119
38021  39.645  -30.489  -3.295 1.0000000000
34385  36.293  -34.587  -5.230 1.0000000000
37164  39.999  -30.134  -5.404 1.0000000000
35343  37.567  -33.797  -5.650 1.0000000000
109695  36.671  -33.910  -5.235 1.0000000000
37175  40.115  -30.267  -5.810 1.0000000000
111287  38.486  -33.315  -5.836 1.0000000000
37176  38.836  -30.725  -5.227 1.0000000000
36224  38.645  -31.738  -5.499 1.0000000000
38048  38.315  -29.988  -4.766 1.0000000000
35256  43.749  -32.911  0.810 0.6999999881
114831  43.090  -33.137  1.250 0.6999999881
36201  47.433  -32.213  -1.936 0.3000000119
103835  46.898  -31.960  -1.391 0.4000000060
36149  42.320  -32.580  1.217 0.6999999881
36163  41.539  -32.040  0.936 0.6999999881
38018  47.072  -30.216  -2.066 0.4000000060
37115  41.738  -31.224  0.644 0.6999999881
38844  47.687  -29.791  -2.838 0.3000000119
113839  46.488  -30.504  -1.384 0.5000000000
38809  43.414  -29.739  0.436 0.6999999881
39697  47.617  -28.859  -3.134 0.5000000000
37993  42.171  -29.805  0.167 0.6999999881
40624  46.564  -27.190  -4.800 0.4000000060
41513  46.685  -26.475  -2.824 0.6000000238
41530  45.914  -25.884  -3.585 0.5000000000
38823  42.009  -29.271  -0.265 0.6999999881
40625  45.975  -26.752  -5.232 0.3000000119
46047  43.719  -21.768  -2.009 0.4000000060
101172  45.425  -25.502  -4.057 0.4000000060
38824  41.363  -29.557  -0.980 0.6999999881
111528  30.081  -35.703  -3.214 0.6999999881
46046  44.301  -21.280  -2.454 0.4000000060
42438  45.332  -25.315  -4.577 0.4000000060
43307  45.030  -24.950  -4.013 0.4000000060
105064  29.689  -36.530  -2.500 0.6000000238
46071  45.571  -21.309  -3.542 0.3000000119
45120  45.427  -22.265  -3.569 0.3000000119
46072  44.883  -21.763  -2.975 0.4000000060
38006  40.971  -30.238  -1.700 0.6999999881
33473  31.646  -35.745  -2.916 0.6999999881
45121  44.619  -22.756  -2.991 0.4000000060
44219  45.043  -24.186  -3.896 0.4000000060
43296  44.666  -24.558  -3.367 0.4000000060
38838  40.426  -29.557  -1.444 0.8000000119
44208  45.220  -23.249  -3.706 0.3000000119
44209  44.580  -23.749  -3.272 0.4000000060
38846  39.884  -30.275  -2.150 0.8000000119
33516  35.460  -34.954  -4.848 1.0000000000
38035  39.806  -30.102  -4.733 1.0000000000
36225  37.949  -32.762  -5.290 1.0000000000
105861  39.148  -29.392  -4.785 1.0000000000
38047  39.656  -29.830  -5.167 1.0000000000
38046  39.445  -29.663  -4.832 1.0000000000
37177  37.689  -31.828  -4.970 1.0000000000
109960  37.106  -32.642  -4.823 1.0000000000
38877  37.986  -29.316  -4.632 1.0000000000
108516  37.390  -30.969  -4.728 1.0000000000
34308  43.672  -33.840  0.885 0.6000000238
102543  45.071  -32.687  -0.018 0.6000000238
112152  44.674  -32.188  0.341 0.6000000238
36160  44.049  -32.150  0.708 0.6999999881
36168  45.677  -32.503  -0.547 0.5000000000
114058  45.808  -31.821  -0.659 0.6000000238
36161  43.154  -32.137  1.062 0.6999999881
37149  47.129  -31.224  -1.833 0.5000000000
36162  42.281  -31.806  1.007 0.6999999881
37114  42.711  -31.077  0.808 0.6999999881
37119  45.955  -30.652  -0.835 0.6000000238
37984  44.315  -30.729  0.491 0.6999999881
38837  46.609  -29.649  -1.534 0.6000000238
37985  43.516  -30.529  0.613 0.6999999881
39698  47.179  -28.251  -2.276 0.6000000238
39687  46.569  -28.226  -1.372 0.6000000238
39657  44.092  -28.626  0.287 0.6999999881
39658  43.317  -28.891  0.251 0.6999999881
40593  47.209  -27.358  -2.745 0.5000000000
41501  46.038  -26.544  -1.597 0.6000000238
40565  45.375  -26.955  -0.821 0.6000000238
110214  42.537  -28.843  -0.004 0.6000000238
46027  42.480  -21.717  -1.260 0.4000000060
41514  45.782  -25.923  -2.496 0.4000000060
41484  45.253  -26.372  -1.282 0.5000000000
40566  44.548  -27.245  -0.376 0.6000000238
106019  42.032  -28.545  -0.337 0.6999999881
102771  43.597  -20.828  -1.784 0.4000000060
42407  45.136  -25.698  -2.280 0.5000000000
45105  44.280  -22.061  -2.526 0.4000000060
112347  43.111  -22.230  -1.567 0.5000000000
42425  44.904  -25.139  -3.333 0.4000000060
42426  44.429  -24.867  -2.847 0.4000000060
39673  41.306  -28.312  -0.601 0.6999999881
33497  31.904  -35.206  -3.643 0.8999999762
110825  31.025  -35.395  -3.347 0.6999999881
43297  44.066  -24.255  -2.734 0.4000000060
39688  39.916  -28.792  -1.193 0.6999999881
39674  40.394  -28.160  -0.724 0.6999999881
44197  44.115  -23.436  -2.706 0.4000000060
102449  33.973  -34.428  -4.619 0.8999999762
99035  38.865  -29.095  -2.415 0.8999999762
34387  34.655  -34.429  -4.897 0.8999999762
35320  37.129  -33.294  -4.984 1.0000000000
35321  35.771  -33.879  -4.992 1.0000000000
39699  38.952  -28.907  -3.556 1.0000000000
104993  36.297  -33.082  -4.747 1.0000000000
38863  39.018  -28.877  -4.447 1.0000000000
37178  36.528  -31.946  -4.644 1.0000000000
106462  35.374  -33.237  -4.797 1.0000000000
106117  38.592  -27.426  -4.332 1.0000000000
41563  38.225  -25.625  -5.342 0.8999999762
41548  38.581  -25.950  -4.841 1.0000000000
40628  38.350  -27.328  -4.589 1.0000000000
38878  36.808  -29.235  -4.599 1.0000000000
106271  36.418  -31.045  -4.628 1.0000000000
40639  38.075  -26.803  -5.036 1.0000000000
39732  37.674  -27.844  -4.657 1.0000000000
39746  36.626  -28.387  -4.797 0.8999999762
41564  37.816  -26.063  -5.465 1.0000000000
37120  45.620  -31.156  -0.472 0.6000000238
37121  45.044  -30.911  0.159 0.6999999881
37991  45.489  -30.349  -0.269 0.6999999881
37992  44.816  -29.975  0.239 0.6999999881
39669  46.270  -29.018  -1.078 0.6000000238
98657  45.680  -29.045  -0.497 0.6000000238
38808  44.150  -29.357  0.364 0.6999999881
117898  45.453  -28.554  -0.385 0.6999999881
39670  45.272  -27.916  -0.404 0.6000000238
98871  44.367  -28.007  0.079 0.6000000238
40567  43.560  -27.467  -0.086 0.6000000238
47756  42.486  -19.572  -1.491 0.3000000119
40580  46.858  -27.287  -1.811 0.6000000238
40581  46.102  -27.494  -1.015 0.6000000238
39672  42.780  -28.133  0.027 0.6000000238
100213  42.655  -20.909  -1.332 0.4000000060
46861  41.980  -20.168  -1.308 0.4000000060
41502  44.670  -25.883  -1.576 0.6000000238
113452  43.938  -26.778  -0.502 0.6000000238
41503  43.758  -26.110  -0.971 0.5000000000
111474  42.687  -27.388  -0.292 0.6000000238
42393  43.836  -25.471  -1.728 0.4000000060
40568  41.894  -27.724  -0.434 0.6000000238
45080  42.338  -22.487  -1.181 0.5000000000
43283  43.360  -24.416  -2.162 0.4000000060
42408  43.849  -24.949  -2.337 0.4000000060
99930  41.366  -27.123  -0.521 0.6000000238
44170  42.947  -23.181  -1.564 0.5000000000
44198  43.518  -23.672  -2.256 0.4000000060
40570  40.012  -27.381  -0.589 0.6000000238
43284  42.821  -24.435  -1.702 0.4000000060
33518  33.554  -34.814  -4.235 0.8999999762
39689  39.056  -28.587  -1.656 0.8999999762
39675  39.491  -27.981  -0.904 0.8000000119
35323  33.953  -33.905  -4.895 0.8999999762
36227  34.604  -32.903  -4.825 0.8999999762
39715  38.722  -28.102  -4.090 1.0000000000
39731  38.623  -28.052  -4.338 1.0000000000
38050  35.949  -30.613  -4.642 0.8999999762
41574  37.431  -25.293  -6.080 1.0000000000
42464  37.450  -24.838  -6.745 1.0000000000
100085  36.831  -27.629  -5.019 0.8999999762
43332  37.607  -25.256  -7.613 0.8999999762
38821  45.408  -29.606  -0.203 0.6999999881
47755  43.133  -19.330  -1.580 0.3000000119
47757  41.814  -19.342  -1.607 0.3000000119
46862  41.163  -20.499  -1.424 0.3000000119
41486  43.152  -26.761  -0.499 0.6000000238
102550  41.082  -21.900  -1.052 0.5000000000
46028  40.621  -21.162  -1.478 0.4000000060
104375  43.181  -25.631  -1.274 0.5000000000
41504  42.803  -26.113  -0.804 0.5000000000
41487  42.170  -26.824  -0.559 0.5000000000
98589  41.815  -21.967  -1.087 0.5000000000
42409  43.061  -25.060  -1.736 0.5000000000
42394  42.513  -25.457  -1.060 0.5000000000
45081  41.489  -22.592  -0.886 0.5000000000
43268  42.265  -24.697  -1.171 0.5000000000
40569  40.905  -27.607  -0.569 0.6000000238
44172  42.043  -23.242  -1.004 0.5000000000
44171  42.434  -23.918  -1.402 0.5000000000
41490  39.779  -26.422  -0.590 0.6999999881
44149  40.344  -23.657  -0.685 0.5000000000
43241  40.993  -24.163  -0.566 0.5000000000
40582  39.212  -27.124  -0.837 0.6000000238
39690  38.753  -27.699  -1.522 0.8999999762
40609  38.656  -27.377  -3.739 0.8999999762
105383  38.496  -24.658  -5.294 0.8999999762
118179  38.527  -26.535  -4.605 0.8999999762
40608  38.634  -26.892  -4.317 0.8999999762
37179  35.472  -31.389  -4.596 0.8999999762
36226  35.451  -32.442  -4.594 0.8999999762
38892  36.045  -29.098  -4.828 0.8999999762
42463  37.929  -24.658  -5.920 0.8000000119
44253  38.871  -23.882  -7.390 0.6999999881
38059  35.190  -30.522  -4.867 0.8999999762
41575  36.886  -25.825  -6.133 0.8999999762
39747  35.639  -28.624  -5.332 0.8999999762
48739  42.377  -18.228  -1.920 0.3000000119
48727  41.754  -18.662  -1.914 0.3000000119
115419  41.233  -18.550  -2.402 0.4000000060
48741  40.727  -18.887  -2.738 0.3000000119
46863  40.467  -20.289  -1.802 0.3000000119
47771  40.519  -19.566  -2.269 0.4000000060
45082  40.532  -22.700  -0.881 0.5000000000
108343  40.341  -21.943  -1.314 0.4000000060
42395  41.735  -25.257  -0.771 0.5000000000
41488  41.298  -26.481  -0.575 0.5000000000
118585  41.536  -24.611  -0.741 0.5000000000
106716  40.600  -26.204  -0.555 0.5000000000
43242  40.263  -24.522  -0.609 0.5000000000
114991  40.213  -25.461  -0.579 0.5000000000
43243  39.623  -24.859  -0.711 0.5000000000
44150  39.598  -24.120  -0.832 0.5000000000
42397  38.667  -25.490  -1.294 0.6000000238
40583  38.612  -26.910  -1.378 0.6000000238
43286  38.453  -24.711  -2.784 0.6999999881
42410  38.366  -25.498  -2.206 0.6999999881
40595  38.403  -27.077  -2.486 0.6999999881
42428  38.508  -25.649  -3.236 0.6999999881
40594  38.632  -26.495  -3.656 0.8000000119
41516  38.388  -26.223  -2.679 0.8000000119
105929  38.695  -25.257  -4.620 0.8999999762
115676  38.764  -25.775  -4.022 0.8999999762
43330  38.255  -23.866  -5.846 0.6999999881
99499  36.380  -26.420  -6.212 0.8999999762
109682  38.391  -24.964  -7.787 1.0000000000
48751  40.550  -18.701  -3.591 0.3000000119
47788  40.161  -19.422  -3.206 0.4000000060
48772  40.869  -17.974  -3.900 0.3000000119
46048  39.976  -20.825  -1.994 0.4000000060
47810  40.251  -19.387  -4.285 0.3000000119
46029  39.763  -21.609  -1.847 0.4000000060
46871  39.901  -20.238  -2.662 0.4000000060
46892  39.693  -20.065  -3.716 0.4000000060
44173  39.713  -23.262  -1.072 0.4000000060
46872  39.629  -21.112  -2.625 0.4000000060
46073  39.470  -21.521  -3.517 0.4000000060
98124  39.256  -22.964  -1.722 0.4000000060
101430  39.111  -22.678  -2.529 0.4000000060
44200  38.796  -23.415  -2.272 0.5000000000
44174  39.019  -23.875  -1.461 0.5000000000
43298  38.731  -24.175  -3.590 0.6000000238
43308  38.807  -24.393  -4.342 0.8000000119
43320  38.681  -24.227  -4.993 0.6999999881
42465  36.852  -25.430  -7.182 0.8999999762
42466  36.270  -25.933  -7.048 0.8999999762
42477  40.161  -25.831  -8.564 0.8999999762
42499  39.762  -26.381  -9.074 0.8000000119
42479  38.122  -25.817  -8.569 0.8000000119
41601  41.059  -26.441  -9.562 0.6999999881
41616  41.398  -26.398  -9.995 0.8000000119
110752  41.111  -18.015  -4.670 0.3000000119
48773  40.761  -18.615  -4.418 0.3000000119
47825  40.474  -19.768  -5.310 0.4000000060
46914  39.644  -20.867  -4.094 0.4000000060
46913  40.023  -20.283  -4.669 0.4000000060
46088  39.611  -21.639  -4.359 0.5000000000
45134  39.384  -22.360  -4.441 0.5000000000
46098  39.794  -21.893  -5.141 0.5000000000
45122  39.245  -22.385  -3.514 0.5000000000
44220  39.042  -23.059  -4.693 0.5000000000
114658  39.098  -22.944  -4.041 0.5000000000
44210  38.919  -23.626  -4.148 0.6000000238
109377  38.818  -23.723  -4.708 0.6999999881
44228  38.809  -23.244  -5.477 0.6999999881
44241  38.747  -23.387  -6.571 0.6999999881
44252  40.298  -23.195  -7.495 0.6999999881
101728  39.880  -23.842  -7.708 0.6999999881
44251  41.154  -23.955  -7.897 0.6999999881
43343  40.602  -24.905  -8.144 0.8000000119
43342  41.652  -25.047  -8.337 0.6999999881
49663  41.277  -17.297  -4.377 0.3000000119
112756  41.366  -17.661  -5.508 0.3000000119
48804  41.410  -18.517  -6.330 0.4000000060
48790  41.159  -18.564  -5.270 0.3000000119
47824  40.948  -19.242  -5.839 0.4000000060
46925  40.287  -20.565  -5.597 0.4000000060
46933  40.606  -20.872  -6.394 0.3000000119
46097  40.129  -21.386  -5.824 0.5000000000
45147  39.385  -22.537  -5.336 0.6000000238
45146  39.884  -22.099  -6.043 0.5000000000
46110  40.495  -21.714  -6.644 0.4000000060
45160  40.187  -22.477  -7.019 0.6000000238
45161  39.370  -22.717  -6.297 0.6999999881
45172  40.947  -22.935  -7.616 0.6000000238
47834  40.673  -19.999  -6.196 0.3000000119
46932  41.289  -20.372  -6.832 0.3000000119
47833  41.327  -19.460  -6.626 0.3000000119
47841  42.036  -19.805  -7.247 0.3000000119
46941  42.226  -20.837  -7.304 0.3000000119
46109  41.290  -21.323  -7.027 0.3000000119
45159  41.170  -22.225  -7.330 0.5000000000
46122  42.152  -21.935  -7.532 0.5000000000
44250  42.089  -23.145  -7.915 0.6000000238
50521  41.806  -16.096  -6.529 0.4000000060
49688  41.621  -17.627  -6.600 0.3000000119
49695  42.051  -17.687  -7.273 0.3000000119
105786  41.895  -18.905  -7.165 0.3000000119
114224  42.622  -18.327  -7.603 0.3000000119
47840  42.892  -19.255  -7.616 0.3000000119
46940  43.115  -20.133  -7.529 0.3000000119
46121  42.912  -21.458  -7.512 0.4000000060
46939  44.158  -20.537  -7.854 0.4000000060
116756  42.553  -22.525  -7.845 0.6000000238
98825  43.054  -22.142  -7.806 0.4000000060
46127  44.604  -21.977  -8.661 0.4000000060
45170  43.851  -22.523  -8.301 0.5000000000
44262  43.251  -24.070  -8.362 0.6000000238
42509  42.436  -25.635  -9.878 0.6999999881
41618  40.089  -26.190  -10.190 0.8000000119
51360  42.054  -15.537  -6.921 0.4000000060
50534  42.372  -16.182  -7.361 0.3000000119
104391  42.728  -16.815  -7.763 0.3000000119
49694  42.717  -17.482  -7.747 0.3000000119
112834  43.566  -18.838  -8.222 0.3000000119
47839  44.072  -19.623  -8.077 0.4000000060
104705  44.895  -21.057  -8.514 0.4000000060
46126  45.208  -21.463  -9.188 0.4000000060
45180  44.388  -22.932  -8.820 0.4000000060
116249  43.767  -24.265  -8.779 0.5000000000
45188  44.575  -22.370  -9.662 0.4000000060
43354  43.311  -25.065  -8.887 0.6000000238
44275  44.041  -23.720  -9.503 0.4000000060
43369  43.168  -25.090  -9.617 0.6999999881
43371  43.529  -24.297  -9.731 0.4000000060
44281  43.277  -23.899  -10.065 0.4000000060
43372  43.020  -24.911  -10.057 0.6000000238
45197  42.587  -23.114  -10.242 0.5000000000
44282  42.327  -24.141  -10.196 0.6000000238
118434  41.238  -25.322  -10.422 0.6999999881
44283  41.331  -24.328  -10.391 0.6999999881
113215  42.042  -14.190  -6.860 0.3000000119
51374  42.655  -15.446  -7.668 0.3000000119
50533  43.139  -16.338  -8.173 0.3000000119
49702  43.445  -17.174  -8.413 0.3000000119
116098  44.171  -19.155  -8.577 0.3000000119
47846  44.806  -19.456  -8.910 0.4000000060
46944  45.459  -20.690  -9.291 0.3000000119
46947  45.346  -20.527  -9.924 0.3000000119
46125  45.297  -21.042  -9.649 0.3000000119
46953  44.827  -21.050  -10.120 0.3000000119
44280  43.884  -23.460  -9.879 0.4000000060
108851  44.755  -21.763  -9.949 0.3000000119
46954  43.890  -20.843  -10.282 0.3000000119
46134  43.956  -21.819  -10.124 0.3000000119
116575  43.108  -21.372  -10.256 0.3000000119
104944  42.851  -22.143  -10.180 0.3000000119
46135  42.210  -21.467  -10.283 0.4000000060
103272  41.877  -22.324  -10.400 0.5000000000
105340  41.565  -23.267  -10.395 0.5000000000
104854  40.592  -23.449  -10.525 0.5000000000
53164  43.057  -14.085  -8.242 0.3000000119
52223  43.025  -14.957  -8.221 0.3000000119
51373  43.568  -15.742  -8.552 0.3000000119
50545  44.194  -16.651  -9.015 0.3000000119
49701  44.371  -17.650  -9.239 0.3000000119
48816  44.386  -18.937  -9.865 0.3000000119
47857  44.413  -19.398  -10.178 0.3000000119
46955  43.624  -19.985  -10.268 0.3000000119
110423  42.771  -20.686  -10.319 0.3000000119
46136  41.216  -21.618  -10.188 0.4000000060
45198  40.898  -22.472  -10.436 0.5000000000
46137  40.288  -21.783  -10.232 0.5000000000
45199  40.018  -22.602  -10.438 0.5000000000
106371  43.457  -13.437  -8.648 0.3000000119
99715  43.704  -14.969  -8.910 0.3000000119
50544  44.528  -15.934  -9.375 0.3000000119
49705  44.914  -16.970  -9.643 0.3000000119
49700  44.452  -18.308  -9.665 0.3000000119
48825  43.995  -18.538  -10.242 0.3000000119
47858  43.332  -19.124  -10.205 0.3000000119
98671  41.638  -20.768  -10.029 0.4000000060
46956  40.559  -20.962  -9.812 0.4000000060
46957  39.575  -21.185  -10.017 0.4000000060
111774  39.051  -20.453  -9.835 0.4000000060
112219  39.584  -21.956  -10.318 0.5000000000
106838  38.868  -21.097  -10.106 0.4000000060
54065  42.650  -12.229  -8.117 0.3000000119
54064  43.373  -12.725  -8.697 0.3000000119
51397  44.525  -14.974  -9.678 0.3000000119
51396  45.117  -15.744  -10.147 0.3000000119
49704  44.715  -17.424  -9.921 0.3000000119
48824  44.353  -17.889  -10.151 0.3000000119
115098  43.740  -17.877  -10.430 0.3000000119
47859  42.267  -19.781  -10.123 0.3000000119
47849  42.357  -18.910  -10.017 0.3000000119
46948  40.948  -20.066  -9.675 0.4000000060
46949  39.885  -20.316  -9.505 0.3000000119
53188  44.131  -13.358  -9.349 0.3000000119
54075  44.964  -12.215  -10.480 0.3000000119
102916  45.360  -14.149  -10.507 0.3000000119
52244  45.282  -15.528  -10.840 0.3000000119
52255  45.463  -14.722  -11.076 0.3000000119
50547  45.093  -16.169  -10.549 0.3000000119
49712  44.731  -17.125  -10.502 0.3000000119
51407  45.145  -15.817  -11.008 0.3000000119
48817  42.967  -18.251  -10.329 0.3000000119
111781  44.039  -12.507  -9.566 0.3000000119
104144  45.058  -13.288  -10.193 0.3000000119
54090  45.546  -12.955  -10.918 0.3000000119
53201  45.579  -13.708  -11.061 0.3000000119
50557  44.322  -16.571  -10.876 0.3000000119
49714  43.226  -17.488  -10.496 0.3000000119
109187  42.247  -17.556  -9.863 0.3000000119
54951  44.524  -11.181  -10.490 0.3000000119
103521  45.093  -10.850  -11.238 0.3000000119
54089  45.584  -13.022  -11.536 0.3000000119
118551  45.866  -11.335  -11.889 0.4000000060
53209  45.418  -13.362  -11.791 0.3000000119
52263  45.242  -14.725  -11.425 0.3000000119
52264  44.945  -14.579  -11.581 0.3000000119
54105  45.690  -12.612  -12.314 0.4000000060
55869  46.116  -11.386  -12.661 0.4000000060
53213  45.400  -12.971  -12.349 0.4000000060
113663  45.589  -10.645  -12.014 0.3000000119
55884  45.976  -11.223  -13.474 0.4000000060
29137  40.199  -41.260  -6.897 1.0000000000
29147  40.840  -40.730  -7.253 1.0000000000
29138  38.101  -41.514  -6.143 0.8999999762
43344  39.371  -24.791  -8.025 0.6999999881
43356  41.301  -25.789  -8.685 0.8000000119
42496  42.527  -25.671  -9.456 0.8000000119
24671  39.478  -46.445  -0.201 0.6000000238
23972  38.766  -47.009  -0.431 0.6000000238
23123  38.370  -48.777  2.041 0.5000000000
21489  38.079  -49.915  2.204 0.5000000000
26133  37.071  -45.520  -3.892 0.8999999762
110326  39.970  -44.763  1.720 0.5000000000
23907  39.080  -46.668  3.706 0.4000000060
23908  38.172  -47.306  4.018 0.4000000060
26790  35.174  -43.736  2.671 0.6999999881
28226  37.224  -41.326  4.162 0.6999999881
25383  40.925  -45.356  2.769 0.5000000000
25355  41.085  -45.983  4.097 0.5000000000
28279  35.669  -41.501  1.687 0.8000000119
23889  38.356  -46.878  4.664 0.4000000060
28300  35.628  -41.753  -0.232 0.8000000119
28244  36.558  -41.358  3.675 0.6999999881
29115  35.805  -40.838  -4.351 0.8000000119
28243  39.620  -40.921  4.133 0.6000000238
27500  42.452  -42.345  3.433 0.4000000060
26769  43.213  -44.572  3.183 0.4000000060
30000  36.034  -39.326  1.859 0.8000000119
29136  40.771  -41.240  -6.708 1.0000000000
28240  43.034  -41.476  3.349 0.5000000000
30086  38.189  -39.652  -5.855 1.0000000000
29955  40.567  -39.653  3.248 0.6999999881
30084  41.207  -40.639  -6.953 1.0000000000
33531  40.012  -35.828  -7.190 1.0000000000
109443  37.717  -36.453  -1.843 0.8000000119
34397  41.788  -34.557  -5.760 1.0000000000
108539  39.971  -33.164  -2.051 0.8000000119
33512  40.883  -35.786  -5.146 1.0000000000
32637  41.159  -36.914  -5.679 1.0000000000
37174  40.902  -31.164  -5.587 1.0000000000
37193  40.413  -30.808  -6.136 1.0000000000
38034  40.164  -31.042  -3.695 1.0000000000
34293  40.830  -34.464  1.599 0.6000000238
35246  39.589  -33.783  1.109 0.6999999881
102805  46.051  -27.469  -5.829 0.4000000060
32601  33.496  -36.245  -2.652 1.0000000000
33517  34.564  -35.020  -4.418 1.0000000000
103597  45.776  -26.101  -4.634 0.4000000060
40606  47.273  -27.661  -4.344 0.4000000060
41529  46.382  -26.462  -4.199 0.5000000000
40592  47.445  -27.926  -3.426 0.5000000000
45079  43.772  -22.728  -2.232 0.4000000060
109271  37.827  -28.578  -4.547 1.0000000000
107419  44.578  -25.337  -2.463 0.5000000000
42478  39.055  -25.868  -8.536 0.8000000119
110028  40.972  -24.959  -0.600 0.5000000000
42396  39.278  -25.534  -0.770 0.5000000000
41506  38.404  -26.251  -1.750 0.6999999881
43271  38.560  -24.706  -1.729 0.6000000238
98946  38.870  -23.276  -3.308 0.5000000000
117756  39.411  -21.979  -3.978 0.5000000000
44263  42.440  -24.604  -8.334 0.6999999881
43368  43.722  -24.425  -9.229 0.6000000238
48812  44.782  -19.240  -9.604 0.3000000119
23988  33.907  -47.647  -0.384 0.5000000000
24694  34.328  -47.517  -1.419 0.5000000000
24693  34.901  -47.025  -2.225 0.5000000000
102364  33.690  -49.239  -0.373 0.5000000000
23169  33.844  -48.748  -1.223 0.5000000000
99385  33.740  -49.837  0.299 0.5000000000
23156  33.803  -48.338  -0.055 0.5000000000
22339  34.339  -50.009  0.897 0.5000000000
22321  35.451  -49.373  1.433 0.4000000060
106986  34.407  -48.741  1.399 0.5000000000
22320  36.195  -49.296  1.133 0.4000000060
23139  35.034  -48.647  1.763 0.5000000000
104459  37.734  -48.816  -0.348 0.5000000000
104096  36.099  -48.621  1.496 0.5000000000
30035  31.726  -39.743  -0.851 0.6999999881
29078  30.800  -40.055  -0.638 0.6999999881
107098  33.209  -39.898  -1.502 0.8000000119
30049  34.679  -40.022  -2.677 0.8000000119
30050  34.004  -39.937  -1.909 0.8000000119
30059  35.725  -39.807  -3.591 0.8999999762
30941  31.785  -38.611  -0.946 0.6999999881
30032  34.511  -39.178  -1.975 0.8999999762
30939  34.065  -38.217  -1.825 0.8999999762
30048  35.275  -39.330  -2.747 0.8999999762
30966  36.513  -38.682  -3.868 0.8999999762
31800  32.018  -37.742  -1.416 0.6000000238
30940  32.596  -38.510  -1.265 0.8000000119
30958  34.834  -38.555  -2.219 0.8999999762
31836  35.966  -38.050  -3.237 0.8999999762
31852  36.880  -38.030  -4.356 0.8999999762
32565  43.289  -36.639  0.438 0.5000000000
31750  41.954  -37.172  1.242 0.5000000000
32541  41.226  -36.738  1.642 0.5000000000
31778  41.502  -38.506  1.139 0.6000000238
31751  41.319  -37.691  1.485 0.5000000000
31752  40.683  -37.433  2.059 0.5000000000
29999  41.230  -38.957  1.631 0.6000000238
31820  31.251  -37.024  -1.964 0.6000000238
31799  33.033  -37.891  -1.573 0.8999999762
31817  34.608  -37.717  -2.304 0.8999999762
31816  35.252  -37.399  -2.833 0.8999999762
31835  36.479  -37.667  -3.803 0.8999999762
32640  37.032  -37.207  -4.337 0.8999999762
33410  43.426  -35.604  0.756 0.5000000000
34307  43.953  -34.759  0.621 0.5000000000
33429  44.163  -35.453  0.323 0.5000000000
33411  42.595  -35.339  1.372 0.5000000000
33444  44.676  -35.771  -0.165 0.5000000000
32566  42.618  -36.324  0.948 0.5000000000
31819  32.304  -37.010  -1.938 0.6999999881
31818  33.503  -37.129  -2.115 0.8999999762
109865  34.369  -36.818  -2.658 0.8999999762
106911  35.842  -37.101  -3.425 0.8999999762
99778  36.806  -36.199  -4.375 0.8999999762
34314  45.169  -34.269  -0.473 0.5000000000
34291  43.272  -34.656  1.264 0.5000000000
34315  44.581  -34.918  -0.037 0.5000000000
33443  45.241  -35.269  -0.617 0.5000000000
32626  35.139  -36.453  -3.129 0.8999999762
32625  35.898  -36.226  -3.688 0.8999999762
101944  44.351  -34.104  0.186 0.5000000000
35263  45.493  -33.334  -0.501 0.5000000000
35264  44.773  -33.442  0.004 0.5000000000
102698  46.062  -33.985  -0.999 0.5000000000
35276  46.231  -33.087  -0.975 0.4000000060
34372  30.857  -34.883  -3.766 0.6000000238
106627  30.134  -35.094  -3.742 0.6000000238
34371  31.677  -34.601  -4.050 0.8000000119
34389  31.171  -34.191  -4.077 0.6999999881
35325  31.645  -33.593  -4.429 0.6999999881
36230  31.265  -32.994  -4.528 0.6999999881
114720  31.035  -32.374  -4.692 0.6999999881
34388  32.096  -34.120  -4.395 0.8000000119
34370  32.548  -34.688  -4.181 0.8000000119
36229  32.148  -32.965  -4.719 0.6999999881
36251  31.755  -32.327  -4.760 0.6999999881
37197  32.140  -31.585  -5.054 0.6999999881
110399  32.535  -30.774  -5.429 0.6999999881
36248  33.805  -32.498  -4.934 0.8000000119
36249  33.208  -32.172  -5.003 0.8000000119
103787  33.907  -33.273  -4.959 0.8000000119
38060  33.151  -30.366  -5.607 0.6999999881
110780  33.221  -30.939  -5.341 0.6999999881
102814  33.821  -30.530  -5.446 0.8000000119
37180  34.535  -31.976  -4.641 0.8000000119
38894  33.483  -29.791  -5.846 0.6999999881
39761  35.176  -28.142  -6.031 0.8000000119
41577  35.277  -26.880  -6.962 0.6000000238
109740  34.487  -31.048  -4.943 0.8000000119
115231  34.510  -30.335  -5.297 0.8000000119
41586  35.914  -25.991  -7.645 0.6000000238
103961  36.081  -25.675  -8.143 0.6000000238
115639  35.407  -27.466  -6.328 0.8000000119
109069  37.939  -25.900  -9.112 0.6000000238
42500  36.835  -25.736  -8.636 0.6000000238
42513  37.333  -25.525  -9.258 0.6000000238
42480  37.218  -25.768  -8.383 0.6999999881
114912  38.810  -26.141  -9.540 0.6000000238
43375  39.656  -25.628  -10.352 0.6999999881
99795  39.150  -24.695  -10.356 0.6000000238
109880  38.861  -26.230  -9.161 0.6999999881
41602  40.340  -26.502  -9.540 0.6999999881
22337  37.543  -49.810  -0.440 0.4000000060
22338  36.761  -49.540  0.496 0.5000000000
22323  34.108  -49.233  1.022 0.5000000000
104183  33.844  -48.991  0.465 0.5000000000
30980  37.102  -38.738  -4.623 0.8999999762
36175  46.927  -32.744  -1.441 0.3000000119
112759  33.326  -33.536  -4.853 0.8000000119
21503  35.111  -50.074  1.195 0.5000000000
30033  33.510  -38.988  -1.440 0.8000000119
31776  42.646  -37.337  0.680 0.5000000000
36228  33.077  -32.924  -4.970 0.8000000119
36250  32.557  -32.264  -4.906 0.6999999881
39749  33.859  -29.017  -6.180 0.6999999881
39762  34.447  -28.277  -6.308 0.6999999881
28262  43.836  -41.611  3.065 0.4000000060
29036  44.144  -40.880  2.435 0.4000000060
101680  43.471  -40.642  2.955 0.4000000060
29971  42.500  -39.599  2.182 0.5000000000
29058  44.355  -40.426  0.863 0.4000000060
28291  45.059  -41.009  0.771 0.4000000060
29998  41.800  -39.305  1.307 0.5000000000
29997  42.657  -39.507  1.138 0.5000000000
29059  43.628  -39.853  1.018 0.4000000060
29037  43.469  -39.989  2.120 0.4000000060
29070  44.048  -40.768  -0.391 0.4000000060
112899  43.680  -40.036  0.103 0.4000000060
112188  44.151  -40.436  1.686 0.4000000060
101028  45.102  -41.219  -0.003 0.4000000060
116158  41.743  -38.765  0.602 0.5000000000
30012  42.032  -39.257  0.412 0.5000000000
29071  43.284  -40.233  -0.646 0.4000000060
29076  43.353  -40.813  -1.111 0.4000000060
28322  44.514  -41.707  -2.755 0.4000000060
28324  43.847  -41.344  -1.829 0.4000000060
28304  43.707  -41.241  -1.366 0.4000000060
27589  44.597  -42.583  -3.162 0.4000000060
27562  44.191  -41.851  -1.898 0.4000000060
30918  41.890  -39.030  0.234 0.5000000000
30018  42.401  -39.304  -0.034 0.5000000000
30017  43.003  -39.709  -0.484 0.4000000060
108502  48.732  -38.143  -7.168 0.3000000119
30011  42.822  -39.643  0.043 0.4000000060
30991  48.136  -38.918  -6.255 0.3000000119
29085  43.626  -40.616  -1.705 0.4000000060
106322  48.278  -39.382  -6.625 0.3000000119
30082  47.731  -39.804  -5.724 0.3000000119
29121  47.355  -40.570  -5.020 0.3000000119
29111  46.880  -40.756  -4.082 0.3000000119
29112  46.139  -40.760  -3.276 0.4000000060
29103  45.032  -40.744  -2.658 0.4000000060
29086  43.510  -40.983  -1.538 0.4000000060
28346  46.658  -41.532  -4.656 0.3000000119
28337  46.038  -41.540  -3.795 0.3000000119
113194  45.323  -41.402  -3.156 0.4000000060
31787  43.441  -38.169  -0.206 0.4000000060
30925  42.545  -39.095  -0.241 0.4000000060
30936  43.356  -39.738  -1.033 0.4000000060
30924  43.379  -39.121  -0.597 0.4000000060
105705  48.344  -38.189  -6.390 0.3000000119
31857  48.190  -37.834  -5.672 0.3000000119
107879  47.829  -39.075  -5.453 0.3000000119
30053  47.498  -39.200  -4.195 0.3000000119
30054  46.975  -39.893  -3.443 0.4000000060
30055  46.090  -40.111  -2.826 0.4000000060
105060  44.218  -40.266  -2.131 0.4000000060
30992  47.933  -39.025  -5.842 0.3000000119
30069  47.388  -40.016  -4.368 0.3000000119
113776  43.214  -37.491  0.263 0.4000000060
32636  47.993  -37.133  -4.209 0.3000000119
32622  47.183  -37.068  -3.016 0.3000000119
31812  46.613  -37.491  -2.520 0.4000000060
31813  45.941  -38.012  -2.056 0.4000000060
31796  44.764  -38.048  -1.103 0.4000000060
32642  48.407  -37.027  -5.470 0.3000000119
31832  47.087  -37.869  -3.255 0.3000000119
30953  46.486  -38.359  -2.696 0.4000000060
30954  45.647  -38.868  -2.261 0.4000000060
30935  44.212  -39.073  -1.160 0.4000000060
31848  47.768  -37.931  -4.733 0.3000000119
30962  47.501  -38.287  -4.067 0.3000000119
30963  47.063  -38.786  -3.380 0.4000000060
30045  44.672  -39.398  -1.904 0.4000000060
30976  47.744  -38.718  -4.876 0.3000000119
30044  45.314  -39.750  -2.443 0.4000000060
33460  45.843  -35.705  -1.209 0.4000000060
32588  45.795  -36.452  -1.271 0.4000000060
106752  44.631  -36.655  -0.326 0.4000000060
32582  43.885  -37.116  0.022 0.4000000060
32596  47.279  -36.285  -2.769 0.3000000119
32587  46.339  -36.189  -1.762 0.4000000060
32589  45.277  -37.114  -0.972 0.4000000060
31786  44.374  -37.569  -0.538 0.4000000060
31794  46.112  -37.110  -1.712 0.4000000060
31795  45.460  -37.746  -1.506 0.4000000060
30923  44.090  -38.412  -0.670 0.4000000060
38910  33.095  -29.251  -6.143 0.6000000238
107746  31.936  -30.258  -5.652 0.6000000238
40663  34.573  -26.997  -6.945 0.5000000000
40652  34.133  -27.567  -6.643 0.5000000000
42482  35.260  -25.538  -7.806 0.5000000000
43357  36.528  -25.126  -8.799 0.5000000000
116781  37.705  -25.027  -9.587 0.5000000000
102964  39.623  -23.562  -10.415 0.4000000060
51398  42.514  -15.438  -10.003 0.3000000119
52246  42.298  -14.678  -9.917 0.3000000119
51399  41.728  -15.469  -9.451 0.3000000119
53210  45.109  -13.767  -11.870 0.3000000119
52265  44.132  -14.362  -11.634 0.3000000119
102898  43.671  -14.690  -11.190 0.3000000119
52257  42.972  -14.236  -10.845 0.3000000119
52247  41.590  -14.105  -9.481 0.3000000119
99663  41.125  -14.954  -8.984 0.3000000119
108589  40.331  -14.268  -8.824 0.3000000119
54111  45.023  -12.721  -12.744 0.3000000119
53215  44.501  -13.346  -12.183 0.3000000119
52256  43.417  -14.059  -11.402 0.3000000119
102711  43.104  -13.598  -11.222 0.3000000119
52258  42.472  -13.861  -10.411 0.3000000119
54092  42.537  -13.164  -10.672 0.3000000119
53189  41.899  -13.420  -9.873 0.3000000119
53190  40.735  -13.514  -9.261 0.3000000119
54077  39.765  -12.921  -9.349 0.3000000119
54110  45.566  -12.536  -12.769 0.3000000119
54990  44.378  -12.124  -12.957 0.3000000119
53211  43.579  -13.194  -11.764 0.3000000119
54107  43.307  -12.559  -11.674 0.3000000119
54091  43.041  -13.013  -11.295 0.3000000119
54965  42.690  -12.356  -11.038 0.3000000119
100486  41.972  -12.555  -10.297 0.3000000119
54076  41.139  -12.821  -9.655 0.3000000119
54995  45.802  -11.451  -13.491 0.3000000119
54996  45.186  -11.505  -13.510 0.3000000119
54981  43.096  -11.804  -11.658 0.3000000119
54982  42.481  -11.370  -11.133 0.3000000119
54966  41.856  -11.751  -10.473 0.3000000119
54967  41.012  -11.191  -10.003 0.3000000119
55895  45.504  -10.364  -14.182 0.3000000119
55886  43.982  -11.234  -13.290 0.3000000119
54991  43.450  -11.497  -12.427 0.3000000119
55887  43.130  -10.684  -12.704 0.3000000119
55854  41.683  -10.837  -10.566 0.3000000119
55901  44.857  -10.001  -14.535 0.3000000119
55897  43.521  -10.410  -13.638 0.3000000119
56740  42.690  -9.882  -13.096 0.3000000119
56722  42.434  -10.098  -12.108 0.3000000119
56754  44.011  -9.975  -14.467 0.3000000119
57588  42.841  -8.715  -14.440 0.3000000119
57603  43.365  -8.550  -15.524 0.3000000119
102786  44.504  -41.522  -0.918 0.4000000060
28261  44.582  -41.800  2.666 0.4000000060
28278  44.955  -41.186  1.818 0.4000000060
28298  45.792  -41.637  -0.319 0.4000000060
116067  45.489  -41.429  1.338 0.4000000060
27575  44.796  -42.570  -2.405 0.4000000060
27561  45.425  -42.092  -1.347 0.4000000060
30999  48.899  -38.875  -7.413 0.3000000119
29146  47.928  -40.397  -6.336 0.3000000119
29135  47.500  -40.902  -5.829 0.3000000119
117286  47.099  -41.449  -5.322 0.3000000119
28347  45.727  -42.486  -4.349 0.3000000119
28338  45.072  -42.171  -3.451 0.3000000119
31000  48.430  -38.875  -6.840 0.3000000119
31870  48.756  -37.309  -6.955 0.3000000119
32635  48.423  -36.513  -4.672 0.3000000119
32656  48.767  -36.577  -6.749 0.3000000119
34331  46.567  -34.561  -1.622 0.4000000060
33459  46.427  -35.381  -1.714 0.4000000060
33468  46.842  -35.868  -2.253 0.4000000060
33490  47.762  -35.738  -3.110 0.3000000119
32620  48.235  -36.263  -3.761 0.3000000119
34332  45.891  -34.861  -1.117 0.4000000060
109644  31.669  -30.934  -5.336 0.6000000238
56738  45.846  -10.466  -13.851 0.3000000119
56752  45.651  -10.103  -14.239 0.3000000119
55900  45.210  -9.517  -14.742 0.3000000119
56764  44.458  -9.401  -15.120 0.3000000119
56763  44.651  -8.835  -15.716 0.3000000119
31869  49.252  -37.307  -7.469 0.3000000119
30028  43.750  -39.968  -1.578 0.4000000060
30986  48.079  -38.478  -5.792 0.3000000119
54989  45.539  -12.188  -13.158 0.3000000119
54953  41.101  -12.010  -9.824 0.3000000119
55870  42.839  -10.970  -11.861 0.3000000119
55871  42.141  -10.430  -11.253 0.3000000119
57610  43.747  -8.259  -16.463 0.3000000119
27520  44.083  -42.613  3.000 0.3000000119
28260  45.221  -42.098  2.369 0.3000000119
26852  32.104  -43.649  -2.884 0.6999999881
28277  45.796  -42.063  1.798 0.3000000119
25333  39.319  -45.883  5.207 0.3000000119
98444  40.124  -45.832  4.669 0.3000000119
27580  30.931  -42.747  -2.598 0.6999999881
100935  44.210  -43.541  2.793 0.3000000119
106865  31.845  -43.019  -2.973 0.6999999881
26786  44.722  -44.111  2.457 0.3000000119
27518  45.395  -42.968  2.291 0.3000000119
27594  33.203  -42.935  -3.445 0.6999999881
27531  45.899  -43.286  1.754 0.3000000119
27545  46.990  -43.181  0.592 0.3000000119
26800  46.418  -43.831  1.263 0.3000000119
27530  46.429  -42.590  1.154 0.3000000119
26833  47.022  -43.238  -1.397 0.3000000119
27560  46.538  -42.559  -1.107 0.3000000119
28289  46.702  -42.166  0.264 0.3000000119
116883  41.226  -45.526  4.657 0.3000000119
25382  42.307  -45.546  3.931 0.4000000060
28306  32.876  -41.354  -1.860 0.6999999881
26787  43.902  -44.742  2.855 0.3000000119
28329  32.518  -42.099  -2.505 0.6999999881
27579  32.535  -42.728  -3.101 0.6999999881
26785  45.356  -44.013  2.076 0.3000000119
26801  45.660  -44.670  1.682 0.3000000119
26813  46.847  -44.437  0.787 0.3000000119
28290  45.900  -41.619  0.777 0.3000000119
26115  47.410  -45.091  -0.912 0.3000000119
28307  31.996  -41.538  -1.604 0.6999999881
25381  43.831  -45.382  3.493 0.3000000119
26062  43.496  -45.249  3.411 0.3000000119
26083  45.045  -45.234  2.124 0.3000000119
26084  44.509  -45.469  2.629 0.3000000119
28328  33.564  -41.521  -2.670 0.6999999881
26092  46.099  -45.226  1.347 0.3000000119
28344  33.286  -42.332  -3.242 0.6999999881
27555  46.455  -42.165  -0.576 0.3000000119
26846  46.553  -43.702  -2.384 0.3000000119
27574  45.936  -42.853  -1.936 0.3000000119
104239  44.601  -45.888  2.908 0.3000000119
29108  34.163  -40.711  -2.618 0.6999999881
25401  45.655  -46.098  2.054 0.3000000119
26093  45.496  -45.838  1.842 0.3000000119
28327  34.292  -41.283  -3.255 0.6999999881
110029  45.216  -43.417  -2.853 0.3000000119
25379  44.815  -45.969  2.911 0.3000000119
30060  35.253  -40.232  -3.418 0.6999999881
35300  47.910  -33.990  -2.819 0.3000000119
25472  34.066  -45.715  -3.597 0.5000000000
98716  31.450  -44.822  -2.121 0.6999999881
25473  33.214  -45.119  -3.150 0.6000000238
107535  31.915  -45.724  -2.049 0.6000000238
26150  33.951  -44.806  -3.615 0.6000000238
27581  29.881  -42.725  -2.523 0.6999999881
28330  31.393  -42.226  -2.261 0.6999999881
25331  41.453  -44.938  5.107 0.3000000119
28308  30.936  -41.704  -1.493 0.6999999881
25353  42.851  -45.411  4.166 0.4000000060
29091  31.426  -40.852  -0.990 0.6999999881
25352  43.508  -45.376  4.002 0.4000000060
111991  43.142  -45.455  3.775 0.4000000060
30034  32.573  -39.365  -1.151 0.6999999881
25380  44.355  -45.686  3.145 0.3000000119
25350  44.748  -45.463  3.474 0.3000000119
26061  45.488  -45.360  3.438 0.3000000119
27519  44.761  -42.796  2.655 0.3000000119
29090  32.499  -40.525  -1.312 0.6999999881
26151  32.981  -44.146  -3.247 0.6000000238
25377  46.202  -45.968  2.402 0.3000000119
25351  44.167  -45.302  3.715 0.3000000119
23995  34.382  -48.395  -2.017 0.5000000000
24011  34.919  -47.957  -3.064 0.5000000000
22366  28.545  -49.726  -0.700 0.4000000060
100295  26.831  -49.895  -1.172 0.5000000000
24707  35.314  -47.186  -3.091 0.4000000060
23994  34.832  -48.022  -2.699 0.5000000000
24725  35.039  -47.379  -3.304 0.5000000000
20671  25.482  -51.116  -1.544 0.4000000060
101725  24.124  -51.889  -1.835 0.4000000060
114748  27.438  -50.221  -1.013 0.5000000000
106951  34.687  -46.590  -3.651 0.4000000060
21549  26.164  -50.534  -1.303 0.4000000060
104263  29.020  -48.862  -0.563 0.5000000000
23997  29.890  -46.687  -1.167 0.4000000060
24708  32.577  -46.368  -2.650 0.5000000000
24709  31.878  -46.509  -1.892 0.4000000060
23996  30.975  -46.801  -1.248 0.4000000060
25459  32.507  -45.442  -2.626 0.4000000060
20686  23.295  -51.711  -1.934 0.4000000060
21564  20.934  -50.051  -2.171 0.4000000060
21550  25.165  -50.060  -1.628 0.4000000060
22379  22.774  -48.969  -2.474 0.4000000060
106889  26.634  -48.812  -1.315 0.5000000000
22368  25.916  -49.436  -1.425 0.4000000060
23192  23.195  -48.338  -2.271 0.4000000060
23180  27.349  -48.241  -1.208 0.5000000000
110784  24.554  -46.439  -1.928 0.4000000060
24713  23.786  -46.816  -1.844 0.4000000060
23179  28.271  -47.817  -0.975 0.5000000000
23998  29.000  -47.020  -1.116 0.5000000000
99501  25.060  -45.841  -2.136 0.4000000060
25465  24.361  -45.244  -2.155 0.4000000060
24695  30.046  -46.075  -1.414 0.6000000238
113239  30.973  -45.690  -1.549 0.5000000000
21563  21.876  -50.648  -2.228 0.4000000060
112888  22.259  -49.753  -2.394 0.4000000060
102723  23.512  -50.930  -1.955 0.4000000060
24001  26.484  -47.677  -1.606 0.5000000000
23181  25.748  -48.408  -1.598 0.4000000060
22378  23.349  -48.831  -2.389 0.4000000060
24000  27.318  -47.288  -1.533 0.5000000000
99782  24.496  -46.994  -1.847 0.4000000060
24017  23.660  -47.638  -1.899 0.4000000060
23999  27.956  -46.950  -1.470 0.5000000000
25445  29.303  -45.675  -1.643 0.5000000000
26142  25.212  -44.882  -2.249 0.4000000060
25444  29.954  -45.461  -1.657 0.6000000238
22369  24.982  -49.011  -1.682 0.4000000060
104362  23.202  -49.436  -2.425 0.4000000060
22377  23.580  -49.058  -2.154 0.4000000060
23190  24.468  -47.704  -1.798 0.4000000060
24698  27.412  -46.587  -1.693 0.5000000000
24016  25.369  -47.046  -1.863 0.4000000060
24712  25.298  -46.512  -1.986 0.4000000060
24697  28.176  -46.362  -1.626 0.5000000000
116517  25.696  -45.581  -2.191 0.4000000060
26136  31.515  -43.994  -2.469 0.6000000238
25460  30.257  -44.846  -1.917 0.6000000238
25461  29.267  -45.084  -1.839 0.6000000238
21561  23.622  -49.950  -2.076 0.4000000060
23183  24.182  -48.577  -1.830 0.4000000060
23191  23.533  -48.359  -2.006 0.4000000060
24014  26.750  -46.882  -1.761 0.5000000000
24015  26.099  -47.102  -1.783 0.5000000000
24711  26.206  -46.556  -1.914 0.5000000000
24710  27.644  -45.967  -1.818 0.5000000000
25462  27.278  -45.662  -1.954 0.5000000000
25464  25.948  -46.026  -2.145 0.4000000060
25446  28.471  -45.615  -1.795 0.6000000238
26141  26.885  -44.716  -2.209 0.5000000000
101628  26.131  -44.508  -2.139 0.4000000060
26853  31.203  -43.317  -2.628 0.6000000238
26137  30.532  -43.889  -2.291 0.6000000238
101297  28.569  -44.721  -2.074 0.6000000238
98068  27.854  -45.251  -2.031 0.5000000000
112545  26.996  -45.383  -2.110 0.5000000000
26138  29.430  -44.247  -2.166 0.6000000238
26139  27.971  -44.389  -2.322 0.6000000238
26140  27.429  -44.963  -2.180 0.5000000000
26854  29.478  -43.290  -2.561 0.6000000238
102123  30.351  -43.102  -2.611 0.6000000238
29093  29.368  -41.231  -0.949 0.5000000000
28310  28.950  -41.913  -1.650 0.6000000238
28311  28.096  -41.943  -1.749 0.5000000000
28309  29.896  -41.768  -1.611 0.6000000238
28333  28.614  -42.352  -2.235 0.6000000238
28334  27.877  -42.366  -2.154 0.5000000000
27584  27.607  -42.758  -2.299 0.5000000000
26855  28.671  -43.823  -2.390 0.6000000238
26856  28.006  -43.386  -2.530 0.5000000000
26857  27.383  -44.066  -2.299 0.5000000000
112676  27.293  -43.254  -2.300 0.5000000000
26858  26.509  -43.697  -2.121 0.5000000000
29079  29.821  -40.256  -0.581 0.5000000000
29092  30.392  -41.064  -0.915 0.6000000238
27583  28.320  -42.733  -2.516 0.6000000238
28331  30.353  -42.276  -2.223 0.6000000238
27582  29.041  -42.713  -2.572 0.6000000238
24032  34.023  -47.997  -3.442 0.4000000060
100125  33.483  -46.257  -3.332 0.4000000060
25478  36.159  -45.971  -4.291 0.5000000000
23175  34.759  -48.712  -2.845 0.5000000000
23200  34.485  -48.712  -3.262 0.5000000000
23186  34.812  -48.551  -3.058 0.5000000000
24031  34.681  -48.096  -3.241 0.5000000000
110356  28.093  -48.783  -0.790 0.5000000000
20672  24.415  -50.747  -1.786 0.4000000060
24018  22.857  -47.472  -2.017 0.4000000060
109230  24.061  -45.929  -1.910 0.4000000060
22370  24.233  -49.531  -1.846 0.4000000060
23182  24.947  -48.214  -1.740 0.4000000060
100569  22.676  -51.193  -2.093 0.4000000060
100513  28.689  -43.102  -2.655 0.6000000238
22380  21.314  -49.093  -2.254 0.3000000119
23193  22.192  -48.317  -2.263 0.3000000119
25466  23.423  -45.030  -1.950 0.3000000119
24714  22.898  -46.186  -1.898 0.3000000119
24715  21.732  -46.816  -1.761 0.3000000119
19782  25.139  -51.872  -1.770 0.4000000060
20627  39.748  -51.789  1.333 0.5000000000
21502  35.957  -50.005  1.174 0.4000000060
21515  40.123  -50.044  -1.034 0.5000000000
21562  22.945  -50.296  -2.319 0.4000000060
22319  39.074  -49.883  0.931 0.5000000000
22322  34.700  -49.361  1.349 0.5000000000
22354  33.512  -50.162  -0.831 0.5000000000
22367  27.536  -49.442  -0.938 0.5000000000
23141  33.916  -48.346  1.025 0.6000000238
23155  36.957  -48.721  0.605 0.6000000238
23927  37.955  -47.955  3.395 0.4000000060
23971  39.762  -47.093  -0.794 0.6000000238
24002  25.524  -47.612  -1.739 0.4000000060
24599  38.830  -46.408  4.870 0.3000000119
24644  34.725  -46.674  2.115 0.6999999881
24659  33.926  -46.902  1.045 0.6999999881
24696  29.099  -46.224  -1.495 0.5000000000
24726  34.282  -47.316  -3.507 0.4000000060
25354  41.614  -45.632  4.241 0.3000000119
25378  45.427  -46.002  2.643 0.3000000119
25402  45.073  -45.973  2.509 0.3000000119
25403  44.144  -45.556  3.100 0.3000000119
25410  34.536  -45.142  2.119 0.8000000119
25463  26.685  -45.925  -1.995 0.5000000000
25479  35.509  -45.284  -4.437 0.6999999881
26046  42.167  -45.269  4.501 0.4000000060
26086  39.554  -44.550  2.095 0.6000000238
26117  34.577  -44.779  -0.326 0.6999999881
26135  32.312  -44.493  -2.718 0.6000000238
26148  37.154  -45.322  -4.419 0.8999999762
26155  35.413  -44.576  -4.513 0.6999999881
26776  35.961  -43.116  3.503 0.6999999881
26803  34.740  -43.755  1.993 0.8000000119
26827  47.158  -42.875  -0.363 0.3000000119
26832  47.381  -44.200  -1.735 0.3000000119
26870  32.712  -43.322  -3.253 0.6999999881
26884  38.373  -43.734  -5.653 0.8999999762
27480  39.556  -42.502  4.259 0.6000000238
27481  38.627  -42.249  4.470 0.6000000238
27502  40.347  -42.400  4.129 0.5000000000
27503  36.469  -42.536  3.775 0.6999999881
27557  35.491  -42.519  -0.421 0.8000000119
27576  44.528  -42.471  -2.831 0.4000000060
27578  37.078  -42.817  -2.570 0.8999999762
27590  38.959  -43.097  -4.610 0.8999999762
27598  39.326  -42.960  -5.605 1.0000000000
27601  35.550  -43.027  -4.660 0.8000000119
28225  38.117  -41.515  4.438 0.6000000238
28293  35.640  -41.631  0.698 0.8000000119
28323  44.282  -41.782  -2.352 0.4000000060
28332  29.420  -42.326  -2.224 0.6000000238
28359  40.221  -42.087  -6.287 1.0000000000
29024  37.269  -39.870  3.842 0.6999999881
29088  36.507  -40.927  -1.228 0.8000000119
29089  33.447  -40.709  -1.882 0.6999999881
29104  43.911  -41.118  -2.136 0.4000000060
29107  34.750  -40.759  -3.362 0.6999999881
30013  41.640  -38.911  0.671 0.5000000000
30019  36.229  -39.896  -0.274 0.8000000119
30020  31.064  -39.047  -0.641 0.6999999881
30029  43.294  -40.425  -1.148 0.4000000060
30043  46.317  -39.279  -2.795 0.4000000060
30068  47.659  -39.546  -5.001 0.3000000119
30074  36.032  -40.169  -4.172 0.8999999762
30089  48.333  -40.088  -6.771 0.3000000119
30090  48.017  -39.536  -6.246 0.3000000119
30091  41.094  -40.078  -7.158 1.0000000000
30097  48.712  -39.692  -7.241 0.3000000119
30855  38.667  -38.304  3.342 0.6999999881
30875  37.195  -38.207  3.134 0.8000000119
30898  41.033  -38.270  1.688 0.6999999881
30934  45.147  -38.524  -1.644 0.4000000060
30957  35.391  -38.353  -2.676 0.8999999762
30967  36.004  -39.015  -3.181 0.8999999762
30978  40.829  -39.181  -5.865 1.0000000000
30987  47.909  -38.531  -5.397 0.3000000119
30994  40.670  -39.103  -7.189 1.0000000000
31736  36.781  -37.937  2.473 0.8000000119
31777  41.979  -38.217  0.795 0.6000000238
31788  42.653  -38.266  0.320 0.4000000060
31797  37.530  -37.207  -1.716 0.6999999881
31831  47.561  -37.487  -3.792 0.3000000119
31847  48.113  -37.496  -5.003 0.3000000119
31849  41.351  -37.792  -5.859 1.0000000000
31858  47.979  -38.090  -5.331 0.3000000119
31859  41.370  -36.949  -7.315 1.0000000000
31863  48.498  -37.258  -6.228 0.3000000119
32530  38.408  -36.494  2.526 0.6000000238
32542  40.558  -36.402  2.099 0.6000000238
32564  44.069  -36.206  0.249 0.5000000000
32567  36.878  -36.000  1.118 0.6999999881
32581  45.289  -36.165  -0.721 0.4000000060
32584  36.720  -36.929  -0.084 0.6999999881
32597  46.732  -36.648  -2.372 0.4000000060
32598  38.561  -36.430  -2.831 0.8000000119
32604  29.931  -35.985  -2.899 0.6999999881
32621  47.675  -36.691  -3.429 0.3000000119
32649  41.110  -36.662  -7.752 1.0000000000
33399  39.964  -36.151  2.348 0.6000000238
33400  39.508  -35.727  2.265 0.6000000238
33402  37.751  -35.966  2.150 0.6999999881
33461  38.156  -35.285  -1.901 0.8000000119
33471  33.545  -35.696  -3.145 1.0000000000
33474  30.594  -35.810  -2.930 0.6999999881
33494  35.079  -35.636  -3.646 1.0000000000
33496  33.048  -35.276  -3.699 0.8999999762
33498  30.327  -35.419  -3.451 0.6000000238
33522  41.550  -35.106  -6.527 1.0000000000
33523  41.414  -35.530  -5.949 1.0000000000
33534  40.920  -35.215  -7.628 1.0000000000
34294  40.013  -34.552  1.679 0.6000000238
34296  38.337  -34.551  0.918 0.6000000238
34297  37.849  -35.097  1.194 0.6999999881
34310  38.290  -34.352  0.145 0.8000000119
34334  37.858  -35.090  -0.998 0.8000000119
34350  46.999  -35.124  -2.157 0.4000000060
34386  35.361  -34.368  -5.034 1.0000000000
34404  40.952  -34.573  -7.666 1.0000000000
35242  43.028  -33.920  1.371 0.6000000238
35243  42.317  -33.469  1.398 0.6999999881
35255  44.187  -33.424  0.458 0.6000000238
35258  39.388  -33.215  0.254 0.6999999881
35302  41.652  -32.794  -3.133 0.6999999881
35322  34.784  -33.750  -4.976 0.8999999762
35324  32.570  -33.544  -4.689 0.8000000119
35340  41.320  -33.169  -7.028 1.0000000000
35350  41.072  -33.614  -7.536 1.0000000000
35355  41.066  -34.062  -7.705 1.0000000000
36150  41.478  -32.898  1.232 0.6999999881
36164  40.656  -32.390  0.719 0.6999999881
36169  45.228  -31.825  -0.060 0.6000000238
36171  39.769  -32.526  -0.384 0.6999999881
36176  46.310  -32.248  -1.000 0.5000000000
36231  30.303  -32.857  -4.590 0.6999999881
36244  41.541  -32.786  -5.837 1.0000000000
37112  44.524  -31.527  0.456 0.6999999881
37113  43.721  -31.365  0.753 0.6999999881
37116  41.041  -31.493  0.352 0.6999999881
37123  41.085  -31.160  -0.754 0.6999999881
37129  46.286  -31.368  -1.114 0.5000000000
37162  41.136  -31.750  -3.809 1.0000000000
37163  40.456  -31.045  -4.766 1.0000000000
37192  40.705  -31.159  -6.187 1.0000000000
37195  33.688  -31.541  -5.058 0.8000000119
37196  32.902  -31.555  -5.168 0.6999999881
37198  31.330  -31.693  -4.959 0.6000000238
37986  42.712  -30.155  0.465 0.6999999881
37994  41.693  -29.992  -0.381 0.6999999881
38005  41.253  -30.350  -1.298 0.6999999881
38049  36.900  -30.149  -4.591 1.0000000000
38810  42.662  -29.433  0.230 0.6999999881
38820  45.991  -29.838  -0.815 0.6999999881
38822  44.945  -28.863  0.049 0.6999999881
38839  39.388  -29.453  -1.860 0.8000000119
38845  47.090  -29.308  -2.249 0.5000000000
38847  39.166  -29.780  -2.820 0.8999999762
38862  39.371  -29.475  -4.245 1.0000000000
38876  39.028  -28.873  -4.518 1.0000000000
38879  35.870  -29.834  -4.734 0.8999999762
38893  34.994  -29.820  -5.305 0.8000000119
38895  32.617  -29.845  -5.849 0.6000000238
39671  43.612  -28.187  0.227 0.6000000238
39700  38.591  -28.211  -2.735 0.6999999881
39748  34.816  -29.018  -5.790 0.8000000119
40607  47.143  -27.052  -3.747 0.4000000060
40626  38.421  -26.390  -4.945 1.0000000000
40627  38.508  -26.933  -4.602 1.0000000000
40640  37.519  -27.184  -5.028 1.0000000000
40641  35.957  -27.744  -5.559 0.8999999762
40650  35.894  -27.026  -6.341 0.8999999762
40651  34.861  -27.562  -6.558 0.6999999881
41485  44.623  -26.510  -0.854 0.6000000238
41489  40.631  -26.885  -0.518 0.6000000238
41505  38.887  -26.292  -0.946 0.6000000238
41515  45.406  -26.046  -1.794 0.5000000000
41531  38.676  -26.141  -4.339 0.8999999762
41547  45.713  -26.421  -5.477 0.4000000060
41565  37.205  -26.512  -5.489 0.8999999762
41566  36.583  -27.053  -5.524 0.8999999762
41576  35.841  -26.416  -7.021 0.8000000119
41587  35.427  -26.252  -7.474 0.6000000238
41600  41.438  -26.383  -9.811 0.6999999881
41603  39.518  -26.383  -9.584 0.6999999881
41612  40.888  -26.517  -9.885 0.6999999881
41613  40.131  -26.485  -9.946 0.6999999881
41617  40.832  -26.368  -10.134 0.8000000119
42376  41.940  -26.003  -0.741 0.5000000000
42377  41.122  -25.738  -0.613 0.5000000000
42424  45.262  -25.538  -3.070 0.5000000000
42427  38.723  -25.034  -3.829 0.6000000238
42451  38.492  -25.262  -5.194 0.8999999762
42481  36.468  -25.795  -7.955 0.6999999881
42497  41.734  -26.203  -9.359 0.6999999881
42498  40.757  -26.312  -9.105 0.6999999881
42510  41.975  -26.225  -9.879 0.8000000119
42511  39.283  -26.153  -9.994 0.6000000238
42512  38.320  -25.715  -9.692 0.6000000238
42514  41.645  -26.083  -10.219 0.8000000119
43269  41.738  -23.991  -0.857 0.5000000000
43270  39.034  -24.740  -1.013 0.5000000000
43285  38.589  -23.904  -2.817 0.5000000000
43331  38.018  -24.210  -6.889 0.6999999881
43355  42.342  -25.587  -8.798 0.6999999881
43370  38.337  -24.837  -9.970 0.5000000000
43373  42.102  -25.212  -10.218 0.6999999881
43374  40.639  -25.848  -10.412 0.8000000119
43376  38.867  -25.541  -10.176 0.6000000238
44148  41.174  -23.359  -0.661 0.5000000000
44175  38.548  -24.083  -2.154 0.6999999881
44199  42.986  -23.943  -1.872 0.4000000060
44240  39.505  -23.142  -7.126 0.6999999881
44260  44.418  -23.064  -9.328 0.4000000060
44261  44.210  -23.780  -8.993 0.4000000060
44279  44.264  -23.070  -9.733 0.4000000060
44284  40.280  -24.702  -10.508 0.6999999881
45083  39.801  -22.442  -1.438 0.4000000060
45171  43.084  -22.982  -8.139 0.6000000238
45179  44.821  -22.265  -9.233 0.4000000060
45181  43.859  -23.525  -8.543 0.5000000000
45195  44.260  -22.605  -9.947 0.4000000060
45196  43.547  -22.896  -10.101 0.4000000060
46026  43.132  -21.492  -1.543 0.4000000060
46049  39.384  -21.908  -2.655 0.4000000060
46087  39.977  -21.141  -4.940 0.5000000000
46120  43.850  -21.503  -7.917 0.4000000060
46128  45.137  -21.154  -9.880 0.3000000119
46129  45.014  -21.615  -9.644 0.3000000119
46893  39.581  -20.734  -3.317 0.4000000060
47758  41.124  -19.772  -1.606 0.3000000119
47770  41.145  -19.084  -2.007 0.4000000060
47845  45.413  -19.941  -9.518 0.3000000119
47848  45.079  -19.727  -10.023 0.3000000119
47856  44.775  -20.216  -10.242 0.3000000119
48726  42.472  -18.923  -1.651 0.3000000119
48738  43.213  -18.506  -1.771 0.3000000119
48791  40.788  -19.138  -5.011 0.4000000060
48807  41.778  -18.192  -7.071 0.3000000119
48813  44.313  -18.692  -9.022 0.3000000119
48814  43.506  -18.033  -8.398 0.3000000119
49713  44.039  -17.348  -10.666 0.3000000119
50535  42.007  -16.934  -7.110 0.3000000119
50548  44.997  -16.781  -10.252 0.3000000119
50556  44.950  -16.415  -10.763 0.3000000119
50558  43.536  -16.943  -10.681 0.3000000119
50563  44.873  -15.866  -11.105 0.3000000119
51409  43.137  -15.049  -10.542 0.3000000119
51413  45.139  -15.285  -11.280 0.3000000119
51414  44.567  -15.088  -11.366 0.3000000119
52210  42.121  -14.870  -6.864 0.4000000060
52234  44.834  -14.103  -9.814 0.3000000119
52245  45.205  -14.905  -10.405 0.3000000119
53175  43.929  -14.136  -9.123 0.3000000119
53214  45.247  -12.990  -12.426 0.3000000119
54051  42.650  -13.020  -7.913 0.3000000119
54106  43.993  -12.762  -12.349 0.3000000119
54954  40.063  -12.176  -9.569 0.3000000119
54964  45.677  -12.420  -11.499 0.3000000119
54979  46.016  -11.912  -12.183 0.4000000060
54980  43.557  -12.158  -12.205 0.3000000119
54988  46.037  -12.050  -13.060 0.4000000060
55855  40.852  -10.523  -10.326 0.3000000119
55894  45.770  -10.797  -13.848 0.3000000119
55896  44.720  -10.695  -13.998 0.3000000119
56755  43.121  -9.596  -14.047 0.3000000119
56765  43.669  -9.225  -14.972 0.3000000119
57602  44.063  -8.921  -15.947 0.3000000119
98523  26.317  -45.351  -2.148 0.5000000000
98792  26.997  -46.277  -1.833 0.5000000000
98987  36.248  -40.778  3.177 0.6999999881
100428  37.725  -34.711  -6.210 1.0000000000
100857  46.285  -45.358  3.213 0.3000000119
101635  45.544  -25.837  -4.939 0.4000000060
102160  45.063  -20.178  -8.619 0.4000000060
102430  41.694  -21.179  -1.198 0.5000000000
103698  33.771  -28.221  -6.468 0.5000000000
104384  35.486  -43.009  3.012 0.6999999881
105211  33.906  -48.079  -1.004 0.5000000000
105588  44.425  -32.804  0.413 0.6000000238
107550  40.204  -45.743  1.933 0.6000000238
107606  46.742  -28.909  -1.675 0.6000000238
108042  33.135  -34.132  -4.602 0.8000000119
108127  43.278  -20.889  -7.497 0.4000000060
108573  45.340  -14.132  -11.432 0.3000000119
108704  49.318  -38.165  -7.619 0.3000000119
108755  36.113  -46.215  2.816 0.8000000119
108971  37.080  -35.896  0.435 0.6999999881
109669  45.536  -11.656  -11.266 0.4000000060
109863  34.240  -29.761  -5.715 0.8000000119
110544  44.084  -30.070  0.480 0.6999999881
110707  36.199  -25.384  -8.442 0.5000000000
111508  35.446  -29.303  -5.187 0.8999999762
112671  45.241  -15.287  -11.182 0.3000000119
112928  45.932  -28.375  -0.731 0.6000000238
113550  45.105  -16.455  -9.897 0.3000000119
113943  43.801  -13.766  -11.750 0.3000000119
114388  39.371  -22.273  -1.959 0.4000000060
114883  47.296  -35.603  -2.578 0.4000000060
114925  41.560  -28.909  -0.648 0.6999999881
115083  31.830  -42.631  -2.725 0.6999999881
115225  36.444  -36.863  -3.875 0.8999999762
115708  44.816  -16.563  -9.488 0.3000000119
116236  42.024  -13.004  -10.098 0.3000000119
116332  38.072  -38.419  -2.517 0.6999999881
116546  31.134  -38.407  -0.815 0.6999999881
116798  41.224  -36.236  -5.803 1.0000000000
117104  41.661  -37.921  1.167 0.6000000238
118262  45.624  -10.980  -13.825 0.3000000119
118270  44.539  -13.980  -11.845 0.3000000119
