#!ascii label  , from subject sub-027S6002 vox2ras=TkReg
599
14235  22.611  -59.049  -2.460 0.6000000238
14171  23.871  -59.467  4.165 0.6999999881
14172  23.183  -59.718  3.347 0.6999999881
13437  23.278  -60.192  0.951 0.8999999762
100664  23.393  -60.010  -0.047 0.8000000119
14216  22.847  -59.602  -1.493 0.8000000119
14236  21.752  -58.675  -2.048 0.6000000238
14976  22.161  -58.411  -2.456 0.6999999881
15665  22.516  -57.045  -2.655 0.6999999881
14153  24.127  -59.319  4.933 0.6999999881
110425  23.900  -59.497  5.512 0.6999999881
14910  23.600  -59.286  3.410 0.6999999881
117890  22.891  -58.999  2.472 0.6000000238
14931  22.503  -59.293  2.318 0.6999999881
13411  22.557  -59.494  2.603 0.6999999881
14186  22.434  -59.253  2.078 0.8000000119
14198  22.322  -59.192  1.281 0.8000000119
13438  22.639  -59.603  0.718 0.8000000119
14217  22.181  -59.106  -0.964 0.8000000119
15666  21.768  -57.733  -2.573 0.6000000238
16383  22.351  -56.328  -2.674 0.6999999881
16382  23.177  -56.291  -2.666 0.6999999881
14895  24.721  -58.871  4.690 0.5000000000
14874  24.570  -58.860  5.497 0.6000000238
14928  24.965  -58.446  3.117 0.4000000060
14929  23.816  -58.849  2.881 0.6000000238
14949  23.734  -58.394  2.018 0.5000000000
14950  22.718  -58.807  1.837 0.6000000238
14951  22.330  -59.084  1.613 0.8000000119
14960  22.105  -58.873  0.470 0.6999999881
14961  21.740  -58.456  -0.462 0.6999999881
14967  21.066  -58.214  -1.260 0.6999999881
15667  20.752  -57.357  -2.290 0.5000000000
16384  21.289  -56.442  -2.585 0.6000000238
17139  22.076  -55.685  -2.735 0.6000000238
17138  22.942  -55.609  -2.743 0.6000000238
17137  23.841  -55.546  -2.740 0.5000000000
15606  26.151  -58.023  3.974 0.5000000000
14873  25.336  -58.364  5.234 0.6000000238
105830  24.841  -58.198  6.100 0.6000000238
14894  25.491  -58.422  4.376 0.5000000000
15633  23.518  -58.067  1.113 0.5000000000
15646  23.080  -57.625  0.350 0.6000000238
116884  22.702  -57.151  -0.126 0.6000000238
15648  21.026  -57.834  -0.791 0.6000000238
16372  19.976  -56.774  -1.821 0.5000000000
16378  19.885  -56.465  -1.990 0.5000000000
113480  20.566  -56.148  -2.445 0.6000000238
102405  21.702  -55.117  -2.842 0.6000000238
18047  23.288  -54.909  -2.737 0.5000000000
18045  25.007  -54.372  -2.434 0.5000000000
18046  24.087  -54.661  -2.564 0.5000000000
15591  26.075  -57.960  4.837 0.5000000000
15551  24.266  -57.394  6.555 0.5000000000
14908  25.475  -58.342  3.644 0.5000000000
15620  24.825  -58.149  2.374 0.4000000060
16350  24.817  -56.467  0.797 0.3000000119
15632  24.634  -57.482  1.470 0.4000000060
16362  24.176  -56.266  0.256 0.3000000119
16363  23.458  -56.763  0.105 0.5000000000
16364  22.847  -56.350  -0.219 0.5000000000
17111  22.147  -55.784  -0.465 0.5000000000
17122  20.134  -56.080  -1.383 0.5000000000
17123  19.626  -55.871  -1.975 0.5000000000
17141  19.747  -55.667  -1.919 0.6000000238
18055  20.787  -54.876  -2.670 0.6000000238
18048  22.500  -55.037  -2.839 0.5000000000
18886  23.345  -54.031  -2.424 0.5000000000
18885  24.333  -53.721  -2.253 0.5000000000
15565  26.186  -57.085  5.188 0.5000000000
15590  26.472  -57.299  4.386 0.5000000000
15605  26.427  -57.312  3.505 0.5000000000
16339  26.075  -56.505  2.296 0.4000000060
15631  25.546  -57.312  2.180 0.5000000000
17092  25.326  -55.639  1.047 0.4000000060
17093  24.630  -55.540  0.514 0.3000000119
104710  23.981  -55.449  -0.026 0.3000000119
17112  20.964  -56.063  -0.699 0.5000000000
109938  19.763  -55.222  -1.650 0.4000000060
18049  21.746  -54.376  -2.736 0.5000000000
19799  21.744  -52.693  -2.367 0.5000000000
18887  22.334  -53.701  -2.516 0.5000000000
115770  24.706  -53.184  -2.152 0.5000000000
112857  24.199  -52.882  -1.980 0.4000000060
98864  23.649  -53.275  -2.115 0.5000000000
16284  25.655  -56.696  5.767 0.5000000000
16303  26.729  -56.565  4.843 0.5000000000
16338  26.595  -56.564  3.095 0.5000000000
17082  26.545  -55.792  2.587 0.4000000060
17083  25.910  -55.668  1.834 0.4000000060
17965  24.973  -54.779  0.720 0.3000000119
106938  24.260  -54.710  0.243 0.3000000119
108929  22.479  -54.847  -0.387 0.4000000060
17993  21.670  -54.121  -0.459 0.4000000060
18853  20.959  -53.491  -0.638 0.4000000060
109708  21.246  -55.016  -0.583 0.4000000060
105230  20.287  -54.799  -0.981 0.4000000060
18016  19.880  -54.299  -1.593 0.5000000000
18889  19.945  -53.710  -2.033 0.5000000000
18050  19.897  -54.721  -2.147 0.6000000238
99695  22.625  -52.133  -2.070 0.4000000060
103663  23.468  -52.498  -1.963 0.5000000000
16302  27.231  -55.999  4.555 0.4000000060
17064  27.151  -55.819  3.544 0.4000000060
17944  26.417  -54.971  2.135 0.4000000060
17964  25.691  -54.732  1.382 0.4000000060
17990  24.528  -54.010  0.403 0.4000000060
17991  23.757  -53.949  -0.118 0.4000000060
107633  23.465  -54.724  -0.213 0.4000000060
17992  22.761  -54.012  -0.315 0.4000000060
18852  21.864  -53.300  -0.429 0.4000000060
18862  20.227  -53.383  -1.216 0.5000000000
19770  20.101  -52.607  -1.595 0.5000000000
19783  20.242  -52.574  -1.939 0.6000000238
20687  21.686  -51.621  -2.143 0.4000000060
100569  22.676  -51.193  -2.093 0.4000000060
17026  27.345  -55.267  5.076 0.4000000060
17918  27.032  -55.191  2.820 0.4000000060
17063  27.588  -55.397  4.283 0.4000000060
17963  26.278  -54.125  1.799 0.4000000060
18850  24.892  -53.358  0.522 0.4000000060
18851  23.001  -53.169  -0.295 0.4000000060
19753  22.001  -52.441  -0.388 0.4000000060
19754  20.745  -52.614  -0.768 0.4000000060
20673  20.394  -51.811  -1.699 0.4000000060
98612  20.769  -52.089  -2.090 0.6000000238
17902  27.809  -54.695  4.509 0.4000000060
17942  27.661  -54.081  3.302 0.4000000060
18829  26.675  -53.426  2.099 0.4000000060
107194  25.762  -53.932  1.259 0.4000000060
107915  25.217  -52.843  0.630 0.4000000060
108940  24.702  -52.713  0.374 0.4000000060
19751  24.215  -52.142  0.076 0.5000000000
19752  23.189  -52.274  -0.193 0.4000000060
20645  21.110  -51.830  -0.554 0.4000000060
20658  20.423  -51.624  -1.232 0.4000000060
108812  20.307  -51.061  -1.696 0.4000000060
20688  20.712  -51.069  -1.976 0.5000000000
18839  26.074  -53.358  1.438 0.4000000060
19735  25.783  -52.618  0.994 0.4000000060
19750  25.075  -52.116  0.512 0.3000000119
20643  24.498  -51.415  0.259 0.3000000119
20644  22.120  -51.571  -0.300 0.3000000119
21524  20.985  -51.085  -0.611 0.3000000119
21551  20.304  -50.203  -1.833 0.4000000060
22371  20.171  -49.487  -2.049 0.4000000060
18828  27.401  -53.461  2.771 0.3000000119
19734  26.437  -52.684  1.613 0.3000000119
105153  25.727  -51.862  0.822 0.3000000119
20631  25.286  -51.223  0.517 0.3000000119
118407  24.719  -50.969  0.332 0.3000000119
102525  23.453  -51.314  -0.064 0.4000000060
21522  23.462  -50.481  -0.080 0.4000000060
21523  22.223  -50.606  -0.319 0.3000000119
104109  20.857  -50.278  -0.852 0.3000000119
109063  20.279  -50.025  -1.658 0.4000000060
23184  20.084  -48.741  -1.973 0.4000000060
23194  20.846  -48.277  -2.128 0.4000000060
21521  24.216  -50.762  0.157 0.4000000060
98916  23.592  -49.007  -0.256 0.4000000060
22341  23.000  -49.782  -0.268 0.4000000060
22342  21.709  -49.688  -0.585 0.3000000119
22343  20.554  -49.534  -1.248 0.4000000060
23161  20.586  -48.181  -1.137 0.4000000060
24003  20.385  -47.721  -1.772 0.4000000060
106922  20.141  -48.813  -1.780 0.4000000060
108868  20.233  -48.157  -2.020 0.4000000060
103604  22.373  -48.976  -0.455 0.4000000060
23160  21.572  -48.214  -0.521 0.5000000000
23980  20.837  -47.496  -0.596 0.4000000060
23989  20.314  -47.524  -1.321 0.4000000060
24019  21.480  -47.639  -2.049 0.3000000119
100749  20.699  -46.339  -1.623 0.3000000119
14225  22.262  -59.170  -1.847 0.6999999881
13423  22.556  -59.696  1.840 0.8000000119
14977  21.195  -58.186  -2.222 0.6000000238
14210  21.859  -58.614  -0.592 0.6999999881
14226  21.639  -58.653  -1.461 0.6999999881
15645  24.027  -57.121  0.632 0.4000000060
14959  22.482  -58.558  0.780 0.6999999881
15647  22.182  -58.017  -0.230 0.6999999881
15661  20.562  -57.898  -1.907 0.6999999881
15619  25.786  -57.913  3.012 0.5000000000
16365  21.727  -56.935  -0.507 0.5000000000
116896  23.595  -56.069  -0.093 0.4000000060
18033  19.578  -55.036  -1.953 0.6000000238
18888  21.415  -53.487  -2.525 0.5000000000
19800  20.711  -52.934  -2.294 0.6000000238
103155  24.086  -53.091  0.048 0.3000000119
18795  28.082  -53.794  4.683 0.4000000060
107307  21.001  -48.909  -0.816 0.3000000119
24716  20.673  -47.202  -1.752 0.3000000119
12026  27.268  -62.927  2.027 0.6000000238
12041  27.698  -62.837  1.506 0.6000000238
11417  28.915  -63.069  -0.109 0.6000000238
11416  29.360  -62.768  -0.909 0.6000000238
107506  26.587  -64.910  3.338 0.5000000000
10730  26.873  -64.146  2.984 0.6000000238
112773  26.185  -62.668  2.901 0.6999999881
12027  26.797  -63.129  2.668 0.6999999881
11380  27.228  -63.664  2.355 0.6000000238
114449  27.205  -62.436  1.502 0.6000000238
12059  27.723  -62.298  0.887 0.6000000238
12721  28.098  -61.856  0.053 0.6000000238
12738  28.487  -61.449  -0.823 0.6000000238
12077  28.809  -62.353  -0.339 0.6000000238
12737  29.303  -61.951  -1.200 0.6000000238
12762  29.597  -60.951  -3.739 0.6999999881
10699  25.633  -64.571  4.439 0.6000000238
12009  25.663  -62.703  3.515 0.6999999881
10713  26.065  -65.198  3.790 0.5000000000
11365  25.817  -63.536  4.109 0.6999999881
11364  26.357  -63.373  3.393 0.6999999881
12709  25.893  -61.460  1.206 0.6999999881
12060  26.802  -61.812  1.051 0.6999999881
12722  27.188  -61.465  0.237 0.5000000000
13465  28.049  -60.644  -3.195 0.6000000238
12763  28.972  -60.883  -3.160 0.6999999881
13480  28.474  -60.066  -4.027 0.6999999881
14237  29.825  -60.300  -3.872 0.6999999881
14238  29.266  -60.034  -4.071 0.6999999881
15604  31.383  -57.749  3.914 0.4000000060
14956  30.457  -58.537  1.104 0.5000000000
14962  30.332  -58.841  0.287 0.6000000238
106560  30.049  -59.219  -0.666 0.6000000238
14220  29.560  -59.605  -2.931 0.6999999881
10004  23.483  -64.950  5.942 0.5000000000
10683  24.133  -64.645  5.616 0.5000000000
11349  24.714  -63.316  5.060 0.6000000238
10700  24.862  -64.357  5.125 0.5000000000
12010  24.801  -62.147  3.414 0.6999999881
11348  25.303  -63.697  4.700 0.5000000000
12029  24.608  -61.671  2.658 0.6999999881
12028  25.496  -62.147  2.746 0.6999999881
12043  25.258  -61.675  1.943 0.6999999881
12723  26.313  -61.137  0.372 0.6999999881
12754  27.843  -60.829  -1.773 0.6000000238
13474  27.390  -60.303  -3.576 0.6999999881
14221  28.283  -59.383  -2.929 0.6999999881
14215  29.123  -59.151  -1.077 0.6000000238
106150  28.969  -59.338  -2.407 0.6000000238
11960  22.253  -62.460  6.555 0.5000000000
118114  22.478  -64.039  6.478 0.4000000060
11332  23.591  -63.271  5.944 0.5000000000
11312  22.335  -63.312  6.553 0.5000000000
11331  24.222  -63.764  5.594 0.5000000000
11995  23.663  -62.209  4.842 0.6000000238
11976  24.036  -62.878  5.364 0.6000000238
12687  23.938  -61.682  3.249 0.6999999881
12011  24.018  -62.098  4.055 0.6000000238
12699  23.869  -61.304  2.690 0.6999999881
12740  26.613  -60.841  -0.549 0.6999999881
12739  27.557  -61.024  -0.634 0.6999999881
98392  27.110  -60.585  -2.830 0.6999999881
13475  26.689  -60.261  -3.439 0.6999999881
13481  27.340  -60.035  -3.857 0.8000000119
107097  27.609  -59.289  -2.565 0.6999999881
14957  29.712  -58.282  0.741 0.5000000000
14964  28.510  -58.563  -0.396 0.6000000238
14968  28.128  -59.110  -1.555 0.6000000238
11961  21.499  -62.911  6.860 0.4000000060
11978  22.791  -62.185  6.210 0.6000000238
11977  23.329  -62.370  5.678 0.6000000238
12673  23.257  -61.587  5.203 0.6000000238
12688  23.427  -61.297  3.886 0.6000000238
12700  23.424  -60.940  3.236 0.6000000238
13422  23.316  -60.470  1.813 0.6999999881
12711  24.251  -61.128  1.964 0.6999999881
12710  25.051  -61.178  1.302 0.6999999881
12724  25.424  -60.885  0.561 0.6999999881
13453  24.878  -60.523  -0.060 0.8000000119
98268  25.045  -60.640  -1.213 0.8000000119
13451  25.946  -60.638  -1.483 0.6000000238
14231  26.694  -59.816  -3.549 0.8000000119
14222  26.849  -59.337  -2.795 0.6999999881
15642  29.359  -57.489  1.003 0.5000000000
14958  28.902  -58.055  0.384 0.6000000238
14965  27.535  -58.482  -0.618 0.6999999881
12643  22.366  -61.677  6.501 0.5000000000
111848  20.804  -61.726  7.155 0.4000000060
12628  20.218  -61.174  7.253 0.4000000060
13373  23.102  -60.910  5.701 0.5000000000
13383  23.186  -60.860  4.728 0.6000000238
106909  23.270  -60.398  3.893 0.6000000238
13410  22.937  -60.147  3.086 0.6000000238
106663  22.693  -60.072  2.493 0.6999999881
13436  24.356  -60.655  0.957 0.8000000119
116213  24.045  -60.378  0.234 0.8000000119
13468  24.313  -60.301  -1.920 0.6000000238
13477  24.825  -60.149  -2.905 0.6000000238
14232  25.661  -59.844  -3.266 0.6999999881
14223  25.888  -59.348  -2.905 0.6999999881
111598  25.954  -58.078  -1.292 0.6999999881
15653  27.974  -57.896  0.142 0.6000000238
15654  27.120  -57.626  -0.285 0.6000000238
16369  26.782  -56.479  -0.446 0.6000000238
15643  28.552  -57.221  0.552 0.6000000238
13361  23.113  -60.212  6.239 0.5000000000
13363  21.924  -61.074  6.931 0.5000000000
12627  21.132  -61.111  7.233 0.5000000000
14139  23.369  -60.178  5.516 0.5000000000
13362  22.650  -60.853  6.466 0.5000000000
116430  23.458  -59.934  4.030 0.6000000238
13454  23.496  -60.010  -1.129 0.6999999881
113133  23.505  -59.963  -1.975 0.6000000238
14233  24.606  -59.643  -3.037 0.6000000238
14974  23.957  -58.891  -2.978 0.6000000238
14971  25.253  -58.368  -2.110 0.6999999881
103209  24.355  -58.158  -2.543 0.6000000238
15659  25.497  -57.207  -1.531 0.6000000238
15655  26.329  -57.421  -0.821 0.6999999881
16360  29.074  -56.343  0.877 0.5000000000
17109  27.417  -55.956  -0.114 0.4000000060
14123  23.550  -59.610  6.145 0.5000000000
14124  22.659  -59.199  7.125 0.5000000000
14102  21.273  -59.684  7.356 0.5000000000
14103  20.453  -59.662  7.250 0.5000000000
14126  19.569  -59.628  6.874 0.5000000000
117051  18.981  -59.286  6.288 0.5000000000
105187  23.097  -58.649  -2.751 0.6000000238
15663  24.039  -57.227  -2.458 0.6000000238
16380  24.494  -56.620  -2.493 0.4000000060
16376  25.691  -56.090  -1.780 0.4000000060
17120  27.074  -55.436  -0.755 0.4000000060
16370  26.053  -56.558  -1.041 0.5000000000
14857  24.141  -58.976  6.175 0.6000000238
113003  22.336  -58.577  7.250 0.5000000000
14847  21.032  -58.882  7.316 0.5000000000
14862  19.521  -58.719  6.426 0.5000000000
14863  18.777  -58.788  5.894 0.5000000000
14876  18.300  -58.557  5.335 0.4000000060
98835  17.799  -58.397  4.792 0.5000000000
14898  16.390  -58.651  3.968 0.4000000060
14913  15.760  -58.602  3.378 0.4000000060
14173  15.029  -58.829  3.569 0.4000000060
16381  23.912  -56.385  -2.653 0.6000000238
108933  24.592  -55.938  -2.659 0.4000000060
17131  25.340  -55.625  -2.371 0.4000000060
17121  26.337  -55.697  -1.214 0.4000000060
103758  23.026  -58.378  7.067 0.5000000000
114053  22.231  -57.702  7.013 0.4000000060
14860  21.239  -58.015  7.013 0.4000000060
15555  19.861  -57.875  6.266 0.5000000000
15567  19.983  -56.679  5.599 0.4000000060
15593  18.247  -57.753  4.803 0.5000000000
15592  19.015  -57.077  5.292 0.4000000060
15607  17.748  -57.136  4.011 0.5000000000
14896  17.512  -57.989  4.178 0.5000000000
15608  17.185  -57.570  3.405 0.3000000119
15609  16.537  -57.881  2.942 0.3000000119
14932  15.789  -58.190  2.556 0.3000000119
17136  24.749  -55.185  -2.578 0.4000000060
15552  23.323  -57.502  6.832 0.5000000000
15553  21.329  -57.188  6.680 0.4000000060
15550  25.014  -57.146  6.121 0.4000000060
16275  23.627  -56.605  6.546 0.4000000060
98943  22.704  -56.730  6.568 0.4000000060
16285  22.137  -55.698  5.536 0.4000000060
16273  25.102  -56.349  6.135 0.4000000060
17020  23.937  -55.943  6.267 0.4000000060
112527  22.968  -55.786  5.916 0.4000000060
17028  25.666  -55.743  5.957 0.4000000060
17029  23.892  -55.248  5.838 0.4000000060
109975  22.387  -55.278  5.239 0.4000000060
17030  21.682  -55.378  4.951 0.4000000060
17019  24.683  -55.754  6.169 0.4000000060
16283  26.352  -56.264  5.482 0.3000000119
17891  22.990  -54.763  5.308 0.4000000060
17892  22.123  -54.786  4.743 0.4000000060
17043  21.498  -54.909  4.369 0.4000000060
17027  26.594  -55.470  5.568 0.4000000060
17905  20.975  -54.648  3.963 0.4000000060
17919  20.731  -53.970  3.667 0.4000000060
17887  26.907  -54.664  5.558 0.3000000119
17889  24.858  -54.848  5.907 0.4000000060
17890  23.869  -54.505  5.604 0.4000000060
18785  23.358  -53.768  5.243 0.4000000060
17903  22.448  -54.039  4.740 0.4000000060
17904  21.643  -54.222  4.267 0.4000000060
18797  22.700  -53.191  4.671 0.3000000119
14234  23.563  -59.332  -2.837 0.6000000238
14154  23.540  -59.967  4.690 0.5000000000
15664  23.312  -57.099  -2.566 0.6000000238
11403  28.423  -63.404  0.473 0.6000000238
13472  29.445  -60.479  -4.032 0.6999999881
14230  27.745  -59.680  -3.583 0.6999999881
14947  30.533  -58.174  1.904 0.5000000000
14948  29.996  -57.918  1.367 0.5000000000
14963  29.459  -58.629  -0.103 0.6000000238
11311  23.023  -63.694  6.309 0.5000000000
13452  25.742  -60.728  -0.393 0.6999999881
105817  26.228  -60.511  -2.603 0.6999999881
13482  26.477  -60.040  -3.612 0.8000000119
14969  27.122  -58.906  -1.590 0.6999999881
11944  20.941  -62.319  7.057 0.4000000060
13476  25.739  -60.180  -3.234 0.6000000238
14970  26.222  -58.770  -1.819 0.6999999881
16348  29.766  -56.746  1.351 0.5000000000
14966  26.686  -58.266  -0.940 0.6999999881
13469  23.970  -59.879  -2.604 0.6999999881
117408  25.184  -60.009  -3.235 0.6999999881
14973  24.879  -59.135  -2.953 0.6999999881
15644  27.685  -56.825  0.202 0.6000000238
17108  27.936  -55.980  0.234 0.6000000238
101798  22.621  -60.004  6.789 0.5000000000
13340  22.031  -59.790  7.215 0.5000000000
13343  19.897  -60.345  7.236 0.4000000060
108176  23.523  -57.992  -2.601 0.6000000238
15660  24.786  -57.318  -2.250 0.6000000238
14157  15.645  -59.123  4.265 0.3000000119
16377  25.119  -56.458  -2.308 0.5000000000
17130  26.122  -55.269  -2.065 0.4000000060
14875  18.978  -58.023  5.725 0.5000000000
14911  16.887  -58.208  3.676 0.4000000060
108113  15.242  -58.484  2.846 0.4000000060
17888  26.013  -54.800  5.880 0.4000000060
7734  33.502  -68.977  -4.820 0.3000000119
7717  33.609  -68.547  -3.379 0.3000000119
11393  31.134  -63.793  1.642 0.4000000060
12007  32.304  -62.847  3.876 0.4000000060
10712  31.871  -64.324  3.104 0.4000000060
10711  32.519  -64.281  3.221 0.4000000060
99917  31.463  -62.055  1.095 0.4000000060
106112  31.793  -62.659  0.329 0.4000000060
12057  31.912  -61.790  -0.004 0.4000000060
12076  32.496  -62.394  -0.769 0.5000000000
12075  32.905  -62.283  -1.901 0.5000000000
118314  32.962  -62.226  -2.888 0.5000000000
12672  31.803  -61.518  4.182 0.4000000060
12025  31.270  -62.902  3.219 0.5000000000
12040  31.221  -62.996  1.465 0.5000000000
11441  32.144  -63.585  -3.445 0.5000000000
11992  32.124  -62.119  4.189 0.5000000000
106952  31.724  -63.079  3.568 0.5000000000
11991  32.812  -62.216  4.132 0.5000000000
12006  33.129  -62.813  3.840 0.4000000060
11361  33.006  -63.545  3.531 0.4000000060
10725  32.906  -64.846  3.013 0.4000000060
100636  33.763  -65.029  2.646 0.4000000060
10078  34.366  -65.462  2.179 0.3000000119
9451  33.737  -67.193  0.891 0.4000000060
13396  31.071  -60.090  3.285 0.4000000060
12708  31.508  -60.642  1.072 0.4000000060
13435  31.442  -60.260  0.638 0.4000000060
13382  31.420  -60.646  4.098 0.4000000060
12698  30.978  -61.487  2.795 0.4000000060
13408  31.045  -60.565  2.236 0.4000000060
12720  31.788  -60.969  -0.015 0.5000000000
12736  32.640  -61.435  -1.084 0.5000000000
13381  32.124  -60.731  4.441 0.4000000060
12686  31.268  -61.535  3.696 0.4000000060
98187  31.005  -62.377  2.340 0.4000000060
13450  32.187  -60.820  -0.976 0.5000000000
12751  32.573  -61.090  -1.815 0.5000000000
12759  32.657  -61.721  -3.322 0.5000000000
12109  31.890  -62.087  -3.844 0.6000000238
12764  31.016  -61.410  -3.792 0.6000000238
12105  31.269  -62.386  -3.546 0.6000000238
14228  29.734  -59.929  -3.661 0.6000000238
14227  30.638  -60.432  -3.577 0.6000000238
11430  30.689  -62.913  -2.593 0.5000000000
11360  33.911  -63.666  3.151 0.4000000060
12752  29.878  -61.528  -2.394 0.5000000000
10077  34.645  -64.909  2.286 0.4000000060
10723  35.223  -64.440  2.056 0.4000000060
9424  34.437  -66.034  1.689 0.4000000060
14196  31.186  -59.557  1.247 0.4000000060
14208  31.266  -59.909  0.277 0.5000000000
14213  31.461  -60.195  -0.832 0.5000000000
13462  32.503  -61.054  -2.848 0.5000000000
100811  30.629  -59.736  -1.297 0.5000000000
13471  31.738  -60.725  -3.293 0.6000000238
112283  29.788  -59.475  -1.834 0.6000000238
14219  30.384  -59.923  -2.631 0.6000000238
7746  33.254  -69.750  -5.589 0.3000000119
8881  34.890  -67.512  -3.367 0.3000000119
10139  36.119  -66.101  -0.176 0.3000000119
14152  31.727  -59.105  4.454 0.4000000060
14170  31.331  -58.946  3.960 0.4000000060
14926  31.071  -58.368  3.375 0.4000000060
13421  31.348  -60.040  1.411 0.4000000060
113482  30.864  -58.921  1.450 0.4000000060
14214  30.823  -59.545  -0.186 0.5000000000
14197  30.943  -59.210  0.730 0.4000000060
12761  30.418  -61.526  -3.593 0.6000000238
12092  30.511  -62.260  -2.743 0.5000000000
14946  30.903  -58.897  2.257 0.4000000060
98642  31.635  -61.300  0.745 0.4000000060
12104  31.975  -62.851  -3.641 0.5000000000
14185  31.085  -59.669  2.201 0.4000000060
113006  31.564  -60.498  -0.194 0.5000000000
13463  31.925  -60.627  -2.040 0.5000000000
14218  31.090  -60.249  -1.853 0.6000000238
21537  20.416  -50.713  -1.441 0.3000000119
8317  34.310  -68.015  -3.770 0.3000000119
10060  26.408  -65.657  3.138 0.5000000000
10662  22.969  -64.480  6.275 0.5000000000
10684  23.638  -64.148  6.046 0.5000000000
10698  26.286  -64.302  3.737 0.5000000000
10710  33.421  -64.272  3.057 0.4000000060
10726  32.203  -64.988  3.017 0.4000000060
11362  32.102  -63.624  3.445 0.4000000060
11395  27.682  -63.634  1.722 0.6000000238
11959  22.932  -62.864  6.264 0.5000000000
11993  25.008  -62.800  4.278 0.6999999881
11994  24.297  -62.632  4.723 0.6000000238
12008  31.621  -62.343  3.825 0.4000000060
12042  26.353  -62.273  1.993 0.6999999881
12091  32.955  -62.919  -2.736 0.5000000000
12103  32.530  -62.592  -3.532 0.5000000000
12108  31.802  -61.535  -3.823 0.6000000238
12644  21.566  -61.891  6.915 0.4000000060
12659  22.990  -61.597  5.999 0.5000000000
12671  32.510  -61.496  4.337 0.5000000000
12750  32.810  -61.583  -2.319 0.5000000000
12753  28.881  -61.070  -1.931 0.6000000238
12760  32.146  -61.281  -3.631 0.6000000238
12765  30.087  -61.033  -4.015 0.6000000238
13341  21.540  -60.410  7.224 0.5000000000
13342  20.733  -60.384  7.326 0.5000000000
13409  23.378  -60.688  2.571 0.6999999881
13455  22.755  -59.545  -0.446 0.8000000119
13464  31.193  -60.353  -2.752 0.6000000238
13466  26.861  -60.687  -1.635 0.6999999881
13467  25.317  -60.449  -2.328 0.6000000238
13473  28.706  -60.463  -3.852 0.6999999881
13478  31.321  -61.009  -3.773 0.6000000238
13479  30.319  -60.779  -3.936 0.6000000238
14125  20.216  -59.064  6.976 0.5000000000
14209  22.193  -59.114  0.145 0.8000000119
14224  23.103  -59.572  -2.273 0.6000000238
14229  28.876  -59.680  -3.664 0.6999999881
14846  21.867  -59.088  7.399 0.5000000000
14858  23.424  -59.020  6.671 0.6000000238
14859  21.760  -58.463  7.258 0.5000000000
14861  20.410  -58.344  6.795 0.5000000000
14897  17.159  -58.644  4.537 0.5000000000
14909  24.610  -58.846  3.773 0.4000000060
14912  16.303  -58.327  3.271 0.4000000060
14930  22.850  -59.317  2.799 0.6000000238
14972  21.137  -58.322  -1.817 0.6000000238
14975  22.691  -57.851  -2.648 0.6000000238
15554  20.597  -57.553  6.566 0.5000000000
15566  25.605  -57.638  5.585 0.5000000000
15568  19.556  -57.349  5.869 0.5000000000
15630  29.848  -57.384  1.383 0.5000000000
15656  20.415  -57.531  -1.577 0.5000000000
15662  20.127  -57.218  -1.973 0.5000000000
15668  20.127  -56.848  -2.115 0.5000000000
15669  20.457  -56.671  -2.330 0.5000000000
16274  24.453  -56.520  6.371 0.4000000060
16286  21.540  -55.960  5.571 0.4000000060
16324  26.862  -56.635  3.981 0.5000000000
16349  25.448  -56.522  1.559 0.4000000060
16371  20.490  -56.978  -1.060 0.5000000000
16385  20.063  -56.265  -2.202 0.5000000000
17042  26.951  -55.947  5.197 0.4000000060
17110  23.150  -55.522  -0.259 0.4000000060
17140  21.118  -55.638  -2.669 0.6000000238
17143  20.232  -55.561  -2.390 0.6000000238
17917  27.635  -54.881  3.532 0.4000000060
17943  27.033  -54.308  2.607 0.4000000060
17989  25.255  -54.046  0.820 0.4000000060
18015  20.643  -54.159  -0.798 0.4000000060
18840  25.518  -53.369  0.911 0.4000000060
18874  19.881  -53.498  -1.791 0.5000000000
18898  20.571  -53.860  -2.399 0.6000000238
19718  27.088  -52.734  2.231 0.3000000119
19784  19.982  -53.073  -1.937 0.6000000238
19798  22.875  -53.069  -2.227 0.5000000000
19801  20.176  -53.170  -2.135 0.6000000238
22355  20.010  -49.466  -1.950 0.4000000060
24020  20.477  -47.789  -2.014 0.4000000060
24699  20.464  -46.816  -1.315 0.4000000060
101808  31.145  -62.157  3.255 0.4000000060
103073  23.899  -58.263  6.644 0.6000000238
103229  28.623  -63.683  -0.131 0.6000000238
103563  31.339  -59.673  4.099 0.4000000060
103878  22.707  -54.459  -2.696 0.5000000000
103933  31.104  -59.240  3.195 0.4000000060
104654  27.981  -54.237  3.946 0.4000000060
104770  20.153  -48.166  -1.868 0.4000000060
105736  31.032  -60.872  3.310 0.4000000060
106891  19.813  -54.261  -1.939 0.5000000000
107206  26.212  -52.075  1.221 0.3000000119
107402  27.941  -60.244  -3.847 0.6999999881
107464  21.943  -56.828  6.568 0.4000000060
108351  31.497  -63.454  -3.383 0.5000000000
108827  31.154  -61.377  1.703 0.4000000060
111468  23.099  -59.610  6.630 0.5000000000
112230  32.270  -61.834  -3.787 0.6000000238
112550  23.421  -61.629  4.470 0.6000000238
112794  22.177  -60.438  6.983 0.5000000000
112839  21.718  -57.025  -2.649 0.6999999881
113873  24.193  -60.417  -0.717 0.8000000119
114598  20.429  -55.424  -0.946 0.5000000000
115806  22.080  -58.665  0.129 0.6999999881
117279  21.184  -54.123  3.945 0.4000000060
118453  26.178  -57.164  2.763 0.5000000000
