#!ascii label  , from subject sub-027S6002 vox2ras=TkReg
1438
2843  15.620  -77.971  0.474 0.6999999881
2836  15.725  -78.849  1.053 0.8000000119
2835  16.323  -78.288  1.254 0.8000000119
2471  15.603  -79.726  1.559 0.6999999881
2852  14.334  -78.557  -0.744 0.6000000238
116146  14.703  -78.706  0.046 0.6000000238
2476  15.081  -79.266  0.715 0.6000000238
3236  14.628  -77.676  -0.992 0.6000000238
3212  16.848  -77.648  1.602 0.8000000119
2826  16.672  -78.441  2.143 0.6999999881
103452  16.904  -78.304  3.051 0.6999999881
2816  16.460  -78.866  3.576 0.6999999881
116025  15.466  -76.991  -0.183 0.6000000238
3219  16.202  -77.386  0.636 0.6999999881
112952  16.482  -79.074  2.695 0.6999999881
2865  14.473  -78.350  -1.527 0.6000000238
2878  14.772  -78.583  -2.068 0.6000000238
2879  14.281  -78.683  -2.137 0.6000000238
2191  14.555  -80.016  -3.574 0.6000000238
2524  14.103  -79.441  -3.662 0.6000000238
3714  17.420  -76.650  2.866 0.8000000119
3700  17.629  -76.047  3.747 0.8000000119
114047  17.407  -76.874  3.898 0.6999999881
3677  17.278  -76.469  4.589 0.6999999881
3659  16.919  -76.407  5.025 0.6999999881
3731  17.145  -76.829  1.705 0.8000000119
3196  17.198  -77.531  3.523 0.6999999881
3678  16.940  -77.029  4.684 0.6999999881
110625  16.804  -77.000  0.838 0.6999999881
3197  17.099  -77.498  2.567 0.8000000119
3188  16.886  -78.126  3.959 0.6999999881
3742  16.223  -76.643  0.172 0.6999999881
3224  15.008  -77.116  -0.726 0.6999999881
2864  14.945  -77.898  -1.506 0.6000000238
3235  15.063  -76.961  -1.149 0.6000000238
2523  14.757  -79.358  -2.893 0.6000000238
2514  14.292  -79.053  -2.813 0.6000000238
102570  14.508  -80.881  -4.271 0.6000000238
1664  15.429  -82.234  -5.384 0.6999999881
1926  14.629  -81.474  -5.186 0.6000000238
1667  16.345  -82.928  -7.050 0.5000000000
110872  15.689  -82.356  -6.645 0.6000000238
1370  16.725  -83.551  -7.270 0.5000000000
4213  17.863  -74.964  3.430 0.8999999762
4195  17.647  -75.496  4.575 0.8000000119
4743  17.563  -74.888  5.230 0.6999999881
102980  17.743  -75.752  1.760 0.6999999881
4225  17.683  -75.699  2.618 0.8999999762
4176  17.209  -75.678  5.153 0.6999999881
4254  16.527  -76.131  -0.072 0.8000000119
110394  17.358  -75.937  0.756 0.8000000119
111284  15.789  -76.021  -0.900 0.6999999881
3234  15.714  -76.747  -1.530 0.8000000119
2877  15.490  -78.467  -1.915 0.6999999881
108606  14.990  -78.891  -2.404 0.6999999881
2186  15.341  -80.193  -2.809 0.6000000238
1658  15.266  -81.957  -4.132 0.6999999881
1663  16.471  -82.799  -5.830 0.6999999881
4770  18.344  -74.477  2.766 0.8999999762
4758  18.044  -74.587  4.488 0.8000000119
4722  17.465  -74.347  5.615 0.6999999881
4787  18.031  -75.448  1.361 0.8000000119
101247  17.962  -75.148  2.316 0.8000000119
4804  17.743  -75.365  0.366 0.6999999881
4282  16.233  -75.521  -1.497 0.6999999881
4281  16.586  -75.269  -1.059 0.6000000238
3755  15.738  -76.167  -1.237 0.8000000119
2863  15.829  -77.617  -1.771 0.8000000119
2500  16.570  -78.883  -1.890 0.6999999881
2185  16.173  -80.506  -2.247 0.8000000119
2513  15.757  -79.367  -2.235 0.6999999881
99722  16.982  -82.726  -3.476 0.6999999881
1922  15.805  -81.843  -3.102 0.6999999881
1919  15.755  -81.071  -2.742 0.6999999881
1662  16.912  -82.957  -4.531 0.6999999881
113888  16.040  -82.515  -4.660 0.6999999881
8290  13.690  -69.045  -0.837 0.6000000238
7703  15.517  -69.885  -2.329 0.6000000238
8307  13.775  -69.226  -2.874 0.6000000238
8339  13.455  -68.122  -3.812 0.6999999881
4757  18.455  -74.169  3.666 0.8999999762
4721  18.056  -74.078  5.248 0.6999999881
4821  17.395  -75.166  -0.517 0.6000000238
4848  16.505  -75.004  -1.974 0.6000000238
4835  17.233  -74.887  -1.303 0.6000000238
99075  16.316  -75.488  -1.963 0.6999999881
3761  16.818  -76.150  -2.877 0.6999999881
3762  16.378  -75.393  -2.883 0.6999999881
7000  19.841  -70.479  4.893 0.6999999881
7581  18.685  -70.054  5.526 0.6999999881
3245  17.282  -77.034  -2.489 0.8000000119
3246  16.278  -76.186  -1.993 0.8000000119
104409  20.020  -70.415  4.269 0.6000000238
7593  18.559  -69.736  4.699 0.6000000238
106515  17.989  -69.691  5.258 0.6999999881
2862  16.870  -78.215  -1.887 0.6999999881
7603  17.992  -69.855  3.696 0.5000000000
112396  17.081  -69.476  3.810 0.6999999881
2175  16.774  -80.000  -1.811 0.8000000119
7602  18.841  -69.960  3.926 0.5000000000
7012  18.652  -70.136  3.152 0.5000000000
1651  16.639  -82.259  -2.828 0.6999999881
7024  17.925  -70.327  2.390 0.5000000000
7040  18.498  -70.584  1.387 0.6000000238
111511  17.837  -70.625  1.198 0.5000000000
7618  17.118  -70.330  1.695 0.6000000238
8252  15.709  -69.688  1.498 0.6999999881
8270  14.686  -68.989  0.380 0.6999999881
7637  17.356  -70.568  0.499 0.5000000000
100860  16.545  -70.318  1.223 0.6000000238
8269  15.596  -69.894  0.328 0.6000000238
8289  14.949  -69.748  -1.377 0.6000000238
7636  18.232  -70.472  0.479 0.6000000238
7638  16.495  -70.451  0.321 0.6000000238
7682  15.961  -70.225  -1.692 0.6000000238
7659  17.880  -70.362  -0.303 0.5000000000
7660  17.247  -70.522  -0.391 0.5000000000
7702  16.156  -70.042  -2.356 0.6000000238
8306  14.866  -69.346  -2.965 0.6000000238
8323  14.567  -68.638  -3.524 0.6999999881
9541  14.423  -66.936  -4.022 0.6000000238
8903  12.720  -67.214  -3.834 0.6999999881
7661  16.490  -70.461  -0.827 0.6000000238
7681  16.783  -70.057  -1.944 0.6000000238
7723  15.827  -69.731  -2.789 0.6000000238
8887  15.284  -68.327  -3.587 0.6999999881
9540  15.023  -66.524  -3.746 0.5000000000
106042  18.900  -73.417  3.802 0.8999999762
108583  18.304  -74.911  -0.003 0.6000000238
4803  18.564  -75.013  0.930 0.6999999881
5281  18.862  -73.063  4.522 0.8000000119
5257  17.382  -73.214  6.054 0.6999999881
5827  18.711  -72.821  5.389 0.6999999881
5826  19.560  -72.428  4.853 0.8000000119
4298  16.346  -75.041  -2.692 0.6999999881
6433  20.280  -71.238  4.695 0.8000000119
6987  19.478  -70.718  5.550 0.6000000238
6999  20.348  -70.842  4.516 0.6999999881
7010  20.557  -70.677  3.650 0.6000000238
2499  17.421  -79.091  -1.915 0.8000000119
2875  18.299  -78.674  -2.888 0.8000000119
2498  18.072  -79.798  -1.732 0.8000000119
7022  20.093  -70.323  2.646 0.5000000000
2174  17.646  -80.546  -1.532 0.8000000119
7023  18.997  -70.394  2.377 0.5000000000
7633  20.721  -70.110  1.026 0.5000000000
7634  19.685  -70.210  0.977 0.6000000238
7039  19.367  -70.407  1.591 0.6000000238
7658  19.047  -69.987  0.431 0.6000000238
102447  18.323  -70.043  0.009 0.6000000238
115667  14.134  -64.627  -2.783 0.5000000000
10185  14.520  -66.031  -3.563 0.5000000000
10800  13.969  -65.446  -3.153 0.6000000238
7680  17.526  -70.042  -1.014 0.6000000238
8305  16.320  -69.792  -2.515 0.6999999881
8885  16.491  -68.136  -2.597 0.6999999881
8900  15.145  -67.336  -3.860 0.6999999881
8268  17.730  -69.204  -0.779 0.6000000238
8886  15.909  -67.774  -3.409 0.6000000238
8870  16.945  -68.226  -1.594 0.6000000238
9506  16.429  -67.102  -1.604 0.5000000000
4786  18.525  -74.866  1.894 0.6999999881
4769  19.165  -74.240  2.268 0.6999999881
5290  19.035  -73.803  3.042 0.6999999881
5280  19.282  -72.875  4.073 0.8000000119
5837  20.087  -72.503  4.016 0.6999999881
6442  20.703  -71.288  3.969 0.6999999881
5825  20.293  -71.801  4.472 0.6999999881
12094  14.342  -62.838  -1.901 0.5000000000
8264  20.551  -68.708  0.057 0.5000000000
7657  20.119  -69.693  0.550 0.6000000238
106966  13.854  -63.989  -2.481 0.5000000000
8265  19.631  -68.841  0.178 0.5000000000
8830  19.803  -67.657  -0.104 0.5000000000
9524  15.645  -66.647  -3.473 0.5000000000
8831  19.026  -67.731  0.278 0.6000000238
8832  18.120  -68.142  0.475 0.6000000238
4784  20.153  -74.127  1.110 0.6999999881
114005  19.839  -73.971  1.794 0.6999999881
5301  19.981  -73.473  2.541 0.6999999881
9461  16.998  -66.883  0.385 0.5000000000
8851  19.608  -66.633  -0.750 0.5000000000
9484  16.553  -67.088  -0.446 0.5000000000
8833  17.636  -68.121  0.195 0.5000000000
8834  17.232  -68.207  -0.585 0.5000000000
9460  17.506  -65.699  0.822 0.5000000000
116004  16.916  -65.949  0.519 0.5000000000
112341  18.872  -65.721  0.519 0.5000000000
9436  18.181  -65.789  0.941 0.5000000000
10146  19.803  -65.391  0.001 0.5000000000
105541  18.297  -66.914  0.695 0.5000000000
101394  17.697  -66.963  0.732 0.5000000000
8852  19.322  -66.437  -0.034 0.5000000000
117803  18.819  -66.718  0.390 0.5000000000
10126  19.716  -65.045  0.706 0.5000000000
12096  11.980  -62.305  -1.584 0.6000000238
12106  12.157  -62.936  -2.095 0.6000000238
12082  12.677  -62.060  -1.169 0.5000000000
12755  11.684  -61.731  -1.077 0.6999999881
12107  11.478  -62.738  -1.930 0.6000000238
110935  11.293  -63.558  -1.852 0.6000000238
114552  9.894  -63.148  -1.633 0.6999999881
12742  11.539  -61.514  -0.932 0.6000000238
12756  11.035  -61.536  -1.249 0.6999999881
11449  10.823  -62.882  -1.903 0.6999999881
11435  10.831  -63.483  -1.609 0.6999999881
11437  9.256  -62.902  -1.536 0.8000000119
12727  11.527  -61.326  -0.205 0.5000000000
12726  12.120  -61.745  -0.490 0.5000000000
107286  9.609  -62.643  -1.721 0.8000000119
114603  10.459  -61.433  -1.430 0.6000000238
12066  7.799  -63.001  -0.558 0.6999999881
104357  11.834  -61.921  2.843 0.5000000000
106636  12.036  -61.781  1.624 0.5000000000
11438  8.412  -62.731  -1.338 0.6999999881
11409  8.837  -63.160  -0.377 0.6999999881
12757  9.663  -61.789  -1.631 0.6999999881
99312  10.861  -61.187  -0.968 0.6999999881
12065  8.369  -63.055  0.512 0.6999999881
12100  7.904  -62.238  -1.399 0.6999999881
12713  11.470  -61.268  0.993 0.6000000238
12743  9.973  -61.120  -1.287 0.8000000119
14919  5.819  -58.042  3.583 0.6999999881
14189  5.874  -59.231  2.864 0.8000000119
109309  13.690  -60.505  4.842 0.4000000060
98547  7.266  -62.688  0.351 0.6999999881
12676  11.776  -61.295  4.135 0.5000000000
106688  6.928  -62.741  -0.724 0.6999999881
12701  11.382  -61.267  2.188 0.6000000238
12702  10.640  -60.846  1.668 0.6000000238
103044  8.792  -61.766  -1.551 0.6999999881
13456  9.950  -60.921  -0.375 0.8000000119
13457  9.188  -60.732  -0.870 0.8000000119
13266  10.475  -60.047  12.763 0.5000000000
13279  10.367  -60.293  12.209 0.5000000000
13294  10.060  -60.483  11.375 0.5000000000
16312  7.424  -56.338  4.154 0.5000000000
102684  7.604  -56.261  3.545 0.6000000238
17069  8.525  -55.410  3.548 0.6000000238
15575  7.432  -57.278  4.756 0.6000000238
14107  8.352  -59.419  7.700 0.6000000238
16330  6.864  -56.621  3.837 0.6999999881
16313  6.815  -56.708  4.252 0.6999999881
15610  6.291  -57.136  3.765 0.6999999881
15597  5.617  -57.703  4.629 0.6999999881
13461  5.715  -61.413  -0.591 0.6999999881
13444  5.984  -60.809  0.215 0.6999999881
14202  6.249  -60.065  1.553 0.8000000119
13387  11.999  -60.551  4.342 0.5000000000
12069  5.743  -62.028  -1.069 0.6999999881
12690  11.354  -61.116  3.314 0.6000000238
12758  6.955  -61.649  -1.337 0.8000000119
13439  9.910  -60.728  0.857 0.6999999881
110055  7.722  -60.307  -1.037 0.8000000119
12745  8.046  -61.155  -1.367 0.8000000119
14778  9.990  -59.156  13.234 0.5000000000
13278  11.016  -60.017  12.122 0.6000000238
14059  11.496  -60.066  10.607 0.5000000000
98236  11.180  -60.435  10.610 0.6000000238
99197  10.563  -60.568  10.560 0.6000000238
13315  10.066  -60.479  9.619 0.6000000238
13347  10.532  -60.398  8.076 0.6000000238
13348  9.475  -60.055  8.004 0.5000000000
17052  8.874  -55.068  3.806 0.5000000000
15595  8.204  -56.675  4.574 0.5000000000
98371  8.790  -55.224  2.958 0.6000000238
15574  8.386  -57.747  5.039 0.6000000238
14883  7.671  -58.199  5.392 0.6999999881
14088  8.624  -59.643  8.579 0.6000000238
117125  8.558  -55.931  2.627 0.6000000238
16346  7.031  -56.758  3.356 0.6999999881
15596  6.251  -57.280  4.645 0.6999999881
15576  6.642  -57.092  4.549 0.6999999881
15559  6.603  -57.948  5.269 0.8000000119
14850  7.657  -59.059  6.923 0.6999999881
16345  7.962  -56.539  2.732 0.6999999881
112994  6.545  -57.368  3.301 0.6999999881
15629  8.109  -57.709  2.445 0.6999999881
14939  6.625  -58.279  2.900 0.8000000119
14201  7.335  -59.277  1.563 0.8000000119
14955  6.782  -59.258  2.139 0.8000000119
13388  11.344  -60.484  3.858 0.5000000000
14178  10.089  -59.663  3.229 0.6000000238
99485  6.540  -59.905  -0.417 0.8000000119
14211  6.914  -59.516  0.395 0.8000000119
13413  10.159  -60.437  2.567 0.6000000238
13398  9.784  -60.077  3.052 0.6999999881
13442  7.454  -59.739  -0.226 0.8000000119
13425  9.287  -60.261  1.359 0.6999999881
13426  8.423  -59.827  0.736 0.6999999881
13440  9.151  -60.517  0.195 0.8000000119
15497  9.534  -58.421  12.726 0.4000000060
14790  11.068  -59.302  12.067 0.5000000000
13313  11.622  -60.363  9.933 0.4000000060
13331  10.917  -60.594  8.845 0.5000000000
103621  10.184  -60.082  7.408 0.5000000000
105051  8.975  -54.815  3.448 0.5000000000
15573  9.111  -57.269  4.932 0.6000000238
14881  9.306  -58.334  5.383 0.6000000238
14132  9.381  -59.661  6.877 0.6000000238
16343  9.222  -55.938  2.246 0.6000000238
14882  8.506  -58.455  5.549 0.6999999881
14133  8.497  -59.218  6.696 0.6999999881
17102  9.796  -56.121  1.753 0.6000000238
14954  7.452  -58.518  2.463 0.8000000119
14187  9.799  -59.069  2.981 0.6999999881
14199  8.965  -59.569  1.989 0.6999999881
14200  7.750  -59.426  1.048 0.8000000119
98921  8.130  -58.907  2.229 0.8000000119
14188  9.513  -59.610  2.799 0.6999999881
15504  10.845  -58.612  11.753 0.4000000060
15505  9.915  -57.908  11.657 0.4000000060
16237  8.305  -56.672  11.493 0.4000000060
116851  11.887  -59.954  9.895 0.5000000000
14804  11.303  -58.923  11.184 0.4000000060
98901  7.637  -56.638  11.928 0.5000000000
14106  11.024  -60.253  7.458 0.5000000000
14879  11.247  -58.366  5.745 0.5000000000
14866  9.890  -59.119  6.072 0.5000000000
15571  11.602  -57.610  5.366 0.5000000000
14867  8.955  -59.010  6.035 0.6999999881
15628  8.762  -57.224  2.308 0.6000000238
14917  11.681  -58.731  3.119 0.6000000238
14937  10.130  -58.520  2.304 0.6000000238
15627  10.614  -57.974  1.304 0.6999999881
14952  9.665  -58.093  2.045 0.6999999881
104592  8.353  -59.337  1.688 0.6999999881
16988  6.219  -55.625  11.163 0.3000000119
14817  11.750  -59.370  10.214 0.4000000060
15514  10.610  -58.007  10.775 0.3000000119
16236  9.213  -56.931  11.195 0.4000000060
16987  6.926  -55.970  10.873 0.5000000000
13329  12.169  -60.091  9.376 0.4000000060
16993  7.139  -55.663  10.175 0.3000000119
14105  11.926  -60.214  7.690 0.4000000060
102096  10.663  -57.624  5.245 0.5000000000
14130  11.429  -59.773  6.901 0.4000000060
16308  11.220  -55.728  4.630 0.6000000238
14129  12.373  -59.593  7.184 0.4000000060
102236  11.811  -59.025  6.407 0.5000000000
108336  8.899  -58.021  2.260 0.6999999881
14953  8.761  -58.876  2.433 0.6999999881
16239  6.862  -56.217  11.854 0.4000000060
16247  7.852  -56.100  10.631 0.4000000060
17004  6.868  -55.066  9.446 0.3000000119
14073  12.531  -59.436  9.389 0.3000000119
14865  12.738  -58.902  6.645 0.4000000060
16290  12.063  -56.775  5.098 0.4000000060
15570  12.396  -57.655  5.567 0.4000000060
15527  10.632  -57.167  9.919 0.3000000119
15515  9.950  -57.092  10.640 0.3000000119
101586  8.651  -56.429  10.741 0.4000000060
16259  8.566  -56.043  10.009 0.3000000119
16992  7.779  -55.608  9.738 0.3000000119
102270  11.849  -58.428  9.592 0.3000000119
14086  13.380  -59.328  8.416 0.3000000119
15558  12.984  -58.143  6.159 0.3000000119
14864  13.628  -58.705  6.936 0.3000000119
111638  12.833  -56.466  5.107 0.3000000119
15528  9.914  -56.532  9.917 0.3000000119
17003  8.500  -55.628  9.243 0.3000000119
17002  9.294  -56.050  9.442 0.3000000119
14848  13.972  -58.926  7.882 0.3000000119
15557  13.836  -57.926  6.374 0.3000000119
16289  13.580  -56.583  5.450 0.3000000119
16995  5.751  -54.898  10.594 0.3000000119
113089  11.232  -57.653  9.573 0.3000000119
16257  10.960  -56.706  9.470 0.3000000119
15548  14.405  -58.323  7.284 0.3000000119
116671  17.465  -69.864  3.199 0.6000000238
7619  16.266  -69.844  2.253 0.6999999881
8229  15.443  -69.144  2.767 0.6999999881
8253  14.871  -68.867  1.331 0.6999999881
110691  10.862  -59.137  6.178 0.4000000060
14880  10.316  -58.426  5.570 0.6000000238
17015  7.729  -55.112  8.972 0.3000000119
2477  14.386  -79.552  0.107 0.6999999881
2799  16.321  -78.442  4.233 0.6999999881
3749  15.385  -76.533  -0.773 0.8000000119
1923  15.156  -81.071  -3.379 0.6999999881
4267  16.891  -75.631  -0.281 0.6000000238
5267  18.201  -73.427  5.509 0.6999999881
1918  16.391  -81.477  -2.407 0.6999999881
1912  16.953  -81.011  -1.802 0.8000000119
8901  14.426  -67.782  -3.945 0.6999999881
8288  15.349  -69.998  -0.622 0.6000000238
117814  13.319  -65.780  -3.001 0.6000000238
8287  17.348  -69.332  -1.558 0.6999999881
5809  19.231  -72.142  5.580 0.8000000119
7021  21.033  -70.554  2.658 0.5000000000
7038  20.437  -70.278  1.775 0.6000000238
8266  18.724  -69.211  0.207 0.6000000238
13459  6.730  -60.283  -0.937 0.8000000119
275  16.121  -88.658  -3.218 0.4000000060
448  16.769  -88.547  -2.949 0.4000000060
457  17.164  -87.211  -4.611 0.3000000119
114230  16.370  -88.337  -3.616 0.4000000060
271  16.069  -88.932  -2.527 0.4000000060
865  20.691  -85.937  -3.938 0.4000000060
640  20.236  -86.467  -4.026 0.5000000000
106436  19.902  -86.990  -3.547 0.5000000000
641  19.364  -86.194  -4.751 0.3000000119
638  18.853  -86.932  -4.292 0.4000000060
452  18.365  -87.544  -3.615 0.4000000060
642  18.486  -86.454  -4.861 0.3000000119
453  17.479  -87.947  -3.705 0.3000000119
274  16.881  -88.349  -3.482 0.3000000119
643  17.778  -86.710  -4.865 0.3000000119
871  19.949  -85.792  -4.531 0.4000000060
1114  20.382  -85.473  -4.229 0.4000000060
864  21.370  -86.030  -3.399 0.5000000000
1115  19.763  -85.249  -4.719 0.3000000119
646  18.689  -85.707  -5.335 0.3000000119
882  17.652  -85.040  -6.345 0.4000000060
876  18.571  -85.190  -5.615 0.3000000119
1369  17.378  -83.955  -6.960 0.4000000060
883  16.897  -84.803  -6.734 0.4000000060
1132  16.930  -84.080  -7.284 0.4000000060
1107  20.377  -84.836  -4.067 0.4000000060
105308  20.321  -83.975  -3.363 0.4000000060
1357  19.605  -84.698  -4.639 0.4000000060
1351  19.817  -84.207  -3.892 0.4000000060
1647  20.245  -83.031  -1.972 0.5000000000
1116  19.222  -85.029  -5.192 0.4000000060
1344  19.354  -83.515  -3.092 0.4000000060
881  18.133  -84.807  -6.117 0.4000000060
1361  18.278  -84.426  -6.015 0.5000000000
1353  18.390  -83.681  -4.549 0.4000000060
1363  17.121  -83.422  -6.697 0.4000000060
1668  14.866  -81.760  -6.308 0.6000000238
1671  15.684  -82.528  -7.447 0.4000000060
1627  20.248  -81.956  -0.770 0.6000000238
1635  19.609  -82.344  -1.181 0.6000000238
1649  18.508  -82.837  -2.369 0.6000000238
1636  18.691  -82.337  -1.518 0.6000000238
1637  17.895  -82.278  -1.768 0.6999999881
115450  17.738  -83.393  -4.838 0.5000000000
1656  17.638  -83.174  -3.845 0.6000000238
1650  17.107  -81.973  -2.000 0.6999999881
2486  20.043  -79.845  -0.790 0.6999999881
2172  19.244  -80.094  -0.978 0.6999999881
2158  19.777  -80.515  -0.639 0.6000000238
2159  18.993  -80.832  -0.845 0.6999999881
2511  18.855  -79.450  -2.253 0.6999999881
2512  18.169  -79.144  -2.267 0.6999999881
2876  17.598  -78.215  -2.223 0.6999999881
103086  18.298  -81.134  -1.185 0.6999999881
1911  17.669  -81.489  -1.525 0.6999999881
2521  19.715  -79.184  -3.731 0.5000000000
101775  18.818  -79.868  -1.498 0.6999999881
2522  18.735  -79.104  -3.153 0.6000000238
2886  18.500  -78.735  -4.078 0.6999999881
2173  18.490  -80.389  -1.266 0.6999999881
2887  18.011  -77.843  -3.133 0.6999999881
3251  17.467  -76.814  -3.463 0.6000000238
117917  19.183  -79.166  -4.053 0.6000000238
102230  19.022  -78.712  -5.659 0.6000000238
2894  17.872  -77.798  -4.479 0.6000000238
102755  18.387  -78.131  -5.702 0.6000000238
4847  17.262  -74.664  -2.221 0.5000000000
2428  15.872  -79.152  3.844 0.6000000238
110468  15.964  -79.675  3.099 0.6000000238
3256  17.213  -76.701  -4.787 0.6000000238
3768  16.482  -75.781  -4.011 0.6000000238
4858  16.314  -74.865  -3.637 0.5000000000
101649  16.500  -74.830  -2.978 0.5000000000
116134  15.858  -77.190  4.845 0.6000000238
3159  16.404  -77.028  4.861 0.6000000238
2800  15.600  -78.595  4.303 0.6000000238
3255  17.774  -77.601  -5.384 0.6000000238
4322  16.236  -75.141  -4.462 0.5000000000
3769  16.192  -75.021  -3.671 0.5000000000
105202  15.406  -74.892  4.859 0.6000000238
4724  15.994  -74.732  5.405 0.6000000238
4178  15.946  -75.581  5.279 0.6000000238
107829  15.302  -77.236  4.661 0.6000000238
3660  16.376  -76.258  5.146 0.6000000238
4708  17.174  -74.033  5.881 0.6000000238
4177  16.725  -75.667  5.335 0.6000000238
4802  19.390  -74.569  0.417 0.6000000238
3776  16.591  -75.762  -5.069 0.6000000238
117328  16.023  -74.033  5.350 0.6000000238
100228  16.272  -71.824  5.694 0.6000000238
5258  16.891  -73.440  6.022 0.6000000238
6408  17.610  -71.554  6.366 0.6000000238
5795  17.107  -72.736  6.215 0.6000000238
6979  17.806  -70.880  6.275 0.5000000000
5794  17.719  -72.325  6.284 0.6000000238
6407  18.282  -71.539  6.304 0.5000000000
4197  14.916  -74.954  3.938 0.6999999881
5282  15.652  -73.380  4.729 0.6000000238
5811  16.570  -72.664  5.921 0.6000000238
6423  17.204  -71.167  6.241 0.6000000238
7582  17.264  -69.761  5.264 0.6000000238
7013  12.971  -70.443  3.844 0.6000000238
105305  15.783  -71.643  5.186 0.6000000238
7583  16.445  -69.926  5.251 0.5000000000
6434  15.364  -71.059  5.038 0.6000000238
7001  14.956  -70.221  4.745 0.6000000238
7003  13.622  -70.459  4.261 0.6000000238
7607  13.374  -69.396  4.001 0.6000000238
5828  15.434  -72.503  4.189 0.6000000238
7595  16.545  -69.477  4.532 0.6000000238
6991  15.768  -70.381  5.182 0.6000000238
7596  15.724  -69.673  4.724 0.5000000000
98956  14.970  -69.348  4.334 0.6000000238
7606  14.270  -68.967  3.953 0.5000000000
8231  13.598  -68.738  3.402 0.5000000000
99082  16.115  -69.298  3.533 0.6000000238
7605  15.148  -68.960  3.750 0.6000000238
8230  14.572  -68.737  3.122 0.6000000238
8243  13.988  -68.518  2.331 0.6000000238
108527  13.115  -68.550  1.968 0.6999999881
104256  11.943  -69.039  1.266 0.6999999881
7662  12.219  -69.100  0.344 0.6999999881
100949  11.609  -69.522  -0.476 0.6999999881
112109  14.951  -68.852  2.221 0.6000000238
8254  13.870  -68.525  1.243 0.6999999881
8272  12.992  -68.777  0.067 0.6999999881
8255  12.818  -68.602  1.066 0.6999999881
8291  12.581  -69.165  -0.700 0.6999999881
102402  14.480  -69.158  -0.394 0.6000000238
104926  17.360  -74.517  -3.262 0.5000000000
111992  19.378  -74.347  -2.700 0.5000000000
4834  18.405  -74.673  -1.476 0.5000000000
106487  19.453  -74.601  -1.150 0.6000000238
5947  20.018  -73.114  -3.427 0.6000000238
5355  19.774  -74.012  -3.155 0.6000000238
4845  20.136  -74.221  -2.298 0.6000000238
4819  19.954  -74.510  -0.463 0.6000000238
4801  20.519  -74.227  0.319 0.6000000238
5354  20.571  -73.572  -2.649 0.5000000000
4831  21.075  -74.024  -1.137 0.6000000238
5323  21.014  -73.779  0.967 0.6000000238
5936  21.524  -72.614  -1.680 0.6000000238
5877  21.947  -72.995  0.224 0.5000000000
116718  21.570  -73.306  0.815 0.6000000238
5313  20.599  -73.560  1.704 0.6000000238
5919  21.950  -71.884  -1.011 0.5000000000
5312  21.374  -73.117  1.480 0.6000000238
6441  21.198  -71.047  3.117 0.5000000000
6462  22.035  -71.208  1.940 0.5000000000
5847  21.068  -72.229  3.054 0.6000000238
106480  21.764  -72.383  1.887 0.6000000238
1359  17.431  -83.359  -5.693 0.6000000238
101965  17.554  -82.704  -2.706 0.6999999881
116431  18.033  -74.891  -0.763 0.5000000000
112792  15.669  -69.261  4.219 0.6000000238
8271  13.746  -68.670  0.286 0.6999999881
4820  18.927  -74.695  -0.557 0.6000000238
5300  21.019  -72.800  2.363 0.6000000238
5846  21.548  -72.032  2.605 0.6000000238
280  16.944  -87.976  -4.017 0.3000000119
456  17.886  -87.349  -4.311 0.3000000119
100984  18.015  -86.050  -5.382 0.3000000119
1124  19.157  -85.379  -5.147 0.4000000060
1125  18.702  -84.908  -5.602 0.4000000060
1343  20.786  -83.630  -2.753 0.4000000060
1352  19.143  -83.988  -4.171 0.3000000119
105668  19.996  -83.407  -2.623 0.5000000000
1648  19.371  -82.904  -2.083 0.6000000238
107801  18.869  -84.449  -5.253 0.5000000000
1655  18.413  -83.322  -3.401 0.5000000000
1358  18.215  -83.832  -5.609 0.5000000000
1903  18.847  -81.669  -0.987 0.6000000238
109742  19.239  -79.259  -3.226 0.6999999881
6425  15.992  -71.099  5.461 0.6000000238
7683  10.812  -69.657  -1.372 0.6000000238
6531  21.044  -71.156  -2.738 0.5000000000
4832  20.303  -74.362  -1.334 0.6000000238
4818  20.856  -74.192  -0.468 0.6000000238
5353  21.119  -73.236  -2.091 0.5000000000
5334  21.513  -73.633  -0.533 0.6000000238
6507  21.582  -71.651  -1.946 0.5000000000
5876  22.258  -72.185  0.656 0.5000000000
5858  22.201  -71.780  1.409 0.5000000000
104084  18.907  -84.244  13.057 0.4000000060
97997  18.801  -83.856  12.179 0.4000000060
718  17.819  -85.056  14.251 0.5000000000
711  17.128  -84.968  15.031 0.5000000000
496  16.123  -85.341  16.281 0.5000000000
108857  18.263  -84.446  14.721 0.5000000000
1491  18.423  -82.764  11.962 0.4000000060
98421  18.574  -82.158  11.024 0.4000000060
98460  18.721  -83.474  11.119 0.5000000000
268  16.006  -88.795  -0.589 0.3000000119
265  16.242  -88.750  0.455 0.3000000119
269  15.675  -89.427  -1.059 0.3000000119
710  18.039  -84.487  15.375 0.4000000060
700  17.962  -84.627  16.309 0.5000000000
701  16.901  -84.777  16.128 0.5000000000
112139  18.497  -84.403  14.339 0.4000000060
101741  18.702  -84.442  13.727 0.4000000060
1214  18.477  -83.190  12.837 0.3000000119
1460  18.547  -82.606  13.460 0.3000000119
1248  18.596  -82.897  8.612 0.4000000060
1778  18.720  -81.297  10.479 0.3000000119
104678  18.600  -81.980  10.159 0.4000000060
1511  18.576  -82.812  10.239 0.5000000000
2054  18.968  -80.811  10.040 0.3000000119
434  16.610  -87.878  0.536 0.3000000119
143  17.219  -88.769  1.170 0.3000000119
438  16.074  -88.860  -1.587 0.3000000119
939  18.485  -84.202  15.762 0.3000000119
1189  18.646  -84.132  15.104 0.3000000119
2039  18.978  -80.789  10.712 0.3000000119
1535  18.887  -82.093  8.400 0.4000000060
1551  18.798  -82.948  7.937 0.4000000060
1807  18.787  -81.497  9.016 0.4000000060
115549  19.409  -80.650  9.724 0.3000000119
608  17.063  -85.986  1.070 0.4000000060
431  16.891  -86.897  0.701 0.4000000060
430  17.802  -87.987  0.903 0.4000000060
429  18.792  -88.011  1.315 0.4000000060
428  19.641  -88.179  1.874 0.4000000060
256  20.290  -88.221  2.359 0.5000000000
620  16.523  -86.389  -0.581 0.3000000119
109862  16.172  -87.944  -0.099 0.3000000119
437  16.128  -87.434  -0.981 0.3000000119
444  16.363  -88.033  -1.993 0.3000000119
447  17.534  -88.137  -3.266 0.3000000119
1188  18.783  -83.932  15.926 0.3000000119
1822  20.879  -81.546  8.068 0.3000000119
1549  20.371  -82.365  7.680 0.3000000119
1273  19.618  -83.862  6.937 0.4000000060
1006  18.889  -83.976  7.083 0.4000000060
2037  20.454  -80.423  10.535 0.3000000119
104433  20.125  -80.978  8.484 0.3000000119
2053  20.050  -80.436  9.760 0.3000000119
2070  19.675  -80.692  9.108 0.3000000119
115178  21.643  -87.294  4.384 0.5000000000
105517  20.587  -87.157  4.799 0.5000000000
1056  17.529  -84.228  1.548 0.3000000119
813  17.268  -85.109  1.534 0.3000000119
1057  17.332  -84.755  0.688 0.3000000119
607  17.538  -86.065  1.799 0.3000000119
116891  17.450  -86.800  1.264 0.4000000060
594  20.862  -87.095  2.320 0.5000000000
423  20.923  -87.753  2.623 0.5000000000
814  17.067  -85.337  0.649 0.3000000119
606  18.226  -87.033  1.677 0.4000000060
605  19.403  -87.474  1.763 0.4000000060
424  20.398  -87.767  2.009 0.5000000000
113960  16.439  -86.597  -1.040 0.3000000119
98998  16.554  -86.918  -1.429 0.3000000119
443  17.191  -87.591  -2.285 0.3000000119
442  18.325  -87.645  -2.844 0.4000000060
103525  20.895  -82.955  7.349 0.3000000119
1005  20.959  -83.874  7.013 0.4000000060
2026  20.967  -80.596  11.320 0.3000000119
1805  20.954  -80.872  8.571 0.3000000119
1018  20.393  -84.639  6.477 0.4000000060
2052  20.987  -80.444  9.813 0.3000000119
114505  19.963  -85.276  6.016 0.4000000060
781  20.639  -86.257  5.470 0.5000000000
569  22.390  -86.696  4.898 0.4000000060
570  21.918  -87.038  5.007 0.5000000000
1598  18.324  -82.574  2.209 0.3000000119
586  21.955  -87.151  3.821 0.5000000000
579  22.149  -87.076  4.432 0.5000000000
1048  17.554  -84.494  2.341 0.3000000119
804  21.169  -86.205  2.755 0.4000000060
797  22.071  -86.437  3.527 0.5000000000
1319  18.194  -83.588  0.945 0.3000000119
807  17.699  -85.351  2.321 0.4000000060
806  18.516  -85.605  2.527 0.4000000060
593  21.591  -87.182  2.990 0.5000000000
821  16.983  -85.191  0.034 0.3000000119
597  18.100  -86.111  2.190 0.4000000060
596  18.987  -86.489  2.073 0.5000000000
595  20.006  -86.974  2.012 0.5000000000
846  17.299  -85.771  -1.008 0.3000000119
845  18.060  -85.927  -1.312 0.4000000060
629  17.215  -86.480  -1.501 0.4000000060
628  18.147  -87.001  -2.003 0.4000000060
1925  11.959  -80.643  -4.283 0.5000000000
451  19.232  -87.346  -3.164 0.3000000119
1777  22.238  -81.116  10.696 0.3000000119
2068  21.476  -80.691  9.123 0.3000000119
1017  21.741  -84.898  6.462 0.3000000119
100740  21.442  -80.646  10.612 0.3000000119
771  22.336  -85.589  5.811 0.3000000119
780  22.104  -86.352  5.442 0.5000000000
796  22.470  -86.097  4.118 0.4000000060
779  22.650  -85.977  4.736 0.3000000119
1597  18.954  -82.122  1.793 0.3000000119
1599  17.978  -83.105  2.017 0.3000000119
798  21.425  -85.336  3.196 0.4000000060
1047  17.985  -84.773  2.858 0.4000000060
1046  18.963  -84.995  2.948 0.4000000060
799  20.271  -85.143  2.896 0.4000000060
1069  17.756  -84.122  0.788 0.3000000119
1068  18.403  -84.159  0.256 0.3000000119
805  19.884  -86.029  2.399 0.5000000000
1083  18.435  -85.031  -0.652 0.3000000119
834  19.113  -85.881  -1.182 0.4000000060
103583  19.214  -86.702  -1.683 0.4000000060
2192  12.698  -79.865  -3.938 0.5000000000
441  19.249  -87.222  -2.381 0.4000000060
627  20.149  -87.054  -1.952 0.5000000000
2195  12.516  -79.794  -4.988 0.5000000000
1788  22.829  -81.381  10.093 0.3000000119
3189  14.385  -78.005  3.999 0.5000000000
1031  22.609  -85.242  4.285 0.3000000119
2801  14.782  -78.608  4.152 0.5000000000
3190  13.892  -77.704  3.232 0.6000000238
104422  19.723  -81.610  1.687 0.3000000119
1879  18.581  -81.859  2.623 0.3000000119
107571  19.720  -82.267  1.357 0.3000000119
1584  18.217  -82.561  3.025 0.3000000119
102196  21.541  -84.545  3.674 0.4000000060
115822  22.159  -84.884  3.882 0.4000000060
2140  15.080  -80.567  1.704 0.5000000000
4226  13.840  -75.316  2.431 0.5000000000
1039  18.329  -84.193  3.242 0.3000000119
1038  19.373  -84.312  3.328 0.3000000119
118159  19.654  -83.735  3.624 0.3000000119
1291  20.288  -83.559  3.840 0.3000000119
2141  14.605  -80.835  1.215 0.5000000000
1067  19.470  -84.051  0.210 0.3000000119
107199  19.224  -84.617  -0.293 0.3000000119
2160  13.913  -80.315  -0.212 0.5000000000
833  19.675  -85.417  -0.804 0.3000000119
2176  12.984  -80.282  -2.082 0.5000000000
832  20.783  -85.836  -0.977 0.4000000060
2515  13.308  -79.408  -2.628 0.6000000238
831  21.715  -85.971  -1.140 0.4000000060
843  21.250  -86.509  -1.477 0.5000000000
2516  13.301  -79.404  -3.463 0.5000000000
626  21.457  -86.770  -1.992 0.4000000060
633  20.856  -86.979  -2.393 0.3000000119
446  20.084  -87.166  -2.756 0.4000000060
2194  13.130  -79.716  -5.475 0.6000000238
1340  23.358  -84.097  -2.930 0.3000000119
1104  22.405  -84.952  -3.040 0.4000000060
855  21.985  -86.147  -2.858 0.4000000060
636  20.658  -86.858  -3.198 0.3000000119
2196  13.497  -80.089  -6.139 0.6000000238
2197  13.010  -79.909  -6.327 0.5000000000
104436  23.781  -83.031  -3.188 0.3000000119
1348  22.748  -84.337  -2.991 0.5000000000
1349  22.112  -84.514  -3.076 0.4000000060
1106  20.996  -85.370  -3.715 0.4000000060
2201  13.288  -80.419  -6.831 0.6000000238
1633  23.639  -82.278  -2.907 0.3000000119
1645  23.109  -83.106  -2.891 0.5000000000
1341  22.560  -83.817  -2.937 0.4000000060
1350  21.218  -84.520  -3.384 0.4000000060
101444  22.845  -82.407  -2.034 0.4000000060
1646  22.126  -83.112  -2.244 0.5000000000
1342  21.689  -83.815  -2.874 0.4000000060
1333  21.136  -83.178  -2.101 0.5000000000
3679  14.881  -76.468  4.356 0.6000000238
114415  14.400  -76.395  3.624 0.6000000238
2138  20.738  -80.550  1.797 0.3000000119
1878  19.129  -81.278  2.320 0.3000000119
1861  18.753  -81.158  3.202 0.3000000119
1851  18.603  -81.947  3.501 0.3000000119
99336  14.642  -75.747  3.764 0.6000000238
4215  14.223  -75.903  2.990 0.6000000238
1877  20.557  -81.327  1.511 0.3000000119
1572  19.164  -82.124  4.167 0.3000000119
4771  14.230  -74.445  2.359 0.6000000238
1595  21.380  -81.908  1.056 0.3000000119
101448  18.789  -83.562  3.563 0.3000000119
1292  19.339  -83.058  3.952 0.3000000119
5302  14.625  -73.542  2.348 0.6000000238
5848  14.273  -72.217  2.030 0.6000000238
5314  14.336  -72.882  1.746 0.6000000238
5861  13.486  -71.963  1.047 0.6000000238
5862  12.656  -71.859  1.147 0.5000000000
842  22.626  -86.088  -1.705 0.4000000060
863  22.427  -85.579  -2.815 0.4000000060
1909  23.338  -81.545  -1.945 0.4000000060
1625  21.921  -82.270  -1.361 0.5000000000
102444  21.623  -80.502  1.633 0.3000000119
2123  21.116  -79.788  2.175 0.3000000119
2139  19.857  -80.807  1.997 0.3000000119
2125  19.361  -80.552  2.823 0.3000000119
113355  18.912  -81.388  3.917 0.3000000119
1571  20.088  -81.912  4.608 0.3000000119
4196  15.195  -75.706  4.598 0.5000000000
110091  21.263  -81.096  1.423 0.3000000119
5283  15.313  -74.006  4.020 0.5000000000
4759  14.842  -74.240  3.076 0.6000000238
1876  22.012  -81.277  1.217 0.3000000119
1287  20.118  -82.772  4.254 0.3000000119
1875  22.921  -81.498  1.059 0.3000000119
106250  14.727  -72.683  2.487 0.6000000238
830  22.444  -85.799  -1.237 0.3000000119
6464  12.920  -71.628  1.943 0.6000000238
5849  10.905  -72.006  2.190 0.6000000238
5292  15.122  -73.316  3.069 0.6000000238
5838  15.097  -72.416  3.329 0.5000000000
6443  14.602  -71.664  3.721 0.6000000238
6453  13.952  -71.748  2.516 0.6000000238
6454  12.157  -71.373  2.886 0.6000000238
6465  11.863  -71.772  2.221 0.6000000238
6456  10.247  -71.554  2.493 0.6000000238
6455  11.188  -71.312  2.765 0.6000000238
7027  9.685  -70.999  2.385 0.5000000000
5291  15.392  -73.101  3.767 0.5000000000
6435  14.782  -71.229  4.497 0.5000000000
6444  13.669  -71.315  3.505 0.5000000000
7025  11.278  -70.530  2.997 0.6000000238
7060  8.701  -70.327  0.987 0.5000000000
7684  9.746  -69.743  -1.079 0.6000000238
7665  9.047  -70.018  -0.126 0.6000000238
107570  8.283  -70.031  0.167 0.5000000000
7685  8.904  -69.523  -1.195 0.6000000238
7686  8.298  -69.366  -0.648 0.6000000238
6436  14.090  -71.136  4.217 0.5000000000
7621  11.584  -69.710  2.803 0.5000000000
7622  10.880  -70.175  2.413 0.5000000000
7026  10.495  -70.816  2.626 0.6000000238
7640  11.378  -69.517  1.876 0.6000000238
7641  10.557  -69.976  1.495 0.5000000000
7642  9.595  -70.236  1.179 0.5000000000
7663  11.257  -69.588  0.668 0.6000000238
109052  10.737  -69.778  -0.372 0.6000000238
11355  9.054  -63.336  5.194 0.5000000000
7002  14.263  -70.584  4.469 0.5000000000
115094  11.901  -70.116  3.375 0.5000000000
7639  12.233  -68.966  2.199 0.6000000238
11339  7.189  -63.408  5.910 0.5000000000
10671  7.014  -64.825  6.683 0.6000000238
11982  8.275  -62.743  4.864 0.6000000238
105094  8.321  -62.396  4.133 0.6000000238
101564  8.841  -64.034  5.817 0.5000000000
11997  9.239  -62.825  4.310 0.5000000000
11372  10.088  -63.332  3.953 0.5000000000
8872  9.332  -68.186  -1.994 0.5000000000
8309  9.297  -68.539  -2.086 0.5000000000
14203  5.654  -60.078  2.416 0.6000000238
13415  5.596  -60.362  2.843 0.6999999881
12693  5.765  -60.694  3.005 0.6000000238
110243  5.541  -60.748  4.246 0.6999999881
12678  5.572  -61.778  5.141 0.6000000238
11340  5.521  -63.012  6.126 0.6000000238
12692  6.117  -61.109  3.399 0.6000000238
12677  5.913  -61.354  4.441 0.6000000238
13427  6.081  -60.711  1.569 0.6000000238
12703  6.209  -61.160  2.232 0.6000000238
12016  6.812  -61.472  3.973 0.6000000238
11999  6.391  -61.990  4.764 0.5000000000
11319  6.403  -63.834  6.366 0.6000000238
12715  6.074  -61.568  1.063 0.6000000238
12691  6.899  -61.586  2.825 0.6000000238
11983  7.119  -62.705  5.291 0.5000000000
114882  6.399  -63.042  5.869 0.6000000238
12714  6.579  -61.800  1.773 0.6000000238
11998  7.452  -62.193  4.457 0.6000000238
12052  7.327  -62.346  1.642 0.6000000238
12035  7.698  -62.174  2.659 0.6000000238
12014  8.653  -62.468  3.304 0.6000000238
12033  9.300  -62.853  2.600 0.5000000000
11371  10.650  -63.878  3.487 0.5000000000
11386  10.690  -63.857  2.530 0.5000000000
10734  11.444  -64.880  2.239 0.5000000000
10087  11.330  -65.588  2.260 0.5000000000
12679  5.110  -60.738  4.987 0.6000000238
12664  5.167  -61.425  5.403 0.6999999881
12053  6.268  -62.243  0.716 0.5000000000
12051  8.079  -62.741  1.291 0.6000000238
12050  8.932  -62.957  1.566 0.6000000238
11387  10.076  -63.322  3.029 0.5000000000
11398  9.943  -63.353  1.856 0.6000000238
11397  10.861  -63.870  1.365 0.5000000000
11407  10.634  -63.694  0.197 0.6000000238
10748  11.558  -64.571  1.210 0.6000000238
16357  11.987  -57.339  0.784 0.4000000060
14899  4.092  -58.647  4.560 0.6999999881
14110  4.993  -59.631  7.050 0.5000000000
110324  5.089  -60.965  7.329 0.5000000000
114629  11.372  -57.766  1.006 0.6000000238
15640  10.217  -57.469  1.401 0.5000000000
13350  4.524  -60.108  6.719 0.6000000238
12648  4.817  -61.123  6.459 0.5000000000
15626  12.289  -57.735  1.363 0.5000000000
112970  5.115  -58.262  4.099 0.6000000238
115140  3.729  -59.417  5.145 0.8000000119
14179  4.664  -59.420  4.007 0.6999999881
105521  4.470  -60.499  5.173 0.8000000119
11966  4.923  -62.141  6.324 0.6999999881
102620  9.364  -63.231  0.734 0.6000000238
102939  10.176  -63.461  0.837 0.6000000238
13349  5.147  -60.111  7.654 0.5000000000
16358  10.330  -56.796  1.202 0.5000000000
15578  5.153  -58.374  5.672 0.6999999881
109876  5.607  -60.892  8.025 0.5000000000
15625  13.504  -57.465  1.102 0.4000000060
15638  12.665  -57.510  0.318 0.4000000060
106803  14.180  -58.003  1.918 0.4000000060
14934  13.300  -58.214  2.293 0.5000000000
14916  12.679  -58.731  3.205 0.4000000060
14852  5.958  -58.921  6.840 0.5000000000
13334  6.114  -60.141  8.391 0.5000000000
17100  11.962  -56.619  0.865 0.3000000119
17101  10.213  -55.852  1.513 0.3000000119
14871  5.483  -58.559  6.324 0.6000000238
14933  14.980  -58.177  2.097 0.4000000060
14915  13.567  -58.741  3.249 0.4000000060
14176  12.096  -59.285  3.814 0.4000000060
14870  6.003  -58.408  6.371 0.6000000238
15560  6.109  -58.054  5.679 0.6000000238
14175  13.094  -59.399  3.968 0.4000000060
115106  6.325  -59.331  7.417 0.5000000000
14090  6.388  -59.455  8.469 0.5000000000
111760  14.355  -55.742  1.048 0.3000000119
17099  12.928  -56.391  0.641 0.3000000119
108540  10.975  -55.459  1.458 0.3000000119
17086  10.054  -54.743  2.125 0.4000000060
14158  14.750  -59.456  4.275 0.3000000119
14160  12.262  -59.922  4.285 0.4000000060
14159  13.856  -59.831  4.413 0.4000000060
17972  11.556  -54.336  1.818 0.4000000060
14851  6.741  -59.041  6.970 0.6000000238
14077  6.744  -59.208  8.989 0.4000000060
114624  9.562  -53.647  3.096 0.4000000060
17968  15.428  -54.839  1.275 0.3000000119
109295  14.452  -54.758  1.013 0.3000000119
14108  7.306  -59.168  7.924 0.5000000000
113290  9.208  -54.240  3.400 0.4000000060
16310  9.351  -55.632  4.387 0.4000000060
15572  9.883  -56.706  4.898 0.5000000000
17051  9.474  -54.688  3.962 0.4000000060
16309  10.216  -55.676  4.581 0.4000000060
18821  12.689  -52.235  3.197 0.3000000119
17909  13.161  -54.261  4.139 0.3000000119
102942  12.267  -53.319  4.072 0.3000000119
16307  12.210  -55.735  4.669 0.3000000119
17035  13.154  -55.805  4.862 0.3000000119
15506  8.951  -57.477  12.103 0.4000000060
18804  13.230  -53.311  3.810 0.3000000119
110348  22.016  -86.395  -1.634 0.4000000060
17050  10.307  -54.554  4.154 0.3000000119
11420  10.270  -63.446  -0.959 0.6000000238
16225  7.377  -56.796  12.646 0.4000000060
14936  11.220  -58.256  1.968 0.5000000000
17049  11.342  -54.599  4.287 0.3000000119
101442  20.917  -86.411  -3.468 0.3000000119
1105  21.832  -85.326  -3.267 0.4000000060
105336  12.630  -71.027  3.375 0.5000000000
1204  18.680  -83.573  13.673 0.4000000060
725  18.494  -85.076  13.780 0.5000000000
1241  18.626  -83.229  9.490 0.5000000000
264  17.547  -88.707  0.899 0.4000000060
1196  18.772  -83.927  14.431 0.4000000060
1523  18.575  -82.255  9.353 0.4000000060
109435  18.623  -83.433  8.120 0.4000000060
105203  16.320  -87.001  -0.008 0.4000000060
142  18.276  -88.519  1.249 0.4000000060
101707  18.351  -84.701  17.483 0.3000000119
2028  19.216  -80.648  11.346 0.3000000119
1823  19.762  -81.742  8.100 0.3000000119
1550  19.401  -82.565  7.772 0.4000000060
1263  19.139  -83.341  7.448 0.4000000060
615  16.683  -85.963  0.199 0.3000000119
117752  16.849  -85.749  -0.385 0.4000000060
1262  20.024  -83.126  7.336 0.4000000060
2187  12.791  -79.996  -2.968 0.5000000000
1804  21.744  -81.132  8.480 0.3000000119
772  21.301  -85.559  5.983 0.4000000060
585  22.319  -86.709  4.336 0.5000000000
1293  18.056  -83.423  3.171 0.3000000119
1084  17.521  -84.743  -0.076 0.3000000119
835  17.619  -85.327  -0.717 0.3000000119
2529  13.250  -79.597  -4.389 0.6000000238
108743  22.580  -85.937  5.208 0.3000000119
1037  20.536  -84.336  3.406 0.3000000119
2487  13.867  -79.450  -0.816 0.5000000000
844  20.225  -86.455  -1.372 0.4000000060
1284  23.012  -84.304  4.613 0.3000000119
118290  20.910  -83.993  3.714 0.3000000119
1098  23.336  -84.945  -2.502 0.4000000060
625  21.988  -86.513  -2.231 0.4000000060
635  21.392  -86.625  -2.792 0.4000000060
1643  24.452  -82.673  -3.231 0.3000000119
2109  19.270  -80.623  3.828 0.3000000119
6452  14.512  -71.944  2.825 0.6000000238
853  22.988  -85.691  -2.298 0.3000000119
1845  19.486  -81.242  4.341 0.3000000119
1888  23.392  -82.454  0.689 0.3000000119
7041  10.046  -70.455  2.101 0.5000000000
7664  10.156  -69.973  0.319 0.6000000238
13400  4.440  -59.868  4.286 0.6999999881
13367  4.350  -60.396  5.774 0.6999999881
14162  4.001  -59.279  4.314 0.6999999881
14143  4.035  -59.002  5.644 0.6000000238
16355  13.741  -57.027  -0.201 0.3000000119
17098  13.814  -55.786  0.777 0.3000000119
2866  13.955  -78.836  -1.553 0.5000000000
111679  20.109  -79.231  -2.080 0.6000000238
7620  12.274  -69.283  3.147 0.4000000060
8244  12.933  -68.693  2.841 0.5000000000
7706  10.013  -69.341  -2.204 0.5000000000
8308  12.994  -69.082  -1.966 0.5000000000
110610  11.833  -69.427  -1.596 0.5000000000
7705  10.955  -69.426  -2.406 0.5000000000
7726  9.754  -68.778  -2.603 0.5000000000
7725  10.305  -69.009  -3.028 0.5000000000
102401  14.293  -69.226  -2.084 0.5000000000
116288  9.802  -68.278  -2.465 0.4000000060
101325  12.815  -69.109  -3.133 0.5000000000
7724  11.090  -69.111  -3.111 0.5000000000
8327  10.284  -68.542  -3.071 0.5000000000
8871  10.015  -67.823  -2.167 0.5000000000
8340  12.297  -68.150  -3.791 0.6000000238
8341  11.355  -68.216  -3.574 0.5000000000
8888  10.487  -68.246  -3.003 0.5000000000
10109  11.686  -65.393  1.475 0.5000000000
107666  12.002  -67.702  -3.790 0.6000000238
9487  11.044  -66.921  -0.515 0.5000000000
9463  11.748  -66.398  0.148 0.5000000000
8904  11.301  -67.947  -3.526 0.6000000238
114641  10.972  -67.562  -2.530 0.6000000238
8854  10.191  -67.346  -1.222 0.5000000000
109268  12.770  -67.661  -3.871 0.6000000238
9543  12.025  -67.309  -3.661 0.6000000238
107654  11.458  -67.480  -3.208 0.6000000238
9462  12.365  -66.035  -0.296 0.6000000238
9526  12.227  -66.694  -3.117 0.6000000238
10108  12.096  -65.279  0.498 0.5000000000
10760  11.785  -64.507  0.034 0.5000000000
9508  11.898  -66.813  -2.093 0.6000000238
9486  11.915  -66.572  -0.862 0.6000000238
11320  5.334  -63.739  6.808 0.5000000000
11965  4.958  -62.886  6.301 0.5000000000
11985  5.255  -62.259  5.732 0.5000000000
11419  11.136  -63.914  -0.524 0.6000000238
10163  12.736  -65.566  -2.214 0.6000000238
10773  11.646  -64.369  -1.152 0.6000000238
10148  12.545  -65.696  -1.430 0.6000000238
10759  12.242  -65.197  -0.622 0.6000000238
10783  12.475  -64.811  -1.950 0.6000000238
17925  9.902  -52.983  3.310 0.3000000119
15498  8.588  -58.121  13.154 0.3000000119
118576  21.365  -82.653  -1.575 0.4000000060
1901  20.550  -81.137  -0.551 0.5000000000
2200  13.740  -80.805  -6.951 0.5000000000
1931  14.138  -80.982  -6.152 0.5000000000
108559  20.474  -80.248  -0.595 0.4000000060
1927  14.050  -80.378  -5.274 0.4000000060
106845  20.106  -79.053  -3.076 0.4000000060
2501  13.471  -79.599  -1.659 0.4000000060
2525  13.755  -79.352  -3.638 0.4000000060
99515  13.802  -78.946  -2.384 0.4000000060
2528  13.571  -79.710  -4.457 0.4000000060
2193  13.571  -79.865  -5.210 0.4000000060
2890  21.035  -78.813  -5.636 0.4000000060
2891  20.354  -79.085  -5.159 0.4000000060
113420  19.752  -79.213  -4.684 0.4000000060
2884  20.765  -78.725  -4.577 0.4000000060
2885  20.167  -79.026  -4.203 0.4000000060
2897  18.868  -78.187  -6.069 0.4000000060
3261  18.038  -77.483  -5.846 0.5000000000
10794  12.954  -65.010  -2.278 0.5000000000
10793  13.555  -64.802  -2.600 0.5000000000
103786  13.006  -64.097  -2.126 0.5000000000
117899  13.279  -63.243  -2.085 0.5000000000
10795  12.093  -64.011  -2.026 0.5000000000
104377  12.715  -62.570  -1.734 0.5000000000
11949  4.913  -62.894  7.019 0.4000000060
11950  5.061  -61.990  7.147 0.4000000060
11447  12.321  -63.513  -2.141 0.5000000000
10784  11.729  -64.075  -1.800 0.5000000000
2497  19.578  -79.587  -1.524 0.5000000000
102488  20.517  -78.586  -3.395 0.4000000060
2892  19.771  -79.110  -5.471 0.4000000060
712  16.536  -85.419  15.548 0.4000000060
505  16.192  -86.549  15.697 0.4000000060
333  16.427  -87.558  12.969 0.4000000060
512  17.458  -86.038  14.154 0.4000000060
504  16.807  -86.244  14.885 0.4000000060
353  18.103  -87.491  11.572 0.4000000060
332  17.722  -87.799  13.187 0.4000000060
186  17.166  -88.113  13.898 0.4000000060
101477  18.282  -85.997  13.594 0.5000000000
518  19.082  -86.035  13.133 0.4000000060
731  19.120  -85.177  13.178 0.5000000000
958  19.291  -84.933  12.482 0.5000000000
730  19.630  -85.952  12.695 0.5000000000
519  18.811  -86.898  13.143 0.4000000060
511  18.061  -86.865  13.688 0.4000000060
738  19.782  -85.665  11.972 0.4000000060
538  20.396  -86.829  10.530 0.4000000060
351  19.737  -87.504  11.507 0.4000000060
341  19.230  -87.458  12.221 0.4000000060
331  18.489  -87.495  12.938 0.4000000060
108846  17.599  -87.770  13.656 0.4000000060
352  19.092  -87.625  11.615 0.4000000060
342  18.472  -87.562  12.393 0.4000000060
740  20.136  -86.307  11.368 0.5000000000
532  19.979  -86.628  12.162 0.4000000060
525  19.517  -86.741  12.659 0.4000000060
322  18.070  -87.399  13.483 0.4000000060
100997  20.149  -87.203  11.477 0.4000000060
340  19.739  -87.250  12.155 0.4000000060
526  19.240  -87.196  12.573 0.4000000060
549  20.270  -86.985  8.712 0.3000000119
381  20.535  -87.874  8.616 0.3000000119
555  19.822  -87.309  7.907 0.4000000060
98905  20.429  -86.832  9.562 0.3000000119
767  18.433  -85.584  7.239 0.4000000060
550  18.986  -86.212  7.984 0.4000000060
232  19.139  -88.738  5.902 0.3000000119
393  19.511  -88.613  6.896 0.4000000060
388  18.997  -87.522  6.994 0.4000000060
556  18.595  -86.552  7.196 0.4000000060
394  18.698  -87.699  6.103 0.4000000060
563  18.515  -86.809  6.414 0.4000000060
783  18.656  -86.332  5.936 0.4000000060
773  19.026  -85.633  5.937 0.3000000119
1007  18.607  -84.576  7.227 0.3000000119
759  18.646  -85.144  8.019 0.4000000060
400  18.763  -87.946  5.174 0.4000000060
1020  18.610  -85.239  6.639 0.3000000119
572  18.666  -87.061  5.617 0.4000000060
782  19.308  -86.600  5.393 0.4000000060
749  20.072  -85.823  9.826 0.4000000060
758  19.678  -85.939  8.911 0.4000000060
238  19.157  -89.550  5.915 0.4000000060
1019  19.094  -84.660  6.539 0.3000000119
408  19.399  -88.302  4.144 0.4000000060
117795  19.090  -88.550  4.141 0.4000000060
245  20.304  -88.319  3.325 0.4000000060
580  20.669  -87.828  4.045 0.4000000060
571  19.357  -87.472  4.793 0.4000000060
114087  20.124  -85.821  10.593 0.4000000060
983  19.735  -84.956  10.141 0.4000000060
991  18.543  -84.144  8.044 0.3000000119
750  19.235  -84.783  9.099 0.4000000060
110359  20.093  -88.583  2.899 0.4000000060
253  19.629  -88.720  2.853 0.4000000060
252  20.625  -88.163  2.853 0.4000000060
407  20.983  -87.830  3.395 0.4000000060
966  19.240  -84.580  11.581 0.4000000060
108927  18.673  -83.715  8.813 0.3000000119
973  19.790  -85.243  11.068 0.4000000060
974  19.200  -84.322  10.643 0.4000000060
984  19.040  -84.093  9.739 0.4000000060
3786  17.705  -76.561  -5.876 0.4000000060
246  19.512  -88.652  3.436 0.4000000060
257  20.041  -88.492  2.594 0.4000000060
260  19.628  -88.337  2.129 0.5000000000
261  18.835  -88.342  1.620 0.4000000060
262  18.441  -88.716  0.998 0.4000000060
401  18.866  -88.842  4.981 0.4000000060
406  21.626  -87.431  3.920 0.5000000000
416  21.322  -87.573  3.290 0.4000000060
630  16.793  -86.109  -0.961 0.3000000119
637  19.577  -86.751  -4.142 0.4000000060
774  18.460  -85.967  6.535 0.4000000060
836  17.167  -85.448  -0.506 0.3000000119
854  22.434  -86.168  -2.315 0.4000000060
862  22.886  -84.956  -2.880 0.4000000060
877  18.158  -85.368  -5.845 0.3000000119
932  18.658  -84.148  16.616 0.3000000119
1036  22.161  -85.472  3.724 0.4000000060
1040  17.731  -84.109  2.965 0.4000000060
1131  17.503  -84.434  -6.670 0.4000000060
1136  16.338  -83.602  -7.408 0.4000000060
1233  18.824  -83.596  10.248 0.5000000000
1264  18.751  -83.722  7.632 0.4000000060
1286  21.165  -83.594  4.087 0.3000000119
1297  17.971  -83.030  2.582 0.3000000119
1298  17.708  -83.672  2.374 0.3000000119
1303  17.883  -83.557  1.514 0.3000000119
1362  17.822  -83.885  -6.411 0.5000000000
1368  17.801  -84.308  -6.459 0.5000000000
1577  18.626  -82.771  3.628 0.3000000119
1634  20.595  -82.551  -1.377 0.6000000238
1657  16.240  -82.426  -3.726 0.6999999881
1789  21.952  -80.737  9.879 0.3000000119
1790  19.029  -80.935  9.316 0.3000000119
1791  18.730  -81.405  9.703 0.3000000119
1806  19.282  -81.226  8.657 0.4000000060
1902  19.619  -81.415  -0.684 0.6000000238
1924  14.027  -79.856  -4.457 0.4000000060
2029  18.747  -81.095  11.292 0.3000000119
2038  19.518  -80.543  10.468 0.3000000119
2069  20.523  -80.592  9.095 0.3000000119
2198  12.337  -79.896  -6.067 0.5000000000
2443  15.268  -79.757  3.506 0.6000000238
2456  15.569  -80.180  2.320 0.5000000000
2470  16.251  -79.063  1.822 0.6999999881
2485  20.885  -79.686  -0.718 0.4000000060
2510  19.618  -79.290  -2.671 0.5000000000
2527  19.071  -79.132  -4.964 0.6000000238
2844  15.168  -78.519  0.420 0.6000000238
2893  18.388  -78.447  -5.130 0.6000000238
2896  19.707  -78.719  -6.060 0.4000000060
3160  15.695  -76.519  4.917 0.6000000238
3166  17.106  -77.340  4.269 0.6999999881
3167  16.661  -77.679  4.491 0.6999999881
3168  15.960  -77.845  4.705 0.6000000238
3169  15.043  -77.981  4.520 0.6000000238
3225  14.894  -77.844  -0.300 0.6000000238
3233  16.640  -77.287  -1.935 0.8000000119
3262  17.351  -76.575  -5.483 0.4000000060
3266  18.631  -77.460  -6.100 0.5000000000
3701  14.433  -77.204  4.035 0.6000000238
3702  13.980  -76.718  2.960 0.6000000238
3748  15.833  -76.291  -0.467 0.6999999881
4214  14.445  -75.110  3.072 0.6000000238
4238  17.428  -76.187  1.715 0.8000000119
4239  17.030  -76.502  0.704 0.6999999881
4268  16.181  -75.762  -0.734 0.6000000238
4723  16.640  -74.298  5.700 0.6000000238
4744  15.620  -74.229  4.973 0.6000000238
4785  19.266  -74.484  1.417 0.6999999881
4800  21.331  -73.789  0.249 0.6000000238
4833  19.416  -74.476  -1.917 0.5000000000
4846  18.470  -74.510  -2.531 0.5000000000
4874  16.311  -74.815  -4.371 0.5000000000
5256  18.029  -72.962  5.897 0.6000000238
5268  17.691  -73.702  5.771 0.6999999881
5288  20.464  -72.690  3.201 0.6999999881
5289  19.570  -73.100  3.415 0.8000000119
5344  20.851  -73.895  -1.846 0.6000000238
5810  18.568  -72.244  6.038 0.5000000000
5812  15.894  -72.468  5.130 0.6000000238
5829  15.135  -71.921  3.990 0.5000000000
5835  21.180  -71.630  3.184 0.6000000238
5836  20.758  -72.013  3.727 0.6000000238
5859  21.952  -72.672  1.105 0.5000000000
5860  14.021  -72.328  1.254 0.6000000238
5899  22.309  -72.087  -0.116 0.5000000000
5900  21.857  -72.826  -0.747 0.6000000238
6409  16.979  -71.925  6.269 0.6000000238
6420  20.062  -70.963  5.071 0.8000000119
6421  19.815  -71.543  5.244 0.8000000119
6422  18.602  -70.748  6.090 0.5000000000
6424  16.596  -71.154  5.937 0.6000000238
6445  11.827  -70.885  3.310 0.5000000000
6451  21.622  -71.381  2.582 0.5000000000
6463  13.746  -71.835  1.822 0.6000000238
6522  20.842  -72.400  -2.739 0.5000000000
6988  17.907  -70.160  5.809 0.6000000238
6989  17.076  -70.452  5.834 0.6000000238
6990  16.352  -70.572  5.570 0.5000000000
7011  19.574  -70.200  3.524 0.5000000000
7014  12.330  -70.484  3.579 0.5000000000
7580  19.277  -70.079  5.102 0.6999999881
7592  19.383  -70.090  4.440 0.6000000238
7594  17.561  -69.526  4.608 0.6999999881
7597  14.207  -69.706  4.388 0.6000000238
7604  16.955  -69.846  2.830 0.6999999881
7608  12.563  -69.717  3.646 0.6000000238
7635  18.874  -70.427  0.894 0.6000000238
7704  11.900  -69.369  -2.765 0.5000000000
7707  9.273  -69.155  -1.923 0.5000000000
7708  8.767  -68.859  -1.522 0.5000000000
8232  12.876  -69.031  3.488 0.6000000238
8267  18.084  -69.486  -0.289 0.6000000238
8304  16.811  -69.287  -2.376 0.6999999881
8322  16.059  -69.063  -3.009 0.6999999881
8324  13.744  -68.872  -3.327 0.6000000238
8325  11.783  -68.786  -3.458 0.6000000238
8326  10.781  -68.578  -3.324 0.5000000000
8328  9.818  -68.382  -2.560 0.4000000060
8342  10.759  -68.349  -3.314 0.5000000000
8853  11.069  -67.196  -1.575 0.5000000000
8902  13.564  -67.380  -3.989 0.6000000238
9485  12.336  -66.271  -1.269 0.6000000238
9507  12.510  -66.219  -2.138 0.6000000238
9523  16.214  -66.938  -2.812 0.6000000238
9525  12.906  -66.032  -2.746 0.6000000238
9542  12.765  -66.606  -3.485 0.6000000238
10129  11.971  -66.003  0.797 0.5000000000
10175  14.621  -65.030  -2.980 0.5000000000
10186  13.603  -66.505  -3.707 0.6999999881
10718  10.847  -64.638  3.784 0.5000000000
10735  11.110  -64.437  2.939 0.5000000000
10772  12.167  -64.834  -1.558 0.6000000238
10792  14.592  -64.103  -2.655 0.5000000000
11338  8.102  -63.350  5.628 0.6000000238
11385  11.134  -64.356  2.102 0.5000000000
11406  11.283  -64.092  0.499 0.6000000238
11408  9.780  -63.376  -0.155 0.6000000238
11421  9.330  -63.168  -1.231 0.8000000119
11422  8.444  -62.938  -1.226 0.6999999881
11436  10.124  -63.061  -1.765 0.6999999881
11448  11.460  -63.285  -2.017 0.6000000238
11984  5.932  -62.460  5.470 0.6000000238
11986  5.054  -62.092  5.824 0.6999999881
12015  7.650  -62.065  3.572 0.6000000238
12034  8.377  -62.556  2.204 0.6000000238
12067  6.227  -62.397  -0.398 0.6999999881
12068  5.735  -61.914  -0.022 0.6999999881
12083  7.472  -62.655  -1.102 0.6999999881
12084  6.408  -62.375  -1.118 0.6999999881
12097  11.219  -62.192  -1.548 0.6000000238
12098  10.384  -62.204  -1.692 0.6999999881
12099  8.952  -62.507  -1.584 0.6999999881
12101  6.860  -62.257  -1.259 0.8000000119
12102  6.032  -61.951  -1.447 0.8000000119
12632  5.523  -61.681  7.896 0.4000000060
12665  4.853  -61.292  5.725 0.6999999881
12694  4.689  -60.233  4.635 0.6999999881
12704  6.094  -60.864  1.786 0.6000000238
12712  12.115  -61.675  0.438 0.5000000000
12716  5.969  -61.293  0.661 0.6000000238
12725  12.949  -62.055  -0.576 0.5000000000
12728  10.737  -60.987  0.305 0.8000000119
12744  9.107  -61.127  -1.380 0.6999999881
12746  5.813  -61.513  -1.160 0.8000000119
13292  11.233  -60.169  11.280 0.5000000000
13293  10.833  -60.357  11.404 0.5000000000
13314  11.028  -60.663  9.731 0.5000000000
13330  11.616  -60.469  9.167 0.4000000060
13332  10.139  -60.398  8.747 0.6000000238
13345  12.198  -60.249  8.605 0.4000000060
13346  11.413  -60.476  8.280 0.5000000000
13386  13.242  -61.109  4.960 0.4000000060
13389  3.931  -59.829  4.730 0.6999999881
13397  10.549  -60.316  3.310 0.6000000238
13399  5.295  -60.263  3.913 0.6999999881
13412  10.829  -60.785  2.674 0.6000000238
13414  9.520  -60.099  2.381 0.6999999881
13416  5.126  -59.955  3.792 0.6999999881
13424  9.904  -60.478  1.803 0.6999999881
13441  8.379  -60.257  -0.450 0.8000000119
13443  6.308  -60.020  0.129 0.6999999881
13458  8.522  -60.606  -1.120 0.8000000119
13460  5.992  -60.626  -0.744 0.8000000119
13470  6.252  -61.147  -1.255 0.8000000119
14029  9.970  -59.732  13.200 0.5000000000
14045  11.298  -59.683  11.338 0.5000000000
14087  12.749  -59.697  8.872 0.3000000119
14104  12.730  -59.819  8.072 0.4000000060
14109  5.671  -59.584  7.669 0.5000000000
14131  10.468  -59.760  6.767 0.5000000000
14134  4.494  -59.336  6.357 0.5000000000
14144  3.720  -59.171  4.720 0.6999999881
14161  11.605  -59.896  4.039 0.5000000000
14174  14.164  -59.078  3.748 0.4000000060
14177  10.895  -59.773  3.586 0.6999999881
14190  5.323  -59.714  3.355 0.6999999881
14212  6.728  -59.643  1.080 0.8000000119
14777  10.604  -59.577  12.739 0.5000000000
14791  10.493  -58.825  12.501 0.4000000060
14818  11.195  -58.306  10.055 0.3000000119
14819  6.981  -59.147  8.722 0.4000000060
14833  6.494  -59.463  8.367 0.4000000060
14834  6.072  -59.442  7.545 0.5000000000
14849  13.238  -59.316  7.523 0.3000000119
14853  5.331  -59.150  6.807 0.5000000000
14868  8.081  -58.775  6.098 0.6999999881
14869  7.100  -58.557  6.164 0.6999999881
14872  4.687  -58.717  6.083 0.6000000238
14878  12.157  -58.333  5.890 0.5000000000
14884  3.919  -58.753  5.088 0.6999999881
14914  14.409  -58.499  2.812 0.4000000060
14918  10.629  -58.969  3.144 0.6000000238
14920  4.483  -58.725  4.166 0.6000000238
14935  12.253  -58.301  2.406 0.5000000000
14938  9.301  -58.884  2.601 0.6999999881
15556  14.640  -57.501  6.642 0.3000000119
15561  5.771  -58.224  5.901 0.6000000238
15569  13.083  -57.249  5.665 0.3000000119
15577  5.755  -57.877  5.242 0.6999999881
15594  8.911  -56.218  4.539 0.5000000000
15598  4.743  -58.262  5.015 0.6999999881
15611  5.611  -57.666  4.158 0.6999999881
15612  4.954  -58.277  4.486 0.6999999881
15639  11.065  -57.468  0.856 0.4000000060
15641  9.505  -57.376  2.018 0.6999999881
16238  7.525  -56.318  11.350 0.5000000000
16246  9.277  -56.478  10.318 0.4000000060
16291  10.959  -56.713  4.981 0.5000000000
16311  8.252  -55.704  4.034 0.5000000000
16314  6.228  -57.110  4.220 0.6999999881
16328  7.978  -55.965  3.726 0.6000000238
16329  7.411  -56.318  3.911 0.6999999881
16344  9.009  -56.617  2.263 0.6000000238
16994  6.394  -55.289  10.256 0.3000000119
17048  12.464  -54.667  4.292 0.3000000119
17068  9.229  -54.254  3.261 0.5000000000
17087  9.501  -55.069  2.446 0.4000000060
17088  8.182  -55.787  3.239 0.6000000238
17948  10.520  -53.949  2.406 0.4000000060
17969  14.947  -55.004  1.149 0.3000000119
18823  10.229  -52.796  2.989 0.3000000119
98267  11.013  -56.701  0.891 0.3000000119
99931  17.080  -74.909  5.631 0.6000000238
100562  7.250  -57.391  2.838 0.6999999881
102082  16.498  -75.068  5.538 0.6000000238
102084  10.822  -63.247  -1.844 0.6000000238
103746  9.483  -53.617  3.327 0.4000000060
103811  12.478  -61.246  4.594 0.5000000000
103946  16.055  -79.606  2.301 0.6999999881
104382  15.357  -88.718  -3.288 0.4000000060
104404  4.378  -58.585  5.489 0.6000000238
104563  18.514  -73.470  5.065 0.6999999881
105458  11.865  -57.455  0.799 0.6000000238
105627  18.410  -84.306  16.293 0.3000000119
105821  21.396  -73.430  -1.365 0.6000000238
107281  16.282  -73.411  5.551 0.6000000238
107709  15.427  -71.796  4.633 0.6000000238
107787  15.375  -69.131  -3.176 0.6999999881
107878  6.267  -58.960  6.858 0.6000000238
108256  18.528  -73.831  4.476 0.6999999881
108622  13.208  -71.430  2.681 0.6000000238
108717  17.286  -79.734  -1.748 0.8000000119
108909  6.285  -58.398  6.271 0.6000000238
109303  6.637  -59.262  7.762 0.5000000000
109362  12.903  -60.379  4.588 0.5000000000
109555  9.743  -56.760  1.751 0.6000000238
109721  3.974  -59.695  5.791 0.6000000238
109860  5.151  -58.904  3.760 0.6999999881
110088  14.446  -79.046  3.832 0.5000000000
110168  13.732  -79.111  -3.055 0.4000000060
111358  6.211  -57.588  5.033 0.6000000238
111855  16.210  -74.875  -4.052 0.5000000000
112420  5.755  -61.396  -0.005 0.6000000238
112650  19.093  -71.497  5.935 0.5000000000
113269  7.121  -60.853  -1.222 0.8000000119
113674  5.505  -61.241  4.925 0.6000000238
114051  18.935  -89.324  5.474 0.4000000060
114164  23.126  -83.670  -2.967 0.3000000119
114393  8.797  -55.591  4.203 0.5000000000
114536  18.249  -81.808  -1.333 0.6999999881
114954  9.876  -57.742  5.141 0.6000000238
115405  20.839  -86.864  -1.766 0.5000000000
115532  14.322  -81.386  -7.005 0.5000000000
115624  22.306  -86.390  -1.947 0.4000000060
116254  13.916  -57.221  5.954 0.3000000119
116486  9.357  -53.817  3.289 0.4000000060
116612  3.898  -59.967  5.230 0.8000000119
116934  10.561  -60.561  9.211 0.6000000238
117045  16.909  -78.003  2.368 0.6999999881
117074  12.784  -68.591  -3.538 0.6999999881
117475  21.905  -71.743  2.127 0.5000000000
117673  19.224  -87.123  -3.783 0.5000000000
118084  9.536  -62.880  3.473 0.5000000000
118373  7.111  -62.033  2.259 0.6000000238
118528  11.352  -59.339  3.608 0.4000000060
