#!ascii label  , from subject sub-027S6002 vox2ras=TkReg
1208
1900  21.571  -81.430  -0.761 0.5000000000
9521  21.196  -65.352  -3.114 0.6000000238
9522  20.365  -65.204  -2.495 0.6000000238
9505  19.773  -65.217  -1.996 0.6000000238
9504  20.806  -65.103  -2.108 0.6999999881
9481  21.348  -65.388  -1.395 0.6999999881
9482  20.580  -64.980  -1.418 0.6000000238
104926  17.360  -74.517  -3.262 0.5000000000
4329  17.526  -75.623  -5.933 0.6000000238
4330  16.849  -74.990  -5.653 0.6000000238
4857  16.533  -74.669  -3.942 0.5000000000
3794  19.324  -77.382  -6.271 0.5000000000
3785  18.453  -76.575  -6.110 0.4000000060
3787  16.921  -75.687  -5.587 0.5000000000
4321  16.392  -75.088  -5.140 0.6000000238
5899  22.309  -72.087  -0.116 0.5000000000
102488  20.517  -78.586  -3.395 0.4000000060
6490  22.426  -71.158  -0.453 0.5000000000
6477  22.428  -71.281  0.525 0.5000000000
110733  22.048  -70.107  -1.480 0.6000000238
8320  20.565  -67.954  -2.473 0.6000000238
102289  20.519  -65.565  -3.357 0.6000000238
9520  22.486  -66.042  -3.249 0.6999999881
8884  19.820  -65.853  -2.778 0.6000000238
9501  24.139  -66.975  -1.969 0.6000000238
9502  23.106  -66.589  -2.149 0.6999999881
9500  25.262  -66.856  -1.858 0.6000000238
8867  23.672  -66.935  -1.344 0.6000000238
9480  22.669  -66.394  -1.205 0.6999999881
8866  24.499  -67.068  -1.078 0.6999999881
103365  19.972  -64.894  -1.492 0.6000000238
4855  18.602  -74.238  -3.497 0.5000000000
4856  17.380  -74.312  -4.309 0.6000000238
4328  18.657  -75.460  -6.020 0.6999999881
4873  16.641  -74.585  -4.977 0.6000000238
2898  20.370  -78.592  -6.317 0.4000000060
112677  21.104  -70.315  -2.701 0.5000000000
6506  22.173  -70.984  -1.319 0.5000000000
2496  21.458  -79.003  -1.018 0.5000000000
105398  21.474  -69.788  -2.204 0.5000000000
115032  19.738  -67.439  -4.140 0.6999999881
9555  20.917  -66.205  -4.770 0.6999999881
8899  19.938  -66.616  -4.140 0.6000000238
7739  20.245  -68.202  -3.203 0.6000000238
9539  20.451  -66.003  -4.132 0.6999999881
106552  20.070  -66.087  -3.584 0.6000000238
9537  21.814  -65.563  -3.902 0.6999999881
9519  23.696  -66.745  -2.924 0.6000000238
9536  23.395  -66.377  -3.988 0.6000000238
110894  24.593  -66.853  -2.658 0.6000000238
9499  26.135  -66.558  -1.865 0.6000000238
99375  25.979  -66.786  -1.032 0.6999999881
101092  21.978  -66.006  -0.470 0.6999999881
10145  20.159  -65.017  -0.839 0.5000000000
108089  20.910  -65.144  -0.606 0.6000000238
5378  18.025  -73.136  -5.594 0.5000000000
5364  18.090  -73.800  -4.618 0.5000000000
5363  19.127  -73.534  -3.990 0.5000000000
4892  18.389  -74.102  -6.185 0.6999999881
4872  17.476  -74.123  -5.233 0.6000000238
4339  20.261  -76.020  -5.987 0.5000000000
4891  19.780  -74.595  -5.850 0.6999999881
114937  17.682  -74.724  -5.999 0.6000000238
4893  17.411  -74.393  -5.619 0.6000000238
3264  21.727  -78.255  -6.875 0.4000000060
3793  20.281  -77.636  -6.599 0.4000000060
3784  19.605  -76.750  -6.198 0.5000000000
99457  20.403  -70.376  -3.390 0.5000000000
7740  19.719  -68.428  -4.195 0.5000000000
7113  19.638  -69.456  -4.192 0.5000000000
7112  20.627  -69.370  -3.168 0.5000000000
8915  20.420  -66.810  -5.113 0.6000000238
8914  21.675  -66.478  -5.137 0.6999999881
99449  24.377  -66.535  -4.829 0.6000000238
9553  23.076  -66.403  -4.675 0.6999999881
9554  21.937  -65.974  -4.562 0.6999999881
100516  25.482  -66.527  -4.397 0.6000000238
105670  22.483  -65.944  -4.124 0.6999999881
103489  27.554  -66.019  -3.683 0.6999999881
9535  24.498  -66.645  -3.650 0.6000000238
10172  28.064  -65.655  -2.987 0.6000000238
9518  26.021  -66.590  -2.713 0.6999999881
10781  28.915  -64.445  -1.586 0.6000000238
10160  27.659  -65.589  -1.802 0.6000000238
9517  26.713  -66.314  -2.572 0.6999999881
9459  20.931  -65.227  0.360 0.6000000238
9478  26.791  -66.218  -1.395 0.6999999881
103860  22.941  -66.692  -0.249 0.6999999881
110019  20.529  -65.075  -0.308 0.6000000238
10769  28.468  -64.330  -0.561 0.6999999881
10142  28.153  -65.066  -1.123 0.6000000238
117419  26.877  -66.108  -0.588 0.8000000119
9479  26.436  -66.462  -0.389 0.6999999881
8848  24.840  -67.152  -0.221 0.6999999881
8849  23.796  -67.084  -0.446 0.6999999881
5377  18.496  -73.011  -4.724 0.6000000238
100264  18.966  -73.486  -6.229 0.6999999881
5396  19.020  -72.715  -6.396 0.6999999881
106324  17.797  -73.666  -5.847 0.6000000238
100417  21.029  -75.463  -5.969 0.5000000000
3791  22.251  -77.806  -7.111 0.4000000060
4338  21.548  -76.792  -6.746 0.5000000000
6532  20.209  -71.355  -3.474 0.5000000000
109696  19.589  -68.252  -5.303 0.6000000238
8921  23.211  -67.561  -5.733 0.6000000238
8923  20.463  -67.442  -5.428 0.6999999881
8916  19.910  -67.395  -5.110 0.6999999881
8912  23.799  -66.870  -5.393 0.6999999881
8913  22.616  -66.675  -5.229 0.6999999881
9552  26.206  -66.637  -5.422 0.6000000238
9560  24.926  -66.935  -5.615 0.6000000238
10183  29.263  -65.812  -4.643 0.6999999881
9533  27.454  -66.324  -4.833 0.6999999881
9551  27.148  -66.761  -5.544 0.6999999881
101075  22.011  -66.680  1.902 0.6000000238
10170  29.838  -65.291  -3.945 0.6000000238
10184  28.473  -65.659  -4.167 0.6999999881
9534  26.512  -66.454  -4.625 0.6999999881
11431  30.052  -63.178  -1.651 0.6000000238
10780  29.859  -63.965  -2.048 0.6000000238
10789  29.406  -64.781  -2.838 0.6000000238
10171  28.921  -65.331  -3.581 0.6000000238
9435  21.557  -65.931  0.979 0.6000000238
10768  29.136  -63.565  -0.936 0.6000000238
10159  28.520  -65.153  -2.298 0.6000000238
8817  24.971  -67.166  1.187 0.6999999881
8818  24.119  -67.126  1.216 0.6000000238
9457  22.606  -66.544  0.391 0.6999999881
9458  21.657  -65.844  0.286 0.6000000238
12093  30.080  -62.460  -1.695 0.5000000000
116714  27.381  -65.542  -0.046 0.8000000119
9455  26.376  -66.503  0.559 0.8000000119
8847  25.705  -66.884  -0.038 0.8000000119
8827  25.162  -67.132  0.491 0.6999999881
8829  23.544  -66.998  0.437 0.6999999881
10143  27.389  -65.678  -0.690 0.8000000119
9454  26.933  -65.958  0.055 0.8000000119
5397  18.640  -72.543  -6.327 0.6999999881
5958  18.317  -72.173  -5.929 0.6999999881
5957  18.417  -72.268  -5.295 0.6999999881
5391  21.229  -73.398  -5.774 0.6999999881
107942  18.633  -71.624  -4.928 0.6000000238
98738  22.168  -74.429  -5.972 0.6000000238
116214  19.954  -72.180  -3.598 0.5000000000
6533  19.272  -71.449  -4.223 0.5000000000
10008  19.545  -65.193  6.296 0.6000000238
7125  18.762  -69.639  -5.164 0.5000000000
104608  20.170  -65.664  5.886 0.5000000000
7760  19.313  -69.074  -5.694 0.5000000000
10029  21.633  -65.888  5.629 0.6000000238
8360  22.047  -68.234  -5.833 0.6999999881
8362  19.913  -68.191  -5.607 0.6000000238
8920  24.431  -67.451  -5.858 0.6999999881
115152  21.239  -67.554  -5.617 0.6999999881
9371  22.541  -66.545  4.494 0.6000000238
9558  26.738  -67.041  -5.954 0.6999999881
8919  25.406  -67.416  -6.009 0.6000000238
9548  29.564  -66.196  -4.840 0.6999999881
8910  28.648  -67.013  -5.274 0.6999999881
105531  22.283  -66.812  2.952 0.6000000238
9391  21.987  -66.686  3.686 0.6000000238
9550  28.100  -66.775  -5.486 0.6999999881
9409  23.145  -66.960  2.704 0.6000000238
9410  21.431  -66.505  2.643 0.6000000238
11442  30.917  -64.331  -3.514 0.6000000238
10788  30.338  -64.552  -3.270 0.6000000238
9407  25.126  -66.818  2.748 0.6999999881
9433  23.738  -67.003  1.954 0.6000000238
113797  22.894  -66.843  1.759 0.6000000238
11430  30.689  -62.913  -2.593 0.6000000238
10745  27.594  -64.599  1.529 0.6000000238
10083  26.724  -65.869  2.362 0.6000000238
9430  26.377  -66.433  1.628 0.6999999881
9432  24.641  -66.994  1.979 0.6000000238
9434  22.337  -66.482  1.087 0.6000000238
10744  27.990  -63.944  0.989 0.6000000238
10124  26.949  -66.008  0.974 0.8000000119
10754  28.198  -64.203  0.259 0.6000000238
10755  27.742  -64.787  0.756 0.6999999881
9456  25.715  -66.899  0.973 0.8000000119
5971  19.440  -72.350  -6.371 0.6999999881
5972  19.006  -71.986  -6.545 0.6999999881
6555  18.550  -71.553  -6.237 0.6999999881
5392  19.914  -73.294  -6.051 0.6999999881
6547  18.338  -71.424  -5.736 0.6000000238
6546  18.469  -70.611  -5.209 0.6000000238
11314  20.242  -63.690  6.919 0.6000000238
11315  19.369  -63.807  6.939 0.6000000238
10664  20.797  -64.382  6.661 0.6000000238
10665  19.890  -64.480  6.688 0.6000000238
7126  18.461  -69.952  -5.824 0.6000000238
113566  20.924  -64.971  6.455 0.5000000000
7761  21.237  -69.048  -6.256 0.6999999881
8363  20.047  -68.913  -6.207 0.6999999881
10005  22.749  -65.198  6.067 0.4000000060
10007  21.054  -65.451  6.129 0.5000000000
107516  24.043  -68.093  -6.033 0.6999999881
8359  23.264  -68.612  -5.957 0.8000000119
10028  22.454  -65.789  5.646 0.5000000000
8357  25.726  -67.973  -5.965 0.6000000238
9350  22.978  -66.217  5.134 0.6000000238
9557  27.448  -67.106  -5.847 0.6999999881
8917  27.095  -67.468  -5.857 0.6999999881
9369  24.357  -66.462  4.286 0.6999999881
9370  23.452  -66.548  4.446 0.6000000238
9514  30.587  -66.069  -4.025 0.6999999881
8909  29.304  -66.630  -4.899 0.6999999881
10061  25.787  -66.018  3.589 0.5000000000
9389  23.840  -66.842  3.639 0.6000000238
10798  31.798  -64.436  -3.384 0.6000000238
10180  31.303  -64.842  -3.757 0.6000000238
10182  30.158  -65.804  -4.407 0.6999999881
9388  24.715  -66.708  3.508 0.6999999881
10799  30.688  -65.170  -3.950 0.6000000238
9387  25.389  -66.519  3.355 0.6000000238
11443  30.626  -63.639  -2.808 0.6000000238
11394  28.155  -63.098  1.103 0.6000000238
10103  27.248  -65.260  2.030 0.5000000000
9386  25.986  -66.426  2.731 0.6999999881
6553  20.746  -71.597  -6.212 0.6999999881
6554  19.648  -71.603  -6.546 0.6999999881
112401  19.374  -70.930  -6.794 0.6000000238
112996  18.558  -70.206  -6.132 0.6000000238
11296  20.615  -62.939  7.055 0.4000000060
11298  18.899  -63.173  7.117 0.5000000000
7763  19.393  -69.753  -6.286 0.6000000238
101097  21.699  -63.963  6.647 0.5000000000
114457  17.864  -63.885  6.835 0.6000000238
7137  21.569  -70.038  -6.364 0.6999999881
7759  22.392  -69.273  -6.066 0.6999999881
7751  18.827  -69.466  -5.642 0.6000000238
10663  22.234  -64.673  6.376 0.5000000000
8352  25.083  -68.493  -5.685 0.6999999881
110686  23.881  -65.340  5.526 0.4000000060
8318  28.276  -67.976  -3.626 0.6999999881
8350  27.567  -68.056  -5.137 0.6999999881
8351  26.763  -68.358  -5.123 0.6999999881
10047  23.930  -66.003  5.059 0.6000000238
9497  30.501  -66.430  -2.919 0.6999999881
113923  29.525  -67.159  -3.261 0.6999999881
8911  27.777  -67.401  -5.551 0.6999999881
8356  26.591  -67.953  -5.843 0.6999999881
104953  25.119  -65.176  4.811 0.5000000000
10046  24.788  -65.860  4.648 0.5000000000
10169  31.170  -65.768  -3.382 0.6000000238
9515  30.040  -66.657  -3.695 0.6999999881
8896  29.581  -66.963  -4.270 0.6999999881
10045  25.474  -65.573  4.269 0.5000000000
11440  32.636  -63.361  -3.123 0.5000000000
116118  32.018  -64.821  -2.868 0.6000000238
10181  30.931  -65.460  -3.972 0.6000000238
6556  20.192  -70.950  -6.625 0.6999999881
11945  20.177  -62.165  7.123 0.4000000060
7134  22.187  -70.812  -5.852 0.6999999881
7139  19.713  -70.396  -6.622 0.6999999881
11946  19.287  -62.369  7.120 0.4000000060
11299  18.122  -63.295  7.009 0.6000000238
7749  23.924  -69.765  -5.316 0.8000000119
99454  22.561  -69.999  -5.983 0.6999999881
7737  26.008  -69.161  -4.107 0.6000000238
7748  24.788  -69.218  -5.229 0.6000000238
12647  15.912  -62.054  6.185 0.6000000238
8337  27.723  -68.304  -4.176 0.6999999881
8338  27.005  -68.675  -4.225 0.6999999881
7747  25.760  -68.651  -5.259 0.6000000238
114324  29.129  -67.500  -2.380 0.6000000238
10158  30.946  -66.057  -1.954 0.6000000238
12663  13.558  -61.717  5.332 0.5000000000
112865  32.038  -64.742  -2.265 0.6000000238
10779  32.387  -64.032  -1.915 0.5000000000
7133  23.050  -70.369  -5.377 0.6999999881
12630  18.819  -61.698  6.992 0.4000000060
7110  24.294  -70.086  -4.286 0.8000000119
11948  17.750  -62.782  6.914 0.5000000000
7109  25.015  -69.925  -3.488 0.8000000119
12646  16.710  -61.758  6.393 0.4000000060
12631  17.819  -61.897  6.709 0.4000000060
7738  25.183  -69.440  -4.504 0.6999999881
12660  15.988  -61.258  5.942 0.4000000060
11962  17.051  -62.697  6.710 0.5000000000
118012  29.326  -67.346  -1.593 0.6000000238
104676  28.451  -67.952  -2.372 0.6000000238
8319  27.142  -68.776  -3.100 0.6999999881
13375  16.228  -60.386  5.635 0.4000000060
9476  30.267  -66.352  -0.700 0.6000000238
9498  29.931  -66.793  -1.433 0.6000000238
13376  14.042  -60.959  5.261 0.4000000060
12661  15.228  -61.796  5.952 0.6000000238
101842  31.446  -65.313  -1.507 0.6000000238
10767  31.780  -64.568  -0.973 0.5000000000
11415  32.087  -63.276  -0.398 0.5000000000
13344  19.347  -60.976  7.110 0.4000000060
115647  23.576  -70.455  -4.667 0.8000000119
12645  18.455  -60.806  6.749 0.4000000060
13365  17.436  -60.887  6.378 0.4000000060
7697  26.979  -69.053  -1.895 0.6000000238
7736  26.456  -69.139  -3.307 0.6999999881
8864  28.674  -67.772  -1.365 0.6000000238
102950  27.700  -68.509  -2.385 0.6000000238
112057  16.561  -59.692  5.362 0.4000000060
103360  15.153  -60.707  5.450 0.4000000060
10141  30.736  -65.779  -0.570 0.6000000238
13385  14.446  -60.205  4.858 0.4000000060
10140  31.129  -65.171  -0.408 0.4000000060
13364  19.213  -60.345  6.928 0.4000000060
7721  25.722  -69.784  -2.739 0.6999999881
14127  18.730  -59.904  6.497 0.4000000060
116143  27.039  -69.335  -1.240 0.6999999881
7720  26.433  -69.374  -2.335 0.6000000238
14128  17.937  -60.059  6.190 0.4000000060
8846  29.084  -67.424  -0.478 0.6000000238
8282  28.338  -68.121  -0.382 0.6000000238
14142  15.853  -59.749  5.122 0.4000000060
10122  30.733  -65.588  0.584 0.6000000238
14158  14.750  -59.456  4.275 0.3000000119
10753  31.199  -64.778  0.311 0.4000000060
10742  31.197  -64.311  1.076 0.4000000060
14141  17.669  -59.493  5.642 0.4000000060
14155  17.139  -59.272  5.243 0.4000000060
9453  29.708  -66.891  0.845 0.6000000238
102843  30.147  -66.293  0.408 0.6000000238
9452  30.455  -66.274  1.255 0.6000000238
10728  31.095  -64.506  2.117 0.4000000060
10727  31.565  -65.024  2.648 0.5000000000
11379  31.146  -63.516  2.476 0.4000000060
15624  14.397  -57.557  1.388 0.3000000119
108810  31.470  -64.211  2.752 0.4000000060
16278  20.672  -56.835  6.227 0.4000000060
15621  16.796  -57.187  2.691 0.3000000119
16356  12.865  -57.355  0.202 0.4000000060
16277  21.391  -56.516  6.172 0.4000000060
16304  20.380  -55.972  4.945 0.4000000060
16327  17.545  -56.787  3.049 0.3000000119
16326  18.250  -56.431  3.609 0.3000000119
15635  14.572  -57.019  1.243 0.3000000119
16342  16.330  -56.754  2.011 0.3000000119
15636  14.373  -57.523  -0.020 0.3000000119
17031  21.067  -55.749  5.098 0.4000000060
16305  19.467  -56.347  4.743 0.4000000060
115619  16.982  -56.578  2.448 0.3000000119
16352  15.796  -56.221  1.491 0.3000000119
18835  11.103  -53.025  2.535 0.4000000060
17924  10.565  -52.759  3.262 0.3000000119
17910  11.322  -53.331  4.016 0.3000000119
16353  14.971  -56.335  1.243 0.3000000119
99604  14.375  -56.682  0.093 0.3000000119
17044  20.892  -55.340  4.408 0.4000000060
17045  19.966  -55.644  4.231 0.4000000060
17067  18.574  -55.724  3.305 0.3000000119
17084  18.093  -55.627  2.650 0.3000000119
17085  17.374  -55.468  2.096 0.3000000119
17971  12.756  -54.820  1.324 0.3000000119
114835  16.032  -55.665  1.460 0.3000000119
18822  11.028  -52.434  2.952 0.3000000119
17096  15.159  -55.517  1.265 0.3000000119
18834  11.882  -52.519  2.546 0.4000000060
110555  11.883  -52.135  2.893 0.3000000119
19725  12.403  -51.945  2.156 0.3000000119
116538  12.231  -52.640  3.531 0.3000000119
17066  19.452  -55.228  3.547 0.4000000060
17922  18.678  -55.078  2.954 0.4000000060
17946  18.002  -54.964  2.425 0.3000000119
112703  12.920  -53.629  1.334 0.4000000060
17947  17.262  -54.733  1.848 0.3000000119
17970  13.705  -54.312  0.974 0.3000000119
18845  12.104  -53.423  1.919 0.4000000060
18844  13.474  -53.086  1.123 0.4000000060
19709  13.119  -51.710  2.683 0.3000000119
17920  20.131  -54.519  3.582 0.4000000060
17921  19.281  -54.457  3.140 0.4000000060
106842  17.932  -54.227  2.315 0.4000000060
18833  17.104  -53.839  1.707 0.4000000060
115417  16.041  -54.778  1.412 0.3000000119
17994  15.429  -54.124  1.189 0.3000000119
17995  14.992  -53.949  1.037 0.3000000119
18855  14.790  -53.042  0.987 0.3000000119
19757  14.746  -52.140  0.862 0.5000000000
19758  14.089  -52.541  0.946 0.4000000060
19740  13.209  -51.969  1.380 0.4000000060
18820  13.782  -52.628  3.402 0.3000000119
17945  18.820  -53.742  2.714 0.4000000060
18832  17.912  -53.387  2.210 0.4000000060
18841  17.303  -53.031  1.749 0.3000000119
19738  16.347  -52.223  0.981 0.3000000119
20633  15.965  -51.308  0.430 0.3000000119
107358  15.767  -50.297  0.078 0.3000000119
98503  16.246  -53.722  1.352 0.3000000119
101943  16.083  -52.979  1.191 0.3000000119
19756  15.319  -51.732  0.690 0.3000000119
20647  15.280  -50.659  0.279 0.3000000119
21528  15.243  -49.844  -0.022 0.3000000119
18854  15.311  -52.980  1.063 0.3000000119
20648  14.741  -51.098  0.666 0.3000000119
20623  13.653  -51.447  1.513 0.3000000119
18798  21.999  -53.420  4.272 0.3000000119
18816  20.665  -53.176  3.486 0.3000000119
18830  20.061  -52.816  3.184 0.3000000119
19721  18.814  -51.964  2.157 0.3000000119
107491  18.645  -50.844  1.301 0.3000000119
21526  16.973  -49.638  0.164 0.3000000119
18831  19.328  -52.853  2.825 0.3000000119
106093  17.817  -51.588  1.312 0.3000000119
20632  16.899  -51.398  0.579 0.3000000119
21510  17.643  -50.422  0.477 0.3000000119
21527  16.018  -49.482  0.014 0.3000000119
21511  15.073  -49.682  0.324 0.3000000119
20622  14.249  -50.924  1.078 0.3000000119
20621  14.432  -50.729  2.025 0.3000000119
19723  13.614  -51.150  2.061 0.3000000119
19722  14.461  -51.310  2.760 0.3000000119
19686  22.979  -52.344  4.511 0.3000000119
19704  21.259  -52.670  3.579 0.3000000119
19719  20.592  -52.341  3.241 0.3000000119
20619  19.614  -51.054  2.138 0.3000000119
22332  15.597  -49.091  0.543 0.3000000119
21497  15.244  -49.576  1.347 0.3000000119
20608  15.097  -50.937  2.994 0.3000000119
18819  14.894  -52.985  3.479 0.3000000119
21525  17.741  -49.095  0.204 0.3000000119
22345  16.962  -48.619  0.182 0.3000000119
21496  15.731  -49.533  2.433 0.3000000119
20607  15.712  -50.485  2.933 0.3000000119
19707  15.358  -52.124  3.256 0.3000000119
22330  18.237  -48.208  0.438 0.3000000119
23163  16.835  -47.881  0.450 0.3000000119
115335  15.697  -48.933  1.566 0.3000000119
22329  18.776  -48.413  1.002 0.3000000119
23966  18.097  -46.868  0.878 0.3000000119
23132  17.010  -47.645  1.407 0.3000000119
21495  16.618  -49.335  2.857 0.3000000119
21484  16.464  -50.366  3.171 0.3000000119
107305  16.242  -51.436  3.361 0.3000000119
19706  16.427  -52.553  3.696 0.3000000119
2157  21.330  -80.407  -0.588 0.5000000000
104046  20.472  -79.330  -1.197 0.5000000000
2861  20.711  -78.792  -2.093 0.4000000060
9503  21.856  -65.647  -2.266 0.6999999881
3260  21.089  -78.621  -6.368 0.4000000060
118098  21.504  -78.412  -1.788 0.5000000000
104153  25.326  -66.707  -3.096 0.6000000238
7750  19.195  -68.753  -5.181 0.5000000000
117694  26.014  -66.525  -3.634 0.6000000238
7757  24.234  -68.832  -5.820 0.8000000119
11429  32.703  -63.538  -2.544 0.5000000000
8897  28.966  -67.332  -4.628 0.6999999881
12662  14.375  -61.662  5.660 0.4000000060
11414  32.666  -63.205  -1.631 0.5000000000
9477  29.631  -66.782  -0.066 0.6000000238
107759  31.737  -64.076  -0.014 0.4000000060
8302  27.395  -68.912  -1.253 0.6000000238
8825  29.311  -67.325  0.474 0.6000000238
14156  16.478  -59.147  4.755 0.3000000119
10743  31.003  -65.088  1.344 0.4000000060
10102  30.825  -65.702  1.438 0.4000000060
16287  20.837  -56.264  5.619 0.4000000060
18817  19.873  -53.653  3.271 0.3000000119
19687  22.278  -52.670  4.151 0.3000000119
7074  26.778  -70.541  -0.806 0.5000000000
7085  26.058  -70.611  -1.317 0.5000000000
7086  25.461  -70.544  -1.923 0.6999999881
6520  24.892  -71.108  -2.173 0.6999999881
7123  23.220  -71.041  -4.631 0.6000000238
7677  27.292  -69.641  -0.581 0.5000000000
7699  26.000  -70.003  -1.853 0.6000000238
7099  24.346  -70.800  -3.079 0.6000000238
5966  22.020  -72.309  -5.564 0.6000000238
5968  20.350  -72.415  -6.093 0.6000000238
5918  25.013  -71.906  -1.949 0.6999999881
5946  23.783  -72.385  -3.721 0.6000000238
6543  22.894  -71.732  -4.790 0.6000000238
6529  23.868  -71.594  -3.305 0.6999999881
6530  23.424  -71.670  -4.097 0.6000000238
6552  21.652  -71.566  -5.867 0.6000000238
7653  27.855  -69.289  0.074 0.5000000000
5362  24.477  -73.034  -3.522 0.6999999881
5954  23.931  -73.187  -4.356 0.6000000238
5390  22.370  -73.340  -5.642 0.6000000238
5934  25.424  -72.592  -2.320 0.6000000238
115372  24.137  -72.257  -3.043 0.6999999881
5955  23.294  -72.535  -4.612 0.6000000238
5916  26.708  -72.073  -1.580 0.6000000238
7652  28.450  -69.435  0.506 0.5000000000
8283  27.766  -68.792  -0.448 0.5000000000
5933  26.292  -72.645  -2.258 0.6999999881
114359  29.493  -68.887  1.165 0.5000000000
8262  28.262  -68.699  0.283 0.5000000000
8814  31.092  -67.505  1.619 0.5000000000
117837  29.297  -68.336  1.097 0.5000000000
9405  31.885  -66.363  2.267 0.4000000060
8851  19.608  -66.633  -0.750 0.4000000060
8850  20.294  -67.353  -1.098 0.4000000060
8868  20.484  -67.539  -1.471 0.5000000000
8883  20.049  -67.179  -2.266 0.5000000000
8285  21.300  -68.306  -0.888 0.5000000000
8815  30.305  -67.537  1.411 0.5000000000
8303  21.206  -68.306  -1.614 0.5000000000
7020  21.649  -70.846  2.352 0.6000000238
9428  30.818  -66.797  1.639 0.4000000060
7722  21.160  -68.794  -2.326 0.5000000000
7678  22.225  -69.744  -0.557 0.5000000000
6461  22.285  -71.036  1.274 0.5000000000
8286  20.572  -67.865  -0.487 0.5000000000
8263  21.368  -68.833  -0.166 0.5000000000
7656  21.107  -69.554  0.455 0.5000000000
7679  21.932  -69.228  -0.429 0.5000000000
7655  21.817  -69.716  0.196 0.5000000000
7036  21.961  -70.713  1.532 0.5000000000
7654  22.187  -69.920  -0.046 0.5000000000
10079  32.840  -65.480  2.750 0.4000000060
114569  31.334  -66.404  2.000 0.4000000060
10080  32.040  -65.684  2.657 0.4000000060
10125  20.326  -65.167  0.256 0.5000000000
7657  20.119  -69.693  0.550 0.5000000000
9429  30.100  -66.948  1.268 0.5000000000
9406  30.990  -66.082  1.808 0.4000000060
10084  20.956  -65.728  1.451 0.5000000000
117712  19.933  -64.869  1.238 0.5000000000
10127  18.898  -64.809  1.014 0.5000000000
10105  20.337  -65.077  0.739 0.5000000000
10081  31.461  -65.833  2.276 0.4000000060
10731  19.678  -64.717  1.563 0.5000000000
9411  20.545  -65.965  2.425 0.5000000000
114495  19.708  -64.907  2.092 0.5000000000
10756  19.324  -64.464  1.625 0.5000000000
10107  18.266  -64.790  1.149 0.4000000060
10086  19.874  -65.423  2.468 0.5000000000
10732  19.380  -64.342  1.958 0.6000000238
10746  18.684  -64.080  1.539 0.6000000238
9392  21.062  -66.488  3.533 0.5000000000
10063  19.508  -65.717  3.318 0.5000000000
10714  19.343  -64.918  2.538 0.5000000000
100245  18.834  -63.950  1.939 0.6000000238
10747  17.856  -64.237  1.081 0.6000000238
10128  16.973  -64.972  0.511 0.6000000238
100003  16.532  -66.050  0.128 0.5000000000
99957  16.271  -66.149  -0.889 0.5000000000
109163  16.245  -66.248  -2.030 0.5000000000
10062  20.197  -66.171  3.359 0.5000000000
9373  20.704  -66.363  4.512 0.5000000000
10049  19.257  -65.927  4.317 0.5000000000
10064  18.868  -65.269  3.401 0.5000000000
10050  18.191  -64.892  3.692 0.6000000238
11381  18.071  -63.678  1.634 0.6000000238
10757  17.375  -63.778  0.615 0.6000000238
10147  16.420  -64.913  -0.536 0.6000000238
10162  16.178  -65.310  -1.847 0.5000000000
12095  13.531  -62.517  -1.543 0.5000000000
10174  15.287  -65.613  -3.204 0.5000000000
9351  22.112  -66.286  5.142 0.5000000000
10048  19.988  -66.095  5.036 0.5000000000
109289  18.577  -65.569  4.470 0.6000000238
10051  17.943  -65.320  4.684 0.6000000238
10717  17.058  -63.992  3.717 0.6000000238
11382  17.619  -63.437  1.928 0.6000000238
11366  17.466  -63.630  2.720 0.6000000238
11405  17.131  -63.083  0.356 0.6000000238
12044  17.117  -62.942  0.813 0.6000000238
10758  16.903  -63.807  -0.051 0.6000000238
10782  16.197  -64.194  -1.673 0.5000000000
10790  15.792  -64.793  -2.525 0.5000000000
11444  15.715  -63.774  -2.173 0.5000000000
11433  15.716  -63.075  -1.892 0.5000000000
10791  15.188  -64.415  -2.668 0.5000000000
11446  14.449  -63.414  -2.342 0.5000000000
10032  18.283  -65.478  5.421 0.6000000238
10033  17.599  -65.173  5.416 0.6000000238
11350  16.029  -64.114  4.128 0.6000000238
11367  16.455  -63.613  2.971 0.6000000238
12045  16.705  -62.802  0.948 0.6000000238
11383  16.366  -63.124  1.860 0.6000000238
111449  16.756  -62.769  0.533 0.5000000000
100710  16.311  -62.570  0.289 0.5000000000
11432  16.234  -63.219  -1.506 0.5000000000
12062  15.697  -62.394  -0.321 0.5000000000
103179  14.402  -62.555  0.386 0.6000000238
99050  15.076  -62.605  -1.474 0.5000000000
12080  14.843  -62.398  -0.769 0.5000000000
100701  14.057  -62.354  -0.349 0.5000000000
12741  12.088  -61.828  -0.877 0.5000000000
10702  16.606  -64.366  4.744 0.6000000238
11368  15.304  -63.825  3.536 0.6000000238
105379  15.585  -63.447  2.650 0.6000000238
11384  15.260  -63.134  1.959 0.6000000238
12048  13.675  -62.771  1.386 0.6000000238
12064  13.399  -62.348  0.270 0.5000000000
10687  15.833  -64.147  5.185 0.6000000238
12030  14.345  -63.112  2.034 0.6000000238
12049  12.740  -62.235  0.999 0.5000000000
11318  15.687  -63.274  6.239 0.6000000238
11334  15.268  -63.658  5.654 0.6000000238
11335  14.339  -63.348  5.449 0.6000000238
11369  14.427  -63.754  3.904 0.6000000238
12032  12.741  -62.458  2.340 0.5000000000
11979  14.640  -62.511  5.935 0.6000000238
11352  14.077  -63.623  4.527 0.6000000238
11980  13.810  -62.472  5.551 0.6000000238
12031  13.613  -63.062  2.656 0.6000000238
11996  12.930  -62.506  4.658 0.6000000238
12689  11.875  -61.822  3.667 0.5000000000
12674  12.948  -61.851  4.856 0.4000000060
6544  22.328  -71.671  -5.395 0.6000000238
7111  23.677  -70.906  -3.904 0.6999999881
8826  28.845  -68.007  0.567 0.5000000000
8251  30.618  -68.159  1.404 0.5000000000
7631  29.854  -68.243  1.325 0.5000000000
7037  21.348  -70.409  1.773 0.6000000238
10733  18.185  -63.760  2.323 0.6000000238
10716  17.900  -64.120  3.201 0.6000000238
11418  16.706  -62.904  -0.585 0.6000000238
12079  15.704  -62.506  -0.976 0.5000000000
11351  14.963  -63.978  4.651 0.6000000238
103633  14.530  -63.479  2.934 0.6000000238
12012  12.866  -62.836  4.098 0.6000000238
12013  12.400  -62.380  3.469 0.6000000238
1910  22.504  -81.614  -1.197 0.4000000060
2184  24.493  -80.534  -3.011 0.5000000000
2509  24.211  -79.853  -2.466 0.5000000000
2170  23.653  -80.512  -1.922 0.4000000060
2171  22.917  -80.821  -1.077 0.4000000060
115574  23.085  -80.057  -0.971 0.4000000060
1899  22.125  -80.883  -0.731 0.4000000060
2871  24.781  -79.281  -2.438 0.5000000000
2508  24.934  -79.897  -2.843 0.5000000000
2494  23.530  -79.529  -1.603 0.5000000000
2495  22.581  -79.345  -0.920 0.5000000000
2484  21.704  -79.670  -0.685 0.4000000060
2858  24.353  -78.314  -2.214 0.5000000000
114387  23.745  -78.197  -2.067 0.5000000000
2859  23.256  -78.666  -1.588 0.5000000000
3232  22.880  -77.740  -1.851 0.5000000000
2860  22.302  -78.485  -1.452 0.4000000060
2873  21.913  -77.771  -2.092 0.4000000060
3230  24.231  -77.131  -1.957 0.5000000000
3231  23.607  -77.433  -2.019 0.5000000000
3241  24.116  -76.191  -2.317 0.5000000000
118617  23.001  -77.111  -2.027 0.5000000000
3243  22.421  -76.992  -2.368 0.5000000000
2874  21.140  -78.069  -2.620 0.4000000060
4327  22.021  -75.562  -6.348 0.5000000000
4337  22.861  -76.809  -7.015 0.4000000060
112966  23.738  -77.190  -6.973 0.4000000060
3263  22.595  -78.154  -6.838 0.4000000060
3259  21.918  -78.453  -6.313 0.4000000060
3758  23.468  -76.021  -2.859 0.5000000000
3258  22.705  -78.216  -6.407 0.4000000060
3254  21.572  -78.217  -4.906 0.4000000060
3250  21.124  -77.899  -3.662 0.4000000060
3759  22.700  -76.391  -2.918 0.5000000000
3767  21.711  -77.190  -3.809 0.4000000060
3244  21.560  -77.232  -2.905 0.4000000060
4889  22.973  -75.432  -6.448 0.4000000060
3790  24.106  -77.450  -6.710 0.4000000060
3257  23.518  -77.881  -6.551 0.4000000060
101464  24.996  -75.631  -3.155 0.4000000060
3774  22.883  -77.625  -5.435 0.4000000060
3775  22.111  -77.527  -4.716 0.4000000060
4309  24.490  -75.680  -4.013 0.4000000060
3765  23.001  -76.087  -3.575 0.4000000060
4310  23.217  -76.473  -4.558 0.4000000060
3766  22.359  -76.603  -4.029 0.4000000060
114609  22.967  -74.430  -6.035 0.5000000000
4888  23.830  -75.093  -6.532 0.4000000060
4898  24.691  -76.529  -6.938 0.4000000060
102353  24.641  -77.335  -6.757 0.4000000060
3783  24.381  -77.556  -6.552 0.4000000060
3772  24.493  -77.379  -5.890 0.4000000060
4318  25.998  -76.196  -5.304 0.4000000060
4319  25.005  -76.375  -5.341 0.4000000060
3773  23.949  -77.649  -5.770 0.4000000060
5389  23.332  -73.943  -5.739 0.5000000000
5388  24.144  -74.243  -5.820 0.5000000000
113474  24.218  -73.883  -5.040 0.6000000238
5387  25.029  -74.254  -5.730 0.5000000000
4897  25.533  -76.198  -7.026 0.4000000060
4335  25.873  -76.551  -6.789 0.4000000060
3781  25.615  -76.775  -6.606 0.4000000060
4325  26.495  -76.671  -6.265 0.4000000060
5374  24.686  -73.751  -4.573 0.5000000000
4871  25.953  -74.356  -5.840 0.4000000060
4896  26.290  -75.926  -6.992 0.4000000060
5372  26.206  -74.157  -4.854 0.5000000000
4870  26.869  -74.412  -5.640 0.4000000060
4885  26.569  -75.015  -6.501 0.4000000060
4895  27.103  -75.728  -6.717 0.4000000060
5360  26.511  -73.894  -3.812 0.6000000238
5351  25.923  -73.366  -2.966 0.6000000238
5371  27.145  -74.115  -4.651 0.5000000000
4869  27.827  -74.362  -5.400 0.4000000060
6505  25.515  -71.291  -1.531 0.5000000000
10009  18.640  -65.225  6.145 0.5000000000
10669  16.757  -64.242  6.116 0.5000000000
10667  18.066  -64.607  6.537 0.5000000000
104715  16.605  -63.487  6.477 0.5000000000
10685  16.992  -64.659  5.420 0.5000000000
2872  24.181  -79.028  -2.421 0.5000000000
4899  23.777  -76.407  -6.874 0.4000000060
4336  24.249  -77.010  -6.967 0.4000000060
4320  24.091  -76.353  -4.909 0.4000000060
4887  24.831  -75.136  -6.641 0.4000000060
4886  25.720  -75.049  -6.613 0.4000000060
3782  24.906  -77.211  -6.610 0.4000000060
4326  25.690  -76.917  -6.316 0.4000000060
5373  25.429  -74.098  -5.064 0.5000000000
4334  26.632  -76.297  -6.678 0.4000000060
5359  27.475  -73.672  -3.895 0.6000000238
4884  27.525  -74.916  -6.278 0.5000000000
5945  27.802  -72.914  -3.329 0.5000000000
9475  34.863  -66.863  -0.254 0.3000000119
8845  33.739  -67.646  -0.438 0.3000000119
8824  33.390  -67.653  0.331 0.3000000119
8823  34.133  -67.234  0.096 0.3000000119
117757  35.809  -65.911  0.505 0.3000000119
113541  36.387  -65.502  0.211 0.3000000119
10752  36.477  -64.755  0.623 0.3000000119
101904  33.122  -68.348  -1.238 0.3000000119
7675  32.135  -69.173  -0.877 0.4000000060
7676  31.450  -69.647  -0.601 0.4000000060
8844  34.391  -67.375  -0.837 0.3000000119
7649  31.569  -69.245  0.186 0.4000000060
7648  32.376  -68.663  -0.077 0.4000000060
7651  29.157  -69.528  0.847 0.4000000060
7058  27.952  -69.992  0.099 0.4000000060
9474  35.628  -66.556  -0.667 0.3000000119
8258  32.663  -68.098  0.519 0.3000000119
8260  31.087  -68.762  1.015 0.4000000060
10101  35.126  -65.296  1.707 0.3000000119
9425  33.513  -66.702  1.701 0.3000000119
7083  31.006  -70.088  -1.990 0.4000000060
6517  29.916  -70.921  -2.450 0.4000000060
5915  27.670  -71.994  -1.799 0.4000000060
105034  28.007  -71.588  -1.248 0.4000000060
8300  32.747  -68.769  -1.576 0.4000000060
7069  30.942  -70.093  -0.976 0.4000000060
6501  30.272  -70.613  -1.546 0.4000000060
6487  28.712  -71.231  -0.951 0.4000000060
6488  27.782  -71.184  -0.664 0.4000000060
8862  33.758  -67.899  -1.351 0.3000000119
110990  29.644  -70.534  0.060 0.4000000060
6504  26.366  -71.356  -1.071 0.4000000060
8843  35.135  -67.039  -1.259 0.3000000119
7056  30.211  -70.102  0.389 0.4000000060
6489  27.075  -71.084  -0.667 0.4000000060
7650  29.881  -69.543  0.943 0.4000000060
8813  31.967  -67.553  1.604 0.4000000060
6528  29.542  -71.697  -3.566 0.4000000060
6527  30.093  -71.082  -3.508 0.4000000060
7097  30.573  -70.560  -2.707 0.4000000060
5930  28.924  -71.980  -3.123 0.4000000060
5931  28.165  -72.299  -2.699 0.4000000060
7717  33.609  -68.547  -3.379 0.3000000119
7695  32.257  -69.298  -2.138 0.4000000060
8880  35.396  -67.094  -2.433 0.3000000119
8861  34.632  -67.523  -1.929 0.3000000119
6503  27.233  -71.559  -1.099 0.4000000060
8860  35.892  -66.644  -1.730 0.3000000119
104366  28.575  -72.599  -3.609 0.4000000060
9426  32.430  -66.940  1.925 0.3000000119
9403  33.620  -65.882  2.321 0.3000000119
5917  25.771  -72.068  -1.571 0.4000000060
5350  26.899  -73.186  -3.103 0.4000000060
5358  28.387  -73.316  -4.181 0.4000000060
8281  33.075  -68.092  -0.448 0.3000000119
9423  35.232  -65.988  1.047 0.3000000119
10121  35.806  -65.364  0.941 0.3000000119
7696  31.574  -69.680  -1.446 0.4000000060
98465  31.934  -68.531  0.744 0.4000000060
7055  30.918  -69.925  -0.060 0.4000000060
105478  30.665  -69.449  0.673 0.4000000060
7072  28.297  -70.699  -0.241 0.4000000060
8259  32.220  -68.016  1.155 0.4000000060
6519  28.632  -71.690  -2.022 0.4000000060
6502  29.441  -71.161  -1.735 0.4000000060
7694  32.974  -68.870  -2.467 0.3000000119
7084  29.594  -70.842  -0.794 0.4000000060
7096  31.309  -70.149  -3.003 0.4000000060
7719  32.046  -69.718  -3.191 0.3000000119
8298  34.101  -68.013  -2.607 0.3000000119
1079  23.653  -85.072  -1.037 0.3000000119
829  23.046  -85.497  -1.186 0.3000000119
1077  24.757  -84.297  -0.863 0.3000000119
115068  23.373  -84.902  -0.731 0.3000000119
1332  24.657  -84.032  -1.940 0.3000000119
841  23.444  -85.274  -1.696 0.3000000119
1325  25.234  -83.892  -0.279 0.3000000119
1326  24.551  -84.243  -0.177 0.3000000119
1078  24.156  -84.594  -0.563 0.3000000119
1632  25.913  -82.789  -1.837 0.3000000119
1331  25.357  -83.652  -1.322 0.3000000119
1097  23.876  -84.481  -2.276 0.3000000119
1633  23.639  -82.278  -2.907 0.3000000119
1610  25.586  -83.209  0.641 0.3000000119
1312  25.041  -83.777  0.200 0.3000000119
1624  25.932  -83.253  -0.678 0.3000000119
1311  25.751  -83.406  0.246 0.3000000119
1313  24.388  -84.083  0.101 0.3000000119
1338  25.081  -82.970  -2.558 0.3000000119
1916  24.832  -81.307  -3.428 0.3000000119
1644  24.326  -82.093  -3.279 0.3000000119
1631  26.605  -82.469  -1.293 0.3000000119
1641  26.424  -82.057  -2.206 0.3000000119
1914  26.395  -81.404  -2.740 0.3000000119
1915  25.699  -81.348  -3.341 0.3000000119
107914  25.037  -82.070  -3.437 0.3000000119
115363  25.682  -80.312  -2.887 0.3000000119
3229  24.809  -77.301  -1.266 0.4000000060
2857  25.133  -79.045  -2.025 0.4000000060
1615  20.190  -82.759  0.835 0.3000000119
1319  18.194  -83.588  0.945 0.3000000119
1063  23.469  -84.590  -0.416 0.3000000119
1080  22.952  -85.145  -0.822 0.3000000119
1888  23.392  -82.454  0.689 0.3000000119
1613  22.894  -83.087  0.389 0.3000000119
1614  21.933  -82.787  0.562 0.3000000119
1316  20.823  -83.538  0.328 0.3000000119
1318  18.883  -83.440  0.766 0.3000000119
1593  25.246  -82.865  0.915 0.3000000119
1612  23.934  -83.588  0.381 0.3000000119
1315  22.376  -83.641  0.151 0.3000000119
1066  20.296  -84.049  0.127 0.3000000119
1317  19.804  -83.397  0.563 0.3000000119
1611  24.793  -83.450  0.475 0.3000000119
114316  23.905  -84.295  -0.003 0.3000000119
114420  21.785  -84.111  -0.075 0.3000000119
1065  21.087  -84.478  -0.234 0.3000000119
1064  22.739  -84.480  -0.351 0.3000000119
1081  22.068  -85.118  -0.705 0.3000000119
1339  24.201  -83.530  -2.915 0.3000000119
1642  25.827  -82.109  -2.861 0.3000000119
1596  20.452  -82.098  1.204 0.3000000119
100991  21.226  -85.292  -0.706 0.3000000119
1594  24.328  -82.723  0.707 0.3000000119
1889  22.406  -82.153  0.827 0.3000000119
1314  23.257  -83.817  0.103 0.3000000119
118448  21.575  -83.352  0.347 0.3000000119
1082  20.261  -84.782  -0.400 0.3000000119
2507  25.441  -79.814  -2.547 0.3000000119
4842  30.134  -74.987  -3.159 0.3000000119
4843  29.188  -75.118  -2.748 0.3000000119
4844  28.256  -75.147  -2.319 0.3000000119
4293  27.704  -75.397  -2.931 0.4000000060
4294  26.649  -75.434  -3.018 0.4000000060
112752  25.367  -75.709  -2.460 0.3000000119
4296  24.205  -75.686  -3.007 0.3000000119
4291  29.721  -75.660  -3.894 0.3000000119
4307  28.329  -75.727  -4.189 0.4000000060
4316  27.843  -76.103  -4.926 0.4000000060
4308  25.378  -75.636  -4.161 0.3000000119
3779  27.688  -76.406  -6.198 0.4000000060
4324  27.660  -76.475  -5.837 0.4000000060
3788  27.158  -76.372  -6.432 0.3000000119
5914  29.831  -73.107  -0.735 0.3000000119
5341  30.271  -73.548  -1.716 0.3000000119
4828  28.663  -74.530  -1.596 0.4000000060
4277  27.449  -75.279  -1.912 0.4000000060
118518  26.786  -75.504  -2.018 0.3000000119
101668  25.961  -75.612  -2.198 0.3000000119
4279  25.292  -75.925  -1.634 0.3000000119
5348  30.849  -74.118  -3.019 0.3000000119
4841  30.974  -74.981  -4.011 0.3000000119
4853  31.309  -75.148  -4.791 0.3000000119
4305  30.049  -76.131  -4.805 0.3000000119
4306  29.317  -76.063  -4.530 0.4000000060
4866  32.082  -74.466  -5.129 0.3000000119
4880  31.909  -74.201  -5.487 0.3000000119
4304  30.664  -75.653  -5.014 0.3000000119
4315  29.382  -76.273  -5.277 0.4000000060
109066  28.654  -76.301  -5.188 0.4000000060
4881  31.136  -74.661  -5.489 0.3000000119
4323  29.613  -75.807  -5.716 0.4000000060
3777  28.934  -76.117  -6.089 0.4000000060
5370  29.763  -73.598  -5.528 0.3000000119
5386  29.585  -74.478  -5.787 0.4000000060
4331  29.063  -75.548  -6.107 0.4000000060
4894  28.076  -75.576  -6.456 0.4000000060
98436  30.041  -72.635  -5.270 0.3000000119
4868  28.788  -73.976  -5.158 0.4000000060
5953  29.184  -73.095  -4.746 0.3000000119
105922  30.053  -75.054  1.540 0.3000000119
4780  29.167  -74.890  1.547 0.3000000119
4781  28.321  -74.707  1.371 0.3000000119
4782  27.551  -74.572  0.996 0.3000000119
5897  30.230  -72.408  -0.131 0.3000000119
5874  29.727  -72.690  0.536 0.3000000119
5333  28.322  -73.647  0.109 0.3000000119
4783  26.927  -74.762  0.541 0.3000000119
102275  31.597  -72.198  -2.125 0.3000000119
5912  31.085  -72.297  -1.328 0.3000000119
5332  29.084  -73.322  -0.317 0.3000000119
5343  28.667  -73.908  -0.718 0.3000000119
110272  27.295  -74.557  -0.548 0.3000000119
4265  26.055  -75.253  -0.383 0.3000000119
4266  25.520  -75.828  -0.658 0.3000000119
3753  25.090  -76.508  -0.920 0.3000000119
2851  25.269  -78.360  -0.910 0.3000000119
6516  32.371  -72.099  -3.170 0.3000000119
5385  31.230  -73.988  -5.709 0.3000000119
106424  30.372  -74.147  -5.769 0.3000000119
5965  31.288  -72.919  -5.879 0.3000000119
117277  30.582  -73.457  -5.758 0.3000000119
6541  30.747  -71.251  -4.677 0.3000000119
6542  30.052  -71.790  -4.424 0.3000000119
5944  29.287  -72.327  -4.152 0.3000000119
4235  30.533  -75.983  1.437 0.3000000119
110228  30.435  -74.260  1.456 0.3000000119
117561  29.258  -73.549  1.226 0.3000000119
5310  28.815  -74.100  1.288 0.3000000119
5873  30.449  -72.505  0.563 0.3000000119
5322  28.694  -73.575  0.876 0.3000000119
2856  25.849  -79.348  -1.301 0.3000000119
3726  31.606  -76.312  1.168 0.3000000119
4779  31.304  -74.367  1.207 0.3000000119
5307  30.751  -73.599  1.323 0.3000000119
5856  30.615  -72.919  1.112 0.3000000119
5857  29.982  -72.769  1.072 0.3000000119
99968  30.929  -72.202  -0.579 0.3000000119
4251  31.869  -75.348  0.841 0.3000000119
4798  32.128  -74.547  0.585 0.3000000119
5321  31.533  -73.421  0.952 0.3000000119
5872  31.272  -72.535  0.603 0.3000000119
99250  24.693  -78.047  -1.797 0.3000000119
4280  24.791  -75.904  -2.355 0.3000000119
4295  25.774  -75.502  -3.160 0.3000000119
4317  26.957  -76.078  -5.142 0.4000000060
4883  28.644  -74.802  -6.035 0.4000000060
7108  30.960  -70.621  -3.860 0.3000000119
5349  30.077  -74.324  -2.191 0.3000000119
4292  28.813  -75.495  -3.438 0.3000000119
4827  29.519  -74.618  -2.158 0.3000000119
106067  26.304  -75.571  -4.103 0.4000000060
3770  29.140  -76.214  -5.743 0.4000000060
5929  30.925  -72.929  -2.186 0.3000000119
5342  29.442  -73.926  -1.322 0.3000000119
4829  27.698  -74.787  -1.349 0.3000000119
4830  26.768  -75.051  -1.039 0.4000000060
4278  25.971  -75.534  -1.282 0.3000000119
5347  31.832  -73.209  -3.591 0.3000000119
5357  31.749  -74.498  -4.396 0.3000000119
4313  30.511  -75.385  -5.366 0.4000000060
5952  30.760  -71.956  -5.371 0.3000000119
5311  27.912  -74.087  0.592 0.3000000119
4816  27.514  -74.210  0.036 0.3000000119
4817  26.736  -74.628  -0.035 0.3000000119
117734  31.330  -71.496  -5.509 0.3000000119
7075  22.383  -70.463  -0.089 0.4000000060
1062  23.917  -84.532  -0.327 0.3000000119
1091  24.127  -84.712  -1.303 0.3000000119
1625  21.921  -82.270  -1.361 0.4000000060
1626  21.040  -82.061  -0.918 0.5000000000
1917  24.034  -81.350  -2.964 0.5000000000
2156  22.310  -80.168  -0.697 0.4000000060
2182  26.237  -80.760  -2.935 0.3000000119
2183  25.385  -80.659  -3.254 0.3000000119
2895  20.443  -78.955  -5.895 0.4000000060
3242  23.316  -76.667  -2.287 0.5000000000
3253  22.292  -78.196  -5.677 0.4000000060
3265  20.784  -78.217  -6.677 0.4000000060
3754  24.725  -76.470  -1.753 0.3000000119
3760  22.038  -76.732  -3.158 0.4000000060
3771  28.518  -76.346  -5.796 0.4000000060
3778  28.202  -76.289  -6.185 0.4000000060
3780  26.343  -76.518  -6.573 0.4000000060
3789  25.152  -76.914  -6.711 0.4000000060
3792  21.274  -77.758  -6.979 0.4000000060
4234  30.961  -75.206  1.323 0.3000000119
4297  23.674  -75.796  -3.771 0.4000000060
4314  29.943  -76.049  -5.317 0.4000000060
4332  28.394  -76.047  -6.328 0.4000000060
4333  27.566  -76.161  -6.514 0.4000000060
4799  27.304  -74.448  0.404 0.3000000119
4815  27.999  -74.256  -0.634 0.3000000119
4854  30.519  -75.558  -4.372 0.3000000119
4867  31.345  -74.937  -5.190 0.3000000119
4882  30.141  -74.907  -5.747 0.3000000119
4890  21.102  -74.425  -5.851 0.6000000238
5308  29.960  -73.352  1.353 0.3000000119
5309  29.404  -73.036  1.041 0.3000000119
5352  25.128  -73.168  -2.964 0.6999999881
5361  25.423  -73.837  -3.873 0.5000000000
5375  23.599  -73.510  -5.102 0.5000000000
5376  23.070  -73.112  -5.336 0.6000000238
5393  18.419  -73.170  -6.292 0.6000000238
5394  18.252  -72.967  -6.156 0.6999999881
5875  29.109  -73.101  0.443 0.3000000119
5896  31.122  -72.142  0.071 0.3000000119
5898  29.506  -72.761  -0.018 0.3000000119
5913  30.473  -72.675  -1.126 0.3000000119
5932  27.261  -72.517  -2.440 0.4000000060
5935  24.703  -72.453  -2.656 0.6999999881
5948  19.165  -72.477  -4.278 0.6000000238
5956  22.608  -72.419  -5.181 0.6000000238
5967  21.372  -72.422  -5.760 0.6000000238
5969  18.556  -72.262  -6.235 0.6999999881
5973  18.819  -71.860  -6.458 0.6999999881
6518  29.424  -71.422  -2.719 0.4000000060
6521  24.434  -71.669  -2.625 0.6999999881
6531  21.044  -71.156  -2.738 0.5000000000
6545  19.395  -70.454  -4.213 0.5000000000
6551  31.569  -72.083  -5.877 0.3000000119
6557  18.976  -71.313  -6.767 0.6999999881
6558  18.707  -71.152  -6.536 0.6999999881
7057  28.863  -70.231  0.343 0.4000000060
7059  22.174  -70.489  0.630 0.5000000000
7070  30.310  -70.443  -0.424 0.4000000060
7071  29.053  -70.787  -0.288 0.4000000060
7073  27.493  -70.531  -0.394 0.4000000060
7087  22.351  -70.324  -0.800 0.5000000000
7098  25.015  -70.432  -2.590 0.6000000238
7100  21.663  -70.693  -2.075 0.5000000000
7124  22.733  -71.140  -5.207 0.6000000238
7127  18.421  -70.669  -6.128 0.6000000238
7135  21.189  -70.874  -6.317 0.6999999881
7136  18.750  -69.835  -6.025 0.6000000238
7138  20.586  -70.397  -6.537 0.6999999881
7140  18.876  -70.531  -6.475 0.6000000238
7630  30.213  -68.851  1.218 0.4000000060
7632  21.592  -70.224  0.910 0.5000000000
7698  26.607  -69.795  -1.354 0.6000000238
7700  22.210  -69.612  -1.025 0.5000000000
7701  21.782  -69.253  -1.526 0.5000000000
7758  23.285  -69.478  -5.757 0.8000000119
7762  20.387  -69.751  -6.497 0.6000000238
8250  31.486  -68.109  1.336 0.4000000060
8261  28.840  -68.806  0.881 0.5000000000
8284  21.997  -68.995  -0.976 0.5000000000
8299  33.407  -68.451  -2.058 0.3000000119
8301  27.997  -68.330  -1.309 0.6000000238
8321  19.882  -66.993  -3.265 0.6000000238
8353  19.560  -67.765  -4.922 0.6999999881
8355  27.248  -67.820  -5.645 0.6999999881
8358  24.863  -68.017  -5.976 0.6999999881
8361  20.789  -68.210  -5.844 0.6000000238
8812  32.906  -67.546  1.256 0.4000000060
8816  29.585  -67.625  1.115 0.5000000000
8819  23.230  -66.848  1.159 0.6000000238
8828  24.427  -67.205  0.458 0.6999999881
8863  29.761  -67.014  -2.528 0.6999999881
8865  25.289  -66.989  -0.816 0.6999999881
8869  19.507  -66.311  -1.768 0.4000000060
8882  29.008  -67.516  -3.428 0.6999999881
8898  28.249  -67.692  -4.942 0.6999999881
8918  26.301  -67.451  -6.053 0.6999999881
8922  21.978  -67.172  -5.541 0.6000000238
9352  21.381  -66.288  5.095 0.6000000238
9368  25.136  -66.272  4.004 0.5000000000
9372  21.653  -66.499  4.474 0.5000000000
9390  22.901  -66.806  3.716 0.6000000238
9404  32.710  -66.236  2.377 0.3000000119
9408  24.237  -66.977  2.794 0.6999999881
9427  31.559  -66.937  1.895 0.5000000000
9431  25.504  -66.828  1.892 0.6999999881
9449  35.387  -66.377  0.256 0.3000000119
9450  34.492  -66.630  0.798 0.3000000119
9483  19.559  -65.496  -1.137 0.6000000238
9516  27.304  -65.959  -2.454 0.6999999881
9531  29.889  -66.327  -4.482 0.6999999881
9532  28.403  -66.100  -4.898 0.6999999881
9538  21.125  -65.587  -4.014 0.6999999881
9549  28.990  -66.417  -5.175 0.6999999881
9556  20.190  -66.625  -4.700 0.6999999881
9559  25.859  -66.957  -5.877 0.6999999881
9561  21.054  -66.849  -5.337 0.6999999881
10006  21.942  -65.342  6.102 0.5000000000
10010  17.940  -65.193  6.041 0.5000000000
10026  24.499  -65.278  5.198 0.6000000238
10027  23.257  -65.622  5.595 0.4000000060
10030  20.818  -66.018  5.439 0.5000000000
10031  19.196  -65.714  5.447 0.6000000238
10082  26.950  -65.100  2.735 0.5000000000
10085  20.063  -65.064  1.568 0.5000000000
10104  26.972  -65.842  1.684 0.6000000238
10106  19.876  -64.863  1.140 0.5000000000
10123  27.348  -65.363  1.274 0.6000000238
10144  20.339  -64.881  -1.141 0.6000000238
10157  31.654  -65.349  -2.751 0.6000000238
10161  20.247  -64.900  -1.778 0.6999999881
10168  31.536  -65.117  -3.559 0.6000000238
10173  16.029  -65.856  -2.861 0.5000000000
10666  18.993  -64.552  6.600 0.6000000238
10668  17.412  -64.755  6.115 0.5000000000
10686  16.413  -64.297  5.555 0.6000000238
10701  17.429  -64.702  4.388 0.6000000238
10715  18.710  -64.349  2.625 0.5000000000
10729  27.314  -64.440  2.254 0.5000000000
10770  27.847  -65.043  -0.100 0.8000000119
10771  16.561  -63.693  -0.912 0.5000000000
10778  32.304  -64.076  -2.902 0.5000000000
11297  19.773  -63.028  7.148 0.5000000000
11313  20.979  -63.565  6.854 0.6000000238
11316  18.519  -63.907  6.904 0.6000000238
11317  17.340  -64.081  6.530 0.5000000000
11333  16.015  -63.895  6.021 0.6000000238
11336  13.361  -63.124  4.846 0.6000000238
11363  31.572  -63.630  3.165 0.4000000060
11370  13.592  -63.391  3.783 0.6000000238
11396  17.121  -63.130  1.448 0.6000000238
11402  31.519  -63.533  0.701 0.4000000060
11404  17.556  -63.382  1.019 0.6000000238
11434  15.147  -62.959  -2.062 0.5000000000
11445  15.166  -63.535  -2.372 0.5000000000
11450  31.619  -64.185  -3.435 0.6000000238
11947  18.440  -62.536  7.014 0.5000000000
11963  16.181  -62.698  6.467 0.6000000238
11964  15.392  -62.642  6.215 0.6000000238
11981  13.243  -62.369  5.130 0.5000000000
12046  15.890  -62.788  1.063 0.5000000000
12047  14.821  -62.891  1.170 0.6000000238
12058  28.440  -62.706  0.420 0.6000000238
12061  16.731  -62.761  0.167 0.5000000000
12063  14.976  -62.377  -0.195 0.6000000238
12078  16.123  -62.740  -1.215 0.5000000000
12081  13.744  -62.251  -0.938 0.5000000000
12629  19.569  -61.661  7.118 0.4000000060
12675  12.394  -62.066  4.254 0.5000000000
13366  16.673  -60.844  6.103 0.4000000060
13374  17.102  -60.076  5.823 0.4000000060
13384  15.162  -59.805  4.811 0.4000000060
14140  18.288  -59.274  5.843 0.4000000060
14877  17.732  -58.911  5.225 0.4000000060
15622  16.088  -57.516  2.182 0.3000000119
15623  15.278  -57.712  1.763 0.3000000119
15634  15.503  -56.950  1.599 0.3000000119
15637  13.659  -57.561  -0.129 0.4000000060
16276  22.103  -56.212  6.090 0.4000000060
16306  18.528  -56.737  4.464 0.4000000060
16325  18.983  -55.963  4.021 0.4000000060
16340  18.067  -56.209  2.924 0.3000000119
16341  17.498  -56.145  2.471 0.3000000119
16351  16.690  -56.026  1.829 0.3000000119
16354  14.604  -56.963  0.145 0.3000000119
17065  20.333  -55.095  3.906 0.4000000060
17094  16.498  -55.192  1.573 0.3000000119
17095  15.723  -55.136  1.371 0.3000000119
17097  14.550  -56.116  1.071 0.3000000119
17911  10.361  -53.407  3.723 0.3000000119
17923  11.458  -52.632  3.461 0.3000000119
17966  16.432  -54.459  1.483 0.3000000119
17967  15.830  -54.375  1.320 0.3000000119
17996  14.369  -53.632  0.900 0.4000000060
18815  21.340  -53.520  3.861 0.3000000119
18821  12.689  -52.235  3.197 0.3000000119
18842  16.619  -53.025  1.406 0.3000000119
18843  15.765  -53.455  1.202 0.3000000119
19688  21.749  -52.893  3.895 0.3000000119
19708  14.181  -51.930  3.045 0.3000000119
19710  12.502  -51.830  2.574 0.3000000119
19720  19.828  -52.080  2.770 0.3000000119
19724  12.957  -51.557  2.004 0.3000000119
19739  14.067  -51.618  1.006 0.4000000060
19741  12.614  -52.643  1.714 0.4000000060
19755  15.789  -52.440  0.926 0.3000000119
20620  15.028  -50.149  2.259 0.3000000119
20646  16.513  -50.435  0.193 0.3000000119
21498  14.770  -50.257  1.042 0.3000000119
21509  18.541  -49.567  0.794 0.3000000119
21512  14.817  -50.252  0.381 0.3000000119
22313  19.228  -49.257  1.514 0.3000000119
22315  16.173  -48.480  2.077 0.3000000119
22331  16.263  -48.456  1.019 0.3000000119
22344  17.719  -48.170  0.228 0.3000000119
22346  16.052  -48.585  0.008 0.3000000119
22347  15.429  -49.257  -0.058 0.3000000119
23148  17.983  -47.452  0.544 0.3000000119
23149  17.582  -47.296  0.786 0.3000000119
23162  17.458  -47.818  0.385 0.3000000119
100116  15.424  -62.519  0.354 0.5000000000
100594  15.466  -55.743  1.352 0.3000000119
102060  16.280  -62.566  -0.455 0.5000000000
102284  23.252  -77.689  -6.877 0.4000000060
102519  13.007  -62.881  3.298 0.6000000238
102889  31.613  -69.767  -2.324 0.4000000060
103205  20.110  -57.203  6.184 0.4000000060
103602  17.953  -73.791  -6.165 0.6000000238
104702  26.698  -66.360  -3.641 0.6000000238
104816  25.368  -66.637  -5.335 0.6000000238
104955  31.063  -65.402  2.036 0.4000000060
106000  29.599  -74.164  1.461 0.3000000119
106478  28.205  -74.135  1.069 0.3000000119
106528  26.729  -80.989  -2.372 0.3000000119
106573  16.569  -53.134  3.965 0.3000000119
107712  15.014  -63.112  6.006 0.6000000238
108200  17.438  -63.392  6.792 0.6000000238
108818  27.286  -75.570  -4.022 0.4000000060
110159  17.079  -63.309  2.177 0.6000000238
110542  20.399  -65.065  6.411 0.5000000000
110760  21.451  -64.833  6.446 0.5000000000
111385  17.479  -63.338  1.348 0.6000000238
111934  27.378  -65.470  0.500 0.8000000119
112674  14.338  -62.490  -1.315 0.5000000000
112805  30.006  -66.583  1.074 0.6000000238
112833  15.623  -62.752  -1.563 0.5000000000
113376  27.945  -73.956  -4.591 0.5000000000
113405  12.653  -62.029  0.059 0.5000000000
113563  32.681  -68.587  -0.835 0.4000000060
114122  32.144  -63.825  -0.989 0.5000000000
114213  19.884  -66.206  4.151 0.5000000000
114421  19.685  -78.126  -6.416 0.5000000000
114797  27.001  -76.467  -6.360 0.4000000060
114822  18.586  -54.524  2.703 0.4000000060
115641  19.816  -67.073  -4.700 0.6999999881
115765  12.059  -55.568  1.258 0.3000000119
115841  18.837  -72.264  -6.443 0.6999999881
116035  29.567  -70.050  0.588 0.4000000060
116295  27.716  -68.413  -3.336 0.6999999881
116627  14.193  -57.216  -0.224 0.3000000119
116760  23.030  -85.779  -1.664 0.3000000119
117759  20.651  -77.115  -6.632 0.5000000000
117846  28.871  -72.819  -4.152 0.4000000060
118076  29.402  -74.983  -6.010 0.4000000060
