#!ascii label  , from subject sub-027S6002 vox2ras=TkReg
1848
6483  36.928  -72.538  -0.800 0.2000000030
6473  37.568  -71.758  -0.385 0.2000000030
6472  38.780  -72.106  -0.784 0.2000000030
7067  39.246  -71.840  -1.096 0.1000000015
6474  36.343  -71.551  -0.053 0.3000000119
6481  39.201  -72.665  -1.388 0.1000000015
6482  38.399  -72.750  -1.279 0.2000000030
6471  39.265  -71.647  -0.679 0.1000000015
104688  39.665  -71.060  -0.069 0.1000000015
7066  40.442  -70.779  0.725 0.1000000015
7078  39.958  -70.844  -0.565 0.1000000015
8257  40.815  -69.905  1.122 0.1000000015
7673  40.371  -70.510  0.202 0.1000000015
8279  40.311  -69.207  0.189 0.1000000015
8821  41.206  -67.233  1.365 0.2000000030
8822  40.487  -68.305  0.873 0.1000000015
113592  41.074  -71.157  1.205 0.1000000015
7018  41.238  -70.936  1.703 0.1000000015
7051  39.522  -71.176  0.125 0.2000000030
7050  40.301  -70.860  0.762 0.1000000015
7647  41.061  -70.849  1.226 0.1000000015
112307  41.247  -68.752  1.721 0.1000000015
9446  42.811  -66.244  1.708 0.2000000030
9422  42.441  -66.909  1.924 0.2000000030
10100  42.650  -66.040  1.330 0.1000000015
10721  41.830  -65.234  1.893 0.2000000030
10722  41.290  -64.313  1.856 0.1000000015
11376  41.038  -63.404  1.726 0.1000000015
7625  41.135  -70.653  1.691 0.1000000015
7611  41.141  -70.034  2.210 0.1000000015
10059  42.231  -65.462  2.678 0.2000000030
114292  40.763  -63.655  3.272 0.2000000030
12003  40.287  -62.865  3.553 0.2000000030
11359  40.770  -63.639  2.535 0.2000000030
12021  40.486  -62.739  2.525 0.2000000030
8248  41.165  -70.044  2.067 0.1000000015
8247  41.478  -68.814  2.616 0.1000000015
112801  41.658  -67.777  2.142 0.2000000030
10058  43.191  -66.123  2.739 0.2000000030
10076  42.862  -65.892  1.891 0.3000000119
12004  39.839  -62.153  4.159 0.3000000119
12681  40.019  -62.009  3.249 0.2000000030
111329  40.224  -61.255  3.262 0.2000000030
12696  40.986  -61.586  2.457 0.2000000030
115296  41.945  -64.989  3.338 0.3000000119
10075  43.103  -66.424  2.349 0.2000000030
11990  40.374  -62.726  4.510 0.3000000119
12658  39.724  -61.425  5.166 0.3000000119
13372  39.486  -60.728  5.270 0.3000000119
118589  39.532  -61.158  4.910 0.3000000119
13377  39.544  -60.850  4.555 0.2000000030
13391  40.973  -60.657  2.987 0.2000000030
13359  40.372  -60.732  6.246 0.4000000060
11974  40.673  -62.469  5.279 0.3000000119
12657  40.306  -61.756  5.536 0.3000000119
11358  41.486  -64.191  3.648 0.2000000030
11347  40.909  -63.438  4.091 0.2000000030
101388  39.292  -60.216  4.961 0.3000000119
13392  40.006  -60.673  3.756 0.2000000030
14167  39.650  -60.043  4.348 0.2000000030
14166  40.901  -59.819  3.576 0.2000000030
14120  40.450  -60.068  6.724 0.3000000119
13371  40.027  -61.059  5.720 0.3000000119
14138  38.979  -59.220  5.702 0.2000000030
14887  39.400  -58.543  4.841 0.2000000030
14146  39.181  -59.439  5.023 0.2000000030
14886  40.441  -58.282  4.353 0.1000000015
14145  40.046  -59.153  4.293 0.2000000030
14903  41.406  -58.866  3.776 0.2000000030
14101  40.039  -59.239  7.180 0.3000000119
14844  39.264  -58.958  6.770 0.3000000119
14121  39.529  -59.697  6.450 0.3000000119
14845  38.769  -58.318  7.073 0.2000000030
14856  38.724  -58.715  6.229 0.3000000119
115524  38.373  -58.114  6.563 0.2000000030
14137  39.196  -59.888  5.635 0.3000000119
107246  38.428  -58.104  5.888 0.1000000015
15583  38.858  -57.938  5.256 0.1000000015
15582  39.675  -57.673  4.727 0.1000000015
15563  38.326  -57.380  5.616 0.1000000015
15581  40.783  -57.426  4.375 0.1000000015
15544  39.625  -58.370  7.530 0.3000000119
108825  38.942  -57.714  7.657 0.2000000030
15538  38.457  -56.912  7.872 0.2000000030
102469  38.363  -56.155  8.463 0.2000000030
16999  37.459  -55.119  8.778 0.1000000015
15545  38.242  -57.588  7.151 0.1000000015
16263  37.755  -56.274  7.846 0.1000000015
15546  37.869  -57.071  6.661 0.1000000015
15549  38.100  -57.558  6.296 0.1000000015
15562  38.973  -57.081  5.016 0.1000000015
16281  39.307  -56.133  5.057 0.1000000015
15537  39.339  -57.081  8.154 0.2000000030
98035  36.929  -55.092  8.182 0.1000000015
103368  36.912  -54.847  7.345 0.1000000015
17016  37.244  -55.632  7.599 0.1000000015
17018  37.395  -55.532  6.702 0.1000000015
16272  37.679  -56.403  6.597 0.1000000015
17885  37.831  -55.055  5.905 0.1000000015
17024  38.604  -55.508  5.447 0.1000000015
17025  37.840  -56.011  5.982 0.1000000015
18749  36.639  -53.363  8.471 0.1000000015
17023  39.570  -55.208  5.035 0.1000000015
18748  36.833  -53.840  8.972 0.1000000015
7049  40.850  -70.722  1.687 0.1000000015
115959  42.474  -65.685  1.169 0.1000000015
9946  35.155  -65.143  12.743 0.5000000000
101975  35.281  -65.897  13.523 0.5000000000
10594  34.974  -64.180  12.448 0.5000000000
11250  34.821  -63.336  12.107 0.5000000000
9234  36.391  -66.624  16.943 0.2000000030
8678  36.720  -67.213  16.371 0.2000000030
9247  35.980  -66.674  16.016 0.3000000119
9259  35.510  -66.228  15.279 0.3000000119
9937  35.053  -65.833  14.609 0.5000000000
9947  34.651  -65.322  13.853 0.5000000000
104006  34.279  -64.711  14.282 0.5000000000
10584  34.399  -64.597  13.335 0.5000000000
11235  33.628  -63.382  13.479 0.5000000000
11234  34.156  -63.810  12.929 0.5000000000
11265  35.373  -63.056  11.372 0.5000000000
113789  34.582  -62.488  11.710 0.5000000000
10621  36.079  -63.823  10.083 0.5000000000
9248  35.699  -66.054  16.777 0.3000000119
112819  35.443  -65.996  16.081 0.3000000119
9938  34.547  -65.178  14.914 0.5000000000
104792  33.623  -62.080  12.453 0.5000000000
99666  34.702  -61.912  11.201 0.5000000000
99753  34.799  -61.416  10.762 0.5000000000
9323  35.732  -66.343  8.394 0.4000000060
100868  35.564  -65.707  8.554 0.5000000000
9984  35.817  -65.260  9.083 0.5000000000
10625  36.218  -64.566  9.766 0.5000000000
11914  35.415  -62.685  10.330 0.5000000000
9327  35.375  -66.595  7.621 0.4000000060
103779  35.108  -65.376  16.525 0.4000000060
9925  34.633  -64.901  15.885 0.4000000060
10578  34.252  -64.302  15.174 0.5000000000
104650  33.875  -63.653  14.954 0.5000000000
11227  33.485  -63.277  14.353 0.5000000000
11882  33.192  -62.618  13.559 0.5000000000
11872  33.230  -62.659  14.646 0.5000000000
12550  32.950  -61.496  13.312 0.5000000000
12563  33.484  -61.120  12.402 0.5000000000
12574  34.465  -61.062  11.247 0.5000000000
113700  34.970  -61.629  10.298 0.6000000238
104737  35.520  -64.726  8.949 0.5000000000
11270  35.551  -63.290  9.738 0.5000000000
98783  35.135  -62.118  9.918 0.5000000000
8199  35.518  -68.172  7.028 0.4000000060
8766  36.224  -67.826  7.854 0.4000000060
9324  35.232  -65.760  7.856 0.5000000000
9178  37.862  -66.457  22.004 0.1000000015
111397  35.984  -66.173  21.171 0.1000000015
9855  34.842  -65.468  21.259 0.1000000015
9189  36.572  -66.520  20.700 0.1000000015
9866  35.321  -65.947  20.797 0.1000000015
9867  34.676  -65.592  20.218 0.1000000015
9205  35.976  -66.327  19.129 0.1000000015
9880  35.325  -65.930  19.644 0.1000000015
110764  34.087  -65.094  19.717 0.1000000015
9235  36.001  -66.163  17.637 0.2000000030
9222  35.877  -66.072  18.332 0.1000000015
9914  35.358  -65.510  17.289 0.3000000119
11217  34.142  -63.567  15.682 0.5000000000
118465  34.982  -64.945  17.101 0.4000000060
9915  34.722  -64.634  16.639 0.4000000060
11218  33.631  -63.075  15.229 0.5000000000
12539  32.904  -61.928  14.435 0.5000000000
107388  32.751  -61.098  14.222 0.5000000000
101718  32.818  -60.658  13.624 0.5000000000
13291  34.637  -60.485  10.631 0.5000000000
11271  35.275  -63.499  8.977 0.5000000000
10631  35.210  -64.511  8.411 0.5000000000
8768  35.095  -66.843  6.979 0.4000000060
113106  35.284  -68.718  6.454 0.5000000000
9154  36.972  -66.189  24.521 0.1000000015
9163  37.931  -66.400  23.759 0.1000000015
9833  37.081  -65.877  23.589 0.1000000015
9843  36.573  -65.669  23.000 0.1000000015
9179  36.730  -66.221  21.882 0.1000000015
9854  35.665  -65.530  22.106 0.1000000015
9844  34.677  -64.826  22.106 0.1000000015
10497  34.180  -65.097  20.881 0.1000000015
11830  32.337  -62.080  18.467 0.2000000030
9891  35.403  -65.746  18.690 0.1000000015
9881  34.743  -65.451  19.157 0.1000000015
10521  34.323  -64.817  18.755 0.1000000015
11829  33.044  -62.862  18.221 0.2000000030
9892  34.911  -65.190  18.305 0.2000000030
10533  34.631  -64.503  17.985 0.1000000015
10545  34.303  -63.900  17.660 0.2000000030
102784  33.435  -62.917  17.437 0.2000000030
11846  32.996  -62.166  17.670 0.2000000030
105430  32.615  -61.217  17.809 0.2000000030
9904  34.982  -65.006  17.637 0.2000000030
10544  34.667  -64.387  17.258 0.2000000030
11194  34.298  -63.750  16.988 0.3000000119
11856  33.530  -62.240  16.243 0.3000000119
12529  33.289  -61.606  15.952 0.4000000060
11863  33.337  -62.234  15.464 0.5000000000
12583  34.942  -61.032  10.099 0.5000000000
108036  32.987  -61.155  15.219 0.4000000060
13326  36.504  -60.447  8.463 0.5000000000
14085  35.991  -59.973  8.883 0.5000000000
14072  35.436  -59.625  9.533 0.5000000000
12615  36.168  -61.129  8.098 0.5000000000
109393  35.808  -60.685  8.553 0.5000000000
13328  35.164  -60.979  9.336 0.5000000000
13265  33.354  -60.172  12.403 0.5000000000
111887  33.060  -60.672  12.968 0.5000000000
10632  35.120  -64.203  7.963 0.5000000000
11943  35.567  -62.661  7.734 0.5000000000
11930  35.273  -62.624  8.532 0.5000000000
9992  35.170  -65.493  7.245 0.5000000000
9987  35.016  -64.978  7.891 0.5000000000
107603  35.134  -62.161  9.200 0.5000000000
11280  35.239  -63.440  8.464 0.5000000000
8769  34.976  -67.439  6.612 0.4000000060
9138  35.761  -66.368  25.059 0.1000000015
9164  37.096  -65.903  24.081 0.1000000015
9821  36.421  -65.395  24.271 0.1000000015
10473  35.642  -64.411  24.142 0.1000000015
11113  34.502  -63.559  24.542 0.1000000015
9834  36.549  -65.373  23.797 0.1000000015
9835  36.100  -64.780  24.009 0.1000000015
98682  35.962  -65.102  23.345 0.1000000015
10498  33.820  -64.467  21.480 0.1000000015
11150  33.116  -64.069  20.912 0.1000000015
11151  32.460  -63.568  20.475 0.1000000015
10522  33.684  -64.371  19.294 0.1000000015
110489  31.996  -62.540  19.312 0.2000000030
11181  33.214  -63.568  18.876 0.1000000015
11182  32.583  -62.889  18.864 0.2000000030
11845  33.366  -62.238  16.932 0.3000000119
12500  33.080  -61.598  17.215 0.3000000119
13194  32.572  -60.184  17.584 0.2000000030
12515  33.243  -61.470  16.577 0.3000000119
12516  33.010  -60.903  17.127 0.2000000030
13208  33.025  -60.074  16.249 0.3000000119
13230  32.971  -60.074  15.483 0.4000000060
102305  37.843  -59.101  9.563 0.5000000000
14813  37.268  -58.548  9.941 0.5000000000
14814  36.344  -58.658  9.794 0.5000000000
13244  32.764  -60.114  14.423 0.5000000000
14786  39.296  -58.128  11.484 0.5000000000
115412  38.993  -58.127  12.218 0.5000000000
14787  37.859  -57.697  11.682 0.5000000000
14801  36.559  -58.140  10.541 0.5000000000
14802  35.507  -58.508  10.366 0.6000000238
104997  33.297  -59.012  13.290 0.5000000000
13253  33.011  -59.838  13.282 0.5000000000
14771  38.370  -58.000  12.425 0.5000000000
14788  36.947  -57.628  11.451 0.5000000000
14058  34.844  -59.643  10.225 0.5000000000
14044  33.831  -59.623  11.714 0.5000000000
14803  34.728  -58.948  10.579 0.5000000000
108446  34.378  -59.591  10.933 0.5000000000
7578  35.057  -69.634  5.545 0.4000000060
7569  34.859  -68.875  5.826 0.4000000060
11764  32.892  -62.098  25.129 0.1000000015
11114  33.974  -63.116  25.001 0.1000000015
11771  32.777  -62.287  24.362 0.1000000015
10484  35.594  -64.436  23.681 0.1000000015
10474  35.203  -63.907  24.089 0.1000000015
11129  33.689  -63.524  23.085 0.1000000015
11123  33.273  -62.822  23.840 0.1000000015
11121  34.567  -63.584  23.741 0.1000000015
11130  32.694  -63.148  22.860 0.1000000015
11139  33.404  -63.913  21.945 0.1000000015
109197  32.616  -63.656  21.415 0.1000000015
11141  31.823  -63.295  21.063 0.1000000015
12460  30.965  -61.697  20.167 0.2000000030
13165  31.071  -60.673  19.715 0.2000000030
13183  31.664  -60.521  18.987 0.2000000030
12489  32.036  -61.147  18.523 0.2000000030
13182  32.152  -60.344  18.314 0.2000000030
12488  39.631  -60.967  19.080 0.2000000030
12498  40.667  -61.292  17.925 0.2000000030
106896  39.430  -60.460  17.450 0.2000000030
108580  38.823  -59.967  17.278 0.2000000030
13949  37.827  -59.293  16.977 0.2000000030
13209  32.919  -60.105  16.908 0.2000000030
107544  40.272  -61.237  16.289 0.2000000030
13206  39.748  -60.739  16.213 0.2000000030
13972  38.528  -59.624  15.718 0.2000000030
107463  38.051  -59.242  15.255 0.2000000030
13973  37.765  -59.124  16.043 0.3000000119
105629  37.234  -58.738  15.168 0.2000000030
14712  35.575  -58.135  15.354 0.4000000060
12538  40.138  -61.156  15.032 0.2000000030
13228  39.608  -60.618  15.372 0.3000000119
13989  38.536  -59.623  15.057 0.3000000119
13990  37.976  -59.030  14.704 0.4000000060
14734  36.180  -58.291  14.660 0.4000000060
106296  35.185  -58.120  14.753 0.5000000000
14714  33.829  -58.599  15.385 0.4000000060
13991  33.076  -59.132  14.970 0.5000000000
14008  40.227  -59.612  13.497 0.5000000000
115736  39.758  -59.695  13.941 0.4000000060
14009  38.716  -59.058  13.851 0.4000000060
14010  37.950  -58.785  14.027 0.4000000060
14752  37.096  -58.131  13.384 0.5000000000
14753  36.196  -58.151  13.785 0.5000000000
14735  35.249  -58.086  14.072 0.5000000000
14011  33.002  -59.048  14.039 0.5000000000
14026  39.009  -58.583  13.033 0.5000000000
14751  38.123  -58.382  13.288 0.5000000000
14773  36.425  -57.689  12.372 0.5000000000
106805  35.719  -57.986  11.368 0.5000000000
14789  34.339  -58.910  11.310 0.5000000000
14027  34.032  -58.803  12.118 0.5000000000
14028  33.467  -59.325  12.575 0.5000000000
13087  32.109  -60.683  25.815 0.1000000015
12411  32.527  -61.638  25.466 0.1000000015
12426  32.583  -61.424  25.242 0.1000000015
13119  31.816  -60.366  24.713 0.1000000015
12433  32.503  -61.553  24.730 0.1000000015
13127  31.759  -61.033  24.169 0.1000000015
11772  31.926  -61.937  23.837 0.1000000015
13133  30.860  -60.738  23.237 0.1000000015
11781  31.337  -62.260  22.731 0.1000000015
12441  30.826  -61.371  22.459 0.1000000015
11791  31.445  -62.791  21.755 0.1000000015
13151  30.707  -60.860  20.644 0.2000000030
13152  30.589  -60.222  21.045 0.2000000030
13917  32.441  -59.423  18.329 0.2000000030
13163  39.516  -60.536  19.604 0.1000000015
13192  39.198  -60.595  18.672 0.2000000030
13193  38.718  -60.192  18.237 0.2000000030
13930  38.167  -59.698  17.759 0.2000000030
13934  32.911  -59.386  17.446 0.2000000030
13896  39.714  -59.958  19.736 0.1000000015
117324  39.249  -60.079  19.878 0.1000000015
13180  38.543  -60.376  19.101 0.1000000015
13914  38.056  -60.091  18.810 0.1000000015
114726  37.618  -59.672  18.444 0.1000000015
14691  37.201  -58.883  16.850 0.1000000015
99310  36.838  -58.604  16.068 0.2000000030
13974  33.233  -59.197  15.865 0.3000000119
13950  33.160  -59.315  16.669 0.2000000030
112734  36.485  -58.475  16.801 0.1000000015
14692  35.883  -58.131  16.212 0.1000000015
117146  35.088  -58.074  15.902 0.3000000119
14754  35.276  -57.963  13.257 0.5000000000
14755  34.454  -58.282  13.535 0.5000000000
14736  34.325  -58.342  14.483 0.5000000000
14756  33.717  -58.594  13.810 0.5000000000
103528  36.066  -57.856  13.063 0.5000000000
14775  34.570  -58.253  12.654 0.5000000000
14776  33.870  -58.649  12.977 0.5000000000
106990  34.723  -58.295  11.769 0.5000000000
100748  31.608  -60.635  26.265 0.1000000015
13813  31.158  -59.306  26.251 0.1000000015
13825  31.278  -59.321  25.606 0.1000000015
13846  31.628  -59.835  25.189 0.1000000015
14561  30.779  -58.700  25.249 0.1000000015
114901  31.231  -60.371  24.046 0.1000000015
13864  30.363  -59.251  22.888 0.1000000015
13857  30.640  -59.199  23.883 0.1000000015
117566  30.583  -60.635  22.306 0.1000000015
13144  30.426  -60.091  21.731 0.2000000030
108179  30.834  -59.884  20.353 0.2000000030
115185  31.379  -59.276  20.211 0.2000000030
13901  31.474  -59.732  19.557 0.2000000030
14649  31.961  -58.967  19.945 0.2000000030
13900  32.146  -59.223  19.246 0.2000000030
112607  31.935  -59.819  18.868 0.2000000030
14657  39.275  -59.020  19.492 0.1000000015
13897  38.967  -59.646  19.932 0.1000000015
13915  37.492  -59.811  19.139 0.1000000015
13932  36.986  -59.308  18.507 0.1000000015
14677  36.696  -58.746  17.612 0.1000000015
99400  33.922  -58.424  17.532 0.1000000015
13933  33.365  -58.827  17.229 0.2000000030
14680  33.173  -58.745  18.125 0.2000000030
14678  36.199  -58.673  18.444 0.1000000015
14679  35.747  -58.233  17.346 0.1000000015
14693  35.001  -58.039  16.619 0.2000000030
110293  34.406  -58.295  16.072 0.2000000030
14695  33.735  -58.635  16.492 0.2000000030
112568  30.757  -58.117  26.737 0.1000000015
104364  30.989  -58.762  25.947 0.1000000015
16010  30.781  -56.579  27.246 0.1000000015
103600  30.691  -58.113  25.645 0.1000000015
16033  30.364  -56.076  25.978 0.1000000015
15308  30.497  -57.359  25.096 0.1000000015
15343  30.350  -57.698  23.352 0.1000000015
14583  30.509  -58.437  24.268 0.1000000015
14598  30.386  -58.508  23.213 0.1000000015
15366  30.643  -57.877  21.762 0.1000000015
14622  30.565  -58.777  21.482 0.1000000015
14621  31.132  -58.315  21.031 0.1000000015
14636  31.653  -58.673  20.471 0.2000000030
14648  32.739  -58.632  19.791 0.2000000030
111557  32.681  -58.815  18.904 0.2000000030
14662  33.314  -58.504  19.132 0.1000000015
15417  39.468  -57.707  17.696 0.1000000015
14658  38.626  -58.369  19.330 0.1000000015
14644  38.482  -58.916  20.041 0.1000000015
13899  37.522  -59.672  19.659 0.1000000015
102702  33.787  -58.438  18.478 0.2000000030
14645  37.819  -58.581  20.136 0.1000000015
13886  36.903  -59.208  20.148 0.1000000015
13916  36.709  -59.264  19.459 0.1000000015
99136  34.749  -58.143  17.468 0.1000000015
113542  30.631  -54.784  26.644 0.1000000015
16765  30.322  -55.331  24.589 0.1000000015
100444  30.382  -56.041  24.000 0.1000000015
16062  30.369  -56.757  23.373 0.1000000015
15365  31.350  -57.514  21.120 0.1000000015
14620  31.933  -58.022  20.660 0.2000000030
15364  32.398  -57.372  20.718 0.1000000015
118470  32.776  -57.988  20.553 0.1000000015
111794  32.432  -58.413  20.312 0.2000000030
14635  33.303  -58.235  20.376 0.1000000015
16113  37.232  -56.973  19.512 0.1000000015
16114  36.644  -56.697  19.732 0.1000000015
15384  35.883  -57.585  20.726 0.1000000015
14633  34.877  -58.126  20.693 0.1000000015
14647  34.640  -58.411  20.309 0.1000000015
110179  33.750  -58.481  20.083 0.1000000015
15402  38.365  -57.662  18.808 0.1000000015
15403  37.805  -57.301  19.125 0.1000000015
15393  37.439  -57.816  19.795 0.1000000015
15394  36.688  -57.451  20.204 0.1000000015
15383  36.400  -58.162  20.481 0.1000000015
14632  36.226  -58.566  20.340 0.1000000015
14646  35.159  -58.607  19.906 0.1000000015
14661  34.267  -58.445  19.418 0.1000000015
14631  36.787  -58.709  20.276 0.1000000015
13887  36.056  -58.815  20.061 0.1000000015
14659  35.731  -58.653  19.314 0.1000000015
99672  34.466  -58.291  18.364 0.1000000015
17589  30.384  -54.586  25.095 0.1000000015
17600  30.443  -54.526  24.252 0.1000000015
16804  30.744  -54.938  22.925 0.1000000015
16078  30.581  -56.365  22.334 0.1000000015
106617  31.577  -56.741  21.154 0.1000000015
17699  35.124  -54.959  19.285 0.1000000015
16835  34.242  -56.014  20.308 0.1000000015
16103  33.792  -56.553  20.604 0.1000000015
16087  33.244  -57.026  20.737 0.1000000015
17712  36.250  -54.965  18.289 0.1000000015
17713  35.516  -54.576  18.578 0.1000000015
16854  35.463  -55.850  19.665 0.1000000015
16834  35.086  -56.310  20.327 0.1000000015
15363  34.182  -57.350  20.772 0.1000000015
16873  36.890  -55.321  18.015 0.1000000015
16122  36.922  -56.336  19.060 0.1000000015
16853  36.211  -56.159  19.337 0.1000000015
16102  35.378  -57.103  20.710 0.1000000015
15362  34.965  -57.510  20.798 0.1000000015
14634  34.201  -58.155  20.570 0.1000000015
16819  31.610  -55.326  21.578 0.1000000015
17664  32.375  -54.789  21.236 0.1000000015
16818  32.331  -55.674  21.024 0.1000000015
17663  32.985  -54.180  20.912 0.1000000015
17679  32.902  -55.183  20.685 0.1000000015
16088  32.356  -56.523  20.833 0.1000000015
17700  34.416  -54.435  19.571 0.1000000015
17677  33.927  -54.588  20.005 0.1000000015
17678  33.436  -54.751  20.381 0.1000000015
16104  32.972  -56.130  20.596 0.1000000015
17722  35.892  -54.218  17.920 0.1000000015
16855  34.592  -55.352  19.885 0.1000000015
12575  33.864  -60.641  11.750 0.5000000000
9924  35.028  -65.604  15.603 0.4000000060
10566  34.461  -64.154  16.109 0.4000000060
9188  37.390  -66.724  21.063 0.1000000015
10509  33.564  -64.586  20.344 0.1000000015
9903  35.445  -65.569  17.968 0.2000000030
11207  33.941  -62.906  15.961 0.4000000060
9155  36.180  -65.732  24.666 0.1000000015
112027  35.375  -64.778  22.948 0.1000000015
12475  31.572  -61.572  19.215 0.2000000030
10534  34.030  -64.074  18.415 0.2000000030
100134  33.666  -63.462  17.984 0.2000000030
11195  33.918  -63.430  17.328 0.2000000030
103095  33.826  -63.036  16.691 0.3000000119
104169  33.142  -60.880  16.034 0.3000000119
14070  37.008  -59.104  9.354 0.5000000000
9822  35.749  -64.900  24.468 0.1000000015
10463  35.340  -64.331  24.454 0.1000000015
10485  34.928  -64.128  23.192 0.1000000015
115777  34.383  -63.820  23.132 0.1000000015
11168  33.041  -63.954  19.885 0.1000000015
11169  32.503  -63.268  19.577 0.1000000015
11799  31.865  -62.980  20.145 0.1000000015
11818  31.464  -62.306  19.855 0.2000000030
112684  33.096  -60.729  16.583 0.3000000119
14799  38.736  -58.338  10.682 0.5000000000
14800  37.737  -58.074  10.749 0.5000000000
14798  39.565  -58.517  10.667 0.5000000000
14025  39.709  -58.968  13.046 0.5000000000
11770  33.521  -62.675  24.812 0.1000000015
11122  34.058  -63.131  24.294 0.1000000015
11780  32.305  -62.576  23.372 0.1000000015
115020  32.910  -63.535  22.261 0.1000000015
11790  31.955  -62.845  22.541 0.1000000015
11800  31.264  -62.595  20.713 0.1000000015
12499  39.940  -60.913  18.268 0.2000000030
12487  40.300  -61.423  18.870 0.2000000030
12514  40.195  -60.950  17.139 0.2000000030
13207  39.098  -60.117  16.299 0.2000000030
13948  38.419  -59.600  16.641 0.2000000030
13931  37.435  -59.243  17.705 0.1000000015
12528  40.164  -61.201  15.637 0.2000000030
13229  39.064  -60.075  15.470 0.2000000030
14713  34.682  -58.214  15.315 0.4000000060
13252  39.359  -59.706  14.330 0.5000000000
13243  39.113  -60.026  14.928 0.4000000060
99694  40.597  -61.683  15.296 0.2000000030
100733  38.590  -59.400  14.521 0.4000000060
14733  37.156  -58.522  14.264 0.5000000000
13251  40.671  -60.441  14.050 0.5000000000
114862  40.015  -60.159  14.222 0.5000000000
13812  31.726  -59.990  25.936 0.1000000015
13101  32.130  -60.460  25.390 0.1000000015
12427  32.413  -60.875  24.990 0.1000000015
12440  31.247  -61.533  23.328 0.1000000015
13128  30.695  -59.916  23.540 0.1000000015
111758  30.805  -61.886  21.444 0.1000000015
111915  30.628  -60.852  21.578 0.2000000030
13888  30.575  -59.553  21.199 0.2000000030
13164  38.683  -60.155  19.733 0.1000000015
13088  30.974  -59.921  26.651 0.1000000015
112316  30.822  -58.732  26.508 0.1000000015
13856  31.185  -59.803  24.413 0.1000000015
108268  30.538  -58.053  24.918 0.1000000015
13877  30.275  -59.352  21.955 0.1000000015
14637  30.969  -59.076  20.766 0.2000000030
13898  38.227  -59.460  20.075 0.1000000015
13150  38.022  -59.853  19.776 0.1000000015
14694  34.333  -58.260  16.817 0.2000000030
15301  30.708  -57.660  26.208 0.1000000015
108786  30.741  -57.814  27.467 0.1000000015
15292  30.752  -57.359  26.932 0.1000000015
17561  30.932  -54.951  27.438 0.1000000015
16741  30.630  -55.753  26.833 0.1000000015
16021  30.647  -56.760  26.485 0.1000000015
117891  30.624  -57.566  25.686 0.1000000015
16754  30.329  -55.373  25.463 0.1000000015
99089  30.331  -56.297  25.035 0.1000000015
15323  30.397  -57.511  24.230 0.1000000015
16040  30.402  -56.808  24.341 0.1000000015
14605  30.340  -58.589  22.260 0.1000000015
111841  30.484  -57.233  22.473 0.1000000015
16090  30.853  -56.944  21.693 0.1000000015
15401  38.968  -58.140  18.589 0.1000000015
15392  38.073  -58.120  19.544 0.1000000015
13885  37.636  -59.553  20.061 0.1000000015
99196  35.302  -58.280  18.337 0.1000000015
17576  30.484  -54.677  25.882 0.1000000015
16780  30.464  -55.187  23.692 0.1000000015
99007  30.471  -55.788  23.041 0.1000000015
14619  33.625  -57.759  20.653 0.1000000015
16862  37.214  -55.932  18.421 0.1000000015
16121  37.516  -56.579  18.760 0.1000000015
105489  35.988  -56.668  20.310 0.1000000015
117312  35.416  -57.568  20.785 0.1000000015
116796  35.851  -58.140  20.689 0.1000000015
102717  35.457  -58.369  20.479 0.1000000015
14660  34.974  -58.385  19.119 0.1000000015
18529  30.627  -53.803  23.869 0.1000000015
17614  30.617  -54.491  23.517 0.1000000015
16803  30.880  -55.518  22.229 0.1000000015
16089  31.105  -56.129  21.630 0.1000000015
113291  31.774  -56.070  21.239 0.1000000015
16864  35.811  -55.438  18.882 0.1000000015
17714  34.821  -54.112  19.001 0.1000000015
16836  33.512  -55.647  20.385 0.1000000015
16086  34.614  -56.838  20.682 0.1000000015
102602  33.949  -55.245  20.187 0.1000000015
16863  36.569  -55.704  18.637 0.1000000015
113739  31.794  -54.514  21.682 0.1000000015
18582  33.467  -53.887  20.311 0.1000000015
18614  35.183  -53.669  18.256 0.1000000015
18619  35.658  -53.519  17.617 0.1000000015
18598  34.244  -53.671  19.413 0.1000000015
8072  39.010  -69.357  15.817 0.1000000015
8093  39.278  -69.168  14.853 0.1000000015
8094  38.424  -68.758  15.342 0.1000000015
8116  37.881  -68.302  14.772 0.1000000015
8705  37.223  -67.834  15.081 0.1000000015
8073  38.241  -68.606  16.460 0.1000000015
8074  37.440  -67.760  16.651 0.1000000015
7449  39.946  -69.753  15.214 0.2000000030
8114  39.473  -68.946  14.061 0.2000000030
8115  38.668  -68.673  14.371 0.1000000015
8133  40.035  -68.968  13.419 0.2000000030
8695  36.599  -67.307  15.457 0.1000000015
7484  40.593  -69.524  13.153 0.2000000030
8134  39.119  -68.447  13.352 0.2000000030
112764  37.446  -67.949  14.262 0.2000000030
8135  38.093  -68.224  13.806 0.2000000030
8717  37.490  -67.707  13.380 0.2000000030
8706  36.741  -67.477  14.271 0.3000000119
9258  36.017  -66.878  14.873 0.3000000119
9270  36.147  -66.880  13.744 0.3000000119
8716  38.372  -67.822  12.785 0.2000000030
8727  37.755  -67.151  12.406 0.2000000030
98446  40.430  -68.643  11.879 0.2000000030
9280  36.856  -67.167  13.037 0.2000000030
114160  39.879  -68.149  11.880 0.2000000030
6933  40.457  -70.453  9.868 0.1000000015
7501  40.761  -69.568  12.492 0.2000000030
8156  39.269  -67.956  12.273 0.2000000030
8155  40.000  -68.584  12.627 0.2000000030
9287  36.379  -66.517  12.787 0.3000000119
9281  35.799  -66.364  13.340 0.4000000060
7533  41.024  -69.775  10.815 0.1000000015
7520  40.824  -69.287  11.900 0.1000000015
9279  37.187  -66.496  12.213 0.2000000030
6356  40.665  -70.570  10.743 0.1000000015
9288  35.925  -65.809  12.591 0.4000000060
8167  40.880  -69.283  11.131 0.2000000030
8168  40.514  -68.758  11.278 0.2000000030
7548  39.918  -69.979  9.400 0.1000000015
7549  39.606  -69.960  9.119 0.2000000030
6944  40.687  -69.935  10.182 0.1000000015
7541  40.370  -69.740  9.990 0.1000000015
8169  39.946  -68.173  11.320 0.2000000030
8726  38.669  -67.177  11.738 0.2000000030
9286  37.976  -66.465  11.605 0.2000000030
9951  37.309  -65.739  11.552 0.4000000060
7534  40.648  -69.474  10.503 0.1000000015
9290  37.873  -66.190  11.157 0.4000000060
9953  36.040  -65.027  12.192 0.4000000060
8729  39.921  -68.272  10.897 0.3000000119
8730  39.408  -67.661  10.989 0.3000000119
8174  40.397  -68.897  10.749 0.2000000030
8175  39.770  -68.446  10.567 0.4000000060
9957  36.951  -64.977  11.409 0.4000000060
11249  35.631  -63.720  11.759 0.4000000060
8731  38.893  -67.142  11.090 0.3000000119
105885  38.650  -67.168  10.547 0.4000000060
8735  39.119  -67.844  10.389 0.3000000119
13178  41.254  -60.469  19.024 0.1000000015
12474  40.142  -61.163  19.309 0.1000000015
10592  36.506  -64.641  11.665 0.4000000060
9956  37.374  -65.453  11.169 0.4000000060
10608  36.654  -64.501  11.332 0.5000000000
9306  38.165  -66.718  10.405 0.4000000060
9292  38.444  -66.721  10.859 0.4000000060
9293  37.728  -66.056  10.816 0.4000000060
114484  40.709  -61.263  19.353 0.1000000015
12472  41.978  -61.725  19.238 0.1000000015
11817  40.868  -61.778  19.119 0.1000000015
11264  36.005  -63.495  11.231 0.4000000060
11268  36.055  -63.415  10.751 0.5000000000
10620  36.582  -64.183  10.696 0.5000000000
11908  35.614  -62.840  10.985 0.5000000000
11828  41.028  -61.818  18.615 0.1000000015
11180  42.316  -62.785  17.950 0.1000000015
115354  41.635  -62.332  18.218 0.1000000015
11855  41.080  -62.091  16.478 0.1000000015
106154  39.785  -69.884  16.195 0.1000000015
8694  37.135  -67.643  15.882 0.1000000015
8095  37.689  -68.175  15.718 0.1000000015
99685  38.989  -69.327  16.854 0.1000000015
8057  38.506  -68.561  17.481 0.1000000015
8664  36.902  -67.222  17.099 0.1000000015
10593  35.827  -64.418  12.047 0.4000000060
12513  40.642  -61.541  16.836 0.1000000015
7448  40.651  -70.507  15.557 0.1000000015
110301  36.715  -65.959  12.177 0.3000000119
8725  39.363  -67.663  11.448 0.2000000030
9952  36.679  -65.254  11.903 0.4000000060
12473  41.318  -61.836  19.269 0.1000000015
11844  41.181  -61.872  17.529 0.1000000015
8056  39.215  -69.079  17.854 0.1000000015
6967  31.405  -70.488  7.579 0.1000000015
6976  31.963  -70.842  7.059 0.1000000015
5791  32.841  -71.905  6.176 0.1000000015
6391  33.664  -71.427  7.524 0.1000000015
6957  30.883  -70.276  8.280 0.1000000015
6968  30.429  -70.570  7.453 0.1000000015
106861  29.639  -70.877  7.784 0.1000000015
113942  32.704  -76.437  15.609 0.1000000015
112029  29.951  -72.513  10.653 0.1000000015
5762  29.570  -72.460  9.368 0.1000000015
6965  33.209  -70.857  8.004 0.1000000015
6375  29.591  -71.496  9.501 0.1000000015
6966  32.311  -70.601  7.776 0.1000000015
6959  29.629  -71.040  8.774 0.1000000015
6384  29.240  -71.574  7.945 0.1000000015
6400  33.252  -71.645  6.809 0.1000000015
3535  30.960  -76.569  16.363 0.1000000015
106453  33.507  -76.522  15.115 0.1000000015
105543  34.583  -76.251  15.186 0.1000000015
3517  30.060  -76.654  17.247 0.1000000015
3516  30.549  -76.733  17.094 0.1000000015
105789  31.533  -76.401  15.580 0.1000000015
3534  32.437  -76.363  16.346 0.1000000015
4052  34.848  -75.846  14.660 0.1000000015
5197  31.359  -74.007  12.428 0.1000000015
5210  30.638  -73.735  11.198 0.1000000015
6956  32.724  -70.374  8.658 0.1000000015
103070  31.755  -70.271  8.346 0.1000000015
6955  33.577  -70.696  8.661 0.1000000015
99991  34.572  -71.771  7.754 0.1000000015
6399  34.117  -72.027  7.055 0.1000000015
3533  33.850  -76.371  16.004 0.1000000015
3532  34.504  -76.128  15.804 0.1000000015
3497  30.351  -76.796  17.785 0.1000000015
118439  33.468  -76.247  16.560 0.1000000015
4034  34.405  -75.720  16.086 0.1000000015
4589  34.706  -75.676  15.310 0.1000000015
4608  33.625  -74.772  14.915 0.1000000015
5190  32.566  -74.344  14.148 0.1000000015
4629  32.672  -74.615  13.409 0.1000000015
115345  31.775  -74.023  13.334 0.1000000015
5191  31.192  -73.428  12.854 0.1000000015
5198  30.794  -73.298  12.067 0.1000000015
103139  30.433  -72.288  12.011 0.1000000015
5734  29.984  -71.839  11.148 0.1000000015
6951  30.151  -70.470  9.901 0.1000000015
6950  31.949  -70.039  9.112 0.1000000015
114746  31.254  -70.090  8.890 0.1000000015
7539  30.689  -70.023  10.112 0.1000000015
100854  29.957  -70.625  9.220 0.1000000015
6383  34.093  -71.176  8.246 0.1000000015
4576  33.355  -74.866  17.192 0.1000000015
3482  29.681  -76.404  18.883 0.1000000015
112237  31.094  -76.698  17.580 0.1000000015
3495  32.374  -76.261  17.817 0.1000000015
4015  33.779  -75.682  16.907 0.1000000015
4575  33.797  -75.446  17.008 0.1000000015
100544  33.938  -75.147  16.374 0.1000000015
5167  32.465  -74.056  15.778 0.1000000015
101789  31.813  -73.747  14.252 0.1000000015
5698  31.108  -72.251  14.708 0.1000000015
3481  30.273  -76.656  18.782 0.1000000015
3496  31.299  -76.528  18.317 0.1000000015
3479  32.506  -76.108  18.743 0.1000000015
3478  33.204  -75.757  18.306 0.1000000015
114204  31.273  -73.182  13.582 0.1000000015
5718  30.853  -72.687  12.841 0.1000000015
6344  30.199  -71.359  11.976 0.1000000015
6905  30.275  -70.477  12.030 0.1000000015
6922  30.237  -70.469  11.207 0.1000000015
6345  30.000  -70.997  11.246 0.1000000015
101151  30.821  -69.671  10.928 0.1000000015
6936  30.398  -70.224  10.708 0.1000000015
6362  29.817  -71.306  10.640 0.1000000015
7543  32.878  -69.901  10.016 0.1000000015
7545  31.244  -69.900  9.572 0.1000000015
6948  33.486  -70.328  9.384 0.1000000015
6382  34.285  -70.852  8.992 0.1000000015
6390  35.343  -72.155  7.865 0.1000000015
5772  36.026  -72.385  8.189 0.1000000015
114093  35.162  -71.538  8.565 0.1000000015
108526  33.152  -74.543  16.357 0.1000000015
99829  29.676  -76.467  19.608 0.1000000015
3452  30.478  -76.361  20.720 0.1000000015
3480  31.537  -76.345  19.220 0.1000000015
3466  32.585  -75.880  19.396 0.1000000015
3975  33.472  -75.175  19.091 0.1000000015
4002  33.448  -75.449  17.771 0.1000000015
100555  33.477  -75.300  17.747 0.1000000015
5154  32.342  -73.991  16.670 0.1000000015
5181  31.776  -73.583  15.067 0.1000000015
101117  30.533  -76.509  19.829 0.1000000015
6286  30.789  -71.720  15.047 0.1000000015
118312  30.957  -72.199  13.731 0.1000000015
99961  30.506  -71.787  12.788 0.1000000015
6309  30.440  -71.263  13.467 0.1000000015
98428  30.329  -70.714  14.053 0.1000000015
6323  30.264  -71.010  12.685 0.1000000015
7525  30.521  -69.798  11.563 0.1000000015
7504  30.461  -69.582  12.399 0.1000000015
7536  33.115  -69.556  10.655 0.1000000015
7537  32.156  -69.468  10.507 0.1000000015
114143  30.850  -69.171  11.644 0.1000000015
7535  34.004  -69.829  10.843 0.1000000015
7538  31.322  -69.639  10.335 0.1000000015
6935  33.752  -70.071  10.167 0.1000000015
6934  34.507  -70.320  10.374 0.1000000015
6947  34.331  -70.540  9.707 0.1000000015
6374  34.901  -70.959  9.317 0.1000000015
5761  36.206  -71.924  8.837 0.1000000015
3446  29.116  -76.727  21.609 0.1000000015
3453  29.456  -76.507  20.954 0.1000000015
99878  29.347  -76.302  20.340 0.1000000015
3960  31.278  -75.617  20.696 0.1000000015
3968  32.517  -75.253  20.199 0.1000000015
5137  32.647  -74.350  17.903 0.1000000015
3467  31.821  -75.966  20.035 0.1000000015
3976  32.991  -75.424  19.578 0.1000000015
4549  33.446  -74.935  19.163 0.1000000015
5138  31.778  -73.382  17.328 0.1000000015
5155  31.598  -73.160  16.445 0.1000000015
118564  31.103  -72.450  15.719 0.1000000015
5672  30.722  -71.971  16.360 0.1000000015
6298  30.693  -71.507  14.317 0.1000000015
98130  30.385  -70.913  14.898 0.1000000015
98852  30.231  -69.893  14.006 0.1000000015
7487  30.391  -69.281  13.280 0.1000000015
115773  30.639  -69.259  12.006 0.1000000015
7523  32.301  -68.916  11.285 0.1000000015
8172  31.381  -68.748  11.826 0.1000000015
7522  33.435  -69.181  11.357 0.1000000015
6373  35.611  -71.285  9.421 0.1000000015
5112  32.332  -73.595  19.997 0.1000000015
5626  31.747  -72.677  19.974 0.1000000015
3437  29.406  -76.795  22.302 0.1000000015
3445  29.933  -76.456  21.536 0.1000000015
3961  30.608  -75.810  21.312 0.1000000015
116286  31.118  -75.223  20.915 0.1000000015
5111  32.907  -74.467  19.596 0.1000000015
101647  31.794  -73.154  19.413 0.1000000015
113277  31.278  -72.607  18.758 0.1000000015
115974  30.585  -76.113  21.136 0.1000000015
4529  32.633  -74.527  20.124 0.1000000015
5123  32.823  -74.395  18.913 0.1000000015
5658  31.224  -72.648  17.763 0.1000000015
6262  30.444  -71.155  17.231 0.1000000015
6855  30.176  -70.307  16.722 0.1000000015
5659  30.692  -71.927  17.117 0.1000000015
97874  30.215  -69.887  14.916 0.1000000015
7468  30.275  -69.029  14.207 0.1000000015
8159  31.479  -68.385  12.577 0.1000000015
8160  30.769  -68.785  12.504 0.1000000015
8170  32.907  -68.613  12.021 0.1000000015
8171  32.040  -68.495  12.042 0.1000000015
7503  33.842  -68.990  12.121 0.1000000015
7521  34.304  -69.638  11.559 0.1000000015
99560  34.766  -70.190  11.040 0.1000000015
5077  30.350  -73.683  21.683 0.1000000015
3952  30.019  -76.056  22.087 0.1000000015
4513  30.361  -74.699  21.754 0.1000000015
5093  31.029  -73.955  21.202 0.1000000015
111579  31.789  -73.936  20.550 0.1000000015
6204  31.338  -72.243  20.352 0.1000000015
3438  29.321  -77.352  23.079 0.1000000015
3953  29.354  -77.017  22.914 0.1000000015
4522  30.724  -75.233  21.338 0.1000000015
5644  31.442  -72.467  19.511 0.1000000015
6226  31.303  -72.004  19.880 0.1000000015
6261  30.777  -71.699  18.068 0.1000000015
6242  30.940  -71.896  19.117 0.1000000015
102077  30.173  -69.607  15.870 0.1000000015
8119  30.616  -68.283  14.486 0.1000000015
8140  30.649  -68.522  13.558 0.1000000015
8139  31.659  -68.043  13.340 0.1000000015
8157  33.413  -68.448  12.888 0.1000000015
8158  32.348  -68.262  12.716 0.1000000015
7502  34.583  -69.531  12.335 0.1000000015
6921  35.056  -70.098  11.777 0.1000000015
4514  29.793  -75.262  22.537 0.1000000015
5608  31.149  -72.437  20.802 0.1000000015
5092  31.325  -73.190  20.842 0.1000000015
6205  30.917  -71.533  20.308 0.1000000015
6807  30.391  -70.461  20.165 0.1000000015
6243  30.525  -70.951  18.676 0.1000000015
6830  30.172  -69.884  18.297 0.1000000015
7429  30.135  -69.566  17.384 0.1000000015
106621  30.168  -69.336  16.608 0.1000000015
8098  30.597  -68.019  15.480 0.1000000015
7452  30.291  -68.863  15.159 0.1000000015
109884  31.528  -67.602  15.070 0.1000000015
8707  32.822  -67.884  14.416 0.1000000015
8708  31.788  -67.725  14.263 0.1000000015
8137  33.498  -68.297  13.868 0.1000000015
8138  32.594  -68.020  13.554 0.1000000015
8117  34.184  -68.771  14.282 0.1000000015
101180  34.721  -69.408  13.110 0.1000000015
101423  35.740  -70.477  11.950 0.1000000015
6322  37.068  -71.325  12.046 0.1000000015
5078  29.744  -73.905  22.349 0.1000000015
6187  30.528  -71.737  21.294 0.1000000015
6186  30.576  -71.099  20.812 0.1000000015
106360  29.374  -74.538  23.188 0.1000000015
117430  30.930  -71.855  20.698 0.1000000015
6817  30.289  -70.198  19.210 0.1000000015
99518  30.156  -68.816  17.976 0.1000000015
8061  30.293  -68.542  17.009 0.1000000015
8668  30.712  -67.751  16.940 0.1000000015
8682  30.776  -67.707  16.120 0.1000000015
8118  33.593  -68.296  14.737 0.1000000015
102837  32.295  -67.642  15.081 0.1000000015
7486  34.730  -69.293  13.887 0.1000000015
7485  35.284  -69.832  13.562 0.1000000015
6888  35.869  -70.263  13.287 0.1000000015
5708  37.874  -71.505  13.356 0.1000000015
5717  38.698  -71.429  12.093 0.1000000015
5065  29.257  -73.450  23.187 0.1000000015
5583  29.553  -72.633  22.793 0.1000000015
100027  29.743  -71.148  22.065 0.1000000015
115213  29.886  -69.774  21.515 0.1000000015
6792  30.137  -70.107  20.898 0.1000000015
5593  29.947  -72.171  21.984 0.1000000015
7410  30.120  -69.339  19.642 0.1000000015
7420  30.109  -69.142  18.826 0.1000000015
8050  30.322  -68.219  18.594 0.1000000015
8680  32.017  -67.500  16.637 0.1000000015
8697  31.767  -67.489  15.761 0.1000000015
5657  38.520  -71.993  17.246 0.1000000015
6272  37.068  -71.444  16.858 0.1000000015
6853  36.507  -70.899  16.620 0.1000000015
7450  35.199  -70.010  15.936 0.1000000015
8097  33.635  -68.338  15.643 0.1000000015
103108  33.057  -67.900  15.149 0.1000000015
5670  38.736  -72.243  16.676 0.1000000015
107668  37.219  -71.422  16.097 0.1000000015
6865  36.385  -70.813  15.833 0.1000000015
110614  34.227  -68.923  15.920 0.1000000015
98950  38.763  -72.562  17.154 0.1000000015
104085  38.966  -72.265  16.186 0.1000000015
102439  38.306  -71.899  16.077 0.1000000015
6297  37.059  -71.182  14.619 0.1000000015
7466  35.307  -70.059  15.027 0.1000000015
7467  34.713  -69.378  14.682 0.1000000015
5152  39.494  -72.606  16.544 0.1000000015
5682  39.641  -71.951  15.777 0.1000000015
5696  38.684  -71.805  14.674 0.1000000015
6876  35.858  -70.243  14.125 0.1000000015
113668  38.518  -71.696  13.856 0.1000000015
6887  36.480  -70.699  13.490 0.1000000015
6306  40.093  -71.276  13.129 0.1000000015
5716  39.342  -71.470  12.874 0.1000000015
5578  28.888  -72.580  23.658 0.1000000015
106702  29.135  -71.857  23.415 0.1000000015
6164  29.125  -71.054  23.638 0.1000000015
6174  29.493  -71.572  22.837 0.1000000015
6793  29.654  -70.008  22.262 0.1000000015
7387  29.954  -68.983  21.112 0.1000000015
7399  30.066  -69.319  20.392 0.1000000015
117234  30.065  -68.611  20.576 0.1000000015
103700  30.198  -68.521  19.258 0.1000000015
8652  30.747  -67.665  18.492 0.1000000015
99810  30.862  -67.621  17.748 0.1000000015
8666  32.256  -67.537  17.625 0.1000000015
8059  34.312  -68.649  17.559 0.1000000015
8696  32.771  -67.756  15.939 0.1000000015
6260  36.714  -71.075  17.378 0.1000000015
7438  35.289  -69.871  16.746 0.1000000015
117858  33.888  -68.592  16.180 0.1000000015
6259  37.531  -71.598  17.398 0.1000000015
6283  41.633  -71.308  16.000 0.1000000015
104670  40.112  -71.932  16.156 0.1000000015
6165  28.805  -71.638  24.118 0.1000000015
6780  29.449  -69.763  23.154 0.1000000015
7378  29.581  -69.136  22.773 0.1000000015
110393  29.401  -70.582  23.006 0.1000000015
7388  29.779  -69.053  21.967 0.1000000015
8018  30.000  -68.311  21.637 0.1000000015
8029  30.180  -67.938  20.851 0.1000000015
104326  30.629  -67.526  20.064 0.1000000015
8637  31.093  -67.351  19.297 0.1000000015
8650  32.171  -67.411  18.444 0.1000000015
8651  31.389  -67.431  18.267 0.1000000015
8049  33.689  -68.098  18.019 0.1000000015
8665  33.101  -67.827  17.606 0.1000000015
6241  37.136  -71.299  17.960 0.1000000015
6828  36.472  -70.621  18.134 0.1000000015
7419  34.993  -68.993  17.815 0.1000000015
8679  32.895  -67.825  16.909 0.1000000015
5642  39.606  -71.668  18.396 0.1000000015
6827  37.314  -71.078  18.665 0.1000000015
7428  34.840  -69.216  17.112 0.1000000015
5122  39.595  -72.009  17.720 0.1000000015
107679  39.154  -71.887  17.573 0.1000000015
6768  29.299  -70.081  23.997 0.1000000015
7367  29.538  -69.212  23.531 0.1000000015
8006  29.934  -68.378  22.457 0.1000000015
8612  30.406  -67.646  21.786 0.1000000015
8624  30.781  -67.346  20.852 0.1000000015
111467  31.111  -67.211  20.148 0.1000000015
8041  33.610  -67.835  18.990 0.1000000015
8649  32.915  -67.651  18.290 0.1000000015
8048  34.518  -68.462  18.422 0.1000000015
5643  38.147  -71.651  18.091 0.1000000015
5641  40.020  -71.669  17.603 0.1000000015
6863  42.022  -70.984  15.988 0.1000000015
7351  29.600  -69.258  24.148 0.1000000015
7977  30.563  -68.411  24.148 0.1000000015
7978  29.839  -68.604  23.778 0.1000000015
7991  31.135  -67.908  23.684 0.1000000015
7992  30.433  -68.070  23.442 0.1000000015
8601  30.947  -67.397  22.420 0.1000000015
8602  30.397  -67.845  22.725 0.1000000015
8611  31.180  -67.208  21.560 0.1000000015
8622  32.385  -67.168  20.585 0.1000000015
8636  31.890  -67.171  19.814 0.1000000015
8621  33.116  -67.388  19.935 0.1000000015
8040  34.550  -68.165  19.495 0.1000000015
6829  36.006  -69.978  18.624 0.1000000015
8047  35.300  -68.771  18.905 0.1000000015
6225  38.312  -71.429  19.073 0.1000000015
6851  42.097  -70.785  16.772 0.1000000015
7437  40.540  -70.445  16.569 0.1000000015
8586  31.546  -67.539  23.041 0.1000000015
8587  30.846  -67.655  23.088 0.1000000015
8600  31.827  -67.286  22.236 0.1000000015
98186  32.825  -67.430  22.060 0.1000000015
8610  32.151  -67.165  21.374 0.1000000015
114443  33.289  -67.386  21.089 0.1000000015
6824  42.044  -71.056  18.354 0.1000000015
5625  39.598  -71.622  19.146 0.1000000015
101256  36.633  -70.411  19.042 0.1000000015
6841  41.813  -70.567  17.551 0.1000000015
8585  32.530  -67.595  22.899 0.1000000015
115461  34.606  -68.082  22.120 0.1000000015
8599  33.379  -67.732  22.698 0.1000000015
8016  35.702  -68.556  21.182 0.1000000015
8017  35.164  -68.290  21.750 0.1000000015
8598  33.814  -67.764  22.032 0.1000000015
7398  36.388  -69.055  20.811 0.1000000015
8620  34.063  -67.754  20.336 0.1000000015
8028  35.035  -68.227  20.496 0.1000000015
5622  40.214  -71.413  19.373 0.1000000015
6200  40.058  -71.634  20.267 0.1000000015
6224  39.246  -71.610  19.371 0.1000000015
103727  35.729  -69.435  18.931 0.1000000015
6826  40.659  -70.468  18.040 0.1000000015
6203  38.548  -71.192  20.025 0.1000000015
101458  36.933  -69.422  21.307 0.1000000015
8609  34.485  -67.888  21.287 0.1000000015
7397  36.791  -69.728  20.540 0.1000000015
8027  35.817  -68.736  20.276 0.1000000015
6806  37.203  -70.230  20.303 0.1000000015
7408  36.310  -69.380  20.034 0.1000000015
6814  37.493  -70.723  19.628 0.1000000015
6815  36.711  -70.084  19.819 0.1000000015
5733  30.360  -72.822  11.248 0.1000000015
5221  29.784  -72.737  10.096 0.1000000015
5750  29.694  -71.906  10.236 0.1000000015
109715  29.695  -71.219  10.115 0.1000000015
6392  32.802  -71.081  7.265 0.1000000015
7546  30.536  -70.244  9.205 0.1000000015
6952  29.762  -70.886  9.677 0.1000000015
6958  30.084  -70.555  8.462 0.1000000015
5220  30.207  -73.346  10.474 0.1000000015
4590  34.391  -75.256  15.597 0.1000000015
6949  32.638  -70.070  9.413 0.1000000015
3513  33.991  -76.064  16.586 0.1000000015
3494  33.429  -75.833  17.436 0.1000000015
4627  33.969  -75.062  14.385 0.1000000015
4591  33.433  -74.665  15.718 0.1000000015
5180  32.561  -74.218  14.990 0.1000000015
6937  29.942  -70.777  10.493 0.1000000015
7544  32.029  -69.801  9.830 0.1000000015
5168  31.725  -73.356  15.804 0.1000000015
5697  31.389  -72.899  15.134 0.1000000015
5709  31.335  -72.972  14.413 0.1000000015
3988  33.244  -75.591  19.006 0.1000000015
7524  31.391  -69.233  11.078 0.1000000015
107531  33.348  -74.855  18.609 0.1000000015
104575  29.741  -76.479  20.322 0.1000000015
4540  33.222  -74.981  19.648 0.1000000015
4562  33.479  -75.176  18.517 0.1000000015
6889  30.299  -70.285  13.130 0.1000000015
5124  31.905  -73.542  18.503 0.1000000015
5671  31.112  -72.629  16.783 0.1000000015
6273  30.434  -71.246  16.484 0.1000000015
106505  30.572  -71.490  15.701 0.1000000015
117064  30.262  -70.585  15.763 0.1000000015
111340  35.140  -70.559  10.542 0.1000000015
6946  35.053  -70.742  9.923 0.1000000015
5607  31.649  -72.968  20.383 0.1000000015
109998  32.377  -73.878  19.393 0.1000000015
4521  31.247  -74.656  20.917 0.1000000015
4530  31.869  -74.872  20.627 0.1000000015
6843  30.322  -70.601  17.728 0.1000000015
100638  31.052  -68.294  13.160 0.1000000015
114261  34.193  -68.955  12.753 0.1000000015
6920  35.610  -70.611  11.136 0.1000000015
117027  30.861  -74.662  21.237 0.1000000015
6227  30.724  -71.226  19.602 0.1000000015
7440  30.293  -68.698  16.067 0.1000000015
8718  31.046  -67.988  13.891 0.1000000015
8709  31.033  -67.768  14.767 0.1000000015
8136  34.167  -68.793  13.444 0.1000000015
6904  35.350  -70.060  12.668 0.1000000015
5592  30.675  -72.858  21.372 0.1000000015
5582  29.991  -73.041  21.935 0.1000000015
8698  31.045  -67.567  15.575 0.1000000015
8096  34.208  -68.836  15.128 0.1000000015
6903  36.300  -70.686  12.577 0.1000000015
6308  37.129  -71.232  12.932 0.1000000015
6321  37.922  -71.471  12.344 0.1000000015
104736  30.076  -70.689  21.412 0.1000000015
102283  30.467  -67.979  17.788 0.1000000015
8667  31.353  -67.504  17.262 0.1000000015
103373  35.174  -69.756  14.263 0.1000000015
102482  37.156  -71.137  13.804 0.1000000015
6307  38.629  -71.560  13.079 0.1000000015
103901  30.505  -67.807  19.273 0.1000000015
6854  35.831  -70.392  16.332 0.1000000015
6285  36.900  -71.176  15.341 0.1000000015
6866  35.769  -70.386  15.626 0.1000000015
7451  34.721  -69.463  15.507 0.1000000015
7439  34.751  -69.389  16.321 0.1000000015
8076  33.529  -68.227  16.433 0.1000000015
6284  37.841  -71.657  15.204 0.1000000015
6875  36.241  -70.651  14.974 0.1000000015
5135  39.586  -72.319  17.000 0.1000000015
5684  38.872  -71.944  15.577 0.1000000015
103745  36.546  -70.759  14.208 0.1000000015
6296  37.861  -71.578  14.225 0.1000000015
5669  40.175  -71.927  16.544 0.1000000015
5695  39.297  -71.877  15.235 0.1000000015
5707  39.153  -71.748  14.092 0.1000000015
8060  33.641  -68.217  17.208 0.1000000015
6842  35.991  -70.348  17.242 0.1000000015
100745  35.838  -70.016  17.967 0.1000000015
7427  35.368  -69.668  17.530 0.1000000015
6270  41.736  -71.619  16.806 0.1000000015
99889  31.779  -67.291  18.977 0.1000000015
5640  40.438  -71.346  18.331 0.1000000015
6257  42.082  -71.393  17.606 0.1000000015
8039  35.338  -68.551  19.723 0.1000000015
9968  37.321  -65.292  10.907 0.4000000060
8736  38.411  -67.512  9.872 0.3000000119
8737  37.502  -66.927  9.603 0.3000000119
9307  37.606  -66.245  10.247 0.3000000119
9982  37.270  -65.614  10.403 0.4000000060
9969  36.942  -64.882  10.547 0.4000000060
5833  35.363  -72.710  3.154 0.1000000015
6429  35.493  -71.505  4.183 0.2000000030
6986  34.718  -69.878  4.771 0.3000000119
8179  38.917  -68.337  9.678 0.3000000119
8211  34.852  -68.149  6.181 0.4000000060
9336  34.893  -66.744  6.391 0.4000000060
6997  35.099  -70.671  4.477 0.2000000030
7579  34.569  -69.084  5.064 0.3000000119
8775  34.686  -67.412  5.751 0.4000000060
100266  35.086  -66.034  6.446 0.4000000060
11310  35.276  -64.100  7.338 0.4000000060
5287  35.925  -73.748  3.044 0.1000000015
10025  35.183  -65.808  5.888 0.4000000060
10003  35.235  -65.312  6.662 0.4000000060
103997  35.580  -63.983  6.648 0.4000000060
113181  35.358  -73.247  2.484 0.1000000015
12626  35.881  -61.863  7.898 0.5000000000
6430  34.846  -70.917  3.728 0.2000000030
7591  34.547  -69.327  4.285 0.3000000119
8213  34.621  -68.269  5.368 0.3000000119
10002  35.453  -65.095  6.082 0.4000000060
12614  37.041  -61.053  8.138 0.4000000060
14084  36.782  -59.744  8.865 0.4000000060
117750  34.750  -67.138  5.290 0.4000000060
9349  34.876  -66.603  5.661 0.4000000060
10660  35.673  -64.505  6.201 0.4000000060
100908  36.066  -63.398  6.612 0.4000000060
11958  35.891  -62.907  7.099 0.5000000000
5845  35.054  -72.376  2.247 0.2000000030
5834  34.924  -71.906  2.884 0.2000000030
7601  34.628  -69.577  3.500 0.2000000030
6439  35.155  -71.769  3.479 0.2000000030
8217  34.606  -68.549  4.611 0.3000000119
102055  34.681  -67.665  4.913 0.3000000119
5844  35.174  -73.244  1.663 0.1000000015
10682  35.965  -64.826  5.690 0.4000000060
9348  35.255  -66.213  5.160 0.4000000060
11942  36.181  -62.398  7.395 0.5000000000
13325  37.399  -60.325  8.569 0.4000000060
10023  36.338  -65.275  5.167 0.4000000060
11308  36.815  -63.408  6.289 0.4000000060
11941  37.165  -62.446  7.316 0.5000000000
12624  37.640  -61.837  7.898 0.5000000000
13324  38.304  -60.241  8.853 0.4000000060
6450  34.871  -71.418  2.360 0.2000000030
6440  34.751  -71.161  3.035 0.2000000030
7009  34.675  -70.356  3.236 0.2000000030
8228  34.681  -68.827  3.820 0.4000000060
8242  34.894  -69.084  3.046 0.2000000030
8801  34.872  -68.115  4.167 0.3000000119
8227  35.167  -68.391  3.442 0.4000000060
8787  35.148  -67.410  4.357 0.3000000119
118626  37.690  -62.738  7.062 0.5000000000
106027  38.915  -60.727  8.697 0.5000000000
14068  39.555  -59.610  9.545 0.4000000060
14069  38.564  -59.544  9.374 0.4000000060
9385  35.752  -67.294  3.844 0.4000000060
10044  35.928  -65.876  4.761 0.4000000060
10681  36.716  -64.599  5.479 0.4000000060
11928  38.670  -61.989  8.128 0.5000000000
7019  34.808  -70.636  2.551 0.2000000030
6460  35.019  -71.707  1.625 0.2000000030
7617  34.810  -69.863  2.788 0.2000000030
14055  39.944  -59.038  10.063 0.4000000060
8241  35.555  -68.714  2.728 0.2000000030
9366  35.598  -66.661  4.435 0.3000000119
10022  37.195  -65.094  5.035 0.4000000060
11330  37.135  -63.928  5.771 0.4000000060
5855  35.071  -72.454  1.392 0.2000000030
7629  35.084  -70.209  2.148 0.2000000030
8226  35.906  -67.920  3.202 0.3000000119
8799  36.534  -67.304  3.515 0.4000000060
14056  38.998  -58.989  10.002 0.4000000060
9365  36.447  -66.283  4.241 0.3000000119
11955  38.040  -63.052  6.800 0.5000000000
101284  39.215  -61.400  8.481 0.5000000000
14769  40.321  -58.883  12.566 0.4000000060
5870  35.152  -72.106  0.858 0.2000000030
7035  34.932  -70.911  1.833 0.2000000030
10021  38.107  -65.010  5.129 0.4000000060
11329  37.949  -63.954  5.812 0.4000000060
13323  39.717  -60.837  8.800 0.5000000000
14067  40.500  -59.608  9.681 0.4000000060
13241  40.362  -60.889  14.558 0.4000000060
6475  35.550  -71.706  0.354 0.2000000030
7034  35.416  -70.496  1.456 0.2000000030
106802  35.287  -69.483  2.422 0.2000000030
9364  37.394  -66.154  4.192 0.4000000060
11294  38.880  -63.122  7.111 0.5000000000
11927  39.678  -62.149  8.280 0.5000000000
5869  35.479  -72.694  0.059 0.2000000030
9384  36.982  -66.715  3.784 0.4000000060
10043  36.811  -65.685  4.637 0.3000000119
11306  38.525  -63.604  6.325 0.5000000000
11939  39.242  -62.642  7.782 0.5000000000
13311  39.192  -60.199  9.086 0.5000000000
115125  35.988  -72.301  -0.327 0.2000000030
13250  41.389  -60.695  13.733 0.4000000060
12549  41.047  -61.185  14.302 0.2000000030
113916  40.172  -58.350  11.530 0.4000000060
14797  40.259  -58.639  10.651 0.4000000060
6459  35.221  -71.237  1.100 0.2000000030
8809  37.007  -67.844  2.939 0.4000000060
13310  40.125  -60.256  9.228 0.4000000060
14054  40.787  -58.981  10.274 0.4000000060
7054  35.824  -70.853  0.660 0.2000000030
7616  36.134  -69.305  2.074 0.2000000030
8240  36.475  -68.487  2.519 0.2000000030
7033  36.271  -70.130  1.268 0.2000000030
13263  41.726  -60.016  13.102 0.4000000060
117460  41.817  -58.870  11.494 0.4000000060
14041  42.281  -59.095  11.207 0.4000000060
10679  38.387  -64.417  5.554 0.3000000119
11926  40.610  -62.268  8.369 0.5000000000
12598  40.619  -60.966  8.921 0.5000000000
14066  41.503  -59.497  9.863 0.4000000060
10042  37.776  -65.586  4.660 0.4000000060
110261  39.012  -64.912  5.403 0.3000000119
11305  39.517  -63.640  6.674 0.4000000060
9363  38.423  -66.101  4.247 0.4000000060
11938  40.187  -62.764  7.999 0.5000000000
100534  37.034  -69.562  1.523 0.2000000030
14023  41.982  -59.278  12.162 0.4000000060
13309  41.024  -60.304  9.347 0.5000000000
12597  41.450  -61.066  9.037 0.5000000000
10657  39.196  -64.157  5.901 0.4000000060
11293  39.814  -63.202  7.419 0.5000000000
105403  41.045  -61.709  8.702 0.5000000000
11937  41.032  -62.838  8.049 0.5000000000
11304  40.447  -63.737  7.009 0.5000000000
9308  36.984  -66.125  9.702 0.4000000060
10644  35.151  -64.799  7.390 0.4000000060
14024  41.101  -59.355  12.829 0.4000000060
14043  41.172  -58.697  11.818 0.4000000060
12611  41.854  -61.809  8.771 0.5000000000
8197  37.425  -68.947  7.979 0.3000000119
8184  37.112  -68.227  8.315 0.3000000119
8752  36.810  -67.467  8.692 0.2000000030
8738  36.523  -66.681  8.958 0.2000000030
6964  38.219  -70.416  7.211 0.2000000030
7556  37.790  -69.668  7.628 0.3000000119
7557  36.932  -69.332  7.283 0.3000000119
8198  36.561  -68.584  7.562 0.3000000119
7566  37.338  -70.051  6.916 0.2000000030
7567  36.427  -69.710  6.604 0.2000000030
8210  36.007  -68.990  6.889 0.2000000030
5892  36.328  -73.563  -0.832 0.1000000015
5330  36.608  -74.218  -1.848 0.1000000015
8222  41.389  -68.710  3.019 0.1000000015
8181  39.283  -69.175  9.409 0.1000000015
114756  38.351  -68.186  9.255 0.2000000030
8751  37.714  -67.813  9.068 0.2000000030
7551  38.209  -69.270  8.337 0.2000000030
8183  37.915  -68.542  8.653 0.2000000030
6954  39.815  -70.622  8.699 0.1000000015
6963  39.091  -70.861  7.525 0.1000000015
7555  38.601  -70.036  7.967 0.2000000030
6962  39.732  -71.303  7.777 0.1000000015
6389  39.607  -71.669  7.086 0.1000000015
112570  37.916  -69.951  1.371 0.1000000015
7615  38.657  -69.345  2.118 0.1000000015
8238  39.166  -68.806  2.506 0.1000000015
8224  40.118  -68.551  2.890 0.1000000015
104867  38.670  -70.627  0.908 0.1000000015
8237  40.533  -69.636  2.558 0.1000000015
8786  40.301  -67.099  3.895 0.1000000015
8223  41.145  -69.204  2.823 0.1000000015
8784  42.231  -67.676  4.149 0.1000000015
9335  42.607  -66.443  5.551 0.1000000015
9345  43.136  -66.735  5.156 0.1000000015
9334  43.259  -66.322  5.596 0.1000000015
7550  38.944  -69.622  8.717 0.2000000030
7554  39.353  -70.423  8.319 0.1000000015
8798  37.503  -67.280  3.376 0.1000000015
110984  38.772  -65.514  4.829 0.3000000119
7053  36.842  -70.850  0.421 0.1000000015
7032  37.414  -70.275  0.916 0.1000000015
8249  36.978  -68.949  1.993 0.1000000015
8808  38.147  -67.892  2.853 0.1000000015
9382  39.076  -66.738  3.758 0.2000000030
10020  39.760  -65.447  5.205 0.3000000119
10656  41.182  -64.475  6.758 0.3000000119
11291  42.402  -63.667  7.473 0.3000000119
5891  37.498  -73.473  -1.667 0.1000000015
8225  39.119  -67.950  2.898 0.1000000015
10041  40.497  -65.896  5.051 0.2000000030
10655  42.229  -65.005  6.741 0.3000000119
7052  38.151  -71.087  0.204 0.1000000015
108567  41.033  -66.645  4.671 0.1000000015
10000  42.670  -65.858  6.150 0.2000000030
10642  42.880  -64.499  7.034 0.3000000119
9333  43.790  -65.896  5.917 0.1000000015
10653  44.335  -65.210  6.339 0.2000000030
11289  44.561  -64.168  7.086 0.4000000060
107701  43.609  -66.391  5.300 0.1000000015
10652  45.044  -64.830  6.132 0.1000000015
10639  45.550  -64.375  6.321 0.3000000119
6874  40.869  -70.784  14.774 0.1000000015
7483  40.726  -69.899  12.988 0.1000000015
12596  42.308  -61.035  9.069 0.4000000060
11925  41.454  -62.328  8.403 0.4000000060
117201  41.139  -63.788  7.220 0.3000000119
113461  41.477  -63.415  7.573 0.4000000060
107060  41.913  -62.888  7.891 0.4000000060
11278  43.982  -63.480  7.642 0.4000000060
11923  44.443  -62.909  8.012 0.4000000060
11290  43.475  -63.981  7.335 0.4000000060
11277  45.023  -63.680  7.403 0.5000000000
10640  44.873  -64.587  6.578 0.3000000119
11288  45.377  -64.097  6.826 0.5000000000
10016  44.678  -65.366  5.402 0.2000000030
9999  44.532  -65.425  5.904 0.1000000015
11287  45.943  -63.898  6.541 0.4000000060
9359  43.899  -66.327  4.583 0.1000000015
10694  44.946  -64.829  5.062 0.1000000015
105480  45.798  -64.187  5.754 0.2000000030
10651  45.576  -64.483  5.942 0.2000000030
8806  43.438  -67.068  3.518 0.1000000015
10057  43.776  -66.056  3.967 0.1000000015
10693  45.536  -64.178  5.381 0.2000000030
9401  43.420  -66.596  3.313 0.1000000015
13308  41.898  -60.276  9.396 0.4000000060
14065  42.344  -59.680  9.787 0.3000000119
11924  42.323  -62.435  8.333 0.4000000060
12610  42.750  -61.840  8.669 0.4000000060
107554  43.322  -62.665  8.204 0.4000000060
12594  44.436  -60.992  8.967 0.4000000060
100605  46.391  -62.993  7.517 0.4000000060
11922  45.513  -63.075  7.795 0.4000000060
11276  45.827  -63.623  7.175 0.5000000000
112433  46.472  -63.187  6.748 0.4000000060
11323  46.260  -63.561  5.885 0.3000000119
11286  46.246  -63.580  6.189 0.4000000060
11954  46.508  -62.825  6.211 0.4000000060
11344  44.293  -64.388  4.537 0.2000000030
108513  44.865  -63.981  4.829 0.2000000030
11324  46.025  -63.804  5.586 0.2000000030
10696  43.668  -64.949  4.082 0.1000000015
10695  44.448  -64.975  4.471 0.2000000030
98214  40.288  -67.112  0.566 0.1000000015
13306  43.853  -60.126  9.610 0.4000000060
14052  43.003  -59.634  10.025 0.4000000060
12608  45.000  -62.081  8.447 0.4000000060
12593  45.626  -61.158  8.820 0.4000000060
12607  46.172  -62.346  8.263 0.4000000060
110152  47.044  -62.539  7.306 0.4000000060
12606  47.219  -62.487  7.965 0.4000000060
11936  47.743  -62.024  7.218 0.3000000119
118437  47.160  -62.110  6.445 0.4000000060
11953  47.054  -62.297  6.539 0.4000000060
12652  46.215  -62.477  5.806 0.3000000119
11969  46.357  -63.157  5.857 0.3000000119
11345  43.035  -64.197  4.469 0.2000000030
11326  43.778  -63.631  4.889 0.2000000030
11971  44.704  -63.177  5.231 0.2000000030
11970  45.924  -63.278  5.398 0.2000000030
10708  43.025  -65.508  3.393 0.2000000030
9472  40.026  -66.364  -0.223 0.1000000015
9448  41.035  -66.244  0.553 0.1000000015
13277  42.714  -59.623  11.702 0.3000000119
13275  44.504  -60.259  10.759 0.4000000060
13290  43.715  -59.792  10.543 0.3000000119
13305  44.993  -60.497  9.553 0.4000000060
13287  47.199  -61.378  9.954 0.4000000060
13304  46.107  -60.754  9.489 0.4000000060
12592  46.856  -61.618  8.775 0.4000000060
13303  47.086  -61.384  9.486 0.4000000060
11921  47.788  -62.225  7.783 0.4000000060
12591  48.135  -62.029  8.593 0.4000000060
12623  48.391  -61.391  7.121 0.4000000060
100431  44.569  -60.714  6.439 0.3000000119
13355  45.710  -60.885  6.324 0.3000000119
13354  46.592  -60.678  6.528 0.3000000119
116621  47.540  -60.818  6.643 0.3000000119
13353  47.817  -61.027  6.634 0.3000000119
11973  41.748  -62.658  5.491 0.2000000030
12655  42.255  -62.040  5.994 0.2000000030
12639  44.024  -61.546  6.088 0.3000000119
12637  46.565  -61.639  6.137 0.3000000119
12636  46.836  -62.368  6.330 0.3000000119
11327  42.410  -63.382  4.974 0.2000000030
12654  44.005  -62.321  5.677 0.2000000030
10697  42.405  -64.680  3.885 0.2000000030
13261  43.159  -60.296  12.102 0.3000000119
12560  43.620  -61.250  12.317 0.3000000119
12573  44.458  -60.891  11.524 0.4000000060
115162  43.287  -59.765  11.316 0.3000000119
12582  46.889  -61.334  10.221 0.3000000119
12571  46.355  -61.784  10.827 0.4000000060
12580  49.282  -62.191  9.972 0.4000000060
12581  48.029  -61.974  9.967 0.4000000060
13288  46.468  -60.777  9.969 0.4000000060
107765  48.898  -62.141  9.321 0.4000000060
115674  47.860  -61.903  9.554 0.4000000060
13322  49.488  -60.943  8.442 0.3000000119
98594  49.219  -61.905  8.491 0.4000000060
14096  45.273  -59.278  7.584 0.3000000119
14095  46.207  -59.389  7.683 0.2000000030
14094  47.325  -59.848  7.533 0.2000000030
14081  48.323  -59.533  8.328 0.2000000030
12622  49.038  -60.798  7.558 0.3000000119
12604  49.126  -61.507  7.795 0.3000000119
14117  43.905  -59.921  6.960 0.3000000119
14115  46.062  -59.762  7.023 0.3000000119
14114  46.952  -60.169  7.015 0.2000000030
13339  47.683  -60.487  7.006 0.2000000030
13338  48.195  -60.592  7.202 0.2000000030
12656  41.167  -61.996  5.894 0.2000000030
13357  42.202  -60.676  6.594 0.3000000119
13356  43.340  -60.670  6.551 0.3000000119
12547  42.445  -61.673  13.626 0.3000000119
12562  42.116  -60.868  13.372 0.3000000119
12561  42.897  -61.008  12.995 0.3000000119
12589  50.183  -61.093  9.959 0.3000000119
14809  46.731  -58.849  9.549 0.2000000030
14808  47.637  -59.140  9.803 0.2000000030
14063  49.241  -59.888  8.830 0.2000000030
13302  49.979  -60.623  9.460 0.2000000030
14811  44.856  -58.297  9.138 0.2000000030
14824  46.686  -59.057  8.842 0.2000000030
108364  47.497  -59.380  8.452 0.2000000030
14064  48.561  -59.257  9.247 0.2000000030
12548  41.738  -61.460  13.927 0.2000000030
9402  43.343  -66.835  2.904 0.1000000015
102725  43.515  -66.130  3.513 0.1000000015
13358  41.151  -60.711  6.513 0.3000000119
11328  41.242  -63.130  4.843 0.2000000030
9309  36.194  -65.941  9.081 0.3000000119
8753  35.950  -67.092  8.185 0.3000000119
7568  35.514  -69.370  6.260 0.2000000030
7465  40.178  -69.517  14.178 0.1000000015
8239  37.723  -68.590  2.355 0.1000000015
14053  42.284  -59.347  10.395 0.3000000119
9383  37.960  -66.693  3.763 0.3000000119
104903  40.215  -64.247  6.364 0.2000000030
7627  37.824  -69.355  1.823 0.1000000015
8794  41.650  -68.274  3.440 0.1000000015
8182  38.628  -68.820  8.985 0.2000000030
7626  39.023  -70.216  1.710 0.1000000015
8796  39.656  -67.595  3.335 0.1000000015
8795  40.818  -68.111  3.394 0.1000000015
9361  42.100  -67.136  4.640 0.1000000015
10018  41.768  -66.029  5.832 0.1000000015
8797  38.537  -67.326  3.337 0.2000000030
114992  40.758  -64.897  6.235 0.3000000119
9347  41.208  -66.108  5.353 0.2000000030
10019  40.784  -65.517  5.743 0.3000000119
10643  41.875  -64.157  7.147 0.4000000060
11279  42.891  -63.166  7.834 0.4000000060
10641  43.980  -64.710  6.871 0.3000000119
12595  43.320  -60.909  9.014 0.4000000060
10040  44.348  -65.669  4.670 0.2000000030
11343  45.035  -64.358  4.923 0.2000000030
12609  43.820  -61.955  8.600 0.4000000060
110455  44.506  -60.131  10.100 0.4000000060
12638  45.410  -61.584  6.013 0.3000000119
12653  45.087  -62.384  5.630 0.2000000030
110980  43.208  -62.011  6.000 0.2000000030
108407  45.164  -60.657  10.895 0.4000000060
13289  45.424  -60.459  10.144 0.4000000060
14116  45.218  -59.991  6.874 0.3000000119
12641  41.689  -61.347  6.259 0.2000000030
12640  42.764  -61.376  6.290 0.2000000030
11902  45.282  -61.563  11.350 0.4000000060
12590  49.617  -61.486  9.460 0.4000000060
13337  49.047  -60.123  8.071 0.2000000030
115360  44.343  -58.299  8.662 0.2000000030
14838  45.295  -58.895  8.153 0.2000000030
14825  45.749  -58.814  8.540 0.2000000030
103132  47.725  -59.637  8.016 0.2000000030
12559  44.219  -62.007  11.996 0.2000000030
11901  45.781  -62.801  11.432 0.3000000119
11891  43.185  -61.875  13.216 0.2000000030
103948  44.024  -62.867  12.545 0.2000000030
6974  36.856  -70.406  6.199 0.1000000015
6983  37.365  -71.131  5.774 0.1000000015
6984  36.355  -70.780  5.523 0.1000000015
8177  40.159  -69.181  10.302 0.1000000015
6975  35.878  -70.089  5.947 0.1000000015
6415  35.873  -71.187  4.885 0.1000000015
6985  35.420  -70.407  5.237 0.1000000015
11871  41.162  -62.153  14.985 0.1000000015
11870  41.887  -62.493  14.640 0.1000000015
10577  43.161  -63.844  14.964 0.1000000015
11225  42.574  -63.041  14.878 0.1000000015
11880  42.815  -62.343  13.853 0.1000000015
11224  43.136  -63.317  14.476 0.1000000015
11890  43.437  -62.773  13.332 0.1000000015
11233  43.591  -63.556  13.842 0.1000000015
11232  44.246  -64.033  13.341 0.1000000015
11889  44.826  -62.834  11.969 0.1000000015
11246  44.539  -63.598  12.635 0.1000000015
99597  45.776  -64.596  12.596 0.2000000030
11900  47.494  -62.401  10.517 0.2000000030
11244  46.402  -64.531  12.143 0.2000000030
11262  46.456  -63.699  11.575 0.2000000030
106947  47.442  -63.468  11.148 0.2000000030
113447  46.614  -62.905  10.970 0.2000000030
10588  47.724  -64.773  12.797 0.2000000030
10606  47.339  -64.329  11.784 0.2000000030
11907  48.596  -62.452  10.280 0.2000000030
11906  49.459  -62.419  10.674 0.2000000030
12579  50.015  -61.621  10.409 0.2000000030
14037  49.148  -59.821  10.873 0.1000000015
9949  46.748  -65.289  13.332 0.2000000030
11899  48.654  -63.118  10.904 0.2000000030
12569  49.993  -61.364  11.226 0.1000000015
13273  49.535  -60.589  11.463 0.1000000015
13272  50.057  -60.660  10.468 0.1000000015
11869  42.597  -62.700  14.361 0.1000000015
11216  41.865  -62.671  15.383 0.1000000015
11215  42.669  -63.344  15.531 0.1000000015
10583  43.998  -64.344  14.020 0.1000000015
11245  45.479  -63.881  12.079 0.2000000030
11261  48.287  -63.940  11.578 0.2000000030
14119  41.621  -60.047  6.978 0.2000000030
14098  43.299  -59.209  7.415 0.2000000030
14118  42.743  -59.957  6.961 0.2000000030
14100  41.113  -59.316  7.331 0.2000000030
14840  43.737  -58.581  7.970 0.2000000030
14099  42.221  -59.285  7.411 0.2000000030
14841  42.845  -58.523  7.855 0.2000000030
14097  44.340  -59.203  7.488 0.2000000030
14829  42.542  -57.760  8.279 0.1000000015
15542  41.467  -57.766  8.092 0.2000000030
14828  43.308  -58.110  8.339 0.2000000030
14827  43.918  -58.182  8.561 0.2000000030
107645  41.169  -57.094  8.368 0.1000000015
15535  41.979  -57.157  8.388 0.1000000015
16262  39.903  -56.482  8.625 0.1000000015
112784  39.047  -56.533  8.441 0.1000000015
9950  46.169  -65.661  13.566 0.1000000015
15532  44.157  -57.957  8.991 0.1000000015
16260  41.849  -56.596  8.882 0.1000000015
15533  43.402  -57.577  8.770 0.1000000015
16252  40.415  -56.018  9.202 0.1000000015
16261  40.833  -56.553  8.794 0.1000000015
16997  39.331  -55.320  9.666 0.1000000015
100464  40.065  -55.582  9.536 0.1000000015
17850  37.851  -54.173  10.102 0.1000000015
10581  47.645  -64.849  13.549 0.1000000015
9933  46.992  -65.532  14.513 0.1000000015
9944  46.880  -65.718  13.881 0.1000000015
14810  45.743  -58.568  9.302 0.1000000015
16251  42.681  -56.595  9.308 0.1000000015
15523  43.193  -57.042  9.144 0.1000000015
16996  40.784  -55.661  9.747 0.1000000015
17854  38.577  -54.829  9.897 0.1000000015
17853  39.346  -54.927  10.275 0.1000000015
10574  47.459  -64.969  14.208 0.1000000015
106498  48.130  -64.521  12.494 0.1000000015
15513  43.895  -56.998  10.004 0.1000000015
15520  44.859  -58.154  9.826 0.1000000015
112317  42.791  -56.180  9.967 0.1000000015
16250  43.320  -56.740  9.662 0.1000000015
15522  43.708  -57.309  9.347 0.1000000015
15521  44.243  -57.685  9.588 0.1000000015
16990  42.016  -55.576  10.417 0.1000000015
17835  40.722  -54.597  11.400 0.1000000015
101500  41.053  -55.401  10.331 0.1000000015
105384  41.271  -56.115  9.389 0.1000000015
16245  42.061  -56.082  9.604 0.1000000015
18708  39.667  -53.336  12.008 0.1000000015
117542  40.140  -54.503  11.267 0.1000000015
17849  40.530  -54.964  10.821 0.1000000015
18724  39.395  -54.069  11.450 0.1000000015
110134  47.629  -64.517  14.466 0.1000000015
10573  48.000  -64.391  13.851 0.1000000015
14796  45.738  -58.459  10.202 0.1000000015
17814  40.894  -54.066  11.964 0.1000000015
17848  41.227  -55.114  10.969 0.1000000015
18723  40.209  -54.032  11.774 0.1000000015
14843  40.718  -58.521  7.680 0.1000000015
15536  40.236  -57.073  8.275 0.1000000015
17836  39.754  -54.704  10.792 0.1000000015
108108  38.601  -53.776  11.239 0.1000000015
15512  44.396  -57.473  10.321 0.1000000015
12055  43.758  -62.273  -0.051 0.1000000015
12054  44.174  -61.502  0.082 0.1000000015
12070  43.829  -61.847  -0.394 0.1000000015
11423  42.758  -62.858  -1.194 0.1000000015
11425  40.760  -63.035  -2.427 0.1000000015
11439  39.591  -63.471  -3.030 0.1000000015
10787  38.258  -64.268  -3.544 0.1000000015
112071  43.611  -62.364  0.198 0.1000000015
12036  44.027  -61.726  0.283 0.1000000015
114903  42.404  -62.403  -1.701 0.1000000015
11424  41.989  -62.976  -1.962 0.1000000015
12695  43.741  -60.720  1.786 0.1000000015
12707  42.599  -61.539  1.615 0.1000000015
12020  41.448  -62.481  1.618 0.1000000015
11399  42.883  -63.312  0.164 0.1000000015
11411  42.344  -63.688  -1.151 0.1000000015
12717  44.205  -61.176  0.194 0.1000000015
13417  44.061  -60.587  1.244 0.1000000015
13390  42.410  -60.108  2.910 0.1000000015
14165  42.789  -59.411  3.293 0.1000000015
13402  44.293  -60.087  2.153 0.1000000015
13403  43.568  -60.273  2.436 0.1000000015
12037  43.046  -62.311  0.750 0.1000000015
10155  37.651  -64.887  -2.760 0.1000000015
3514  32.981  -76.183  17.031 0.1000000015
3515  31.681  -76.467  17.035 0.1000000015
3987  33.421  -75.320  18.560 0.1000000015
4563  33.326  -74.956  18.041 0.1000000015
4628  33.251  -74.727  14.081 0.1000000015
5134  40.113  -72.431  17.111 0.1000000015
5136  39.269  -72.629  16.871 0.1000000015
5151  40.001  -72.195  16.377 0.1000000015
5153  39.212  -72.468  16.538 0.1000000015
5165  39.953  -72.472  15.974 0.1000000015
5166  39.521  -72.384  16.192 0.1000000015
5623  40.022  -71.613  19.786 0.1000000015
5624  39.800  -71.630  19.677 0.1000000015
5654  40.621  -71.754  16.868 0.1000000015
5655  39.595  -71.874  17.553 0.1000000015
5656  39.306  -72.302  17.087 0.1000000015
5668  40.960  -71.919  16.299 0.1000000015
5683  39.312  -72.188  15.987 0.1000000015
6223  39.736  -71.688  20.008 0.1000000015
6239  40.804  -71.122  19.259 0.1000000015
6240  41.313  -71.183  18.048 0.1000000015
6258  41.076  -71.726  17.567 0.1000000015
6271  37.874  -71.842  16.738 0.1000000015
6282  42.138  -71.170  16.457 0.1000000015
6816  36.153  -69.771  19.344 0.1000000015
6825  41.907  -70.674  18.369 0.1000000015
6840  42.163  -70.875  17.567 0.1000000015
6850  42.190  -71.141  17.022 0.1000000015
6852  41.400  -70.840  16.206 0.1000000015
6877  30.262  -70.355  14.479 0.1000000015
6932  40.867  -70.166  10.523 0.1000000015
6998  34.604  -70.113  3.982 0.2000000030
7409  35.796  -69.095  19.527 0.1000000015
7418  35.469  -69.411  18.278 0.1000000015
7542  39.911  -69.550  9.773 0.1000000015
7614  39.810  -69.975  2.254 0.1000000015
7628  35.592  -69.889  1.857 0.2000000030
8007  29.726  -68.692  23.153 0.1000000015
8042  30.182  -68.353  19.992 0.1000000015
8075  34.178  -68.762  16.687 0.1000000015
8077  30.493  -68.051  16.318 0.1000000015
8154  40.572  -69.072  12.518 0.2000000030
8178  39.572  -68.746  10.058 0.1000000015
8623  31.511  -67.121  20.717 0.1000000015
8635  32.586  -67.397  19.071 0.1000000015
8681  31.182  -67.495  16.364 0.1000000015
8733  38.954  -67.355  10.811 0.3000000119
8767  35.449  -67.339  7.380 0.4000000060
8785  41.476  -67.605  4.054 0.1000000015
8800  35.332  -67.800  3.774 0.4000000060
8807  43.166  -67.267  3.026 0.1000000015
9170  37.422  -66.162  22.906 0.1000000015
9190  35.910  -66.265  20.198 0.1000000015
9204  36.663  -66.676  19.208 0.1000000015
9254  46.794  -65.874  15.112 0.1000000015
9267  46.782  -66.000  14.623 0.1000000015
9271  35.579  -66.402  14.238 0.5000000000
9285  38.424  -66.682  11.197 0.3000000119
9328  35.140  -66.219  7.053 0.5000000000
9346  41.929  -66.563  5.243 0.1000000015
9360  43.594  -66.709  4.514 0.1000000015
9362  39.670  -66.141  4.467 0.2000000030
9367  34.914  -66.921  4.944 0.3000000119
9381  43.624  -66.729  4.024 0.1000000015
9421  43.102  -66.856  2.419 0.2000000030
9943  47.158  -65.083  13.396 0.1000000015
9983  36.644  -65.366  9.761 0.4000000060
9986  35.257  -65.160  8.419 0.5000000000
9998  45.070  -64.897  5.829 0.1000000015
10001  41.544  -65.348  6.332 0.3000000119
10017  44.110  -65.978  5.483 0.1000000015
10024  35.641  -65.525  5.447 0.4000000060
10486  34.179  -64.102  22.503 0.1000000015
10555  34.499  -64.100  16.690 0.3000000119
10587  48.099  -64.371  13.054 0.1000000015
10589  47.149  -64.821  12.628 0.2000000030
10605  48.092  -64.687  12.093 0.1000000015
10607  36.971  -64.712  11.121 0.4000000060
10626  35.526  -64.031  9.165 0.5000000000
10627  35.257  -63.948  8.516 0.5000000000
10654  43.357  -65.281  6.555 0.3000000119
10658  38.511  -64.003  5.852 0.3000000119
10659  36.247  -64.043  6.010 0.4000000060
10661  35.338  -64.632  6.746 0.4000000060
10677  45.326  -64.601  5.630 0.2000000030
10678  39.976  -64.835  5.785 0.3000000119
10680  37.569  -64.492  5.431 0.4000000060
10707  43.884  -65.624  4.037 0.2000000030
10709  41.328  -64.536  2.760 0.2000000030
11140  32.180  -63.284  21.982 0.1000000015
11206  34.258  -63.562  16.345 0.4000000060
11223  43.530  -63.953  14.430 0.1000000015
11226  33.916  -64.007  14.084 0.5000000000
11247  43.904  -63.413  13.092 0.1000000015
11248  36.278  -64.112  11.464 0.4000000060
11251  33.901  -62.990  12.611 0.5000000000
11263  36.494  -64.061  11.169 0.5000000000
11292  40.675  -63.292  7.616 0.5000000000
11295  35.268  -63.434  7.874 0.5000000000
11303  46.023  -64.078  5.973 0.2000000030
11307  37.625  -63.469  6.251 0.4000000060
11309  35.544  -63.413  7.213 0.5000000000
11325  45.555  -63.911  5.147 0.2000000030
11346  41.843  -63.850  4.363 0.2000000030
11827  41.466  -62.302  18.955 0.1000000015
11881  42.084  -62.159  14.103 0.1000000015
11903  35.136  -62.513  11.140 0.5000000000
11905  49.853  -62.019  11.159 0.1000000015
11909  35.099  -62.178  10.749 0.5000000000
11915  35.210  -62.800  9.270 0.5000000000
11929  35.514  -62.051  8.285 0.5000000000
11940  38.198  -62.540  7.456 0.5000000000
11956  37.314  -62.977  6.719 0.5000000000
11957  36.554  -62.903  6.858 0.4000000060
11972  43.136  -62.703  5.469 0.2000000030
11975  39.900  -62.116  4.943 0.3000000119
12071  43.357  -62.438  -0.554 0.1000000015
12086  43.124  -62.159  -1.090 0.1000000015
12412  32.407  -61.040  25.505 0.1000000015
12536  41.415  -61.874  14.455 0.2000000030
12537  40.718  -61.558  14.766 0.4000000060
12572  45.985  -60.865  10.560 0.4000000060
12599  35.082  -61.570  9.590 0.5000000000
12605  48.548  -62.022  7.777 0.4000000060
12612  40.154  -61.576  8.595 0.5000000000
12613  38.168  -61.069  8.380 0.5000000000
12616  35.639  -61.371  8.374 0.5000000000
12617  35.250  -61.681  8.850 0.5000000000
12625  36.620  -61.788  7.788 0.5000000000
12635  47.621  -61.662  6.557 0.4000000060
12642  40.732  -61.306  6.099 0.4000000060
12669  39.654  -61.543  4.621 0.3000000119
12682  39.744  -61.444  3.937 0.2000000030
12705  44.155  -61.146  0.417 0.1000000015
12706  43.886  -61.273  0.934 0.1000000015
13161  41.328  -61.179  19.303 0.1000000015
13179  39.081  -60.511  19.257 0.1000000015
13181  38.062  -60.049  19.368 0.1000000015
13242  39.736  -60.484  14.760 0.2000000030
13262  42.475  -60.157  12.634 0.3000000119
13264  41.056  -59.966  13.532 0.4000000060
13276  43.806  -60.262  11.458 0.4000000060
13307  42.824  -60.104  9.430 0.4000000060
13312  35.049  -60.338  9.821 0.5000000000
13327  35.437  -60.407  9.119 0.5000000000
13360  39.707  -60.433  6.069 0.3000000119
13404  42.237  -60.749  2.258 0.1000000015
13847  30.990  -59.251  24.822 0.1000000015
14040  42.885  -59.482  10.819 0.3000000119
14042  40.842  -58.569  10.977 0.4000000060
14057  35.133  -59.046  9.994 0.6000000238
14071  36.198  -59.294  9.308 0.5000000000
14082  46.850  -59.407  8.194 0.2000000030
14083  37.644  -59.655  9.063 0.4000000060
14093  47.933  -60.006  7.633 0.2000000030
14122  39.047  -59.327  6.153 0.3000000119
14147  38.892  -58.678  5.514 0.1000000015
14181  43.916  -59.739  2.753 0.1000000015
14618  34.608  -57.840  20.770 0.1000000015
14630  37.537  -59.036  20.293 0.1000000015
14711  36.373  -58.366  15.467 0.4000000060
14770  39.600  -58.457  12.379 0.4000000060
14772  37.500  -57.766  12.502 0.5000000000
14774  35.396  -57.895  12.383 0.5000000000
14812  38.180  -58.699  10.102 0.5000000000
14815  35.681  -58.947  9.731 0.5000000000
14823  47.613  -59.215  9.009 0.2000000030
14826  44.796  -58.471  8.649 0.2000000030
14839  44.529  -58.665  8.183 0.2000000030
14842  41.829  -58.495  7.769 0.2000000030
15353  30.411  -57.950  22.586 0.1000000015
15382  37.090  -58.337  20.214 0.1000000015
15385  35.323  -57.909  20.815 0.1000000015
15534  42.655  -57.061  8.742 0.1000000015
15543  40.458  -57.759  7.999 0.1000000015
15564  37.922  -56.854  6.049 0.1000000015
16253  39.376  -55.895  9.004 0.1000000015
16269  37.841  -56.784  7.266 0.1000000015
16282  38.387  -56.523  5.490 0.1000000015
16991  40.161  -55.231  10.164 0.1000000015
17007  37.593  -55.667  8.368 0.1000000015
17855  37.735  -54.726  9.384 0.1000000015
17858  37.081  -54.538  8.818 0.1000000015
17859  36.688  -54.148  8.068 0.1000000015
18707  40.458  -53.366  12.238 0.1000000015
18740  38.785  -54.381  10.711 0.1000000015
18746  36.673  -53.063  9.189 0.1000000015
98216  41.584  -58.851  10.809 0.4000000060
98845  47.014  -65.135  14.755 0.1000000015
100606  39.954  -71.529  18.877 0.1000000015
101339  39.446  -59.294  13.624 0.4000000060
101764  37.497  -56.154  7.196 0.1000000015
101784  34.889  -58.472  11.022 0.5000000000
101867  43.640  -62.224  12.638 0.2000000030
104941  47.283  -65.293  13.954 0.1000000015
105180  34.149  -61.572  11.726 0.5000000000
106363  46.348  -64.999  12.929 0.2000000030
108263  47.401  -61.532  6.393 0.3000000119
108759  34.176  -60.256  11.236 0.5000000000
109024  30.407  -60.014  22.596 0.1000000015
109448  34.819  -64.031  24.696 0.1000000015
109463  30.787  -58.332  26.219 0.1000000015
109848  30.017  -68.287  23.118 0.1000000015
109929  38.535  -57.914  11.497 0.5000000000
110310  42.604  -66.832  5.056 0.1000000015
110397  30.576  -56.963  25.749 0.1000000015
110812  35.390  -61.009  8.804 0.5000000000
111566  30.430  -55.316  26.173 0.1000000015
111616  39.580  -72.458  18.530 0.1000000015
112158  38.754  -71.635  18.379 0.1000000015
113219  36.226  -66.822  3.923 0.3000000119
113715  39.398  -67.862  10.752 0.3000000119
114246  41.482  -55.729  9.876 0.1000000015
114270  39.680  -57.624  7.936 0.3000000119
114367  41.329  -70.730  16.923 0.1000000015
115351  48.501  -60.120  7.723 0.2000000030
116062  35.123  -68.205  21.180 0.1000000015
116072  33.556  -58.675  14.533 0.5000000000
116203  38.071  -59.007  20.298 0.1000000015
116303  43.169  -62.899  14.073 0.1000000015
116745  33.836  -67.777  19.692 0.1000000015
117191  35.122  -68.859  18.312 0.1000000015
117448  38.403  -59.093  9.736 0.5000000000
118067  39.381  -60.414  15.773 0.2000000030
118204  40.331  -70.114  9.708 0.1000000015
118298  40.148  -68.930  13.088 0.2000000030
118530  40.447  -63.240  2.981 0.1000000015
