#!ascii label  , from subject sub-027S6002 vox2ras=TkReg
290
11235  33.628  -63.382  13.479 0.0000000000
10022  37.195  -65.094  5.035 0.0000000000
8156  39.269  -67.956  12.273 0.0000000000
11271  35.275  -63.499  8.977 0.0000000000
7556  37.790  -69.668  7.628 0.0000000000
8175  39.770  -68.446  10.567 0.0000000000
6945  40.028  -70.650  9.061 0.0000000000
103997  35.580  -63.983  6.648 0.0000000000
13324  38.304  -60.241  8.853 0.0000000000
9287  36.379  -66.517  12.787 0.0000000000
9956  37.374  -65.453  11.169 0.0000000000
8738  36.523  -66.681  8.958 0.0000000000
8769  34.976  -67.439  6.612 0.0000000000
6984  36.355  -70.780  5.523 0.0000000000
11207  33.941  -62.906  15.961 0.0000000000
9247  35.980  -66.674  16.016 0.0000000000
8072  39.010  -69.357  15.817 0.0000000000
14814  36.344  -58.658  9.794 0.0000000000
6356  40.665  -70.570  10.743 0.0000000000
10682  35.965  -64.826  5.690 0.0000000000
118626  37.690  -62.738  7.062 0.0000000000
8727  37.755  -67.151  12.406 0.0000000000
8726  38.669  -67.177  11.738 0.0000000000
8182  38.628  -68.820  8.985 0.0000000000
8736  38.411  -67.512  9.872 0.0000000000
8184  37.112  -68.227  8.315 0.0000000000
8766  36.224  -67.826  7.854 0.0000000000
7557  36.932  -69.332  7.283 0.0000000000
6986  34.718  -69.878  4.771 0.0000000000
8664  36.902  -67.222  17.099 0.0000000000
8694  37.135  -67.643  15.882 0.0000000000
8057  38.506  -68.561  17.481 0.0000000000
11914  35.415  -62.685  10.330 0.0000000000
13328  35.164  -60.979  9.336 0.0000000000
13310  40.125  -60.256  9.228 0.0000000000
14055  39.944  -59.038  10.063 0.0000000000
7501  40.761  -69.568  12.492 0.0000000000
8169  39.946  -68.173  11.320 0.0000000000
8167  40.880  -69.283  11.131 0.0000000000
7541  40.370  -69.740  9.990 0.0000000000
7554  39.353  -70.423  8.319 0.0000000000
10632  35.120  -64.203  7.963 0.0000000000
12615  36.168  -61.129  8.098 0.0000000000
11942  36.181  -62.398  7.395 0.0000000000
101284  39.215  -61.400  8.481 0.0000000000
10042  37.776  -65.586  4.660 0.0000000000
9946  35.155  -65.143  12.743 0.0000000000
10608  36.654  -64.501  11.332 0.0000000000
9969  36.942  -64.882  10.547 0.0000000000
105885  38.650  -67.168  10.547 0.0000000000
9307  37.606  -66.245  10.247 0.0000000000
9984  35.817  -65.260  9.083 0.0000000000
9324  35.232  -65.760  7.856 0.0000000000
100266  35.086  -66.034  6.446 0.0000000000
9349  34.876  -66.603  5.661 0.0000000000
7566  37.338  -70.051  6.916 0.0000000000
7568  35.514  -69.370  6.260 0.0000000000
8213  34.621  -68.269  5.368 0.0000000000
9366  35.598  -66.661  4.435 0.0000000000
11863  33.337  -62.234  15.464 0.0000000000
104650  33.875  -63.653  14.954 0.0000000000
9925  34.633  -64.901  15.885 0.0000000000
9938  34.547  -65.178  14.914 0.0000000000
9258  36.017  -66.878  14.873 0.0000000000
112764  37.446  -67.949  14.262 0.0000000000
8115  38.668  -68.673  14.371 0.0000000000
7449  39.946  -69.753  15.214 0.0000000000
7465  40.178  -69.517  14.178 0.0000000000
14084  36.782  -59.744  8.865 0.0000000000
11882  33.192  -62.618  13.559 0.0000000000
12550  32.950  -61.496  13.312 0.0000000000
104792  33.623  -62.080  12.453 0.0000000000
10681  36.716  -64.599  5.479 0.0000000000
11330  37.135  -63.928  5.771 0.0000000000
8716  38.372  -67.822  12.785 0.0000000000
7551  38.209  -69.270  8.337 0.0000000000
8183  37.915  -68.542  8.653 0.0000000000
8197  37.425  -68.947  7.979 0.0000000000
6997  35.099  -70.671  4.477 0.0000000000
8058  37.912  -68.100  17.255 0.0000000000
11270  35.551  -63.290  9.738 0.0000000000
98783  35.135  -62.118  9.918 0.0000000000
107603  35.134  -62.161  9.200 0.0000000000
14066  41.503  -59.497  9.863 0.0000000000
7520  40.824  -69.287  11.900 0.0000000000
7519  40.982  -69.698  11.602 0.0000000000
6933  40.457  -70.453  9.868 0.0000000000
6944  40.687  -69.935  10.182 0.0000000000
7548  39.918  -69.979  9.400 0.0000000000
7549  39.606  -69.960  9.119 0.0000000000
6954  39.815  -70.622  8.699 0.0000000000
11310  35.276  -64.100  7.338 0.0000000000
11943  35.567  -62.661  7.734 0.0000000000
11958  35.891  -62.907  7.099 0.0000000000
11928  38.670  -61.989  8.128 0.0000000000
11927  39.678  -62.149  8.280 0.0000000000
12598  40.619  -60.966  8.921 0.0000000000
9281  35.799  -66.364  13.340 0.0000000000
9288  35.925  -65.809  12.591 0.0000000000
10620  36.582  -64.183  10.696 0.0000000000
9968  37.321  -65.292  10.907 0.0000000000
8729  39.921  -68.272  10.897 0.0000000000
8730  39.408  -67.661  10.989 0.0000000000
8735  39.119  -67.844  10.389 0.0000000000
8737  37.502  -66.927  9.603 0.0000000000
9308  36.984  -66.125  9.702 0.0000000000
9309  36.194  -65.941  9.081 0.0000000000
100868  35.564  -65.707  8.554 0.0000000000
9323  35.732  -66.343  8.394 0.0000000000
8199  35.518  -68.172  7.028 0.0000000000
8768  35.095  -66.843  6.979 0.0000000000
9336  34.893  -66.744  6.391 0.0000000000
10025  35.183  -65.808  5.888 0.0000000000
8775  34.686  -67.412  5.751 0.0000000000
5815  38.517  -73.732  5.164 0.0000000000
6414  36.893  -71.568  5.125 0.0000000000
6413  37.924  -72.013  5.428 0.0000000000
6983  37.365  -71.131  5.774 0.0000000000
6974  36.856  -70.406  6.199 0.0000000000
7567  36.427  -69.710  6.604 0.0000000000
6975  35.878  -70.089  5.947 0.0000000000
8217  34.606  -68.549  4.611 0.0000000000
7579  34.569  -69.084  5.064 0.0000000000
102055  34.681  -67.665  4.913 0.0000000000
8787  35.148  -67.410  4.357 0.0000000000
12529  33.289  -61.606  15.952 0.0000000000
11218  33.631  -63.075  15.229 0.0000000000
11217  34.142  -63.567  15.682 0.0000000000
9248  35.699  -66.054  16.777 0.0000000000
103779  35.108  -65.376  16.525 0.0000000000
112819  35.443  -65.996  16.081 0.0000000000
9924  35.028  -65.604  15.603 0.0000000000
9259  35.510  -66.228  15.279 0.0000000000
9937  35.053  -65.833  14.609 0.0000000000
8095  37.689  -68.175  15.718 0.0000000000
8705  37.223  -67.834  15.081 0.0000000000
8116  37.881  -68.302  14.772 0.0000000000
8094  38.424  -68.758  15.342 0.0000000000
6863  42.022  -70.984  15.988 0.0000000000
7448  40.651  -70.507  15.557 0.0000000000
105186  40.527  -70.176  14.687 0.0000000000
12614  37.041  -61.053  8.138 0.0000000000
13326  36.504  -60.447  8.463 0.0000000000
13325  37.399  -60.325  8.569 0.0000000000
14056  38.998  -58.989  10.002 0.0000000000
10660  35.673  -64.505  6.201 0.0000000000
100908  36.066  -63.398  6.612 0.0000000000
9280  36.856  -67.167  13.037 0.0000000000
110301  36.715  -65.959  12.177 0.0000000000
9279  37.187  -66.496  12.213 0.0000000000
9290  37.873  -66.190  11.157 0.0000000000
8179  38.917  -68.337  9.678 0.0000000000
114756  38.351  -68.186  9.255 0.0000000000
8751  37.714  -67.813  9.068 0.0000000000
8752  36.810  -67.467  8.692 0.0000000000
8753  35.950  -67.092  8.185 0.0000000000
8198  36.561  -68.584  7.562 0.0000000000
6985  35.420  -70.407  5.237 0.0000000000
7591  34.547  -69.327  4.285 0.0000000000
9234  36.391  -66.624  16.943 0.0000000000
8678  36.720  -67.213  16.371 0.0000000000
8074  37.440  -67.760  16.651 0.0000000000
8073  38.241  -68.606  16.460 0.0000000000
12583  34.942  -61.032  10.099 0.0000000000
14072  35.436  -59.625  9.533 0.0000000000
13311  39.192  -60.199  9.086 0.0000000000
14068  39.555  -59.610  9.545 0.0000000000
14067  40.500  -59.608  9.681 0.0000000000
14054  40.787  -58.981  10.274 0.0000000000
8155  40.000  -68.584  12.627 0.0000000000
114160  39.879  -68.149  11.880 0.0000000000
98446  40.430  -68.643  11.879 0.0000000000
8168  40.514  -68.758  11.278 0.0000000000
8174  40.397  -68.897  10.749 0.0000000000
7534  40.648  -69.474  10.503 0.0000000000
8177  40.159  -69.181  10.302 0.0000000000
8181  39.283  -69.175  9.409 0.0000000000
7550  38.944  -69.622  8.717 0.0000000000
11280  35.239  -63.440  8.464 0.0000000000
11930  35.273  -62.624  8.532 0.0000000000
12626  35.881  -61.863  7.898 0.0000000000
11941  37.165  -62.446  7.316 0.0000000000
12624  37.640  -61.837  7.898 0.0000000000
106027  38.915  -60.727  8.697 0.0000000000
13323  39.717  -60.837  8.800 0.0000000000
13309  41.024  -60.304  9.347 0.0000000000
10021  38.107  -65.010  5.129 0.0000000000
10584  34.399  -64.597  13.335 0.0000000000
11234  34.156  -63.810  12.929 0.0000000000
10594  34.974  -64.180  12.448 0.0000000000
10621  36.079  -63.823  10.083 0.0000000000
10625  36.218  -64.566  9.766 0.0000000000
9292  38.444  -66.721  10.859 0.0000000000
9306  38.165  -66.718  10.405 0.0000000000
9293  37.728  -66.056  10.816 0.0000000000
9982  37.270  -65.614  10.403 0.0000000000
104737  35.520  -64.726  8.949 0.0000000000
10631  35.210  -64.511  8.411 0.0000000000
9987  35.016  -64.978  7.891 0.0000000000
10644  35.151  -64.799  7.390 0.0000000000
9327  35.375  -66.595  7.621 0.0000000000
9992  35.170  -65.493  7.245 0.0000000000
10003  35.235  -65.312  6.662 0.0000000000
10002  35.453  -65.095  6.082 0.0000000000
10023  36.338  -65.275  5.167 0.0000000000
6963  39.091  -70.861  7.525 0.0000000000
5801  38.420  -72.981  5.183 0.0000000000
6964  38.219  -70.416  7.211 0.0000000000
8210  36.007  -68.990  6.889 0.0000000000
113106  35.284  -68.718  6.454 0.0000000000
7578  35.057  -69.634  5.545 0.0000000000
7569  34.859  -68.875  5.826 0.0000000000
8211  34.852  -68.149  6.181 0.0000000000
117750  34.750  -67.138  5.290 0.0000000000
9348  35.255  -66.213  5.160 0.0000000000
10044  35.928  -65.876  4.761 0.0000000000
10043  36.811  -65.685  4.637 0.0000000000
13230  32.971  -60.074  15.483 0.0000000000
108036  32.987  -61.155  15.219 0.0000000000
12539  32.904  -61.928  14.435 0.0000000000
11872  33.230  -62.659  14.646 0.0000000000
11227  33.485  -63.277  14.353 0.0000000000
118465  34.982  -64.945  17.101 0.0000000000
10566  34.461  -64.154  16.109 0.0000000000
10578  34.252  -64.302  15.174 0.0000000000
104006  34.279  -64.711  14.282 0.0000000000
9947  34.651  -65.322  13.853 0.0000000000
101975  35.281  -65.897  13.523 0.0000000000
9270  36.147  -66.880  13.744 0.0000000000
8695  36.599  -67.307  15.457 0.0000000000
8706  36.741  -67.477  14.271 0.0000000000
8717  37.490  -67.707  13.380 0.0000000000
8135  38.093  -68.224  13.806 0.0000000000
8134  39.119  -68.447  13.352 0.0000000000
8093  39.278  -69.168  14.853 0.0000000000
8114  39.473  -68.946  14.061 0.0000000000
8133  40.035  -68.968  13.419 0.0000000000
109393  35.808  -60.685  8.553 0.0000000000
14085  35.991  -59.973  8.883 0.0000000000
14070  37.008  -59.104  9.354 0.0000000000
14069  38.564  -59.544  9.374 0.0000000000
102305  37.843  -59.101  9.563 0.0000000000
6282  42.138  -71.170  16.457 0.0000000000
6370  40.090  -71.108  9.114 0.0000000000
6932  40.867  -70.166  10.523 0.0000000000
7542  39.911  -69.550  9.773 0.0000000000
8154  40.572  -69.072  12.518 0.0000000000
8178  39.572  -68.746  10.058 0.0000000000
8733  38.954  -67.355  10.811 0.0000000000
8767  35.449  -67.339  7.380 0.0000000000
9271  35.579  -66.402  14.238 0.0000000000
9285  38.424  -66.682  11.197 0.0000000000
9328  35.140  -66.219  7.053 0.0000000000
9367  34.914  -66.921  4.944 0.0000000000
9983  36.644  -65.366  9.761 0.0000000000
9986  35.257  -65.160  8.419 0.0000000000
10024  35.641  -65.525  5.447 0.0000000000
10626  35.526  -64.031  9.165 0.0000000000
10627  35.257  -63.948  8.516 0.0000000000
10659  36.247  -64.043  6.010 0.0000000000
10661  35.338  -64.632  6.746 0.0000000000
10680  37.569  -64.492  5.431 0.0000000000
11206  34.258  -63.562  16.345 0.0000000000
11226  33.916  -64.007  14.084 0.0000000000
11251  33.901  -62.990  12.611 0.0000000000
11263  36.494  -64.061  11.169 0.0000000000
11295  35.268  -63.434  7.874 0.0000000000
11307  37.625  -63.469  6.251 0.0000000000
11309  35.544  -63.413  7.213 0.0000000000
11915  35.210  -62.800  9.270 0.0000000000
11929  35.514  -62.051  8.285 0.0000000000
11940  38.198  -62.540  7.456 0.0000000000
11956  37.314  -62.977  6.719 0.0000000000
11957  36.554  -62.903  6.858 0.0000000000
12599  35.082  -61.570  9.590 0.0000000000
12612  40.154  -61.576  8.595 0.0000000000
12613  38.168  -61.069  8.380 0.0000000000
12616  35.639  -61.371  8.374 0.0000000000
12617  35.250  -61.681  8.850 0.0000000000
12625  36.620  -61.788  7.788 0.0000000000
13312  35.049  -60.338  9.821 0.0000000000
13327  35.437  -60.407  9.119 0.0000000000
14071  36.198  -59.294  9.308 0.0000000000
14083  37.644  -59.655  9.063 0.0000000000
14815  35.681  -58.947  9.731 0.0000000000
110812  35.390  -61.009  8.804 0.0000000000
113715  39.398  -67.862  10.752 0.0000000000
117448  38.403  -59.093  9.736 0.0000000000
118204  40.331  -70.114  9.708 0.0000000000
118298  40.148  -68.930  13.088 0.0000000000
