#!ascii label  , from subject sub-027S6002 vox2ras=TkReg
817
46061  24.020  -22.154  -3.359 0.1428571492
45125  23.094  -22.140  -3.343 0.1428571492
46900  24.058  -20.834  -4.217 0.1428571492
46060  24.873  -21.862  -3.022 0.1428571492
46899  25.062  -20.730  -4.125 0.2857142985
46077  23.596  -21.500  -3.756 0.1428571492
46075  25.365  -21.316  -3.454 0.1428571492
48779  25.018  -19.126  -4.805 0.5714285970
46916  25.278  -19.881  -4.376 0.1428571492
48777  26.568  -18.632  -4.769 0.2857142985
49670  27.724  -17.541  -4.945 0.1428571492
48776  27.443  -18.381  -4.606 0.2857142985
52215  28.204  -14.486  -6.164 0.2857142985
98212  27.627  -14.889  -6.346 0.1428571492
51364  27.322  -15.511  -6.098 0.2857142985
113962  28.557  -12.169  -7.816 0.2857142985
53159  28.801  -13.235  -6.718 0.2857142985
54946  28.692  -11.039  -8.911 0.2857142985
54938  28.559  -11.642  -8.368 0.2857142985
56698  28.665  -9.717  -9.706 0.2857142985
58338  30.111  -7.340  -10.750 0.8571428657
58329  29.574  -8.276  -10.349 0.4285714328
56688  29.210  -9.831  -9.267 0.2857142985
61204  30.054  -4.857  -10.402 0.7142857313
60218  30.811  -5.690  -10.823 0.7142857313
59230  30.572  -6.410  -10.914 0.7142857313
58339  28.755  -7.968  -10.528 0.7142857313
62078  30.297  -3.231  -9.931 0.8571428657
62085  30.364  -4.068  -9.977 0.5714285970
108882  29.523  -4.133  -10.473 0.8571428657
60219  29.659  -5.684  -10.690 0.7142857313
59231  29.071  -6.803  -10.696 0.7142857313
63891  30.916  -0.857  -9.463 0.4285714328
62968  29.891  -2.678  -10.097 0.7142857313
62086  29.706  -3.375  -10.290 0.8571428657
66288  32.685  1.552  -9.725 0.2857142985
66289  31.650  1.629  -9.793 0.5714285970
117701  30.134  -0.694  -9.720 0.8571428657
64667  30.264  0.066  -9.716 0.7142857313
63881  29.571  -2.016  -10.304 0.8571428657
67770  32.652  2.971  -10.309 0.1428571492
67076  32.847  2.255  -10.015 0.1428571492
67077  32.061  2.405  -9.921 0.4285714328
65480  30.292  0.778  -10.195 0.5714285970
64668  29.647  -0.551  -10.215 0.8571428657
68550  31.904  4.759  -10.882 0.1428571492
117585  33.164  3.342  -10.704 0.1428571492
68534  32.462  3.902  -10.585 0.1428571492
67771  31.702  3.182  -10.177 0.4285714328
64681  29.667  0.285  -10.608 0.8571428657
70169  32.049  6.141  -11.645 0.1428571492
69361  32.343  5.426  -11.347 0.1428571492
69362  31.568  5.419  -11.353 0.1428571492
67786  31.289  4.024  -10.541 0.1428571492
68551  30.978  4.733  -11.049 0.4285714328
67772  30.520  3.204  -10.427 0.5714285970
106023  29.853  1.605  -10.764 0.7142857313
64682  29.239  -0.469  -11.265 0.8571428657
70181  31.746  6.753  -12.173 0.1428571492
70937  31.445  7.452  -12.551 0.1428571492
69381  31.239  6.016  -11.945 0.1428571492
69363  30.700  5.329  -11.647 0.5714285970
67096  29.908  2.433  -10.673 0.8571428657
65497  29.866  0.969  -10.883 0.8571428657
66306  29.534  1.121  -11.823 0.8571428657
71636  31.183  8.181  -12.830 0.2857142985
70182  30.746  6.676  -12.504 0.1428571492
111856  29.976  6.228  -12.726 0.8571428657
67787  30.248  3.980  -10.866 0.8571428657
67788  29.622  3.781  -11.605 0.8571428657
72360  29.846  9.717  -13.632 0.1428571492
73141  30.389  10.217  -13.650 0.1428571492
70951  29.872  7.859  -13.166 0.4285714328
70200  29.163  6.801  -13.449 0.8571428657
68567  29.504  4.407  -12.120 0.8571428657
67801  29.188  3.601  -12.399 0.8571428657
71647  29.997  8.794  -13.345 0.4285714328
69397  29.277  6.097  -13.163 0.8571428657
69383  29.636  5.582  -12.649 0.8571428657
69384  28.942  5.144  -13.080 0.8571428657
73153  29.757  10.655  -14.025 0.1428571492
104519  28.881  10.905  -14.288 0.2857142985
71661  29.423  9.089  -13.818 0.5714285970
71662  28.903  8.844  -14.333 0.8571428657
71648  29.288  8.175  -13.794 0.8571428657
70952  28.838  7.199  -14.032 0.8571428657
70201  28.716  6.327  -13.750 0.8571428657
69398  28.704  5.668  -13.529 0.8571428657
73799  27.865  11.756  -14.783 0.2857142985
73154  28.285  11.115  -14.637 0.7142857313
109522  29.069  9.838  -14.143 0.5714285970
73162  28.305  10.187  -14.784 0.8571428657
109760  27.998  7.845  -15.356 0.8571428657
70214  28.404  6.446  -14.493 0.8571428657
73163  27.622  10.739  -15.278 0.8571428657
73177  27.305  10.039  -16.401 0.8571428657
71678  27.617  8.506  -16.028 0.8571428657
71689  27.409  8.750  -17.247 0.7142857313
73164  26.984  10.876  -16.127 0.8571428657
73178  27.263  10.315  -17.504 0.8571428657
72382  27.494  9.353  -16.352 0.8571428657
73194  27.121  10.782  -18.558 0.8571428657
72398  27.619  9.560  -18.223 0.7142857313
74498  26.045  12.624  -18.088 0.7142857313
73837  26.648  11.537  -18.276 0.8571428657
73848  25.824  11.739  -18.697 0.8571428657
73862  24.205  11.766  -20.487 0.7142857313
72397  27.474  9.502  -17.476 0.8571428657
73205  26.627  10.922  -18.896 0.8571428657
99249  25.075  13.560  -20.393 0.1428571492
73849  25.271  11.707  -19.223 0.8571428657
73855  24.927  11.713  -20.070 0.7142857313
74533  23.700  12.656  -20.450 0.7142857313
75858  24.132  14.292  -21.422 0.1428571492
75216  24.049  13.396  -20.421 0.5714285970
75217  23.128  13.593  -20.338 0.5714285970
75229  21.592  13.470  -20.454 0.5714285970
75228  22.885  14.348  -20.381 0.1428571492
75866  23.753  14.887  -21.842 0.1428571492
75867  20.481  14.620  -20.819 0.5714285970
77309  22.913  16.231  -21.807 0.1428571492
77308  24.014  16.697  -21.745 0.1428571492
112992  21.844  15.550  -21.095 0.1428571492
78085  23.949  17.820  -21.865 0.1428571492
75860  21.305  14.429  -20.390 0.5714285970
78086  23.023  17.178  -21.929 0.1428571492
103256  21.455  17.315  -22.274 0.1428571492
103171  22.937  18.128  -21.899 0.1428571492
78783  21.198  18.512  -23.100 0.1428571492
45111  23.500  -22.640  -2.797 0.1428571492
113769  25.789  -20.806  -3.640 0.1428571492
47799  26.712  -19.786  -3.740 0.2857142985
47813  26.040  -19.348  -4.389 0.2857142985
52203  28.815  -14.896  -5.596 0.2857142985
51353  28.550  -15.706  -5.203 0.2857142985
50510  27.732  -15.998  -5.480 0.1428571492
55846  28.440  -10.260  -9.572 0.2857142985
116210  28.331  -10.789  -9.491 0.2857142985
114508  29.035  -9.118  -9.992 0.5714285970
62967  30.629  -2.680  -9.821 0.2857142985
59232  27.892  -7.698  -11.013 0.7142857313
64666  31.410  0.112  -9.448 0.1428571492
106974  29.172  -2.007  -11.151 0.8571428657
66290  30.581  1.356  -10.182 0.7142857313
70936  32.346  7.408  -12.418 0.1428571492
69382  30.376  5.845  -12.270 0.8571428657
68552  30.131  4.604  -11.506 0.8571428657
107613  29.305  2.907  -11.984 0.8571428657
68568  28.976  4.306  -12.751 0.8571428657
73808  27.278  11.544  -15.370 0.8571428657
73820  26.394  12.100  -17.412 0.8571428657
74509  25.484  12.501  -18.764 0.8571428657
74532  24.581  12.718  -20.215 0.7142857313
76587  22.150  14.968  -20.540 0.1428571492
76595  22.821  15.448  -21.444 0.1428571492
78775  25.632  17.971  -22.044 0.1428571492
44202  23.017  -23.055  -2.329 0.1428571492
49671  26.902  -17.957  -5.105 0.2857142985
48778  25.814  -18.742  -4.932 0.4285714328
48794  25.277  -18.341  -5.343 0.2857142985
49678  27.423  -16.821  -5.416 0.1428571492
52214  29.009  -14.018  -5.994 0.2857142985
53158  29.528  -12.772  -6.418 0.2857142985
53160  28.015  -13.423  -7.367 0.2857142985
52216  27.582  -14.218  -6.980 0.2857142985
53168  28.350  -12.761  -7.649 0.2857142985
57542  28.335  -8.869  -10.229 0.7142857313
68549  32.753  4.666  -11.178 0.1428571492
70180  32.556  6.738  -12.097 0.1428571492
71646  30.884  8.853  -13.114 0.1428571492
116959  30.473  8.252  -13.008 0.2857142985
72359  30.595  9.554  -13.404 0.1428571492
70183  29.832  6.940  -13.001 0.8571428657
67097  29.352  2.064  -11.544 0.8571428657
73798  28.594  11.801  -14.444 0.1428571492
74474  27.315  12.478  -15.270 0.2857142985
114963  27.552  7.664  -16.148 0.8571428657
73809  26.750  11.862  -15.858 0.5714285970
74486  25.586  13.038  -17.184 0.5714285970
75175  25.587  13.560  -17.598 0.5714285970
74524  25.157  12.520  -19.480 0.7142857313
75215  24.641  13.417  -20.297 0.4285714328
112993  25.676  13.684  -18.753 0.2857142985
75205  25.090  13.321  -19.751 0.2857142985
75227  23.652  14.105  -20.499 0.1428571492
75859  23.188  14.700  -20.891 0.1428571492
76597  20.643  15.266  -21.869 0.2857142985
77310  21.982  16.736  -21.840 0.1428571492
77311  21.046  16.684  -22.352 0.1428571492
77321  20.648  17.580  -23.020 0.1428571492
106118  23.722  15.735  -21.829 0.1428571492
78782  21.719  19.207  -23.010 0.1428571492
78785  21.053  19.157  -23.753 0.1428571492
101862  22.626  18.835  -21.929 0.1428571492
75146  26.889  13.310  -15.619 0.4285714328
75159  26.132  13.663  -16.000 0.4285714328
75829  25.639  14.531  -17.355 0.4285714328
75174  25.772  13.931  -18.191 0.4285714328
75187  25.681  13.252  -18.386 0.5714285970
74523  25.433  13.165  -19.045 0.5714285970
46076  24.507  -21.453  -3.730 0.1428571492
45112  22.568  -22.641  -2.803 0.1428571492
111690  24.394  -19.936  -4.528 0.4285714328
46901  23.151  -20.758  -4.004 0.2857142985
47800  25.883  -20.183  -3.948 0.1428571492
48793  26.126  -18.183  -5.261 0.1428571492
112579  27.055  -17.389  -5.388 0.1428571492
102687  28.297  -13.849  -6.596 0.2857142985
60220  28.555  -5.752  -10.735 0.7142857313
113866  30.178  -2.129  -9.881 0.8571428657
62978  29.367  -2.714  -10.711 0.8571428657
65479  30.968  0.871  -9.666 0.5714285970
67078  30.906  2.245  -10.180 0.5714285970
105856  30.566  7.564  -12.786 0.5714285970
104509  29.660  3.090  -11.036 0.8571428657
113151  29.372  7.394  -13.467 0.8571428657
71677  28.251  8.628  -14.991 0.8571428657
109027  28.709  7.975  -14.627 0.8571428657
70968  28.324  7.179  -14.925 0.8571428657
72381  27.943  9.321  -15.340 0.8571428657
101585  26.637  11.316  -16.865 0.8571428657
73836  27.112  11.101  -17.955 0.8571428657
75226  24.556  13.811  -20.799 0.1428571492
75853  22.266  14.082  -20.367 0.5714285970
75218  22.391  13.331  -20.434 0.5714285970
76594  24.536  15.444  -22.229 0.1428571492
76588  21.068  15.236  -20.723 0.4285714328
76596  22.151  15.973  -21.572 0.1428571492
78084  24.785  17.507  -22.050 0.1428571492
77307  24.878  16.485  -22.275 0.1428571492
100628  21.381  15.888  -21.694 0.1428571492
78087  22.179  17.618  -22.113 0.1428571492
51352  29.385  -15.386  -5.042 0.1428571492
74475  26.457  12.815  -15.807 0.5714285970
53169  27.814  -12.941  -8.384 0.5714285970
77312  20.569  15.964  -22.415 0.1428571492
52237  26.960  -13.647  -8.639 0.5714285970
52238  26.451  -13.952  -8.773 0.5714285970
108607  24.830  -14.092  -8.763 0.2857142985
101749  26.904  -11.772  -9.561 0.5714285970
53196  25.863  -12.287  -9.590 0.5714285970
104789  24.941  -15.673  -7.614 0.4285714328
53195  26.617  -12.264  -9.506 0.5714285970
52240  23.991  -13.948  -8.490 0.2857142985
53197  25.009  -12.314  -9.618 0.4285714328
55847  27.816  -10.653  -9.663 0.4285714328
54973  26.573  -10.925  -9.785 0.5714285970
54098  25.645  -11.176  -9.866 0.5714285970
54099  25.102  -11.155  -9.934 0.4285714328
56713  27.111  -10.046  -10.066 0.5714285970
55876  26.088  -10.354  -10.550 0.5714285970
54974  25.843  -10.981  -9.950 0.4285714328
56728  26.453  -9.886  -10.605 0.7142857313
57577  25.754  -9.482  -11.021 0.4285714328
57558  26.407  -9.200  -10.885 0.4285714328
53198  24.225  -12.260  -9.309 0.2857142985
53181  23.741  -13.014  -8.621 0.2857142985
54975  25.402  -10.853  -10.165 0.4285714328
56712  27.356  -9.755  -10.104 0.7142857313
58352  26.546  -8.459  -11.252 0.7142857313
57560  24.779  -8.163  -10.851 0.4285714328
59246  25.585  -6.767  -11.476 0.7142857313
59257  24.122  -6.281  -11.418 0.5714285970
59247  24.892  -6.531  -11.351 0.7142857313
59270  23.361  -5.536  -11.883 0.2857142985
58341  27.064  -8.320  -11.244 0.5714285970
59244  26.618  -7.837  -11.592 0.5714285970
98505  25.888  -7.505  -11.329 0.7142857313
60232  26.470  -6.257  -11.997 0.7142857313
60242  25.575  -5.508  -12.218 0.7142857313
61230  26.562  -4.615  -12.782 0.7142857313
61231  25.669  -4.776  -12.588 0.7142857313
60244  24.313  -5.127  -12.151 0.4285714328
61232  24.758  -4.598  -12.487 0.4285714328
61205  29.120  -4.907  -10.558 0.5714285970
106485  27.052  -6.790  -11.614 0.5714285970
61206  28.378  -5.019  -10.998 0.5714285970
61218  27.609  -4.691  -12.281 0.5714285970
61219  27.304  -4.293  -12.723 0.7142857313
62109  27.459  -3.432  -12.735 0.7142857313
98442  27.981  -1.898  -12.705 0.7142857313
99026  26.154  -3.861  -12.922 0.7142857313
62110  26.579  -2.930  -12.917 0.5714285970
63912  27.034  -1.510  -13.078 0.5714285970
99964  29.338  -1.273  -10.636 0.7142857313
62979  28.927  -2.782  -11.596 0.5714285970
62097  27.986  -3.886  -12.410 0.5714285970
63893  28.712  -1.905  -12.105 0.7142857313
62108  28.216  -2.876  -12.389 0.7142857313
63910  28.534  -0.582  -12.565 0.8571428657
62111  25.250  -3.841  -12.740 0.4285714328
64693  28.581  -0.023  -12.853 0.7142857313
64705  27.824  -0.191  -13.299 0.7142857313
65521  28.526  0.629  -13.193 0.7142857313
115478  27.299  -0.818  -13.249 0.5714285970
108124  29.057  -1.325  -11.482 0.5714285970
65510  29.145  0.691  -12.553 0.8571428657
66320  29.241  1.359  -12.544 0.8571428657
66321  28.812  1.560  -13.234 0.7142857313
110331  27.926  1.045  -13.578 0.5714285970
67117  27.681  2.566  -14.114 0.2857142985
65498  29.420  0.499  -11.660 0.7142857313
67108  29.160  2.136  -12.566 0.7142857313
68593  27.595  4.245  -14.765 0.7142857313
67109  28.984  2.229  -13.128 0.8571428657
67116  28.498  2.521  -13.425 0.8571428657
69408  28.365  5.597  -14.199 0.8571428657
67802  28.679  3.478  -13.087 0.8571428657
68580  28.063  3.986  -14.192 0.5714285970
68592  28.219  4.687  -14.249 0.8571428657
69419  28.084  5.833  -14.926 0.8571428657
69409  27.882  5.063  -15.043 0.7142857313
108404  28.525  5.079  -13.687 0.8571428657
70228  27.950  6.405  -15.302 0.8571428657
70981  27.696  7.056  -15.736 0.8571428657
70229  27.593  6.221  -16.300 0.7142857313
73193  27.424  10.255  -18.417 0.7142857313
72413  27.422  9.567  -18.697 0.7142857313
73204  27.215  10.256  -19.006 0.5714285970
72425  26.969  9.503  -19.136 0.7142857313
108528  26.347  10.220  -19.148 0.7142857313
73206  25.701  10.930  -19.180 0.7142857313
108939  25.169  10.852  -19.698 0.8571428657
73221  23.804  11.033  -20.597 0.7142857313
73216  24.769  10.115  -19.838 0.7142857313
73223  21.853  10.882  -20.782 0.7142857313
73227  21.379  10.713  -21.549 0.7142857313
103509  21.593  9.769  -22.097 0.5714285970
73863  23.216  11.710  -20.606 0.7142857313
73865  21.698  11.409  -20.843 0.7142857313
72449  21.600  8.940  -22.472 0.5714285970
73877  21.002  11.019  -21.737 0.4285714328
73234  21.321  10.031  -22.167 0.5714285970
72450  21.081  9.158  -22.591 0.5714285970
108707  22.337  11.943  -20.681 0.5714285970
97090  21.248  7.293  -23.910 0.5714285970
73878  20.431  11.555  -21.846 0.5714285970
73235  20.639  10.403  -22.104 0.5714285970
72451  20.209  9.142  -22.289 0.5714285970
71731  19.790  7.800  -23.029 0.4285714328
71732  18.778  6.858  -22.565 0.5714285970
97089  20.918  6.459  -24.030 0.4285714328
72446  18.821  9.202  -21.233 0.5714285970
72452  19.271  8.464  -22.093 0.5714285970
73879  19.941  11.212  -21.966 0.5714285970
97092  17.852  7.313  -20.741 0.4285714328
71026  21.061  6.175  -21.280 0.4285714328
72447  18.001  8.198  -20.935 0.5714285970
71030  17.927  7.184  -21.534 0.5714285970
73209  17.361  10.076  -18.740 0.4285714328
62096  28.601  -3.596  -11.793 0.5714285970
73218  17.746  10.388  -19.516 0.2857142985
110208  17.486  9.613  -19.061 0.4285714328
72431  16.869  9.126  -18.479 0.2857142985
52228  26.029  -14.827  -8.205 0.5714285970
51381  25.595  -15.526  -7.594 0.5714285970
54956  27.968  -11.467  -9.350 0.2857142985
54068  27.591  -12.284  -9.169 0.4285714328
52239  25.698  -14.139  -8.858 0.5714285970
54972  27.252  -11.056  -9.623 0.5714285970
51391  24.306  -14.661  -8.262 0.2857142985
54083  24.703  -11.564  -9.714 0.4285714328
54986  25.135  -10.609  -10.531 0.4285714328
55877  25.498  -10.273  -10.803 0.5714285970
54084  23.969  -11.527  -9.449 0.2857142985
54100  24.431  -11.021  -9.858 0.2857142985
102026  25.522  -8.371  -10.922 0.5714285970
60208  31.294  -5.703  -10.597 0.2857142985
58387  22.986  -7.311  -12.014 0.2857142985
115799  24.404  -5.757  -11.666 0.7142857313
67812  28.176  3.366  -13.809 0.7142857313
71690  27.699  8.971  -18.062 0.7142857313
71706  27.508  8.800  -18.394 0.7142857313
71705  27.607  8.038  -18.028 0.7142857313
73222  22.918  10.727  -20.679 0.7142857313
72444  21.658  9.082  -22.422 0.5714285970
97627  18.009  6.415  -21.643 0.2857142985
74534  22.826  12.664  -20.444 0.5714285970
117692  21.644  12.004  -20.808 0.5714285970
74535  21.998  12.672  -20.608 0.5714285970
74551  20.699  11.954  -21.500 0.5714285970
72445  19.462  9.545  -21.765 0.5714285970
73224  18.605  10.310  -20.915 0.2857142985
107448  24.685  -10.115  -10.836 0.4285714328
54057  28.146  -12.237  -8.525 0.2857142985
62087  29.146  -3.462  -10.986 0.7142857313
59233  27.256  -7.551  -11.434 0.5714285970
64692  28.890  -0.079  -12.168 0.7142857313
68579  28.471  4.290  -13.510 0.7142857313
73220  24.536  10.909  -20.314 0.8571428657
57543  27.470  -9.252  -10.353 0.5714285970
57544  26.991  -8.888  -10.862 0.5714285970
70982  27.434  6.967  -16.719 0.7142857313
60230  27.793  -5.813  -11.192 0.5714285970
53177  27.314  -13.008  -8.951 0.5714285970
53179  26.206  -13.186  -9.337 0.5714285970
53180  25.372  -13.252  -9.342 0.5714285970
51390  25.106  -15.014  -8.243 0.5714285970
109317  24.492  -13.190  -9.134 0.4285714328
54081  27.295  -11.688  -9.494 0.5714285970
114515  26.279  -11.476  -9.700 0.5714285970
54097  26.895  -11.367  -9.608 0.5714285970
54082  25.413  -11.675  -9.738 0.4285714328
50540  25.210  -16.161  -7.121 0.5714285970
55861  26.930  -10.632  -9.806 0.5714285970
54984  26.186  -10.660  -10.164 0.5714285970
104837  24.603  -10.497  -10.456 0.4285714328
57559  25.935  -8.907  -11.044 0.5714285970
101017  24.400  -8.893  -10.873 0.4285714328
114920  26.278  -8.571  -11.113 0.5714285970
101351  25.932  -8.122  -11.083 0.7142857313
58355  24.685  -7.171  -11.030 0.5714285970
58386  23.534  -6.687  -11.467 0.4285714328
57593  23.524  -7.921  -11.348 0.4285714328
57579  23.937  -8.409  -10.920 0.4285714328
113190  26.391  -7.242  -11.729 0.7142857313
59271  22.755  -6.021  -11.930 0.2857142985
60233  25.819  -6.174  -11.969 0.7142857313
118604  27.866  -5.098  -11.620 0.7142857313
60241  26.171  -5.452  -12.403 0.7142857313
116869  26.878  -3.872  -12.929 0.7142857313
109757  28.255  -4.383  -11.743 0.5714285970
62995  27.335  -2.454  -12.810 0.7142857313
63913  26.547  -2.018  -13.005 0.7142857313
63903  28.759  -0.928  -12.060 0.5714285970
117053  27.806  -1.252  -12.955 0.7142857313
63926  26.071  -1.409  -13.377 0.2857142985
66332  27.867  1.762  -13.772 0.5714285970
66333  26.902  1.050  -13.921 0.2857142985
110637  25.359  10.197  -19.110 0.7142857313
73864  22.410  11.329  -20.690 0.8571428657
73228  19.775  10.321  -21.950 0.7142857313
72443  18.190  8.624  -19.897 0.4285714328
55864  24.128  -10.519  -10.165 0.1428571492
55889  23.795  -9.589  -10.747 0.4285714328
47815  23.684  -19.524  -4.705 0.4285714328
54931  29.579  -11.272  -7.070 0.1428571492
54056  29.026  -11.787  -7.481 0.1428571492
55827  29.577  -10.578  -7.548 0.1428571492
56697  29.609  -9.211  -9.585 0.1428571492
98635  30.137  -8.511  -10.000 0.1428571492
56679  29.554  -9.958  -8.240 0.1428571492
55817  30.292  -10.794  -6.820 0.1428571492
58319  30.917  -7.831  -9.601 0.1428571492
56687  29.990  -9.276  -8.717 0.1428571492
56678  30.377  -9.433  -7.770 0.1428571492
58328  30.586  -7.616  -10.415 0.1428571492
108833  31.238  -4.276  -9.715 0.2857142985
62966  31.374  -2.778  -9.532 0.1428571492
107952  27.339  7.830  -17.007 0.5714285970
103877  22.832  19.659  -20.575 0.1428571492
69429  27.387  5.382  -16.895 0.4285714328
79951  22.111  19.886  -21.077 0.1428571492
78784  20.463  18.678  -23.481 0.1428571492
71011  27.387  7.860  -18.342 0.4285714328
110054  27.273  8.969  -18.792 0.5714285970
71717  26.697  8.641  -18.920 0.4285714328
77304  18.848  16.339  -21.164 0.2857142985
75230  18.651  13.719  -21.435 0.2857142985
74553  19.864  12.124  -21.934 0.2857142985
75237  18.953  14.147  -22.168 0.2857142985
71013  25.344  7.182  -19.024 0.1428571492
72426  24.912  9.606  -19.146 0.5714285970
73217  23.914  10.240  -20.413 0.5714285970
75854  18.446  14.086  -20.578 0.2857142985
74552  20.313  12.495  -21.807 0.4285714328
71021  24.749  7.885  -19.008 0.4285714328
72433  23.009  9.671  -20.500 0.5714285970
75219  18.517  13.441  -20.663 0.2857142985
71723  22.951  8.495  -20.127 0.4285714328
72434  21.878  9.259  -20.152 0.2857142985
74537  17.819  12.050  -19.836 0.1428571492
109265  18.550  11.889  -20.558 0.1428571492
74536  18.266  12.811  -20.286 0.1428571492
113705  20.761  6.490  -22.720 0.4285714328
74525  17.841  12.193  -19.186 0.1428571492
75206  17.893  13.697  -19.445 0.1428571492
111515  18.018  14.511  -19.352 0.1428571492
71728  20.698  7.841  -20.593 0.2857142985
73850  17.846  11.445  -18.608 0.2857142985
74500  18.954  11.964  -18.036 0.1428571492
104093  17.966  13.025  -19.091 0.1428571492
75845  17.957  14.286  -19.138 0.1428571492
74510  18.206  12.511  -18.662 0.1428571492
75176  18.754  14.078  -17.949 0.1428571492
75837  17.870  14.768  -18.468 0.1428571492
75819  18.018  14.905  -17.135 0.1428571492
47828  23.507  -18.958  -5.047 0.4285714328
49681  23.728  -17.813  -6.010 0.2857142985
54044  29.565  -12.018  -6.704 0.1428571492
57515  30.689  -8.746  -8.153 0.1428571492
58327  31.264  -6.987  -10.102 0.1428571492
71007  27.348  6.941  -18.167 0.2857142985
75868  20.233  14.477  -22.131 0.2857142985
75855  19.280  14.470  -19.667 0.2857142985
75870  18.863  14.970  -22.047 0.2857142985
77295  18.472  16.180  -19.072 0.2857142985
49682  22.734  -17.620  -5.814 0.2857142985
50502  28.290  -16.667  -4.957 0.1428571492
114279  29.458  -13.370  -6.093 0.1428571492
53157  30.068  -13.053  -5.826 0.1428571492
117848  31.151  -6.156  -10.963 0.1428571492
71023  22.772  7.774  -19.616 0.1428571492
70241  27.479  6.084  -17.375 0.4285714328
71014  24.109  7.068  -18.992 0.2857142985
72439  22.069  10.185  -20.669 0.5714285970
113067  20.517  12.739  -21.505 0.4285714328
77300  19.373  15.957  -20.004 0.2857142985
76589  18.714  15.520  -21.600 0.2857142985
75869  19.644  14.574  -22.289 0.2857142985
76600  19.002  15.727  -22.336 0.2857142985
78079  19.024  17.162  -21.569 0.2857142985
78770  19.882  18.367  -21.545 0.1428571492
79367  20.561  18.800  -20.904 0.1428571492
78787  19.991  19.367  -23.900 0.1428571492
76562  17.948  15.830  -18.741 0.2857142985
77294  19.054  16.082  -19.537 0.2857142985
111614  19.838  18.845  -23.303 0.1428571492
79958  20.484  20.334  -22.957 0.1428571492
78096  19.861  17.139  -23.040 0.1428571492
78088  19.714  17.937  -23.052 0.1428571492
113050  31.804  -2.235  -9.418 0.2857142985
78075  19.134  17.023  -20.488 0.2857142985
76605  19.927  16.036  -22.976 0.2857142985
116652  19.521  17.050  -22.734 0.1428571492
48795  24.242  -18.548  -5.421 0.4285714328
47814  24.163  -19.204  -4.874 0.4285714328
61192  30.974  -5.010  -10.379 0.4285714328
74543  21.048  12.579  -20.815 0.4285714328
75235  20.317  13.510  -21.918 0.2857142985
76598  20.043  15.288  -22.428 0.2857142985
71716  27.189  8.173  -18.649 0.4285714328
71718  25.802  9.347  -18.971 0.5714285970
105947  19.864  12.999  -22.042 0.2857142985
109018  17.916  9.588  -19.684 0.4285714328
109620  17.532  10.548  -18.411 0.2857142985
73866  17.882  11.198  -20.023 0.2857142985
70994  27.485  6.932  -17.713 0.5714285970
71727  21.179  8.966  -21.203 0.5714285970
73872  19.441  10.980  -21.685 0.2857142985
110085  18.884  12.042  -21.444 0.2857142985
57524  30.458  -8.596  -9.143 0.1428571492
55826  30.272  -10.097  -7.312 0.1428571492
58318  31.532  -7.115  -8.888 0.1428571492
71012  27.020  7.083  -18.522 0.2857142985
76582  18.793  15.402  -20.669 0.2857142985
75861  18.668  14.524  -21.587 0.2857142985
74554  19.183  12.620  -21.905 0.2857142985
99461  19.222  13.393  -22.062 0.2857142985
71722  24.816  8.763  -19.057 0.4285714328
75220  17.883  13.650  -20.092 0.1428571492
71022  23.798  8.037  -19.232 0.2857142985
72432  24.065  9.273  -19.682 0.5714285970
48796  23.233  -18.365  -5.519 0.2857142985
59213  31.739  -6.320  -9.569 0.1428571492
70251  27.397  5.947  -18.053 0.2857142985
77314  19.020  16.484  -22.214 0.2857142985
77323  19.393  17.371  -22.397 0.2857142985
79372  20.278  19.030  -21.933 0.1428571492
65522  27.330  0.362  -13.563 0.2857142985
79349  19.602  18.539  -17.258 0.1428571492
78070  19.463  16.765  -19.654 0.1428571492
79348  19.542  19.456  -17.104 0.1428571492
97690  20.726  16.300  -17.178 0.1428571492
107711  18.408  19.489  -16.492 0.1428571492
78760  20.360  18.006  -18.373 0.1428571492
78062  20.312  17.937  -19.133 0.1428571492
97151  20.518  16.715  -17.587 0.1428571492
97959  19.321  17.381  -16.268 0.1428571492
97583  20.452  17.338  -17.792 0.1428571492
78743  17.640  17.693  -15.795 0.1428571492
79928  18.486  20.599  -16.087 0.1428571492
78064  19.525  16.771  -18.753 0.1428571492
97522  19.862  17.831  -17.061 0.1428571492
78732  19.934  18.521  -15.180 0.1428571492
79915  17.785  19.738  -14.960 0.1428571492
64706  26.724  -0.299  -13.521 0.2857142985
78034  17.800  17.641  -15.578 0.1428571492
79330  18.412  19.505  -14.591 0.1428571492
80511  18.830  21.670  -16.687 0.1428571492
56711  27.997  -9.603  -9.896 0.2857142985
78063  19.861  17.207  -19.119 0.1428571492
78763  20.439  18.379  -19.547 0.1428571492
79355  20.002  18.793  -17.822 0.1428571492
79358  20.370  18.647  -18.618 0.1428571492
78733  17.918  18.876  -14.581 0.1428571492
100746  19.145  17.544  -15.116 0.1428571492
114520  28.049  -10.106  -9.709 0.4285714328
51366  25.907  -16.001  -6.876 0.4285714328
51365  26.626  -15.760  -6.521 0.2857142985
50525  26.970  -16.234  -5.858 0.1428571492
51380  26.364  -15.320  -7.374 0.2857142985
103490  26.809  -14.411  -7.861 0.2857142985
50512  26.019  -17.184  -6.052 0.2857142985
71729  21.626  7.719  -22.628 0.4285714328
108693  27.380  -13.609  -8.029 0.2857142985
50527  25.511  -16.775  -6.573 0.4285714328
51379  27.073  -15.069  -6.900 0.1428571492
50511  26.710  -16.975  -5.782 0.1428571492
71020  25.663  8.241  -18.910 0.2857142985
50526  26.282  -16.500  -6.269 0.2857142985
49692  24.227  -17.194  -6.416 0.2857142985
49691  24.957  -17.230  -6.474 0.2857142985
50528  24.742  -16.692  -6.771 0.2857142985
56746  24.481  -9.490  -10.876 0.2857142985
57580  23.491  -8.982  -10.981 0.2857142985
57594  22.926  -8.697  -12.136 0.2857142985
59287  22.936  -5.337  -12.634 0.1428571492
60267  22.996  -4.846  -12.834 0.1428571492
60256  23.423  -4.717  -12.646 0.2857142985
62997  25.637  -2.900  -12.929 0.1428571492
65523  26.245  0.239  -13.792 0.1428571492
66342  27.152  1.840  -14.312 0.1428571492
67127  26.734  2.534  -14.792 0.1428571492
68600  27.119  4.483  -15.424 0.1428571492
68601  26.452  4.148  -16.088 0.1428571492
70252  27.018  5.947  -18.522 0.1428571492
106187  26.416  7.567  -18.805 0.1428571492
70258  26.168  6.251  -18.949 0.1428571492
111674  20.063  5.429  -22.971 0.1428571492
70262  18.180  6.631  -20.664 0.1428571492
71027  20.235  6.680  -20.434 0.1428571492
97091  18.127  7.135  -20.144 0.1428571492
71019  18.308  7.817  -18.867 0.1428571492
97722  18.094  8.277  -19.199 0.1428571492
103641  25.405  -17.364  -6.195 0.1428571492
69420  27.668  5.670  -15.721 0.2857142985
103265  27.048  4.582  -16.826 0.1428571492
47816  22.902  -19.376  -4.681 0.2857142985
56756  22.564  -9.334  -11.729 0.2857142985
100434  22.684  -4.642  -14.235 0.1428571492
62996  25.845  -2.033  -13.157 0.1428571492
106823  25.452  -1.471  -13.566 0.1428571492
63925  26.332  -0.875  -13.491 0.1428571492
107791  25.663  0.214  -13.958 0.1428571492
65539  25.921  0.722  -14.271 0.1428571492
66343  26.346  1.521  -14.551 0.1428571492
70253  26.639  5.121  -19.305 0.1428571492
71024  19.416  6.999  -19.309 0.1428571492
70264  20.409  6.080  -21.468 0.1428571492
55890  22.834  -9.169  -11.078 0.2857142985
49680  24.793  -17.771  -5.966 0.2857142985
61233  23.883  -4.443  -12.631 0.1428571492
67813  27.489  3.417  -14.498 0.1428571492
72441  20.667  8.990  -20.040 0.1428571492
55878  24.075  -10.087  -10.542 0.1428571492
68605  27.249  4.987  -15.996 0.1428571492
56757  21.648  -9.340  -12.630 0.1428571492
67822  26.577  3.711  -15.182 0.1428571492
48780  22.209  -18.740  -4.792 0.1428571492
109527  22.832  -18.733  -5.083 0.1428571492
48781  21.624  -18.639  -4.246 0.1428571492
48797  22.420  -18.161  -5.273 0.1428571492
50529  23.907  -16.445  -6.652 0.1428571492
63880  31.025  -1.927  -9.737 0.1428571492
105335  31.883  -1.520  -9.413 0.1428571492
75158  26.939  13.995  -15.767 0.1428571492
46902  22.674  -20.014  -4.168 0.1428571492
115673  23.131  -16.183  -6.544 0.1428571492
50541  24.465  -15.993  -7.078 0.1428571492
49693  23.133  -16.938  -6.323 0.1428571492
51392  23.605  -14.557  -7.785 0.1428571492
74473  27.747  13.256  -15.272 0.1428571492
108824  26.271  14.878  -16.953 0.1428571492
52241  23.296  -13.710  -7.831 0.1428571492
74460  28.220  12.522  -14.755 0.1428571492
46917  23.478  -20.103  -4.413 0.1428571492
64656  32.098  -0.664  -9.360 0.1428571492
51382  24.169  -15.288  -7.590 0.1428571492
47817  22.119  -19.358  -4.298 0.1428571492
50542  23.617  -15.751  -6.895 0.1428571492
51363  28.019  -15.213  -5.755 0.1428571492
53178  26.837  -13.063  -9.202 0.5714285970
53194  27.126  -12.302  -9.407 0.5714285970
54045  28.976  -12.487  -7.113 0.2857142985
54937  29.050  -11.124  -7.930 0.1428571492
54985  25.754  -10.548  -10.443 0.4285714328
55860  27.301  -10.545  -9.738 0.4285714328
55862  26.542  -10.449  -10.135 0.5714285970
55863  24.827  -10.795  -10.216 0.4285714328
55879  23.264  -9.570  -10.660 0.1428571492
55888  25.929  -9.952  -10.928 0.4285714328
56699  27.568  -10.164  -9.823 0.4285714328
56729  26.146  -9.496  -10.920 0.7142857313
56745  25.294  -9.820  -11.066 0.5714285970
57557  26.606  -8.907  -10.953 0.5714285970
57578  25.207  -9.077  -10.991 0.4285714328
58340  27.644  -8.613  -10.698 0.5714285970
58353  26.167  -7.882  -11.413 0.7142857313
58354  25.411  -7.514  -11.027 0.5714285970
58369  24.110  -7.449  -11.049 0.4285714328
59245  26.020  -7.044  -11.708 0.7142857313
59256  25.091  -5.853  -11.824 0.7142857313
59272  22.036  -6.954  -12.754 0.2857142985
60221  27.864  -6.674  -11.038 0.5714285970
60231  27.249  -5.645  -11.944 0.7142857313
60243  25.082  -5.192  -12.221 0.7142857313
61220  26.902  -5.188  -12.512 0.7142857313
61253  22.848  -4.411  -13.732 0.1428571492
62077  30.939  -3.421  -9.716 0.1428571492
63015  24.986  -2.042  -13.316 0.1428571492
63892  29.999  -1.354  -9.821 0.8571428657
63911  28.353  -1.231  -12.605 0.7142857313
68548  33.371  4.586  -11.627 0.1428571492
69364  29.883  5.183  -12.027 0.8571428657
69435  27.370  5.355  -17.823 0.2857142985
70263  20.673  5.465  -22.446 0.1428571492
70265  19.239  6.648  -20.756 0.1428571492
71028  21.755  6.542  -23.145 0.4285714328
71029  21.846  6.851  -21.911 0.4285714328
71031  19.982  6.775  -23.384 0.4285714328
71724  20.064  7.503  -19.499 0.1428571492
71726  16.950  8.596  -18.459 0.2857142985
71730  18.601  7.958  -21.585 0.5714285970
71733  20.609  7.264  -23.503 0.5714285970
72369  28.509  9.369  -14.679 0.8571428657
72438  17.481  8.889  -19.012 0.4285714328
72440  21.324  9.634  -20.440 0.4285714328
72442  18.390  9.433  -20.430 0.5714285970
72448  21.386  7.858  -22.967 0.5714285970
72455  21.211  8.002  -22.980 0.5714285970
72456  20.766  8.082  -23.068 0.5714285970
73210  16.782  9.745  -17.961 0.2857142985
73225  18.082  10.390  -20.238 0.2857142985
73229  19.091  10.308  -21.498 0.5714285970
73797  29.346  11.610  -14.348 0.1428571492
73856  17.716  11.133  -19.228 0.1428571492
73871  21.199  11.556  -21.227 0.4285714328
73873  18.870  11.199  -21.217 0.2857142985
73880  19.402  11.708  -21.729 0.2857142985
74485  25.871  12.991  -16.471 0.5714285970
74544  18.746  12.837  -21.213 0.2857142985
75138  28.612  13.031  -14.855 0.1428571492
75160  25.494  13.791  -16.702 0.4285714328
75188  18.625  13.682  -18.535 0.1428571492
75204  25.618  13.717  -19.322 0.2857142985
75234  20.645  13.665  -20.666 0.4285714328
75236  19.805  13.833  -22.225 0.2857142985
75816  26.923  14.501  -16.478 0.1428571492
75817  26.030  14.446  -16.388 0.1428571492
76571  19.044  15.101  -19.452 0.2857142985
76599  19.505  15.729  -22.558 0.2857142985
77265  17.800  17.395  -15.969 0.1428571492
77286  18.602  16.302  -18.560 0.2857142985
77313  19.549  16.390  -22.720 0.1428571492
77322  20.230  16.616  -22.946 0.1428571492
78032  19.934  17.596  -15.010 0.1428571492
78033  18.088  17.907  -14.941 0.1428571492
78071  19.102  16.442  -19.028 0.1428571492
78074  19.907  17.595  -19.892 0.1428571492
78095  21.471  17.921  -22.494 0.1428571492
78734  17.554  18.230  -15.070 0.1428571492
78756  20.087  17.247  -18.535 0.1428571492
78771  19.642  18.137  -22.520 0.2857142985
78778  22.016  18.400  -22.366 0.1428571492
78786  20.379  19.356  -23.991 0.1428571492
79331  17.939  19.603  -14.475 0.1428571492
79332  17.468  18.829  -15.379 0.1428571492
79350  17.770  19.635  -15.822 0.1428571492
79376  23.459  19.137  -21.488 0.1428571492
79378  20.739  19.675  -22.456 0.1428571492
79379  20.031  19.403  -22.828 0.1428571492
79381  21.278  19.876  -23.583 0.1428571492
79382  19.970  19.503  -23.292 0.1428571492
79384  20.605  19.936  -23.835 0.1428571492
79385  20.374  20.073  -23.435 0.1428571492
79914  18.066  20.087  -14.567 0.1428571492
79934  19.660  20.404  -17.099 0.1428571492
97086  17.974  6.556  -21.010 0.1428571492
97087  18.278  6.201  -21.570 0.1428571492
97088  21.678  6.971  -23.215 0.4285714328
97155  17.842  17.517  -16.080 0.1428571492
97156  20.674  17.110  -17.097 0.1428571492
97424  18.831  5.730  -22.502 0.2857142985
97593  20.802  6.861  -23.273 0.4285714328
97595  17.957  18.472  -16.400 0.1428571492
97612  21.066  5.759  -23.548 0.4285714328
97775  19.526  5.798  -22.174 0.1428571492
97935  18.742  11.742  -17.376 0.1428571492
97968  23.751  -5.258  -11.980 0.1428571492
98131  21.613  10.129  -21.259 0.5714285970
100230  18.616  14.753  -20.845 0.2857142985
100809  17.857  12.935  -19.653 0.1428571492
101570  19.876  18.757  -22.459 0.1428571492
102193  20.033  18.087  -23.236 0.1428571492
102897  29.371  4.929  -12.522 0.8571428657
103743  17.848  14.086  -19.866 0.1428571492
104568  25.684  -17.738  -5.731 0.1428571492
104582  17.786  15.355  -18.311 0.2857142985
104765  26.364  12.206  -16.429 0.5714285970
106954  27.691  9.907  -15.584 0.8571428657
107361  18.421  11.046  -20.557 0.1428571492
108417  17.830  14.924  -18.856 0.1428571492
108543  26.872  -9.442  -10.543 0.4285714328
109662  19.159  15.102  -22.315 0.2857142985
110319  28.857  -4.220  -11.082 0.7142857313
111101  19.962  5.855  -23.368 0.4285714328
111122  18.587  17.610  -16.307 0.1428571492
112207  19.938  18.859  -23.608 0.1428571492
112761  23.612  -10.114  -10.334 0.1428571492
113047  23.334  -8.696  -11.379 0.2857142985
113135  28.124  -0.708  -12.981 0.7142857313
113197  17.779  19.278  -14.672 0.1428571492
113408  19.465  17.747  -21.801 0.2857142985
114621  29.011  2.801  -12.808 0.8571428657
114705  32.332  1.964  -9.802 0.1428571492
114836  19.469  15.180  -19.699 0.2857142985
115123  18.927  20.374  -16.595 0.1428571492
115318  18.900  13.343  -21.965 0.2857142985
115331  18.755  18.356  -14.866 0.1428571492
115627  30.975  -6.763  -10.832 0.2857142985
115923  21.300  7.434  -23.704 0.5714285970
116508  24.283  16.088  -21.983 0.1428571492
116803  29.082  1.036  -12.958 0.7142857313
117533  19.876  16.508  -23.001 0.1428571492
117717  20.398  6.853  -20.399 0.1428571492
118426  27.738  13.697  -15.637 0.1428571492
