#!ascii label  , from subject sub-003S6257 vox2ras=TkReg
1782
52793  -40.566  -14.315  47.764 0.0000000000
65260  -52.376  -0.535  29.411 0.0000000000
65162  -39.762  -1.241  39.509 0.0000000000
42301  -12.864  -25.802  48.180 0.0000000000
46130  -24.855  -21.144  48.615 0.0000000000
47135  -6.901  -19.465  52.255 0.0000000000
48046  -10.822  -19.651  58.412 0.0000000000
62567  -47.007  -4.699  34.515 0.0000000000
52787  -11.075  -15.173  47.665 0.0000000000
38614  -9.525  -29.744  56.182 0.0000000000
55686  -39.370  -12.178  41.541 0.0000000000
118622  -35.906  -17.608  44.941 0.0000000000
49137  -33.208  -18.530  49.322 0.0000000000
68869  -53.885  2.193  27.681 0.0000000000
64346  -43.178  -2.722  36.705 0.0000000000
41487  -22.159  -25.571  44.694 0.0000000000
124561  -5.275  -12.993  49.540 0.0000000000
132212  -11.459  -21.495  49.826 0.0000000000
45063  -9.203  -21.339  47.021 0.0000000000
43213  -13.636  -24.654  43.447 0.0000000000
41403  -16.563  -26.935  54.210 0.0000000000
40484  -15.064  -26.785  59.019 0.0000000000
131143  -36.844  -1.222  43.053 0.0000000000
49097  -30.505  -18.686  52.943 0.0000000000
112589  -26.912  -18.047  45.051 0.0000000000
47115  -8.457  -20.470  55.446 0.0000000000
117241  -13.027  -22.774  53.946 0.0000000000
63526  -49.489  -3.139  31.655 0.0000000000
38635  -18.732  -28.570  50.448 0.0000000000
38663  -21.500  -28.369  46.468 0.0000000000
50153  -9.169  -17.669  50.600 0.0000000000
48139  -8.652  -19.414  44.874 0.0000000000
47101  -15.308  -20.834  60.095 0.0000000000
42244  -12.806  -25.288  58.587 0.0000000000
41407  -10.981  -27.140  52.054 0.0000000000
54672  -41.082  -12.524  47.333 0.0000000000
51988  -40.143  -15.482  44.937 0.0000000000
53750  -40.456  -13.257  44.426 0.0000000000
50179  -39.216  -17.099  46.254 0.0000000000
49214  -37.879  -16.662  43.309 0.0000000000
49167  -36.955  -17.395  48.225 0.0000000000
67038  -53.158  0.144  28.180 0.0000000000
63544  -49.312  -3.299  27.709 0.0000000000
65275  -50.820  -1.247  26.559 0.0000000000
130555  -51.283  1.404  26.207 0.0000000000
64297  -41.135  -1.502  37.936 0.0000000000
115772  -36.405  -1.949  38.540 0.0000000000
127168  -38.898  -1.939  36.870 0.0000000000
63479  -40.545  -3.387  35.338 0.0000000000
44086  -13.706  -23.150  49.185 0.0000000000
130940  -12.763  -22.406  47.042 0.0000000000
42330  -13.406  -25.385  45.812 0.0000000000
41485  -12.784  -26.726  42.714 0.0000000000
41477  -12.192  -27.179  44.769 0.0000000000
36736  -16.197  -29.579  52.663 0.0000000000
36717  -15.525  -30.563  54.988 0.0000000000
63373  -37.503  -3.432  44.821 0.0000000000
58902  -39.154  -8.835  43.347 0.0000000000
57850  -38.100  -9.708  41.029 0.0000000000
59864  -37.986  -6.966  42.355 0.0000000000
112942  -36.500  -5.087  42.050 0.0000000000
49090  -32.708  -18.017  54.300 0.0000000000
122480  -31.976  -17.704  45.328 0.0000000000
48125  -29.823  -18.068  47.100 0.0000000000
70754  -52.016  4.249  24.028 0.0000000000
72665  -52.835  6.092  23.360 0.0000000000
47108  -9.516  -20.438  57.320 0.0000000000
46066  -10.785  -21.497  55.119 0.0000000000
45009  -11.123  -22.039  56.552 0.0000000000
126807  -48.539  -4.071  33.170 0.0000000000
62595  -43.076  -3.656  32.847 0.0000000000
61693  -44.697  -4.933  31.153 0.0000000000
61703  -46.561  -5.033  30.076 0.0000000000
44081  -17.142  -23.755  50.633 0.0000000000
131548  -19.147  -25.412  48.223 0.0000000000
50130  -5.722  -17.261  53.520 0.0000000000
51078  -6.796  -16.350  51.967 0.0000000000
132944  -7.246  -19.029  51.423 0.0000000000
133946  -10.288  -22.450  44.282 0.0000000000
47173  -8.755  -20.244  45.662 0.0000000000
45098  -8.866  -21.401  41.936 0.0000000000
123124  -17.196  -21.567  59.150 0.0000000000
38607  -12.389  -28.634  57.321 0.0000000000
41383  -13.042  -26.634  60.220 0.0000000000
126283  -12.181  -27.071  56.905 0.0000000000
41397  -11.740  -26.347  55.433 0.0000000000
40496  -10.614  -28.246  53.677 0.0000000000
56727  -40.281  -10.394  43.876 0.0000000000
122716  -33.903  -18.192  51.904 0.0000000000
49140  -36.205  -18.041  50.284 0.0000000000
112985  -34.692  -18.197  46.385 0.0000000000
69829  -54.372  4.046  27.095 0.0000000000
68880  -51.533  2.744  25.526 0.0000000000
63483  -44.898  -3.041  35.324 0.0000000000
62564  -41.344  -3.531  34.494 0.0000000000
46147  -23.428  -21.331  44.763 0.0000000000
44108  -23.589  -23.618  46.508 0.0000000000
52768  -8.395  -14.609  49.007 0.0000000000
46093  -8.787  -20.880  51.220 0.0000000000
46115  -7.985  -21.100  49.690 0.0000000000
45048  -10.361  -21.627  48.701 0.0000000000
45085  -11.903  -22.640  45.051 0.0000000000
130497  -12.752  -23.450  41.828 0.0000000000
43124  -16.423  -24.136  55.595 0.0000000000
43117  -15.926  -24.448  57.898 0.0000000000
134141  -15.805  -27.718  57.126 0.0000000000
37696  -14.368  -29.843  56.581 0.0000000000
66003  -38.254  -0.584  41.766 0.0000000000
63400  -35.783  -3.702  40.436 0.0000000000
48092  -27.235  -19.118  50.636 0.0000000000
49121  -32.102  -18.667  51.196 0.0000000000
126569  -29.050  -18.974  49.145 0.0000000000
48114  -25.365  -19.149  47.331 0.0000000000
50121  -5.998  -17.659  54.296 0.0000000000
51038  -7.835  -16.827  55.548 0.0000000000
47118  -7.851  -19.773  53.931 0.0000000000
46073  -9.821  -21.241  53.425 0.0000000000
46097  -13.079  -21.709  51.708 0.0000000000
43143  -13.506  -24.162  50.604 0.0000000000
64387  -50.404  -2.356  30.046 0.0000000000
61734  -48.199  -4.760  28.217 0.0000000000
112982  -16.501  -23.953  52.860 0.0000000000
39554  -17.324  -28.055  52.210 0.0000000000
133858  -17.318  -30.051  50.905 0.0000000000
42316  -24.839  -25.745  46.990 0.0000000000
40520  -24.514  -26.750  48.890 0.0000000000
41422  -22.461  -26.557  49.352 0.0000000000
37731  -20.567  -28.938  48.460 0.0000000000
36798  -18.691  -30.058  47.995 0.0000000000
53671  -5.579  -13.316  51.549 0.0000000000
52731  -7.389  -14.641  50.638 0.0000000000
124602  -10.458  -15.966  49.508 0.0000000000
47157  -8.067  -20.250  48.315 0.0000000000
49154  -9.483  -18.628  47.467 0.0000000000
49156  -11.043  -18.007  47.057 0.0000000000
127945  -12.514  -20.399  59.510 0.0000000000
43112  -15.499  -23.652  60.093 0.0000000000
44043  -13.028  -23.149  60.434 0.0000000000
45003  -11.816  -22.618  59.186 0.0000000000
43119  -13.133  -24.221  56.127 0.0000000000
42256  -12.662  -25.315  52.962 0.0000000000
41427  -11.448  -26.491  50.188 0.0000000000
38623  -8.367  -29.557  52.423 0.0000000000
113267  -9.311  -29.178  50.781 0.0000000000
40543  -10.956  -27.683  47.172 0.0000000000
53715  -40.712  -13.876  47.451 0.0000000000
53702  -40.697  -13.544  48.949 0.0000000000
51982  -40.039  -15.125  46.602 0.0000000000
52812  -40.657  -13.968  46.165 0.0000000000
51978  -39.676  -15.667  47.044 0.0000000000
51120  -39.628  -16.965  45.988 0.0000000000
130471  -39.869  -15.285  48.793 0.0000000000
125160  -38.655  -16.467  47.704 0.0000000000
66161  -53.048  -0.089  28.501 0.0000000000
64400  -51.263  -1.648  28.538 0.0000000000
64408  -49.576  -2.524  26.525 0.0000000000
65267  -51.591  -1.151  27.927 0.0000000000
66163  -52.047  -0.461  27.710 0.0000000000
64278  -41.137  -1.818  39.135 0.0000000000
65165  -42.113  -1.428  40.087 0.0000000000
65146  -41.534  -1.190  40.332 0.0000000000
64294  -37.172  -1.613  37.851 0.0000000000
64296  -39.568  -1.643  38.160 0.0000000000
113172  -40.388  -1.902  37.697 0.0000000000
42289  -13.460  -25.039  48.491 0.0000000000
43175  -13.661  -24.323  46.965 0.0000000000
42314  -13.391  -25.190  46.732 0.0000000000
42342  -12.780  -26.463  44.830 0.0000000000
121138  -12.271  -26.807  46.192 0.0000000000
128790  -15.954  -30.601  50.967 0.0000000000
35817  -15.236  -30.679  52.773 0.0000000000
59847  -38.995  -7.289  44.114 0.0000000000
59865  -38.171  -7.572  42.918 0.0000000000
61609  -37.898  -6.098  43.818 0.0000000000
114182  -37.548  -5.482  43.458 0.0000000000
70745  -53.753  5.269  25.723 0.0000000000
70763  -52.262  4.931  23.848 0.0000000000
73496  -53.725  6.820  24.301 0.0000000000
48053  -10.175  -19.512  57.977 0.0000000000
46056  -9.964  -21.610  56.639 0.0000000000
46049  -10.324  -21.073  58.149 0.0000000000
62583  -47.467  -4.564  33.999 0.0000000000
110536  -48.521  -3.742  34.647 0.0000000000
62580  -44.778  -3.734  33.346 0.0000000000
62609  -44.256  -4.271  31.929 0.0000000000
62598  -46.366  -4.280  32.953 0.0000000000
62611  -46.693  -4.403  32.047 0.0000000000
45052  -18.523  -22.529  48.184 0.0000000000
44098  -19.627  -23.140  47.766 0.0000000000
46124  -26.274  -21.388  50.133 0.0000000000
123815  -25.051  -22.820  49.591 0.0000000000
52799  -9.898  -14.847  46.965 0.0000000000
50137  -6.184  -17.951  53.155 0.0000000000
50144  -6.658  -18.008  52.532 0.0000000000
49103  -6.800  -18.987  51.960 0.0000000000
45100  -10.367  -22.169  42.554 0.0000000000
115606  -9.884  -21.949  43.033 0.0000000000
120539  -9.832  -21.886  41.706 0.0000000000
123796  -17.690  -20.402  58.349 0.0000000000
121459  -17.658  -21.167  57.989 0.0000000000
38608  -10.774  -29.243  56.429 0.0000000000
39528  -11.848  -27.494  56.841 0.0000000000
39543  -10.730  -28.265  56.024 0.0000000000
111528  -11.290  -27.360  55.618 0.0000000000
113206  -10.477  -28.706  54.909 0.0000000000
55633  -40.855  -11.412  45.903 0.0000000000
55649  -40.609  -11.653  44.104 0.0000000000
56718  -40.774  -10.351  44.764 0.0000000000
57821  -40.479  -9.324  44.405 0.0000000000
119417  -37.108  -17.917  46.306 0.0000000000
114687  -35.852  -18.495  47.364 0.0000000000
49186  -35.359  -17.744  45.782 0.0000000000
118052  -34.107  -17.674  44.962 0.0000000000
68877  -54.125  3.068  27.421 0.0000000000
67964  -52.441  1.759  26.905 0.0000000000
67969  -51.396  2.101  25.835 0.0000000000
68875  -52.547  2.492  26.605 0.0000000000
69827  -52.685  3.164  26.351 0.0000000000
63482  -43.996  -2.549  35.723 0.0000000000
63431  -45.267  -2.843  36.805 0.0000000000
64325  -45.185  -2.748  37.563 0.0000000000
63455  -42.138  -3.060  36.030 0.0000000000
63499  -40.871  -3.584  34.856 0.0000000000
63481  -42.284  -3.274  35.648 0.0000000000
63500  -42.800  -3.454  35.259 0.0000000000
120483  -5.576  -13.134  48.612 0.0000000000
52766  -6.556  -13.837  48.148 0.0000000000
52748  -6.471  -13.899  49.006 0.0000000000
46106  -9.677  -20.779  50.651 0.0000000000
130883  -9.608  -21.137  49.893 0.0000000000
45038  -10.935  -21.646  49.308 0.0000000000
116644  -13.559  -23.813  44.605 0.0000000000
45075  -12.590  -22.699  45.548 0.0000000000
134321  -13.213  -23.248  44.165 0.0000000000
44125  -11.686  -22.678  43.768 0.0000000000
44134  -13.224  -23.992  42.133 0.0000000000
42362  -13.576  -25.531  42.044 0.0000000000
42254  -15.982  -25.988  54.897 0.0000000000
126977  -16.319  -25.675  56.622 0.0000000000
40495  -15.819  -27.654  55.858 0.0000000000
35799  -14.027  -31.134  54.939 0.0000000000
37702  -14.640  -30.054  55.918 0.0000000000
36711  -13.643  -30.539  55.597 0.0000000000
36705  -12.739  -29.916  55.932 0.0000000000
65987  -37.751  -0.375  42.455 0.0000000000
64257  -36.139  -2.612  42.805 0.0000000000
62498  -35.707  -4.054  41.419 0.0000000000
64262  -36.160  -2.172  41.764 0.0000000000
64267  -36.411  -1.822  40.769 0.0000000000
48075  -29.840  -19.396  53.811 0.0000000000
47140  -28.085  -20.107  52.451 0.0000000000
112616  -29.315  -18.903  52.219 0.0000000000
49123  -33.444  -18.633  50.303 0.0000000000
126817  -32.765  -18.563  51.348 0.0000000000
126237  -32.909  -18.748  50.071 0.0000000000
48132  -28.295  -17.594  46.360 0.0000000000
49159  -29.222  -18.329  47.825 0.0000000000
48124  -27.627  -18.101  47.082 0.0000000000
48110  -27.680  -19.117  48.423 0.0000000000
126687  -25.926  -18.386  45.884 0.0000000000
48129  -25.495  -18.666  45.267 0.0000000000
48057  -8.786  -19.401  56.495 0.0000000000
117135  -7.995  -19.554  55.988 0.0000000000
48059  -7.456  -19.667  55.185 0.0000000000
47114  -7.667  -20.137  55.016 0.0000000000
46072  -9.055  -21.225  53.266 0.0000000000
131795  -9.519  -20.859  54.629 0.0000000000
46067  -11.809  -21.753  54.663 0.0000000000
46075  -11.975  -21.567  53.712 0.0000000000
45020  -13.188  -22.412  53.201 0.0000000000
45029  -13.408  -22.445  51.351 0.0000000000
128966  -13.485  -22.904  52.776 0.0000000000
64386  -49.698  -2.456  30.882 0.0000000000
65248  -51.425  -1.535  32.291 0.0000000000
64384  -50.819  -2.308  32.618 0.0000000000
62625  -48.559  -4.070  30.759 0.0000000000
62646  -47.761  -4.969  28.986 0.0000000000
62637  -48.702  -4.120  29.892 0.0000000000
63534  -49.240  -3.403  29.571 0.0000000000
115299  -16.745  -23.172  51.740 0.0000000000
41419  -17.721  -26.208  50.503 0.0000000000
111097  -17.327  -25.835  51.926 0.0000000000
111260  -17.631  -28.080  51.335 0.0000000000
126534  -18.083  -29.395  51.971 0.0000000000
127856  -17.888  -29.224  51.484 0.0000000000
112560  -22.722  -24.626  45.379 0.0000000000
43189  -23.360  -24.321  46.872 0.0000000000
41488  -22.549  -25.339  45.527 0.0000000000
116036  -21.719  -27.925  46.048 0.0000000000
39622  -22.456  -27.360  46.813 0.0000000000
39575  -23.084  -27.642  48.028 0.0000000000
40511  -22.774  -26.467  49.454 0.0000000000
38641  -22.226  -28.104  48.739 0.0000000000
123535  -21.206  -27.496  48.913 0.0000000000
38645  -21.027  -28.939  47.878 0.0000000000
37757  -18.636  -29.305  47.007 0.0000000000
127343  -5.584  -13.212  52.511 0.0000000000
51079  -7.600  -16.551  51.626 0.0000000000
51935  -7.138  -15.501  51.425 0.0000000000
121641  -9.030  -15.708  50.924 0.0000000000
51949  -9.351  -15.160  50.281 0.0000000000
51095  -9.746  -16.953  50.347 0.0000000000
46126  -8.626  -21.306  48.354 0.0000000000
47150  -8.102  -20.666  48.981 0.0000000000
46125  -8.208  -20.827  48.080 0.0000000000
48138  -8.575  -19.502  45.018 0.0000000000
48118  -8.699  -19.686  46.394 0.0000000000
130774  -9.204  -19.106  46.181 0.0000000000
49155  -10.261  -18.184  47.641 0.0000000000
48120  -9.644  -19.038  45.771 0.0000000000
49178  -10.321  -18.789  45.219 0.0000000000
47100  -14.294  -20.553  60.036 0.0000000000
42243  -16.519  -25.919  58.894 0.0000000000
112431  -16.278  -24.328  59.146 0.0000000000
41382  -15.483  -26.147  60.344 0.0000000000
42242  -12.736  -26.021  59.328 0.0000000000
43108  -12.943  -24.979  60.582 0.0000000000
43113  -12.956  -24.485  59.848 0.0000000000
115008  -11.902  -22.909  59.925 0.0000000000
44050  -12.595  -23.448  58.765 0.0000000000
44053  -12.537  -23.342  57.559 0.0000000000
43118  -12.953  -24.217  57.019 0.0000000000
41405  -11.633  -26.590  53.749 0.0000000000
42255  -11.988  -26.069  54.102 0.0000000000
41408  -11.630  -26.627  52.657 0.0000000000
42268  -11.984  -26.090  51.094 0.0000000000
41417  -11.248  -26.889  50.513 0.0000000000
113979  -7.246  -29.945  51.360 0.0000000000
38632  -8.548  -29.349  51.251 0.0000000000
56694  -41.073  -10.887  47.326 0.0000000000
51127  -39.647  -15.634  43.529 0.0000000000
52830  -40.417  -14.333  43.790 0.0000000000
52829  -40.558  -14.916  44.730 0.0000000000
110636  -40.809  -12.447  46.360 0.0000000000
49188  -37.180  -17.719  45.598 0.0000000000
121817  -38.101  -16.646  44.891 0.0000000000
126031  -38.641  -16.317  44.460 0.0000000000
115398  -37.525  -17.091  46.614 0.0000000000
67956  -53.560  1.416  27.958 0.0000000000
64416  -49.293  -2.749  25.842 0.0000000000
66173  -49.579  -0.527  25.866 0.0000000000
128265  -49.666  0.757  26.029 0.0000000000
66168  -50.915  -0.127  26.635 0.0000000000
67050  -52.397  0.925  27.164 0.0000000000
64323  -42.698  -2.704  36.877 0.0000000000
64300  -43.707  -2.379  38.428 0.0000000000
64280  -42.872  -2.074  39.080 0.0000000000
65148  -43.906  -1.102  40.535 0.0000000000
63416  -35.346  -3.519  37.873 0.0000000000
63428  -35.856  -2.736  37.307 0.0000000000
63451  -37.034  -2.555  35.900 0.0000000000
63477  -38.227  -2.744  35.605 0.0000000000
110601  -38.836  -3.432  34.948 0.0000000000
64344  -39.710  -2.603  36.581 0.0000000000
63429  -41.433  -2.728  36.322 0.0000000000
46120  -12.953  -21.985  49.938 0.0000000000
45050  -12.517  -22.071  48.628 0.0000000000
44090  -13.687  -23.134  48.151 0.0000000000
44101  -13.717  -23.548  46.334 0.0000000000
117141  -13.575  -25.217  44.235 0.0000000000
41486  -13.412  -26.120  42.986 0.0000000000
41479  -13.089  -25.992  44.049 0.0000000000
40581  -12.085  -27.235  43.977 0.0000000000
38622  -16.471  -28.850  53.535 0.0000000000
38620  -16.371  -29.187  54.932 0.0000000000
36728  -16.078  -30.104  53.844 0.0000000000
65098  -36.642  -2.019  44.295 0.0000000000
56736  -40.049  -10.230  42.863 0.0000000000
110795  -39.226  -11.287  41.264 0.0000000000
57837  -38.681  -9.115  42.657 0.0000000000
133060  -37.580  -8.458  41.397 0.0000000000
59874  -37.552  -7.208  41.670 0.0000000000
131022  -37.300  -6.024  42.337 0.0000000000
62486  -37.067  -4.726  43.285 0.0000000000
110968  -31.206  -18.531  53.146 0.0000000000
49162  -32.229  -18.258  47.154 0.0000000000
49148  -32.102  -18.991  47.835 0.0000000000
111539  -31.433  -17.823  46.368 0.0000000000
48133  -29.151  -17.615  45.533 0.0000000000
70761  -51.424  3.977  22.679 0.0000000000
127450  -51.942  5.143  22.735 0.0000000000
71761  -52.389  5.789  22.594 0.0000000000
72676  -52.752  6.213  22.107 0.0000000000
48058  -9.081  -19.981  56.883 0.0000000000
46064  -9.707  -21.039  55.305 0.0000000000
114176  -9.680  -21.229  56.176 0.0000000000
46061  -10.640  -21.730  55.991 0.0000000000
45012  -12.603  -22.227  55.197 0.0000000000
63522  -48.833  -4.133  32.347 0.0000000000
63517  -49.702  -3.265  33.837 0.0000000000
61700  -43.248  -4.933  30.146 0.0000000000
61715  -44.514  -5.055  29.435 0.0000000000
61716  -45.593  -4.971  29.469 0.0000000000
61702  -45.629  -4.720  30.526 0.0000000000
110854  -47.408  -4.387  31.311 0.0000000000
114504  -17.077  -23.182  50.943 0.0000000000
121987  -17.923  -22.903  49.651 0.0000000000
43151  -17.961  -24.696  49.470 0.0000000000
41421  -19.150  -27.265  49.422 0.0000000000
39658  -20.702  -27.575  44.730 0.0000000000
37770  -20.191  -28.956  46.355 0.0000000000
114312  -5.413  -15.299  53.424 0.0000000000
52708  -5.528  -14.923  52.669 0.0000000000
51922  -6.329  -16.168  52.478 0.0000000000
50145  -7.106  -17.352  52.083 0.0000000000
129273  -8.340  -18.581  50.492 0.0000000000
45072  -9.941  -21.950  45.407 0.0000000000
46136  -9.009  -20.883  46.250 0.0000000000
45083  -9.260  -21.592  44.845 0.0000000000
46146  -8.700  -20.944  44.228 0.0000000000
47187  -8.866  -20.872  43.443 0.0000000000
117364  -18.271  -18.737  59.059 0.0000000000
48045  -17.651  -19.346  59.208 0.0000000000
47096  -16.159  -21.676  60.369 0.0000000000
39531  -13.883  -27.957  58.013 0.0000000000
40479  -13.675  -26.782  60.303 0.0000000000
39525  -12.965  -27.407  58.812 0.0000000000
41385  -12.683  -26.536  58.808 0.0000000000
41390  -12.569  -26.143  57.989 0.0000000000
41398  -12.257  -26.130  55.922 0.0000000000
41392  -11.616  -26.736  55.695 0.0000000000
41401  -11.321  -27.036  54.244 0.0000000000
40499  -10.573  -27.721  52.729 0.0000000000
54728  -39.396  -13.048  41.759 0.0000000000
117227  -40.689  -13.240  43.108 0.0000000000
54704  -40.823  -12.560  42.987 0.0000000000
55657  -39.994  -11.247  42.796 0.0000000000
57839  -40.234  -9.897  43.392 0.0000000000
58882  -39.983  -8.089  44.350 0.0000000000
49138  -34.590  -18.484  49.416 0.0000000000
124640  -36.733  -17.613  49.735 0.0000000000
49151  -35.357  -18.511  48.981 0.0000000000
49163  -33.369  -18.196  47.598 0.0000000000
112212  -32.952  -18.147  46.084 0.0000000000
67977  -50.195  2.218  24.865 0.0000000000
69833  -51.761  3.277  25.215 0.0000000000
69835  -53.483  4.650  26.046 0.0000000000
63503  -45.653  -3.649  34.872 0.0000000000
63486  -47.573  -3.713  35.633 0.0000000000
63459  -45.970  -3.401  36.563 0.0000000000
132687  -39.880  -3.837  34.301 0.0000000000
111449  -42.449  -3.552  33.504 0.0000000000
63515  -44.187  -3.377  34.172 0.0000000000
46139  -24.392  -21.622  46.178 0.0000000000
127734  -24.224  -23.063  47.144 0.0000000000
44121  -23.561  -22.566  45.420 0.0000000000
43214  -22.565  -23.461  44.286 0.0000000000
118024  -8.479  -14.531  48.046 0.0000000000
52769  -9.356  -14.700  48.414 0.0000000000
46080  -7.808  -21.065  51.804 0.0000000000
47141  -7.613  -20.788  50.792 0.0000000000
46104  -8.073  -21.219  50.830 0.0000000000
130657  -9.024  -21.312  49.524 0.0000000000
45047  -10.026  -21.621  48.166 0.0000000000
129242  -11.830  -21.978  47.666 0.0000000000
111658  -10.937  -21.926  47.085 0.0000000000
45065  -10.471  -21.804  46.809 0.0000000000
113600  -10.502  -22.508  44.698 0.0000000000
112332  -16.698  -23.027  57.017 0.0000000000
43121  -16.456  -23.966  56.602 0.0000000000
42248  -16.563  -25.574  57.285 0.0000000000
40487  -15.659  -26.859  58.230 0.0000000000
131467  -16.607  -29.264  56.617 0.0000000000
38613  -16.468  -29.143  57.248 0.0000000000
39532  -14.846  -28.250  58.126 0.0000000000
38611  -13.142  -30.076  57.256 0.0000000000
130758  -12.138  -29.825  56.507 0.0000000000
37698  -9.637  -30.413  56.168 0.0000000000
65143  -39.244  -1.111  40.289 0.0000000000
66005  -40.138  -0.716  41.682 0.0000000000
65989  -39.673  -0.280  42.418 0.0000000000
54737  -38.413  -12.038  39.385 0.0000000000
62520  -34.851  -4.449  38.356 0.0000000000
65160  -37.575  -1.247  39.718 0.0000000000
46102  -26.664  -20.639  51.938 0.0000000000
47155  -26.228  -20.380  49.632 0.0000000000
129113  -33.673  -18.174  53.457 0.0000000000
49098  -32.036  -18.572  52.640 0.0000000000
49108  -31.156  -19.129  51.564 0.0000000000
111981  -31.267  -18.586  48.966 0.0000000000
49134  -30.754  -18.947  49.768 0.0000000000
48086  -29.987  -18.893  51.407 0.0000000000
48093  -28.005  -18.988  50.410 0.0000000000
47164  -26.716  -19.403  49.352 0.0000000000
47169  -24.750  -19.701  47.851 0.0000000000
121681  -24.600  -20.764  45.529 0.0000000000
73539  -52.595  7.190  21.333 0.0000000000
73540  -53.251  7.834  20.747 0.0000000000
74437  -53.777  8.583  20.089 0.0000000000
50120  -5.376  -17.185  54.068 0.0000000000
49085  -6.275  -18.561  53.492 0.0000000000
51037  -6.845  -16.733  55.161 0.0000000000
48063  -6.384  -19.275  53.960 0.0000000000
47127  -7.450  -20.248  53.039 0.0000000000
132086  -8.137  -21.244  52.247 0.0000000000
46094  -9.746  -20.991  51.736 0.0000000000
116736  -10.757  -20.830  51.937 0.0000000000
112027  -10.266  -21.291  54.246 0.0000000000
46083  -11.319  -20.674  52.696 0.0000000000
46108  -12.402  -20.863  50.757 0.0000000000
45034  -13.347  -22.484  50.449 0.0000000000
43150  -13.536  -24.065  49.748 0.0000000000
42276  -13.391  -25.074  49.397 0.0000000000
132291  -51.815  -0.925  30.065 0.0000000000
126543  -46.285  -5.802  28.645 0.0000000000
60860  -47.064  -6.269  28.090 0.0000000000
61749  -47.923  -4.919  27.298 0.0000000000
63543  -48.927  -3.609  28.157 0.0000000000
64393  -49.902  -2.741  29.130 0.0000000000
111491  -16.394  -24.254  54.496 0.0000000000
123374  -16.651  -26.097  53.887 0.0000000000
43137  -17.197  -24.523  51.926 0.0000000000
42260  -17.023  -25.595  52.514 0.0000000000
40500  -16.838  -27.294  53.349 0.0000000000
35829  -17.626  -30.355  51.774 0.0000000000
44100  -24.896  -23.564  47.409 0.0000000000
120608  -25.138  -24.887  48.068 0.0000000000
119939  -25.067  -26.159  48.920 0.0000000000
40583  -22.422  -26.599  46.414 0.0000000000
40545  -25.024  -27.140  47.981 0.0000000000
41416  -24.235  -25.747  50.830 0.0000000000
41414  -23.481  -25.540  50.980 0.0000000000
43146  -22.020  -24.516  50.301 0.0000000000
116780  -21.191  -23.735  48.677 0.0000000000
43157  -20.546  -25.177  48.225 0.0000000000
40518  -20.366  -27.594  49.070 0.0000000000
38636  -19.662  -28.593  50.139 0.0000000000
37759  -20.178  -29.500  46.899 0.0000000000
36789  -19.880  -29.895  47.993 0.0000000000
36763  -18.810  -29.141  49.823 0.0000000000
36773  -17.855  -30.086  49.372 0.0000000000
124047  -5.371  -13.005  50.354 0.0000000000
51933  -5.893  -14.769  51.897 0.0000000000
52716  -6.643  -14.454  51.178 0.0000000000
52730  -6.461  -14.184  49.964 0.0000000000
52750  -7.943  -14.502  49.904 0.0000000000
52751  -9.428  -14.817  49.428 0.0000000000
51973  -10.861  -16.009  48.702 0.0000000000
115830  -7.646  -20.176  50.524 0.0000000000
48087  -7.841  -19.836  49.881 0.0000000000
49127  -8.586  -19.069  49.621 0.0000000000
47166  -8.336  -20.185  47.142 0.0000000000
48104  -8.864  -19.226  47.772 0.0000000000
49128  -9.408  -18.612  49.296 0.0000000000
49129  -10.208  -18.027  48.984 0.0000000000
50165  -10.960  -17.466  48.593 0.0000000000
51113  -11.620  -16.686  47.649 0.0000000000
114856  -11.913  -17.743  46.309 0.0000000000
128714  -17.046  -23.120  58.740 0.0000000000
44049  -16.604  -22.882  59.773 0.0000000000
44997  -15.944  -22.120  61.123 0.0000000000
42237  -13.877  -25.764  60.758 0.0000000000
44045  -14.565  -23.329  60.956 0.0000000000
46042  -14.162  -21.729  60.926 0.0000000000
46041  -13.089  -21.679  60.383 0.0000000000
46046  -12.332  -21.517  59.653 0.0000000000
46050  -11.124  -21.303  58.516 0.0000000000
45006  -11.204  -22.085  57.486 0.0000000000
124288  -12.048  -22.521  57.068 0.0000000000
44059  -13.371  -23.320  55.048 0.0000000000
42247  -13.229  -25.091  55.789 0.0000000000
43125  -12.885  -24.675  54.674 0.0000000000
43128  -13.126  -23.909  53.620 0.0000000000
43135  -13.161  -25.037  51.863 0.0000000000
42269  -12.617  -25.771  50.703 0.0000000000
126643  -12.067  -26.197  48.544 0.0000000000
37710  -9.930  -29.966  53.864 0.0000000000
118645  -8.777  -29.714  52.751 0.0000000000
37704  -9.917  -29.328  53.518 0.0000000000
39548  -9.588  -28.667  52.701 0.0000000000
39553  -9.741  -28.112  52.209 0.0000000000
40503  -9.865  -27.849  51.300 0.0000000000
39572  -9.018  -28.554  49.165 0.0000000000
40507  -10.478  -27.477  50.520 0.0000000000
129954  -10.568  -27.818  49.379 0.0000000000
41446  -11.342  -27.268  48.359 0.0000000000
112285  -11.549  -27.161  47.543 0.0000000000
41457  -11.579  -27.362  46.696 0.0000000000
40579  -10.565  -28.504  44.893 0.0000000000
117892  -40.901  -13.729  48.129 0.0000000000
52780  -40.556  -14.211  48.636 0.0000000000
52802  -40.488  -14.494  47.053 0.0000000000
51979  -40.267  -14.972  47.410 0.0000000000
51976  -40.220  -14.814  48.272 0.0000000000
51975  -39.722  -15.415  47.985 0.0000000000
65265  -52.677  -0.361  28.805 0.0000000000
66157  -53.143  0.091  29.039 0.0000000000
66156  -52.761  -0.134  29.572 0.0000000000
64402  -50.938  -2.034  27.777 0.0000000000
65264  -52.012  -0.805  28.746 0.0000000000
65268  -52.459  -0.452  28.264 0.0000000000
65163  -40.679  -1.580  39.586 0.0000000000
65164  -41.321  -1.691  39.802 0.0000000000
65145  -40.935  -1.513  40.084 0.0000000000
127744  -38.861  -1.242  38.349 0.0000000000
64276  -39.264  -1.226  38.892 0.0000000000
64277  -40.259  -1.599  38.758 0.0000000000
42302  -13.478  -25.112  47.615 0.0000000000
119039  -12.839  -25.799  47.407 0.0000000000
42313  -12.654  -25.991  46.560 0.0000000000
35836  -15.314  -30.769  50.627 0.0000000000
60732  -38.070  -6.961  43.985 0.0000000000
47104  -10.316  -20.285  58.107 0.0000000000
62582  -46.765  -4.478  33.826 0.0000000000
62568  -47.653  -4.192  34.508 0.0000000000
62581  -45.904  -3.937  33.571 0.0000000000
122582  -19.820  -21.522  47.475 0.0000000000
45060  -19.865  -22.330  47.544 0.0000000000
44099  -20.558  -22.859  47.718 0.0000000000
47154  -25.534  -21.233  49.449 0.0000000000
45046  -25.830  -22.166  49.901 0.0000000000
45045  -25.187  -21.938  49.224 0.0000000000
52800  -10.768  -14.911  46.981 0.0000000000
49093  -6.538  -18.685  52.705 0.0000000000
117740  -17.448  -21.168  57.189 0.0000000000
39534  -10.012  -29.093  56.296 0.0000000000
39542  -9.908  -28.916  56.019 0.0000000000
39541  -9.732  -29.370  55.720 0.0000000000
118344  -40.962  -10.139  46.101 0.0000000000
56709  -40.901  -10.583  45.543 0.0000000000
57811  -40.972  -9.702  45.368 0.0000000000
58873  -40.752  -8.829  45.860 0.0000000000
49187  -36.375  -17.977  45.849 0.0000000000
67965  -53.083  1.961  27.362 0.0000000000
68876  -53.304  2.706  27.027 0.0000000000
63457  -43.476  -2.614  36.306 0.0000000000
130632  -44.491  -2.562  36.528 0.0000000000
64347  -44.044  -2.596  37.043 0.0000000000
63456  -42.576  -2.868  36.130 0.0000000000
124106  -42.886  -2.987  35.822 0.0000000000
54641  -5.315  -12.500  49.721 0.0000000000
53692  -5.615  -13.257  49.109 0.0000000000
52747  -6.015  -13.573  48.573 0.0000000000
52729  -5.959  -13.741  49.410 0.0000000000
46119  -11.549  -20.969  50.483 0.0000000000
110559  -10.540  -21.334  50.030 0.0000000000
44107  -13.052  -23.051  44.955 0.0000000000
44119  -13.528  -23.734  43.771 0.0000000000
44127  -13.341  -23.888  42.973 0.0000000000
43228  -13.537  -24.576  42.514 0.0000000000
41400  -16.273  -26.940  55.126 0.0000000000
65978  -37.342  -0.566  43.173 0.0000000000
65979  -38.040  0.044  43.231 0.0000000000
116956  -37.509  -0.266  44.198 0.0000000000
54727  -38.971  -12.984  40.948 0.0000000000
65118  -37.140  -0.925  42.405 0.0000000000
48070  -30.411  -19.412  53.961 0.0000000000
48079  -29.814  -18.771  52.990 0.0000000000
114057  -29.001  -18.886  52.923 0.0000000000
49136  -32.447  -18.600  49.399 0.0000000000
48131  -27.320  -18.043  46.113 0.0000000000
48123  -26.956  -18.928  46.787 0.0000000000
48130  -26.447  -18.223  45.912 0.0000000000
119019  -25.952  -17.903  45.206 0.0000000000
130717  -8.441  -19.952  56.360 0.0000000000
49066  -8.216  -18.858  56.131 0.0000000000
48060  -8.075  -20.073  55.756 0.0000000000
47119  -8.611  -20.133  54.410 0.0000000000
46063  -9.182  -20.667  54.991 0.0000000000
45014  -12.577  -22.292  54.090 0.0000000000
44062  -13.288  -23.099  53.467 0.0000000000
64383  -50.240  -2.411  31.757 0.0000000000
64380  -49.880  -2.890  32.485 0.0000000000
63525  -49.014  -3.881  31.585 0.0000000000
63529  -49.230  -3.515  30.658 0.0000000000
41420  -18.219  -26.975  50.294 0.0000000000
40505  -17.953  -27.267  51.092 0.0000000000
39558  -17.970  -27.946  50.597 0.0000000000
38629  -17.985  -29.076  51.518 0.0000000000
37722  -18.458  -28.758  50.570 0.0000000000
42354  -22.531  -24.975  44.793 0.0000000000
38682  -21.327  -28.247  45.983 0.0000000000
38683  -21.758  -27.971  46.285 0.0000000000
38664  -22.114  -28.046  46.817 0.0000000000
38647  -22.527  -27.958  48.207 0.0000000000
38650  -21.730  -28.444  47.101 0.0000000000
38646  -21.735  -28.304  47.869 0.0000000000
37761  -20.897  -28.904  47.083 0.0000000000
53664  -5.423  -14.023  52.447 0.0000000000
129264  -8.868  -17.141  50.934 0.0000000000
51086  -8.514  -16.701  51.245 0.0000000000
51087  -9.241  -16.631  50.784 0.0000000000
45056  -9.254  -21.525  47.902 0.0000000000
46132  -8.462  -21.142  47.562 0.0000000000
48127  -8.449  -19.093  45.118 0.0000000000
117507  -8.310  -18.875  45.275 0.0000000000
48128  -8.844  -19.060  44.877 0.0000000000
48152  -9.463  -19.675  44.322 0.0000000000
113135  -16.062  -20.221  59.489 0.0000000000
47094  -14.775  -21.195  60.759 0.0000000000
41384  -15.735  -26.423  59.602 0.0000000000
124121  -16.067  -26.074  59.737 0.0000000000
126964  -12.897  -25.278  59.511 0.0000000000
43114  -12.998  -24.337  59.008 0.0000000000
131376  -12.892  -23.820  59.372 0.0000000000
43116  -12.720  -24.290  58.028 0.0000000000
42246  -12.792  -25.284  57.379 0.0000000000
41411  -11.593  -26.560  51.567 0.0000000000
41410  -11.277  -26.872  51.003 0.0000000000
37721  -6.930  -30.146  50.687 0.0000000000
38630  -7.303  -29.710  50.564 0.0000000000
55625  -40.943  -11.624  46.868 0.0000000000
131504  -39.777  -15.567  44.313 0.0000000000
114814  -40.193  -15.238  44.141 0.0000000000
53728  -40.737  -13.371  46.945 0.0000000000
53740  -40.796  -13.301  46.103 0.0000000000
50178  -38.401  -17.462  46.105 0.0000000000
50182  -37.871  -17.357  45.548 0.0000000000
50183  -38.879  -17.212  45.788 0.0000000000
51984  -39.456  -15.879  45.494 0.0000000000
51119  -38.821  -16.290  45.227 0.0000000000
50188  -39.205  -15.842  44.449 0.0000000000
129063  -39.006  -16.564  47.004 0.0000000000
51114  -38.121  -16.554  46.913 0.0000000000
132397  -37.692  -17.764  46.033 0.0000000000
67044  -53.253  0.716  28.188 0.0000000000
67948  -53.838  1.003  28.496 0.0000000000
126619  -48.463  -3.497  27.200 0.0000000000
123825  -49.092  -2.794  27.088 0.0000000000
64409  -50.242  -2.017  26.774 0.0000000000
65274  -50.084  -2.079  25.930 0.0000000000
65279  -49.357  -1.624  25.787 0.0000000000
65280  -50.226  -1.168  25.980 0.0000000000
66174  -50.239  -0.100  26.336 0.0000000000
132925  -50.571  -0.693  26.327 0.0000000000
115966  -52.894  -0.140  27.943 0.0000000000
66170  -52.339  0.154  27.459 0.0000000000
67043  -52.905  0.376  27.818 0.0000000000
67955  -52.883  1.195  27.683 0.0000000000
64322  -41.975  -2.089  37.381 0.0000000000
64299  -42.774  -2.215  37.876 0.0000000000
64298  -41.894  -1.628  38.371 0.0000000000
65147  -42.398  -0.878  40.631 0.0000000000
127834  -42.966  -1.107  40.295 0.0000000000
66018  -43.325  -0.645  40.981 0.0000000000
125074  -35.911  -2.774  38.178 0.0000000000
64293  -36.486  -2.256  37.661 0.0000000000
64319  -38.025  -1.647  37.359 0.0000000000
64318  -37.287  -2.152  37.212 0.0000000000
64342  -37.699  -2.279  36.425 0.0000000000
64343  -38.806  -2.640  36.264 0.0000000000
64345  -40.513  -2.484  36.873 0.0000000000
64321  -41.261  -2.285  37.079 0.0000000000
63430  -42.173  -2.754  36.382 0.0000000000
119070  -13.395  -22.554  49.595 0.0000000000
45041  -13.367  -22.504  48.801 0.0000000000
43187  -13.746  -24.472  46.053 0.0000000000
43201  -13.742  -24.765  45.065 0.0000000000
42343  -13.406  -25.726  44.951 0.0000000000
41469  -12.394  -26.887  45.418 0.0000000000
41478  -12.560  -26.718  44.222 0.0000000000
40592  -11.586  -27.695  43.788 0.0000000000
37715  -16.114  -29.414  53.051 0.0000000000
37712  -16.326  -29.802  53.935 0.0000000000
126740  -15.807  -29.743  53.171 0.0000000000
64240  -36.987  -2.911  44.624 0.0000000000
57838  -39.729  -9.521  43.037 0.0000000000
57845  -39.175  -9.889  42.406 0.0000000000
60738  -37.957  -7.122  43.127 0.0000000000
59875  -37.996  -7.610  42.227 0.0000000000
58910  -37.519  -7.987  41.519 0.0000000000
60743  -37.396  -6.418  41.917 0.0000000000
112895  -37.568  -4.125  44.776 0.0000000000
49083  -31.933  -18.115  54.506 0.0000000000
49089  -32.055  -18.353  53.655 0.0000000000
49182  -32.005  -17.811  46.080 0.0000000000
49171  -31.799  -18.109  46.707 0.0000000000
49181  -31.280  -17.642  45.520 0.0000000000
69843  -51.659  3.636  24.466 0.0000000000
69849  -51.611  3.866  23.524 0.0000000000
71742  -52.916  5.637  24.077 0.0000000000
71754  -52.369  5.372  23.294 0.0000000000
71760  -51.734  5.271  22.228 0.0000000000
115333  -52.842  6.382  22.775 0.0000000000
47112  -9.304  -20.719  56.569 0.0000000000
46052  -9.588  -21.171  57.052 0.0000000000
45005  -10.487  -21.808  57.021 0.0000000000
46057  -10.360  -21.755  56.395 0.0000000000
45011  -11.549  -21.943  55.627 0.0000000000
133157  -49.061  -3.923  32.877 0.0000000000
117889  -48.907  -3.722  33.714 0.0000000000
62608  -43.323  -4.181  32.164 0.0000000000
111771  -45.122  -4.524  32.076 0.0000000000
62623  -43.638  -4.734  31.135 0.0000000000
115916  -44.829  -4.871  30.166 0.0000000000
62610  -45.710  -4.534  31.486 0.0000000000
62612  -47.638  -4.415  32.142 0.0000000000
62600  -48.192  -4.290  32.641 0.0000000000
62613  -48.315  -4.301  31.650 0.0000000000
46122  -18.037  -21.499  48.976 0.0000000000
44091  -18.607  -23.845  48.410 0.0000000000
44087  -18.144  -23.962  48.970 0.0000000000
43155  -18.707  -24.727  48.414 0.0000000000
42277  -18.653  -25.686  48.870 0.0000000000
39636  -20.439  -28.000  45.221 0.0000000000
39635  -19.786  -27.890  44.937 0.0000000000
51914  -5.495  -15.860  53.304 0.0000000000
51070  -5.811  -16.579  53.063 0.0000000000
49104  -7.245  -18.317  51.882 0.0000000000
50146  -7.879  -17.565  51.644 0.0000000000
49105  -7.785  -18.408  51.258 0.0000000000
45084  -9.982  -22.302  44.621 0.0000000000
124851  -9.370  -21.583  42.912 0.0000000000
45090  -9.342  -21.615  43.882 0.0000000000
46154  -8.874  -21.207  42.726 0.0000000000
46161  -8.536  -21.380  41.490 0.0000000000
133409  -17.661  -20.403  58.683 0.0000000000
48050  -17.784  -19.647  58.764 0.0000000000
47103  -17.509  -20.483  59.111 0.0000000000
47102  -16.714  -21.174  59.558 0.0000000000
126048  -16.540  -21.835  59.649 0.0000000000
119428  -13.272  -27.742  58.139 0.0000000000
39530  -12.822  -27.766  57.799 0.0000000000
131347  -12.419  -27.019  57.282 0.0000000000
40489  -12.503  -26.680  57.666 0.0000000000
41389  -12.248  -26.568  56.931 0.0000000000
41388  -11.764  -26.901  56.231 0.0000000000
40493  -10.882  -28.173  54.366 0.0000000000
40494  -11.204  -27.541  54.707 0.0000000000
125994  -11.020  -27.830  53.717 0.0000000000
53778  -40.194  -14.091  40.615 0.0000000000
53770  -39.878  -13.817  41.887 0.0000000000
53751  -40.619  -13.349  43.753 0.0000000000
53757  -40.577  -13.646  43.214 0.0000000000
56728  -40.480  -10.812  44.263 0.0000000000
55659  -40.820  -12.130  43.484 0.0000000000
55648  -40.465  -11.262  43.703 0.0000000000
55658  -40.661  -11.901  42.957 0.0000000000
56737  -40.271  -10.686  43.405 0.0000000000
58883  -40.323  -8.521  44.759 0.0000000000
49213  -37.425  -16.938  43.586 0.0000000000
49125  -35.666  -18.332  50.805 0.0000000000
49124  -34.894  -18.498  50.883 0.0000000000
49139  -35.280  -18.351  50.001 0.0000000000
49153  -37.036  -17.159  49.145 0.0000000000
49174  -34.922  -18.349  47.197 0.0000000000
132430  -35.999  -18.682  47.936 0.0000000000
49165  -35.346  -18.600  48.070 0.0000000000
49164  -34.180  -18.292  47.965 0.0000000000
111206  -33.934  -18.178  47.061 0.0000000000
49173  -32.947  -17.845  46.926 0.0000000000
112211  -33.749  -18.221  46.243 0.0000000000
49193  -33.227  -17.626  44.704 0.0000000000
70733  -54.276  4.877  26.416 0.0000000000
67053  -50.700  0.746  26.349 0.0000000000
67968  -50.561  1.748  25.800 0.0000000000
68879  -50.983  2.491  25.238 0.0000000000
68891  -51.265  3.102  24.911 0.0000000000
133401  -53.693  4.208  26.478 0.0000000000
69834  -52.846  3.988  26.036 0.0000000000
63484  -45.839  -3.537  35.551 0.0000000000
64326  -45.925  -3.162  38.105 0.0000000000
63432  -45.734  -3.200  37.425 0.0000000000
64281  -44.030  -2.231  39.399 0.0000000000
128385  -44.591  -2.444  38.843 0.0000000000
63478  -39.715  -3.479  34.881 0.0000000000
63498  -39.588  -3.721  34.316 0.0000000000
62578  -40.947  -3.653  33.732 0.0000000000
112726  -41.629  -3.547  33.838 0.0000000000
111719  -44.034  -2.904  35.176 0.0000000000
63501  -43.652  -3.305  34.938 0.0000000000
63502  -44.632  -3.279  34.775 0.0000000000
45076  -23.966  -22.212  45.801 0.0000000000
45087  -23.503  -21.884  45.300 0.0000000000
44128  -22.786  -22.624  43.869 0.0000000000
52765  -6.283  -13.709  47.776 0.0000000000
52767  -6.929  -14.077  48.594 0.0000000000
119494  -7.528  -14.350  48.168 0.0000000000
46092  -8.148  -21.238  51.694 0.0000000000
129029  -7.801  -21.126  51.142 0.0000000000
46118  -10.028  -21.434  49.302 0.0000000000
46117  -9.455  -21.525  48.731 0.0000000000
45051  -13.044  -22.348  47.921 0.0000000000
45074  -11.668  -22.545  45.786 0.0000000000
45066  -11.661  -22.374  46.592 0.0000000000
111219  -10.854  -22.351  46.059 0.0000000000
45073  -10.452  -22.387  45.283 0.0000000000
111116  -10.916  -22.561  45.248 0.0000000000
44133  -12.933  -23.216  42.442 0.0000000000
44132  -12.090  -22.747  42.852 0.0000000000
41492  -13.191  -26.335  42.024 0.0000000000
41491  -12.650  -26.852  42.012 0.0000000000
113155  -16.705  -23.241  56.059 0.0000000000
121263  -16.237  -24.917  56.277 0.0000000000
41395  -16.181  -26.292  56.999 0.0000000000
41391  -16.180  -26.208  57.968 0.0000000000
40490  -15.604  -26.906  57.374 0.0000000000
38616  -16.294  -29.134  55.771 0.0000000000
38617  -16.072  -29.485  55.775 0.0000000000
38615  -15.445  -29.478  56.592 0.0000000000
38612  -14.998  -28.895  57.077 0.0000000000
39538  -14.209  -28.600  57.467 0.0000000000
119956  -13.913  -29.444  57.106 0.0000000000
36709  -12.456  -30.168  55.463 0.0000000000
37700  -11.568  -30.133  56.102 0.0000000000
37699  -10.260  -30.393  56.330 0.0000000000
65130  -38.733  -1.016  41.112 0.0000000000
66004  -39.268  -0.767  41.801 0.0000000000
56756  -38.468  -10.640  40.723 0.0000000000
55684  -38.695  -11.623  40.360 0.0000000000
56771  -38.160  -10.969  39.825 0.0000000000
62505  -35.513  -4.785  40.921 0.0000000000
124370  -35.607  -4.449  40.035 0.0000000000
63408  -35.676  -3.811  39.550 0.0000000000
65129  -37.731  -0.914  41.171 0.0000000000
65141  -37.098  -1.205  40.519 0.0000000000
65142  -38.105  -1.085  40.379 0.0000000000
47144  -27.626  -20.042  51.901 0.0000000000
46114  -26.877  -19.962  51.110 0.0000000000
47149  -26.540  -20.606  50.416 0.0000000000
47156  -26.755  -19.675  50.193 0.0000000000
110980  -32.438  -18.773  51.906 0.0000000000
49109  -31.817  -19.142  51.917 0.0000000000
49160  -30.945  -18.282  47.076 0.0000000000
49147  -31.253  -18.973  48.001 0.0000000000
112139  -30.245  -18.520  47.904 0.0000000000
49146  -29.592  -18.738  48.579 0.0000000000
49133  -29.803  -19.142  49.411 0.0000000000
49119  -29.853  -19.205  50.339 0.0000000000
48102  -28.978  -19.153  49.948 0.0000000000
48101  -28.121  -19.077  49.359 0.0000000000
48115  -26.117  -18.916  47.592 0.0000000000
48109  -26.535  -19.049  48.484 0.0000000000
47170  -25.546  -19.180  48.220 0.0000000000
47163  -26.129  -19.795  48.800 0.0000000000
47172  -24.876  -19.906  46.927 0.0000000000
47174  -25.160  -19.850  45.837 0.0000000000
47190  -24.481  -19.073  43.489 0.0000000000
129789  -24.218  -19.817  44.142 0.0000000000
72677  -52.954  6.889  22.562 0.0000000000
72686  -52.378  6.387  21.653 0.0000000000
73528  -52.641  6.970  21.979 0.0000000000
74426  -53.699  8.378  20.964 0.0000000000
51050  -5.823  -16.864  54.574 0.0000000000
50131  -5.928  -17.816  53.810 0.0000000000
50106  -8.107  -17.963  55.831 0.0000000000
50105  -7.261  -17.636  55.249 0.0000000000
48064  -6.941  -19.719  54.464 0.0000000000
49076  -6.751  -19.135  54.611 0.0000000000
47117  -6.822  -19.765  53.600 0.0000000000
47137  -7.888  -20.917  52.562 0.0000000000
47128  -8.328  -20.405  53.454 0.0000000000
111042  -9.320  -21.300  52.611 0.0000000000
46082  -10.284  -21.010  52.655 0.0000000000
46065  -9.984  -21.313  55.016 0.0000000000
46084  -12.236  -20.904  52.819 0.0000000000
47130  -11.519  -20.898  53.378 0.0000000000
46096  -12.560  -21.238  52.004 0.0000000000
46095  -11.859  -20.660  51.617 0.0000000000
117944  -12.713  -21.004  51.316 0.0000000000
46109  -13.039  -21.543  50.754 0.0000000000
44073  -13.516  -23.263  50.991 0.0000000000
43149  -13.395  -25.140  50.281 0.0000000000
65259  -51.157  -1.540  30.137 0.0000000000
118382  -51.620  -1.232  31.047 0.0000000000
66006  -40.977  0.042  41.142 0.0000000000
61717  -46.582  -5.245  29.274 0.0000000000
61733  -47.609  -5.241  28.175 0.0000000000
61742  -47.465  -5.404  27.832 0.0000000000
61743  -48.051  -4.946  27.603 0.0000000000
62649  -48.445  -4.376  27.712 0.0000000000
120203  -48.495  -4.171  28.342 0.0000000000
64394  -50.826  -2.024  29.238 0.0000000000
44063  -16.404  -23.669  53.714 0.0000000000
43129  -16.540  -24.482  53.466 0.0000000000
117042  -16.489  -25.211  54.211 0.0000000000
42257  -16.758  -25.366  53.277 0.0000000000
44074  -16.890  -23.920  51.490 0.0000000000
43144  -17.089  -24.583  51.021 0.0000000000
40502  -17.483  -27.277  52.078 0.0000000000
41409  -17.277  -26.418  52.346 0.0000000000
116476  -16.766  -26.183  52.993 0.0000000000
128102  -17.155  -27.496  52.682 0.0000000000
39550  -16.788  -27.902  52.872 0.0000000000
111744  -17.103  -28.530  52.431 0.0000000000
36754  -17.911  -30.119  51.842 0.0000000000
36747  -18.058  -30.031  51.929 0.0000000000
35839  -17.233  -30.375  51.595 0.0000000000
35837  -16.938  -30.788  50.807 0.0000000000
119004  -16.821  -30.395  50.002 0.0000000000
44102  -24.086  -23.226  46.842 0.0000000000
42315  -23.624  -25.042  47.330 0.0000000000
120068  -24.451  -24.884  47.624 0.0000000000
42303  -25.209  -25.778  47.485 0.0000000000
119027  -25.298  -25.170  48.993 0.0000000000
41480  -22.245  -26.146  45.699 0.0000000000
40582  -22.099  -27.122  45.832 0.0000000000
39587  -23.529  -27.238  47.910 0.0000000000
40544  -23.885  -26.819  47.760 0.0000000000
40531  -24.593  -27.133  48.335 0.0000000000
40532  -25.042  -27.023  48.745 0.0000000000
131239  -24.811  -26.642  49.092 0.0000000000
41415  -23.818  -25.692  51.177 0.0000000000
41425  -23.874  -25.640  49.923 0.0000000000
42280  -22.590  -25.843  49.783 0.0000000000
42279  -21.739  -25.255  49.824 0.0000000000
43152  -21.464  -24.348  49.387 0.0000000000
42290  -21.289  -25.251  48.702 0.0000000000
43158  -20.874  -24.499  48.378 0.0000000000
41440  -21.828  -26.160  48.923 0.0000000000
39566  -20.979  -27.675  48.980 0.0000000000
40509  -20.366  -27.821  49.624 0.0000000000
133845  -19.903  -27.881  50.105 0.0000000000
37727  -20.074  -28.544  49.319 0.0000000000
37769  -19.648  -28.719  46.168 0.0000000000
37758  -19.567  -29.274  46.617 0.0000000000
125414  -18.454  -29.667  47.569 0.0000000000
37743  -19.330  -29.658  47.341 0.0000000000
36775  -19.237  -29.543  48.762 0.0000000000
36788  -18.768  -29.965  48.492 0.0000000000
36774  -18.287  -29.585  49.554 0.0000000000
36787  -17.989  -30.146  48.591 0.0000000000
54634  -5.581  -12.599  51.215 0.0000000000
130524  -5.570  -12.271  50.616 0.0000000000
120653  -5.768  -13.575  50.782 0.0000000000
51921  -5.877  -15.625  52.613 0.0000000000
51934  -6.450  -15.467  51.950 0.0000000000
51948  -8.001  -15.668  51.104 0.0000000000
117219  -6.037  -13.897  50.315 0.0000000000
52749  -6.991  -14.272  49.515 0.0000000000
52732  -8.478  -14.941  50.539 0.0000000000
51088  -9.875  -15.981  50.357 0.0000000000
51962  -10.089  -15.322  49.666 0.0000000000
133876  -10.567  -15.397  49.071 0.0000000000
46103  -7.829  -21.161  50.444 0.0000000000
47145  -7.747  -20.695  49.897 0.0000000000
48095  -7.913  -20.065  49.088 0.0000000000
48096  -8.236  -19.500  49.255 0.0000000000
48088  -8.132  -19.290  50.000 0.0000000000
129370  -8.406  -21.011  46.972 0.0000000000
47171  -8.528  -20.459  46.560 0.0000000000
49168  -9.134  -19.103  46.870 0.0000000000
110539  -8.608  -19.541  47.021 0.0000000000
49141  -8.815  -19.151  48.745 0.0000000000
110529  -9.553  -18.514  48.232 0.0000000000
114466  -11.131  -17.797  47.916 0.0000000000
50166  -11.432  -17.282  48.047 0.0000000000
50174  -11.667  -17.372  47.217 0.0000000000
48040  -12.043  -20.074  59.227 0.0000000000
44054  -16.189  -23.801  57.481 0.0000000000
44055  -16.768  -22.940  57.881 0.0000000000
44051  -16.106  -23.785  58.297 0.0000000000
44048  -15.859  -24.385  59.621 0.0000000000
127424  -16.145  -23.402  59.789 0.0000000000
44998  -16.058  -22.801  60.437 0.0000000000
44046  -15.368  -22.912  61.029 0.0000000000
41381  -14.370  -26.223  60.574 0.0000000000
41380  -13.370  -26.292  60.553 0.0000000000
117186  -13.262  -24.018  60.350 0.0000000000
43109  -13.379  -25.044  60.826 0.0000000000
44044  -13.815  -23.258  60.758 0.0000000000
44996  -14.590  -22.514  61.238 0.0000000000
44995  -13.487  -22.465  60.727 0.0000000000
45000  -11.901  -22.088  59.483 0.0000000000
46045  -11.651  -21.322  59.178 0.0000000000
44999  -11.514  -21.859  58.910 0.0000000000
45002  -11.363  -21.976  58.307 0.0000000000
44056  -12.664  -23.285  56.405 0.0000000000
44058  -13.011  -22.798  55.484 0.0000000000
44057  -13.066  -23.527  55.650 0.0000000000
117204  -12.836  -25.645  56.352 0.0000000000
42249  -12.439  -25.692  55.446 0.0000000000
127336  -12.370  -25.555  53.707 0.0000000000
42252  -12.380  -25.397  54.542 0.0000000000
43127  -12.903  -24.836  53.843 0.0000000000
43126  -13.204  -24.034  54.479 0.0000000000
120505  -12.932  -24.462  52.981 0.0000000000
42259  -12.679  -25.455  52.184 0.0000000000
42274  -11.815  -26.151  50.337 0.0000000000
42275  -12.619  -25.854  49.874 0.0000000000
42287  -11.887  -26.298  49.496 0.0000000000
37714  -8.171  -30.181  52.610 0.0000000000
37709  -9.498  -29.608  52.948 0.0000000000
38618  -9.138  -29.288  52.848 0.0000000000
38619  -9.750  -29.008  53.077 0.0000000000
38624  -8.958  -28.891  52.602 0.0000000000
121273  -8.833  -28.703  51.817 0.0000000000
39552  -9.076  -28.471  52.229 0.0000000000
116966  -9.261  -28.413  51.748 0.0000000000
39557  -9.733  -28.616  50.842 0.0000000000
116771  -9.671  -28.303  49.548 0.0000000000
40517  -10.229  -27.853  49.818 0.0000000000
110567  -10.530  -27.797  47.826 0.0000000000
122757  -11.761  -26.403  48.105 0.0000000000
53716  -41.166  -13.240  47.746 0.0000000000
54665  -41.375  -12.519  48.067 0.0000000000
53703  -41.086  -13.073  48.472 0.0000000000
54658  -40.657  -12.869  49.231 0.0000000000
51985  -39.898  -15.263  45.843 0.0000000000
123462  -40.473  -15.039  45.412 0.0000000000
52811  -40.436  -14.642  46.209 0.0000000000
52803  -40.578  -14.112  46.830 0.0000000000
51117  -39.396  -16.537  46.529 0.0000000000
124318  -39.570  -15.837  46.257 0.0000000000
51112  -39.394  -15.914  48.887 0.0000000000
51115  -39.202  -16.077  47.653 0.0000000000
51972  -40.148  -14.743  49.157 0.0000000000
67039  -53.399  0.385  28.626 0.0000000000
129062  -53.485  0.398  29.139 0.0000000000
64399  -50.549  -2.492  28.314 0.0000000000
63542  -50.158  -2.617  27.449 0.0000000000
65266  -51.037  -1.895  27.182 0.0000000000
65276  -51.396  -1.117  27.293 0.0000000000
66169  -51.495  -0.310  27.152 0.0000000000
64279  -41.899  -1.702  39.428 0.0000000000
64295  -38.029  -1.102  38.028 0.0000000000
115528  -38.898  -1.557  37.656 0.0000000000
64320  -39.650  -2.158  37.369 0.0000000000
43154  -13.747  -24.071  48.809 0.0000000000
43164  -13.787  -24.214  47.874 0.0000000000
42329  -12.812  -26.167  45.603 0.0000000000
35819  -16.608  -30.164  52.013 0.0000000000
35818  -15.765  -30.313  52.429 0.0000000000
111232  -15.570  -30.846  52.129 0.0000000000
113120  -15.382  -31.059  51.488 0.0000000000
59857  -39.437  -7.687  43.852 0.0000000000
58892  -38.853  -8.039  43.422 0.0000000000
59856  -38.486  -7.467  43.565 0.0000000000
129699  -37.572  -6.401  42.971 0.0000000000
61603  -37.913  -5.413  44.305 0.0000000000
62478  -37.634  -4.834  44.921 0.0000000000
49084  -33.350  -17.860  54.079 0.0000000000
48145  -30.602  -17.431  44.742 0.0000000000
70755  -52.605  4.841  24.577 0.0000000000
71743  -53.334  5.458  24.954 0.0000000000
72654  -54.100  6.735  25.161 0.0000000000
127656  -9.941  -20.110  57.720 0.0000000000
47109  -9.839  -20.827  57.757 0.0000000000
46053  -10.027  -21.455  57.465 0.0000000000
121284  -47.985  -4.290  33.396 0.0000000000
62584  -48.192  -4.190  33.956 0.0000000000
62596  -43.975  -3.941  32.727 0.0000000000
134274  -44.735  -4.183  32.604 0.0000000000
62597  -45.479  -4.197  32.845 0.0000000000
127897  -45.857  -4.462  32.330 0.0000000000
62599  -47.318  -4.283  33.020 0.0000000000
46127  -18.436  -21.752  48.244 0.0000000000
46133  -18.815  -21.990  47.893 0.0000000000
44097  -18.761  -23.257  47.978 0.0000000000
44092  -19.407  -24.051  47.952 0.0000000000
46113  -26.497  -21.313  51.148 0.0000000000
52785  -9.039  -14.772  47.352 0.0000000000
52798  -9.208  -14.690  46.470 0.0000000000
50136  -6.140  -17.379  52.964 0.0000000000
45092  -10.332  -22.364  43.679 0.0000000000
45091  -9.918  -22.148  43.812 0.0000000000
45099  -9.311  -21.664  42.053 0.0000000000
47107  -17.612  -21.173  58.627 0.0000000000
38609  -11.816  -29.302  56.618 0.0000000000
39536  -11.710  -28.403  56.855 0.0000000000
39535  -11.114  -28.381  56.362 0.0000000000
40488  -11.470  -27.504  56.295 0.0000000000
40491  -10.789  -28.136  55.290 0.0000000000
133027  -10.458  -28.470  54.056 0.0000000000
112833  -40.831  -12.099  45.321 0.0000000000
54695  -40.692  -12.567  43.987 0.0000000000
55642  -40.675  -11.230  44.898 0.0000000000
56717  -40.455  -10.068  44.281 0.0000000000
57822  -40.760  -9.701  44.665 0.0000000000
50197  -38.257  -16.225  43.053 0.0000000000
49177  -37.009  -17.682  47.174 0.0000000000
49166  -36.418  -18.168  47.830 0.0000000000
49176  -36.489  -18.266  46.797 0.0000000000
49175  -35.669  -18.309  46.522 0.0000000000
49185  -34.415  -17.937  45.669 0.0000000000
67963  -51.850  1.574  26.466 0.0000000000
67970  -51.895  2.338  26.189 0.0000000000
68881  -51.869  3.047  25.952 0.0000000000
69828  -53.499  3.499  26.738 0.0000000000
63458  -45.113  -2.714  36.035 0.0000000000
63480  -41.519  -3.344  35.525 0.0000000000
112435  -41.682  -3.512  35.160 0.0000000000
128283  -42.096  -3.514  35.098 0.0000000000
62565  -42.197  -3.453  34.443 0.0000000000
122901  -43.360  -3.131  35.440 0.0000000000
45094  -23.375  -21.492  43.746 0.0000000000
127382  -7.485  -14.400  49.034 0.0000000000
45068  -13.340  -23.016  45.849 0.0000000000
45067  -12.699  -22.539  46.203 0.0000000000
44117  -11.197  -22.604  44.549 0.0000000000
44126  -12.918  -23.025  43.422 0.0000000000
43246  -13.427  -24.579  41.623 0.0000000000
42372  -13.495  -25.323  40.978 0.0000000000
42253  -15.931  -24.970  55.199 0.0000000000
42250  -15.861  -25.587  55.803 0.0000000000
41399  -15.777  -26.433  55.976 0.0000000000
127519  -15.651  -27.191  56.648 0.0000000000
117473  -15.014  -31.109  55.076 0.0000000000
37707  -14.971  -30.362  55.362 0.0000000000
36716  -14.288  -30.870  55.378 0.0000000000
37701  -13.948  -30.315  56.084 0.0000000000
37695  -13.506  -30.336  56.875 0.0000000000
36710  -13.198  -30.422  55.380 0.0000000000
35794  -12.914  -30.489  55.072 0.0000000000
117002  -37.528  -0.788  41.857 0.0000000000
65988  -38.605  -0.091  42.424 0.0000000000
57849  -37.460  -9.188  40.612 0.0000000000
110582  -36.005  -4.344  42.168 0.0000000000
63393  -36.012  -3.366  42.067 0.0000000000
63401  -36.181  -2.960  41.068 0.0000000000
63409  -36.286  -2.628  40.208 0.0000000000
65128  -36.899  -1.303  41.547 0.0000000000
48078  -28.584  -19.274  52.533 0.0000000000
48084  -27.852  -19.191  51.198 0.0000000000
111212  -34.045  -18.478  50.961 0.0000000000
49110  -33.333  -18.516  51.109 0.0000000000
49122  -32.839  -18.607  50.648 0.0000000000
111104  -32.311  -18.726  50.283 0.0000000000
126121  -29.348  -17.684  46.396 0.0000000000
49158  -28.740  -17.862  47.154 0.0000000000
48117  -28.266  -18.792  47.649 0.0000000000
48116  -27.223  -19.029  47.572 0.0000000000
48122  -26.083  -18.676  46.623 0.0000000000
48121  -25.453  -19.014  46.361 0.0000000000
130692  -24.944  -18.865  44.325 0.0000000000
71759  -51.039  4.386  21.962 0.0000000000
49065  -7.498  -18.748  55.380 0.0000000000
130597  -9.103  -20.747  53.929 0.0000000000
46074  -11.116  -21.487  54.066 0.0000000000
45019  -12.631  -21.785  53.250 0.0000000000
46085  -12.931  -21.708  52.568 0.0000000000
45024  -13.400  -22.400  52.294 0.0000000000
44067  -13.633  -23.286  52.014 0.0000000000
43136  -13.481  -24.215  51.474 0.0000000000
65252  -50.567  -1.811  30.969 0.0000000000
65247  -50.919  -1.783  31.804 0.0000000000
61704  -47.336  -4.648  30.466 0.0000000000
61718  -47.378  -5.186  29.616 0.0000000000
62636  -48.174  -4.844  29.983 0.0000000000
62647  -48.253  -4.379  29.065 0.0000000000
63540  -48.683  -3.705  28.947 0.0000000000
120019  -49.676  -2.896  30.039 0.0000000000
123950  -16.799  -23.831  52.270 0.0000000000
42270  -17.349  -25.452  50.768 0.0000000000
41412  -17.253  -26.078  51.203 0.0000000000
41413  -17.558  -26.618  51.667 0.0000000000
39555  -17.859  -28.887  51.830 0.0000000000
36748  -17.998  -29.622  51.778 0.0000000000
36761  -17.526  -29.727  51.293 0.0000000000
43188  -22.815  -24.096  46.116 0.0000000000
119300  -23.063  -24.778  46.704 0.0000000000
42331  -23.110  -25.413  46.918 0.0000000000
39638  -21.682  -27.765  45.912 0.0000000000
40568  -22.197  -27.382  46.406 0.0000000000
39621  -21.911  -27.753  46.310 0.0000000000
39586  -22.666  -27.579  47.353 0.0000000000
39576  -23.758  -27.007  48.512 0.0000000000
40512  -23.440  -26.223  49.429 0.0000000000
38642  -22.970  -27.448  48.745 0.0000000000
39568  -22.906  -27.061  49.311 0.0000000000
40510  -22.330  -26.836  49.156 0.0000000000
39567  -22.172  -27.378  49.100 0.0000000000
38640  -21.411  -28.385  48.473 0.0000000000
37768  -18.808  -28.900  46.404 0.0000000000
37742  -17.696  -29.647  47.334 0.0000000000
36797  -17.859  -29.893  47.999 0.0000000000
51096  -10.238  -16.760  49.761 0.0000000000
116290  -8.298  -21.046  48.905 0.0000000000
48126  -8.822  -19.572  45.757 0.0000000000
48119  -8.747  -19.325  46.080 0.0000000000
49169  -9.868  -18.534  46.710 0.0000000000
110562  -10.689  -18.290  46.012 0.0000000000
121162  -16.401  -25.247  58.566 0.0000000000
43115  -16.209  -24.609  58.663 0.0000000000
42241  -16.200  -25.198  59.330 0.0000000000
42240  -15.724  -25.612  60.144 0.0000000000
43111  -15.306  -24.799  60.325 0.0000000000
128362  -12.834  -26.371  59.897 0.0000000000
41379  -13.092  -25.770  60.627 0.0000000000
42239  -12.873  -25.740  60.227 0.0000000000
115753  -13.016  -24.023  60.009 0.0000000000
125971  -12.535  -23.371  60.127 0.0000000000
44047  -12.451  -23.366  59.818 0.0000000000
45007  -11.932  -22.602  58.122 0.0000000000
41402  -11.589  -26.487  54.627 0.0000000000
42251  -11.873  -25.956  54.847 0.0000000000
42258  -12.250  -26.094  53.105 0.0000000000
133596  -12.501  -25.743  52.527 0.0000000000
42261  -12.210  -26.068  52.052 0.0000000000
41418  -11.475  -26.427  50.690 0.0000000000
38626  -7.844  -29.572  51.837 0.0000000000
38627  -8.502  -28.988  52.103 0.0000000000
38631  -7.784  -29.541  50.873 0.0000000000
39556  -8.322  -29.182  50.250 0.0000000000
40529  -9.572  -28.208  48.295 0.0000000000
51134  -39.180  -15.775  42.441 0.0000000000
51997  -39.764  -15.387  42.394 0.0000000000
51991  -40.218  -15.056  43.194 0.0000000000
52822  -40.187  -13.947  44.569 0.0000000000
52821  -40.420  -14.379  45.415 0.0000000000
53739  -40.439  -13.542  45.280 0.0000000000
54679  -40.726  -12.829  45.554 0.0000000000
56701  -41.018  -10.776  46.407 0.0000000000
126161  -36.641  -17.669  45.141 0.0000000000
113797  -37.092  -17.442  44.908 0.0000000000
50186  -37.510  -17.098  44.862 0.0000000000
49198  -38.002  -17.393  44.025 0.0000000000
50187  -38.334  -16.846  43.843 0.0000000000
50207  -39.150  -15.981  43.337 0.0000000000
50171  -37.622  -16.815  49.151 0.0000000000
51111  -38.634  -16.388  48.666 0.0000000000
50172  -38.055  -16.812  48.246 0.0000000000
50176  -37.472  -16.979  47.527 0.0000000000
67957  -54.234  1.771  28.317 0.0000000000
63547  -49.018  -3.204  26.011 0.0000000000
63556  -48.771  -3.103  25.879 0.0000000000
64415  -48.337  -2.416  25.648 0.0000000000
130530  -48.849  -2.096  25.741 0.0000000000
67054  -51.631  0.634  26.734 0.0000000000
64324  -43.479  -2.555  37.451 0.0000000000
129814  -42.678  -1.549  39.731 0.0000000000
65166  -43.456  -1.587  39.868 0.0000000000
64317  -36.646  -2.434  36.844 0.0000000000
122415  -37.653  -3.031  34.912 0.0000000000
63452  -39.085  -3.226  35.538 0.0000000000
63454  -40.569  -2.919  36.125 0.0000000000
127241  -12.318  -21.389  50.143 0.0000000000
45039  -12.130  -21.789  49.402 0.0000000000
45040  -13.045  -22.107  49.275 0.0000000000
125500  -13.379  -22.777  47.374 0.0000000000
44096  -13.608  -23.441  47.207 0.0000000000
45058  -13.370  -22.874  46.647 0.0000000000
122255  -13.663  -23.758  45.470 0.0000000000
125052  -13.691  -24.437  44.219 0.0000000000
117745  -13.593  -25.335  42.920 0.0000000000
42352  -13.483  -25.476  43.548 0.0000000000
115835  -12.704  -26.661  43.537 0.0000000000
40593  -12.189  -27.224  43.270 0.0000000000
112856  -16.534  -28.527  54.244 0.0000000000
40497  -16.300  -27.691  54.784 0.0000000000
37711  -16.393  -29.798  54.680 0.0000000000
36727  -15.948  -30.536  54.423 0.0000000000
35810  -15.266  -30.279  53.170 0.0000000000
35804  -15.201  -30.970  53.921 0.0000000000
36726  -15.383  -30.918  54.476 0.0000000000
36725  -14.641  -31.094  54.667 0.0000000000
65108  -36.940  -1.177  43.810 0.0000000000
65099  -36.887  -1.191  44.811 0.0000000000
56745  -39.483  -10.740  42.201 0.0000000000
56744  -38.774  -10.295  41.594 0.0000000000
57844  -38.288  -9.447  41.878 0.0000000000
58901  -38.380  -8.260  42.837 0.0000000000
58911  -37.935  -8.560  42.027 0.0000000000
126080  -37.731  -8.938  41.278 0.0000000000
58920  -37.158  -8.451  40.893 0.0000000000
59883  -36.846  -7.723  40.978 0.0000000000
59873  -36.943  -6.868  41.209 0.0000000000
111661  -36.622  -6.093  41.396 0.0000000000
125991  -36.978  -5.689  41.913 0.0000000000
61615  -37.103  -5.496  42.644 0.0000000000
122719  -36.628  -4.715  42.597 0.0000000000
63388  -36.341  -3.810  43.023 0.0000000000
111531  -31.242  -18.847  54.025 0.0000000000
111207  -32.722  -18.543  47.745 0.0000000000
111209  -32.654  -18.700  48.504 0.0000000000
49161  -31.673  -18.554  47.311 0.0000000000
48134  -30.399  -17.772  46.333 0.0000000000
113186  -30.227  -17.582  45.497 0.0000000000
132528  -29.773  -17.672  45.901 0.0000000000
126373  -28.199  -17.580  45.523 0.0000000000
112071  -27.560  -17.789  44.391 0.0000000000
70762  -52.056  4.364  23.085 0.0000000000
70767  -51.582  4.576  22.408 0.0000000000
132007  -51.345  4.850  22.046 0.0000000000
72685  -52.115  5.828  21.866 0.0000000000
72666  -53.351  6.747  23.361 0.0000000000
47111  -8.711  -20.384  56.172 0.0000000000
46059  -9.205  -20.822  55.772 0.0000000000
46060  -10.058  -21.554  55.834 0.0000000000
63523  -49.288  -3.653  32.318 0.0000000000
128608  -49.504  -3.401  33.071 0.0000000000
124508  -49.237  -3.508  34.435 0.0000000000
62624  -46.526  -4.494  30.943 0.0000000000
126566  -47.956  -4.365  30.820 0.0000000000
46110  -17.291  -21.566  50.346 0.0000000000
122323  -17.435  -22.540  50.356 0.0000000000
129749  -17.544  -23.170  50.315 0.0000000000
45043  -18.103  -22.316  48.886 0.0000000000
132605  -18.006  -23.440  49.299 0.0000000000
123780  -17.405  -24.285  50.264 0.0000000000
42271  -17.959  -25.548  49.923 0.0000000000
111542  -18.404  -26.421  49.615 0.0000000000
39563  -18.606  -27.487  50.268 0.0000000000
41493  -21.764  -25.787  42.940 0.0000000000
40611  -21.156  -26.132  43.682 0.0000000000
40595  -21.546  -26.801  44.601 0.0000000000
39659  -21.257  -27.420  44.825 0.0000000000
39637  -21.050  -28.121  45.439 0.0000000000
38705  -21.017  -28.382  45.771 0.0000000000
38662  -20.929  -28.632  46.311 0.0000000000
38681  -20.621  -28.598  46.063 0.0000000000
38679  -19.613  -28.309  45.713 0.0000000000
52701  -5.453  -14.475  53.335 0.0000000000
51077  -6.452  -17.003  52.544 0.0000000000
50152  -8.501  -17.714  51.139 0.0000000000
45064  -9.981  -21.624  46.717 0.0000000000
45071  -9.720  -21.469  46.177 0.0000000000
125471  -9.331  -21.374  45.607 0.0000000000
46138  -8.664  -20.977  45.278 0.0000000000
117870  -8.623  -20.355  44.956 0.0000000000
47179  -8.865  -20.204  44.585 0.0000000000
47180  -9.181  -20.296  44.063 0.0000000000
111940  -16.962  -20.208  59.504 0.0000000000
124975  -16.056  -21.048  59.859 0.0000000000
39527  -14.188  -27.665  58.584 0.0000000000
40483  -14.112  -27.176  59.343 0.0000000000
39526  -13.500  -27.551  58.830 0.0000000000
40482  -13.250  -27.098  59.614 0.0000000000
40481  -12.857  -26.851  59.414 0.0000000000
39529  -12.350  -27.632  57.399 0.0000000000
40485  -12.641  -27.068  58.201 0.0000000000
41394  -12.298  -26.160  56.839 0.0000000000
41393  -11.942  -26.518  56.157 0.0000000000
41396  -11.463  -26.866  55.078 0.0000000000
41404  -11.147  -27.134  53.278 0.0000000000
40501  -10.322  -27.659  51.924 0.0000000000
128545  -39.056  -13.744  41.007 0.0000000000
51998  -40.195  -14.944  42.351 0.0000000000
53762  -40.293  -13.775  42.487 0.0000000000
54705  -40.824  -12.809  43.306 0.0000000000
53761  -40.490  -13.183  42.709 0.0000000000
54717  -40.165  -12.718  42.512 0.0000000000
55672  -39.856  -12.131  42.328 0.0000000000
55671  -39.588  -11.540  42.072 0.0000000000
57830  -39.876  -9.275  43.668 0.0000000000
57831  -40.186  -9.687  43.973 0.0000000000
58894  -40.116  -8.927  44.147 0.0000000000
58893  -39.604  -8.435  43.790 0.0000000000
59848  -39.795  -7.395  44.536 0.0000000000
49111  -34.641  -18.440  51.596 0.0000000000
111211  -34.340  -18.575  50.222 0.0000000000
132067  -33.888  -18.526  49.637 0.0000000000
49152  -36.334  -17.475  48.841 0.0000000000
113748  -35.923  -17.931  49.396 0.0000000000
49150  -34.716  -18.507  48.651 0.0000000000
111208  -33.953  -18.325  48.914 0.0000000000
49149  -33.275  -18.504  48.322 0.0000000000
49172  -32.294  -18.005  46.369 0.0000000000
49183  -32.545  -17.880  45.597 0.0000000000
49184  -33.470  -17.993  45.574 0.0000000000
67987  -49.192  2.211  24.645 0.0000000000
69844  -52.172  4.048  25.076 0.0000000000
130376  -52.102  3.491  25.726 0.0000000000
70744  -52.975  4.736  25.422 0.0000000000
62566  -46.332  -4.030  34.315 0.0000000000
63505  -47.228  -4.258  34.904 0.0000000000
63504  -46.573  -4.183  34.923 0.0000000000
63485  -46.698  -3.745  35.621 0.0000000000
112680  -44.488  -2.455  37.946 0.0000000000
63514  -43.126  -3.323  34.299 0.0000000000
62579  -43.566  -3.495  33.442 0.0000000000
63516  -45.301  -3.542  34.160 0.0000000000
127413  -24.944  -21.152  46.936 0.0000000000
125486  -24.643  -21.780  47.683 0.0000000000
46137  -24.156  -22.119  47.026 0.0000000000
45069  -24.122  -22.582  46.445 0.0000000000
44109  -24.040  -22.928  46.018 0.0000000000
45086  -23.124  -22.084  44.579 0.0000000000
111391  -23.205  -23.034  44.795 0.0000000000
44120  -23.418  -23.355  45.662 0.0000000000
114168  -22.495  -24.288  44.566 0.0000000000
42353  -22.358  -24.768  43.781 0.0000000000
41494  -22.164  -25.451  43.346 0.0000000000
130003  -6.866  -14.062  47.865 0.0000000000
52786  -10.216  -14.915  47.794 0.0000000000
47136  -7.328  -20.378  52.119 0.0000000000
133400  -7.570  -20.762  51.389 0.0000000000
124200  -8.186  -21.268  50.100 0.0000000000
46105  -8.755  -20.959  50.318 0.0000000000
46116  -8.400  -21.213  49.500 0.0000000000
126392  -8.697  -21.383  48.995 0.0000000000
115304  -9.922  -21.609  47.407 0.0000000000
45049  -11.346  -21.815  48.621 0.0000000000
45057  -10.719  -21.743  47.984 0.0000000000
132079  -10.391  -21.707  47.579 0.0000000000
113758  -10.403  -21.933  45.963 0.0000000000
110603  -10.702  -22.537  44.129 0.0000000000
45093  -11.105  -22.542  43.231 0.0000000000
45101  -11.381  -22.568  42.303 0.0000000000
131292  -16.716  -25.280  56.957 0.0000000000
43120  -16.765  -24.896  57.203 0.0000000000
42245  -16.448  -25.433  57.949 0.0000000000
41387  -16.166  -26.453  59.054 0.0000000000
41386  -15.667  -26.727  58.897 0.0000000000
39547  -16.219  -28.469  55.326 0.0000000000
39545  -16.614  -28.776  56.568 0.0000000000
40492  -16.681  -28.455  57.065 0.0000000000
115014  -16.435  -29.408  56.795 0.0000000000
39544  -16.903  -29.088  57.254 0.0000000000
39540  -16.519  -28.689  57.256 0.0000000000
39539  -15.655  -28.321  57.505 0.0000000000
39533  -15.359  -27.509  58.355 0.0000000000
40486  -14.734  -27.482  58.670 0.0000000000
39537  -13.274  -28.683  57.499 0.0000000000
38610  -12.705  -29.730  57.164 0.0000000000
37694  -12.961  -30.327  57.037 0.0000000000
37693  -10.742  -30.092  56.409 0.0000000000
37692  -9.910  -30.005  56.447 0.0000000000
37697  -9.237  -30.206  55.970 0.0000000000
65144  -40.205  -1.121  40.082 0.0000000000
65131  -39.729  -1.020  40.995 0.0000000000
123913  -35.482  -3.659  38.726 0.0000000000
63417  -36.182  -3.064  39.008 0.0000000000
64273  -36.397  -2.331  39.424 0.0000000000
65159  -36.733  -1.836  39.954 0.0000000000
64274  -37.012  -1.625  39.196 0.0000000000
65161  -38.718  -1.103  39.600 0.0000000000
121403  -28.272  -19.752  52.846 0.0000000000
124055  -27.166  -20.437  52.403 0.0000000000
129151  -25.483  -20.428  49.116 0.0000000000
111214  -33.037  -18.450  53.417 0.0000000000
49099  -33.493  -18.439  52.717 0.0000000000
128057  -32.859  -18.621  52.499 0.0000000000
110876  -31.206  -19.041  52.274 0.0000000000
48080  -30.420  -19.166  52.204 0.0000000000
111210  -31.900  -18.604  48.768 0.0000000000
49135  -31.717  -18.666  49.621 0.0000000000
112812  -30.486  -18.711  48.764 0.0000000000
113716  -31.462  -18.792  50.563 0.0000000000
49120  -30.647  -18.868  50.775 0.0000000000
48094  -28.875  -18.810  51.118 0.0000000000
129913  -27.196  -19.053  49.137 0.0000000000
48100  -27.280  -19.006  49.899 0.0000000000
47162  -25.049  -20.028  48.623 0.0000000000
46135  -24.584  -20.804  47.841 0.0000000000
123027  -24.864  -20.710  46.238 0.0000000000
47181  -24.747  -19.754  44.969 0.0000000000
46156  -24.036  -20.678  44.885 0.0000000000
72690  -52.003  6.742  21.104 0.0000000000
73545  -52.614  7.412  20.476 0.0000000000
51049  -5.317  -16.666  54.124 0.0000000000
48071  -6.604  -19.252  53.127 0.0000000000
50104  -6.466  -17.425  54.770 0.0000000000
50122  -6.651  -18.219  54.739 0.0000000000
49075  -6.210  -18.492  54.153 0.0000000000
47126  -6.945  -19.841  52.792 0.0000000000
117711  -8.452  -21.184  52.919 0.0000000000
46081  -8.506  -21.285  52.474 0.0000000000
114678  -8.833  -21.278  51.979 0.0000000000
46107  -10.662  -20.781  51.002 0.0000000000
112728  -9.632  -21.087  54.279 0.0000000000
47129  -10.720  -20.982  53.439 0.0000000000
44080  -13.577  -23.174  50.097 0.0000000000
127352  -51.616  -1.234  29.383 0.0000000000
125451  -52.291  -0.565  30.215 0.0000000000
65132  -40.745  -0.753  40.607 0.0000000000
65133  -41.744  -0.526  40.864 0.0000000000
60847  -45.798  -6.635  28.149 0.0000000000
117315  -46.500  -6.889  28.086 0.0000000000
61732  -47.157  -5.447  28.751 0.0000000000
60859  -46.640  -6.718  27.848 0.0000000000
60870  -47.061  -6.206  27.768 0.0000000000
126726  -47.061  -5.037  27.439 0.0000000000
61761  -46.732  -4.764  26.716 0.0000000000
62651  -48.102  -4.648  27.138 0.0000000000
133372  -48.752  -3.656  27.749 0.0000000000
123506  -49.283  -3.297  28.750 0.0000000000
63541  -49.879  -3.206  28.183 0.0000000000
42263  -17.249  -25.232  51.592 0.0000000000
118320  -17.269  -25.096  52.090 0.0000000000
43132  -16.910  -24.679  52.583 0.0000000000
41406  -16.741  -26.727  53.486 0.0000000000
113349  -16.749  -27.780  53.823 0.0000000000
39551  -16.567  -28.363  53.199 0.0000000000
38625  -16.593  -28.847  52.696 0.0000000000
37716  -16.942  -29.346  52.390 0.0000000000
38628  -17.750  -29.018  52.088 0.0000000000
36737  -17.221  -29.636  52.227 0.0000000000
36746  -16.851  -30.076  51.971 0.0000000000
35828  -17.183  -30.575  51.283 0.0000000000
35845  -16.072  -30.473  50.304 0.0000000000
45062  -24.500  -22.761  47.583 0.0000000000
132462  -24.804  -23.325  47.969 0.0000000000
44095  -24.823  -23.611  48.903 0.0000000000
43176  -24.005  -24.127  47.250 0.0000000000
120417  -25.211  -24.005  47.917 0.0000000000
125937  -25.309  -24.391  49.288 0.0000000000
43148  -24.878  -25.152  50.699 0.0000000000
41481  -22.696  -25.744  46.312 0.0000000000
41470  -22.989  -26.120  46.995 0.0000000000
40569  -22.751  -26.894  46.911 0.0000000000
40557  -23.582  -26.502  47.282 0.0000000000
41448  -24.843  -26.462  47.313 0.0000000000
41441  -25.205  -26.519  48.090 0.0000000000
42273  -24.461  -25.553  50.151 0.0000000000
42266  -24.304  -25.425  51.681 0.0000000000
42265  -23.907  -25.312  51.790 0.0000000000
42264  -23.497  -25.262  51.370 0.0000000000
41424  -23.316  -25.714  50.145 0.0000000000
42272  -22.628  -25.209  50.465 0.0000000000
44088  -21.553  -23.506  49.387 0.0000000000
44093  -20.446  -23.760  47.967 0.0000000000
124947  -20.247  -24.536  48.020 0.0000000000
43156  -19.671  -25.018  47.997 0.0000000000
40519  -21.505  -27.190  48.831 0.0000000000
41430  -21.095  -26.833  48.558 0.0000000000
42278  -19.785  -25.862  48.377 0.0000000000
40508  -19.639  -27.697  49.997 0.0000000000
39564  -18.862  -28.084  50.304 0.0000000000
37760  -20.603  -29.155  46.919 0.0000000000
37746  -20.725  -29.212  47.421 0.0000000000
37735  -20.514  -29.545  47.879 0.0000000000
37744  -19.947  -29.814  47.513 0.0000000000
125761  -20.041  -29.534  48.302 0.0000000000
37726  -19.299  -28.939  50.066 0.0000000000
37725  -18.337  -29.022  50.753 0.0000000000
36762  -17.945  -29.273  50.674 0.0000000000
35846  -17.300  -30.214  50.129 0.0000000000
36786  -17.301  -30.262  48.531 0.0000000000
35852  -17.344  -30.308  49.261 0.0000000000
36772  -16.759  -30.515  49.092 0.0000000000
53680  -5.505  -13.438  49.844 0.0000000000
52715  -5.563  -14.158  51.702 0.0000000000
129496  -6.098  -14.034  51.222 0.0000000000
126831  -8.745  -14.679  49.956 0.0000000000
52770  -10.216  -14.888  48.857 0.0000000000
52771  -10.861  -15.272  48.387 0.0000000000
48081  -7.359  -19.914  51.385 0.0000000000
49113  -7.619  -19.303  50.672 0.0000000000
49114  -9.108  -18.500  50.033 0.0000000000
46131  -8.221  -20.785  47.328 0.0000000000
47165  -8.181  -20.441  47.702 0.0000000000
48112  -8.294  -19.873  47.718 0.0000000000
48103  -8.265  -19.632  48.438 0.0000000000
50159  -9.935  -17.867  49.879 0.0000000000
50160  -10.426  -17.361  49.251 0.0000000000
50173  -10.525  -17.980  48.331 0.0000000000
51105  -10.730  -16.692  49.036 0.0000000000
51106  -11.330  -16.739  48.414 0.0000000000
51974  -11.382  -15.913  47.926 0.0000000000
50175  -12.089  -16.608  46.913 0.0000000000
50177  -12.292  -17.116  46.549 0.0000000000
50180  -12.754  -17.184  46.003 0.0000000000
49179  -11.363  -18.089  45.296 0.0000000000
47106  -11.487  -20.238  58.820 0.0000000000
45008  -17.108  -22.424  57.549 0.0000000000
46051  -17.405  -21.916  58.167 0.0000000000
46048  -17.170  -22.117  58.732 0.0000000000
44052  -16.600  -23.490  59.303 0.0000000000
45001  -17.146  -22.870  59.133 0.0000000000
46047  -16.784  -22.334  59.381 0.0000000000
46044  -16.349  -22.297  60.248 0.0000000000
47095  -15.625  -21.459  60.767 0.0000000000
40480  -14.757  -26.530  59.878 0.0000000000
42238  -15.014  -25.720  60.623 0.0000000000
43110  -14.405  -24.960  60.672 0.0000000000
111390  -14.835  -23.943  60.498 0.0000000000
133072  -15.324  -22.265  61.282 0.0000000000
47093  -13.693  -21.006  60.394 0.0000000000
47092  -12.766  -20.915  59.855 0.0000000000
44994  -12.453  -22.512  60.189 0.0000000000
47098  -11.973  -20.681  59.349 0.0000000000
47097  -11.448  -20.781  58.879 0.0000000000
47105  -10.916  -20.561  58.494 0.0000000000
46054  -10.705  -21.643  57.792 0.0000000000
112684  -12.165  -22.498  56.085 0.0000000000
45015  -13.194  -22.652  54.801 0.0000000000
129716  -13.205  -25.019  56.494 0.0000000000
43122  -12.698  -24.960  55.158 0.0000000000
43123  -13.124  -24.240  55.279 0.0000000000
44061  -13.224  -23.294  54.220 0.0000000000
125187  -13.232  -23.654  52.857 0.0000000000
43131  -13.270  -24.289  52.284 0.0000000000
43142  -13.206  -25.053  51.096 0.0000000000
42262  -12.651  -25.639  51.495 0.0000000000
42288  -12.751  -25.844  49.022 0.0000000000
133186  -12.134  -26.014  47.890 0.0000000000
130768  -9.491  -30.544  55.925 0.0000000000
36719  -9.196  -30.152  52.810 0.0000000000
37705  -10.241  -29.570  54.856 0.0000000000
129931  -10.127  -28.930  54.217 0.0000000000
39546  -10.198  -28.605  53.274 0.0000000000
39549  -9.817  -28.444  52.638 0.0000000000
40498  -10.366  -28.236  53.024 0.0000000000
39561  -8.689  -28.760  49.643 0.0000000000
39562  -9.359  -28.446  50.068 0.0000000000
40506  -9.877  -27.958  50.336 0.0000000000
40504  -10.677  -27.348  51.192 0.0000000000
41426  -11.082  -27.163  50.037 0.0000000000
125981  -11.530  -26.677  49.630 0.0000000000
40530  -10.552  -27.933  48.664 0.0000000000
41438  -11.235  -27.353  49.184 0.0000000000
112296  -11.756  -26.595  48.812 0.0000000000
41447  -12.132  -26.297  47.473 0.0000000000
127066  -12.098  -26.752  46.930 0.0000000000
40591  -10.856  -28.205  44.094 0.0000000000
35811  -15.828  -29.841  52.719 0.0000000000
35827  -16.183  -30.524  51.598 0.0000000000
35838  -17.152  -30.683  50.868 0.0000000000
35840  -17.578  -29.695  50.394 0.0000000000
36706  -13.387  -30.008  56.011 0.0000000000
36715  -13.647  -30.829  55.125 0.0000000000
36799  -19.423  -29.990  47.852 0.0000000000
37703  -15.419  -29.627  55.844 0.0000000000
37706  -9.951  -29.966  55.351 0.0000000000
37708  -15.609  -30.006  55.354 0.0000000000
37713  -16.310  -29.237  53.268 0.0000000000
37718  -17.983  -29.608  52.122 0.0000000000
37719  -18.050  -29.519  51.965 0.0000000000
37736  -21.194  -28.722  47.395 0.0000000000
37745  -20.385  -29.619  47.442 0.0000000000
37771  -20.490  -28.935  46.509 0.0000000000
38621  -16.499  -29.332  54.132 0.0000000000
38637  -20.414  -28.191  49.648 0.0000000000
38651  -22.333  -28.016  47.542 0.0000000000
38680  -20.233  -28.496  45.924 0.0000000000
39559  -17.974  -28.538  50.878 0.0000000000
39565  -20.163  -28.041  50.050 0.0000000000
39569  -23.643  -26.728  49.055 0.0000000000
39573  -21.860  -28.104  49.149 0.0000000000
39604  -22.285  -27.641  46.719 0.0000000000
39605  -22.928  -27.233  47.278 0.0000000000
39620  -21.294  -28.139  45.709 0.0000000000
40513  -24.271  -26.256  49.264 0.0000000000
40514  -24.455  -26.008  49.685 0.0000000000
41423  -22.945  -26.061  49.922 0.0000000000
41428  -19.156  -26.534  48.860 0.0000000000
41429  -20.149  -26.749  48.711 0.0000000000
41431  -24.667  -26.375  49.307 0.0000000000
41439  -20.882  -25.994  48.518 0.0000000000
41458  -24.122  -25.890  47.239 0.0000000000
42267  -24.518  -25.448  51.241 0.0000000000
42281  -25.090  -25.416  49.559 0.0000000000
42291  -25.230  -25.728  48.257 0.0000000000
43130  -12.979  -24.944  52.461 0.0000000000
43145  -17.536  -24.875  50.296 0.0000000000
43159  -25.219  -24.421  48.608 0.0000000000
43165  -25.011  -24.182  47.421 0.0000000000
43202  -23.021  -23.900  45.085 0.0000000000
44082  -17.714  -23.703  49.813 0.0000000000
44118  -12.296  -22.852  44.305 0.0000000000
45004  -17.144  -22.572  58.368 0.0000000000
45055  -24.681  -22.466  48.522 0.0000000000
45059  -19.062  -22.550  47.755 0.0000000000
46043  -15.163  -21.796  61.245 0.0000000000
46055  -17.403  -21.755  57.574 0.0000000000
46134  -19.277  -21.917  47.675 0.0000000000
48085  -28.452  -19.431  51.945 0.0000000000
48111  -28.711  -18.881  48.493 0.0000000000
49170  -26.644  -18.362  46.398 0.0000000000
52842  -40.340  -14.308  42.850 0.0000000000
53769  -39.704  -13.335  42.173 0.0000000000
54685  -40.636  -12.721  44.833 0.0000000000
54729  -39.476  -13.793  41.401 0.0000000000
58884  -40.763  -8.993  44.983 0.0000000000
60726  -39.216  -6.824  44.785 0.0000000000
62561  -39.789  -3.924  34.107 0.0000000000
111213  -33.111  -18.443  51.887 0.0000000000
111458  -27.736  -17.803  45.063 0.0000000000
111480  -37.605  -3.028  45.093 0.0000000000
111787  -17.249  -26.934  52.911 0.0000000000
112622  -16.260  -30.185  54.419 0.0000000000
113246  -37.490  -4.689  44.132 0.0000000000
113661  -52.875  -0.185  29.030 0.0000000000
113741  -35.972  -18.438  48.460 0.0000000000
114122  -14.017  -24.108  60.696 0.0000000000
115166  -40.776  -12.046  44.570 0.0000000000
115387  -18.240  -23.201  48.688 0.0000000000
115640  -8.686  -18.958  45.559 0.0000000000
117081  -38.114  -2.062  36.727 0.0000000000
117300  -15.682  -27.692  57.707 0.0000000000
121893  -22.422  -27.586  49.091 0.0000000000
124507  -21.390  -27.935  45.544 0.0000000000
125516  -17.137  -29.989  47.916 0.0000000000
126202  -23.917  -25.112  52.126 0.0000000000
126436  -12.998  -26.222  60.392 0.0000000000
126479  -23.068  -25.536  50.481 0.0000000000
128729  -20.868  -28.197  48.882 0.0000000000
129164  -15.626  -30.389  53.721 0.0000000000
129636  -17.818  -26.691  51.044 0.0000000000
130493  -30.884  -17.677  45.946 0.0000000000
131008  -50.587  4.449  21.737 0.0000000000
131248  -40.353  -11.277  43.347 0.0000000000
131778  -20.351  -21.062  47.655 0.0000000000
132143  -37.407  -17.026  48.537 0.0000000000
132288  -9.946  -30.339  56.443 0.0000000000
132336  -22.839  -25.004  46.159 0.0000000000
132608  -23.127  -26.996  47.189 0.0000000000
133012  -24.729  -20.440  47.393 0.0000000000
133957  -24.623  -23.663  47.203 0.0000000000
133959  -37.365  -17.350  45.201 0.0000000000
134209  -27.069  -18.101  45.461 0.0000000000
