#!ascii label  , from subject sub-003S6257 vox2ras=TkReg
1180
119722  -14.632  -30.736  49.668 0.0000000000
48244  -38.265  -17.987  35.776 0.0000000000
112061  -33.494  -11.941  35.209 0.0000000000
49242  -30.122  -16.582  42.017 0.0000000000
60892  -41.217  -6.826  24.564 0.0000000000
60850  -34.960  -5.728  27.444 0.0000000000
50213  -39.163  -15.858  41.377 0.0000000000
49301  -35.003  -16.754  38.659 0.0000000000
116198  -46.527  -4.493  25.899 0.0000000000
66172  -48.156  0.083  25.364 0.0000000000
68899  -49.396  2.867  23.344 0.0000000000
121602  -34.658  -5.533  37.746 0.0000000000
59023  -32.150  -8.229  31.976 0.0000000000
133442  -37.626  -3.371  34.133 0.0000000000
62606  -40.696  -4.211  31.633 0.0000000000
123012  -23.057  -22.216  40.414 0.0000000000
127720  -13.185  -30.948  54.381 0.0000000000
52921  -37.625  -14.858  35.823 0.0000000000
58919  -36.511  -8.173  40.278 0.0000000000
133777  -25.024  -19.729  37.397 0.0000000000
50299  -29.449  -16.748  34.446 0.0000000000
68953  -46.601  2.570  17.868 0.0000000000
123805  -51.204  5.811  21.262 0.0000000000
59992  -38.806  -6.835  25.261 0.0000000000
60831  -44.143  -5.547  28.783 0.0000000000
116011  -15.511  -29.011  45.198 0.0000000000
35823  -7.423  -31.969  51.257 0.0000000000
64414  -47.435  -2.371  25.460 0.0000000000
63449  -35.254  -3.232  36.000 0.0000000000
42398  -21.784  -24.872  38.415 0.0000000000
35816  -14.471  -31.203  52.414 0.0000000000
51201  -38.566  -16.887  33.014 0.0000000000
52936  -39.081  -15.945  36.005 0.0000000000
49277  -27.251  -17.571  39.648 0.0000000000
49335  -26.628  -17.542  36.443 0.0000000000
50246  -29.693  -16.409  38.547 0.0000000000
50264  -37.470  -17.452  36.957 0.0000000000
49337  -34.333  -17.183  35.615 0.0000000000
111216  -35.874  -18.192  33.802 0.0000000000
132394  -28.945  -17.392  43.843 0.0000000000
48182  -25.526  -18.026  41.363 0.0000000000
129548  -43.853  -0.905  21.746 0.0000000000
68026  -45.582  1.875  19.137 0.0000000000
70766  -50.291  4.077  21.930 0.0000000000
60827  -33.221  -6.382  29.298 0.0000000000
61745  -37.037  -5.552  26.376 0.0000000000
61699  -42.516  -4.700  29.934 0.0000000000
40625  -19.932  -26.769  41.695 0.0000000000
39656  -19.221  -27.485  44.115 0.0000000000
128433  -18.911  -28.433  45.922 0.0000000000
39653  -15.904  -28.522  42.879 0.0000000000
35844  -9.052  -32.063  49.598 0.0000000000
49288  -38.718  -16.429  38.938 0.0000000000
52909  -39.548  -15.012  38.721 0.0000000000
52871  -40.250  -14.402  41.170 0.0000000000
49224  -32.640  -18.062  42.846 0.0000000000
49282  -31.919  -16.467  40.455 0.0000000000
49246  -34.970  -16.647  41.897 0.0000000000
49266  -37.155  -16.535  40.473 0.0000000000
111046  -43.821  -5.674  25.560 0.0000000000
63564  -44.429  -3.471  24.200 0.0000000000
65287  -45.303  -1.406  24.358 0.0000000000
67072  -45.520  0.602  23.368 0.0000000000
116887  -46.603  3.056  23.211 0.0000000000
67987  -49.192  2.211  24.645 0.0000000000
58963  -33.906  -8.406  36.495 0.0000000000
57957  -32.498  -9.998  33.415 0.0000000000
60801  -33.458  -6.899  34.332 0.0000000000
61687  -34.299  -5.425  32.363 0.0000000000
61697  -36.113  -4.584  30.722 0.0000000000
62631  -37.497  -3.921  29.250 0.0000000000
62590  -38.913  -3.741  32.793 0.0000000000
43247  -22.167  -23.729  41.922 0.0000000000
41511  -20.902  -26.005  40.636 0.0000000000
71784  -50.865  5.986  17.023 0.0000000000
36708  -11.316  -30.211  55.811 0.0000000000
52943  -37.159  -15.472  33.584 0.0000000000
53844  -35.824  -13.321  36.216 0.0000000000
54751  -38.949  -13.470  38.491 0.0000000000
55703  -36.687  -11.419  38.392 0.0000000000
56798  -35.185  -10.377  37.665 0.0000000000
60763  -34.991  -6.734  38.630 0.0000000000
111141  -32.153  -16.028  37.457 0.0000000000
47198  -24.022  -19.041  42.672 0.0000000000
46192  -23.725  -21.148  38.616 0.0000000000
69875  -47.190  4.274  21.140 0.0000000000
70794  -48.262  5.086  19.486 0.0000000000
116596  -49.759  6.064  19.086 0.0000000000
72693  -52.053  6.839  20.110 0.0000000000
125794  -13.265  -30.522  46.986 0.0000000000
130655  -11.991  -31.010  49.065 0.0000000000
60010  -40.850  -7.356  24.955 0.0000000000
61729  -40.274  -3.953  27.934 0.0000000000
60855  -41.875  -5.790  27.149 0.0000000000
59995  -42.737  -6.644  26.533 0.0000000000
60858  -45.926  -6.908  27.748 0.0000000000
37754  -15.203  -29.558  47.208 0.0000000000
111832  -11.266  -31.426  50.741 0.0000000000
36732  -10.496  -31.038  52.546 0.0000000000
36720  -9.915  -30.405  53.335 0.0000000000
35835  -14.635  -31.317  50.922 0.0000000000
49371  -38.933  -19.015  34.757 0.0000000000
50303  -38.852  -17.494  34.538 0.0000000000
50291  -38.629  -17.196  35.375 0.0000000000
127277  -28.456  -16.971  40.938 0.0000000000
126417  -28.197  -16.873  39.233 0.0000000000
49280  -29.249  -16.559  40.456 0.0000000000
133625  -38.272  -18.326  36.419 0.0000000000
48258  -37.070  -17.750  35.196 0.0000000000
111384  -37.653  -18.353  34.825 0.0000000000
121663  -37.443  -18.572  33.711 0.0000000000
49207  -30.880  -17.059  43.377 0.0000000000
115594  -30.023  -17.374  44.244 0.0000000000
49222  -29.768  -16.712  42.619 0.0000000000
49239  -27.359  -17.494  41.182 0.0000000000
68013  -45.406  1.446  19.972 0.0000000000
53856  -34.389  -13.480  34.411 0.0000000000
54822  -33.435  -12.280  34.178 0.0000000000
61708  -33.967  -5.501  28.955 0.0000000000
59976  -33.785  -6.611  27.657 0.0000000000
60851  -35.562  -5.650  26.816 0.0000000000
40623  -18.689  -27.244  41.198 0.0000000000
39679  -19.549  -26.969  43.340 0.0000000000
39677  -17.868  -27.431  42.224 0.0000000000
127569  -17.559  -27.794  43.629 0.0000000000
39675  -16.492  -28.329  42.233 0.0000000000
50225  -38.816  -15.694  40.118 0.0000000000
51148  -40.105  -15.444  40.079 0.0000000000
124066  -40.214  -15.262  41.403 0.0000000000
49194  -34.550  -17.488  44.318 0.0000000000
111644  -34.266  -16.924  42.450 0.0000000000
49211  -35.492  -17.177  43.564 0.0000000000
50206  -38.770  -16.069  42.477 0.0000000000
49249  -37.229  -16.421  41.479 0.0000000000
129764  -38.473  -16.272  41.307 0.0000000000
49268  -38.314  -15.967  39.766 0.0000000000
61759  -45.361  -5.477  25.870 0.0000000000
62668  -43.730  -4.140  24.493 0.0000000000
62669  -45.626  -4.043  25.189 0.0000000000
65277  -47.480  -1.583  25.198 0.0000000000
118242  -45.772  -1.907  24.812 0.0000000000
66181  -46.430  -0.612  24.521 0.0000000000
66195  -45.903  -0.118  24.177 0.0000000000
67062  -47.047  0.704  24.515 0.0000000000
67985  -46.816  1.619  24.248 0.0000000000
67063  -47.769  0.842  25.011 0.0000000000
59916  -34.266  -6.657  36.573 0.0000000000
59923  -34.116  -7.153  35.629 0.0000000000
61659  -33.958  -5.550  36.484 0.0000000000
63496  -36.592  -3.003  34.462 0.0000000000
61684  -34.441  -4.651  33.722 0.0000000000
62572  -35.293  -3.831  33.040 0.0000000000
61691  -35.067  -4.767  31.855 0.0000000000
62588  -37.073  -4.175  32.269 0.0000000000
62604  -37.580  -4.160  31.846 0.0000000000
62574  -38.687  -3.729  33.083 0.0000000000
45102  -23.338  -21.664  42.707 0.0000000000
44128  -22.786  -22.624  43.869 0.0000000000
44161  -22.580  -22.991  40.932 0.0000000000
42389  -21.297  -25.499  38.994 0.0000000000
72699  -52.128  7.146  18.422 0.0000000000
73552  -52.839  7.568  17.824 0.0000000000
35796  -12.824  -30.650  54.715 0.0000000000
52041  -38.187  -16.157  34.491 0.0000000000
52048  -38.024  -16.045  33.494 0.0000000000
52933  -37.215  -15.142  34.812 0.0000000000
52932  -36.458  -14.774  34.327 0.0000000000
127306  -36.839  -13.506  36.321 0.0000000000
53777  -40.101  -13.830  40.331 0.0000000000
53804  -39.430  -14.087  38.885 0.0000000000
54738  -38.880  -12.599  40.147 0.0000000000
57849  -37.460  -9.188  40.612 0.0000000000
56770  -37.524  -10.423  39.472 0.0000000000
56769  -36.822  -9.916  39.250 0.0000000000
56799  -35.915  -10.975  38.065 0.0000000000
57869  -36.147  -9.266  38.985 0.0000000000
58945  -35.184  -8.308  38.243 0.0000000000
59891  -36.103  -7.691  39.570 0.0000000000
49347  -27.937  -17.285  35.533 0.0000000000
50237  -33.339  -17.099  39.392 0.0000000000
111142  -32.155  -15.920  38.423 0.0000000000
50250  -33.636  -16.714  38.403 0.0000000000
49349  -33.300  -16.948  34.385 0.0000000000
127954  -25.184  -18.378  43.772 0.0000000000
48203  -25.130  -19.070  39.218 0.0000000000
47228  -24.491  -19.792  39.483 0.0000000000
46203  -24.268  -20.515  38.140 0.0000000000
46214  -23.917  -21.604  37.155 0.0000000000
68904  -47.746  3.335  23.324 0.0000000000
122501  -47.076  4.361  22.185 0.0000000000
69853  -48.960  3.722  22.429 0.0000000000
71763  -50.752  5.081  21.519 0.0000000000
70774  -49.957  4.652  21.513 0.0000000000
112763  -49.875  5.498  20.437 0.0000000000
71775  -48.762  5.410  19.102 0.0000000000
71770  -50.374  5.878  19.868 0.0000000000
72692  -51.190  6.517  19.735 0.0000000000
117298  -51.557  6.340  20.773 0.0000000000
57973  -32.208  -9.419  32.691 0.0000000000
55781  -32.134  -11.351  32.345 0.0000000000
60021  -39.514  -7.558  24.328 0.0000000000
60009  -39.784  -7.036  25.024 0.0000000000
62619  -39.617  -4.045  30.672 0.0000000000
62645  -39.369  -3.672  28.682 0.0000000000
62634  -40.254  -4.227  29.878 0.0000000000
120166  -42.978  -4.863  29.234 0.0000000000
61731  -42.067  -4.850  28.432 0.0000000000
60845  -42.552  -5.346  28.056 0.0000000000
119746  -42.405  -6.490  26.831 0.0000000000
60857  -43.227  -6.456  27.516 0.0000000000
59997  -43.948  -6.466  26.630 0.0000000000
111709  -44.938  -6.358  27.676 0.0000000000
133602  -17.258  -28.581  45.794 0.0000000000
119238  -17.212  -29.655  46.872 0.0000000000
37741  -16.909  -30.004  47.286 0.0000000000
38660  -15.306  -29.386  46.317 0.0000000000
38659  -14.529  -29.576  45.849 0.0000000000
38699  -14.848  -29.427  44.880 0.0000000000
36780  -11.277  -31.259  48.433 0.0000000000
36767  -11.879  -31.021  49.858 0.0000000000
36766  -10.798  -31.444  49.701 0.0000000000
35833  -8.411  -31.657  50.826 0.0000000000
36750  -9.417  -31.523  51.155 0.0000000000
35814  -9.090  -31.492  51.878 0.0000000000
36731  -9.994  -30.829  52.898 0.0000000000
35805  -8.519  -31.264  52.162 0.0000000000
49197  -37.288  -17.255  44.260 0.0000000000
62663  -47.898  -4.188  26.520 0.0000000000
63554  -47.364  -3.795  25.823 0.0000000000
63547  -49.018  -3.204  26.011 0.0000000000
124647  -34.702  -4.069  36.579 0.0000000000
44198  -23.276  -22.934  38.329 0.0000000000
43280  -22.615  -23.580  39.180 0.0000000000
35804  -15.201  -30.970  53.921 0.0000000000
111590  -13.774  -30.818  53.740 0.0000000000
50318  -38.397  -17.659  33.107 0.0000000000
51185  -38.707  -16.852  34.519 0.0000000000
52922  -38.409  -15.290  36.125 0.0000000000
59882  -36.558  -7.255  40.656 0.0000000000
48214  -25.750  -18.167  38.343 0.0000000000
120267  -25.515  -18.812  36.376 0.0000000000
48215  -26.656  -17.544  38.225 0.0000000000
50258  -27.975  -16.631  37.310 0.0000000000
50274  -28.941  -16.558  36.593 0.0000000000
115121  -36.380  -16.841  38.133 0.0000000000
49318  -34.468  -16.815  36.679 0.0000000000
49339  -36.040  -17.573  36.275 0.0000000000
49352  -35.357  -17.651  34.365 0.0000000000
112013  -35.958  -18.471  32.404 0.0000000000
112071  -27.560  -17.789  44.391 0.0000000000
48156  -26.249  -17.741  43.209 0.0000000000
48183  -26.592  -17.452  41.800 0.0000000000
49238  -26.665  -17.693  40.223 0.0000000000
65311  -43.509  -1.581  21.877 0.0000000000
68946  -46.070  2.252  18.526 0.0000000000
69842  -50.996  3.425  24.096 0.0000000000
69854  -49.712  3.843  22.504 0.0000000000
59964  -32.629  -7.197  30.795 0.0000000000
123466  -37.052  -6.859  25.577 0.0000000000
61746  -38.146  -5.355  26.341 0.0000000000
112130  -41.605  -4.329  32.344 0.0000000000
62621  -41.319  -4.282  30.799 0.0000000000
62607  -42.602  -4.311  31.744 0.0000000000
40627  -20.959  -25.922  42.564 0.0000000000
40594  -21.006  -26.984  44.083 0.0000000000
38704  -20.674  -28.335  45.649 0.0000000000
38702  -19.517  -28.096  45.265 0.0000000000
39632  -16.993  -27.892  44.410 0.0000000000
38700  -15.885  -28.240  44.725 0.0000000000
37783  -14.782  -29.565  43.481 0.0000000000
38727  -15.372  -29.531  42.667 0.0000000000
49324  -38.742  -16.841  37.491 0.0000000000
50280  -39.438  -16.063  37.335 0.0000000000
51159  -39.357  -15.564  38.536 0.0000000000
52886  -40.598  -14.449  40.127 0.0000000000
49243  -31.428  -17.437  42.262 0.0000000000
49261  -31.096  -16.536  41.948 0.0000000000
49244  -32.718  -17.721  41.721 0.0000000000
115245  -34.291  -16.862  41.650 0.0000000000
128768  -34.821  -16.744  40.289 0.0000000000
49228  -36.533  -16.534  43.005 0.0000000000
112508  -35.839  -17.367  41.255 0.0000000000
49284  -36.535  -16.651  39.513 0.0000000000
112722  -37.338  -16.751  38.896 0.0000000000
49304  -38.065  -17.379  38.149 0.0000000000
49192  -32.246  -17.857  44.629 0.0000000000
60893  -41.852  -5.998  25.157 0.0000000000
61782  -41.355  -5.296  23.316 0.0000000000
62667  -42.742  -4.492  24.345 0.0000000000
62681  -42.846  -4.036  23.823 0.0000000000
64434  -43.137  -2.852  23.367 0.0000000000
63566  -45.958  -3.529  24.996 0.0000000000
64421  -44.826  -2.849  24.121 0.0000000000
65304  -43.609  -1.647  22.901 0.0000000000
66193  -44.509  -0.632  23.339 0.0000000000
66201  -44.717  0.168  22.913 0.0000000000
124075  -44.545  0.979  21.840 0.0000000000
123047  -45.133  2.061  21.388 0.0000000000
67992  -45.734  2.292  23.176 0.0000000000
68897  -47.304  2.543  23.830 0.0000000000
131418  -49.085  2.371  23.898 0.0000000000
67968  -50.561  1.748  25.800 0.0000000000
68890  -50.614  2.798  24.472 0.0000000000
56821  -33.595  -9.999  35.832 0.0000000000
55766  -33.195  -11.364  34.349 0.0000000000
57939  -33.322  -9.081  35.617 0.0000000000
59002  -32.858  -8.506  34.187 0.0000000000
59950  -33.308  -7.455  32.797 0.0000000000
61672  -33.918  -4.874  35.547 0.0000000000
60809  -33.323  -5.974  33.757 0.0000000000
60813  -33.401  -6.691  32.321 0.0000000000
60819  -33.885  -6.060  31.878 0.0000000000
61695  -34.437  -5.419  29.964 0.0000000000
61709  -34.935  -4.880  29.312 0.0000000000
62630  -36.481  -4.207  29.002 0.0000000000
62616  -36.872  -4.438  29.987 0.0000000000
111864  -38.119  -3.787  31.272 0.0000000000
111869  -40.167  -3.694  32.374 0.0000000000
62577  -40.299  -3.832  33.789 0.0000000000
62593  -40.938  -3.979  33.091 0.0000000000
42364  -22.151  -24.584  42.695 0.0000000000
43265  -22.120  -24.016  39.766 0.0000000000
42373  -21.618  -24.718  41.497 0.0000000000
41503  -21.214  -25.287  42.035 0.0000000000
40640  -20.460  -26.453  41.173 0.0000000000
116330  -35.009  -13.637  34.959 0.0000000000
54814  -34.795  -12.901  35.128 0.0000000000
52915  -39.109  -15.676  37.481 0.0000000000
123657  -38.719  -15.042  37.744 0.0000000000
54787  -38.292  -13.747  37.521 0.0000000000
55716  -37.768  -12.770  38.295 0.0000000000
54785  -37.141  -13.179  37.024 0.0000000000
127892  -35.851  -12.275  37.128 0.0000000000
125984  -35.129  -11.888  36.691 0.0000000000
56810  -34.128  -10.736  36.665 0.0000000000
58944  -34.336  -8.872  37.138 0.0000000000
125213  -34.652  -7.594  37.890 0.0000000000
61641  -34.805  -5.943  38.258 0.0000000000
123288  -35.826  -5.734  40.826 0.0000000000
61635  -34.954  -5.579  39.447 0.0000000000
50234  -30.927  -16.473  39.749 0.0000000000
50260  -31.267  -15.806  38.082 0.0000000000
50275  -30.848  -16.344  35.968 0.0000000000
50278  -33.742  -16.677  36.352 0.0000000000
50289  -32.669  -16.540  35.296 0.0000000000
46155  -23.733  -20.751  43.965 0.0000000000
46167  -23.485  -21.024  41.867 0.0000000000
48167  -24.525  -18.673  41.840 0.0000000000
47206  -23.963  -20.566  41.113 0.0000000000
45121  -23.523  -21.774  39.058 0.0000000000
44199  -23.469  -22.517  37.939 0.0000000000
68917  -45.634  2.835  21.564 0.0000000000
69874  -46.128  3.685  20.301 0.0000000000
69881  -46.359  3.796  19.423 0.0000000000
69867  -49.344  4.135  21.935 0.0000000000
70783  -47.473  4.527  20.319 0.0000000000
70802  -47.344  4.446  18.573 0.0000000000
70803  -48.205  4.825  18.627 0.0000000000
70809  -48.593  4.588  17.760 0.0000000000
71787  -49.612  5.080  16.792 0.0000000000
72702  -50.555  6.336  17.993 0.0000000000
72698  -51.151  6.835  18.718 0.0000000000
37733  -14.063  -30.644  48.371 0.0000000000
111544  -13.494  -30.785  49.208 0.0000000000
112569  -12.728  -31.102  47.919 0.0000000000
55782  -32.627  -12.053  32.894 0.0000000000
60023  -41.140  -7.225  24.746 0.0000000000
62643  -37.099  -3.929  28.265 0.0000000000
122335  -38.269  -4.597  26.915 0.0000000000
61739  -39.036  -4.889  26.649 0.0000000000
61712  -40.913  -4.353  29.072 0.0000000000
61741  -40.764  -4.850  27.720 0.0000000000
60867  -40.379  -6.085  26.370 0.0000000000
59982  -41.123  -6.437  26.207 0.0000000000
60011  -41.595  -6.986  25.215 0.0000000000
60881  -41.739  -6.856  25.179 0.0000000000
60883  -43.456  -6.421  25.862 0.0000000000
129394  -44.982  -6.151  26.059 0.0000000000
61747  -46.585  -6.069  27.137 0.0000000000
36771  -16.207  -30.504  49.623 0.0000000000
36785  -16.631  -30.396  48.439 0.0000000000
37734  -14.886  -30.450  48.379 0.0000000000
120287  -13.774  -30.155  47.140 0.0000000000
37766  -13.336  -30.571  45.739 0.0000000000
36758  -13.416  -30.935  50.691 0.0000000000
36752  -12.340  -31.185  51.176 0.0000000000
36734  -12.422  -30.903  52.893 0.0000000000
133737  -10.954  -31.495  50.653 0.0000000000
111441  -11.144  -31.351  51.395 0.0000000000
36724  -12.277  -30.859  53.557 0.0000000000
36722  -11.047  -30.449  54.229 0.0000000000
36712  -10.404  -29.886  54.990 0.0000000000
35812  -7.265  -31.864  51.294 0.0000000000
36739  -7.920  -30.875  52.131 0.0000000000
35836  -15.314  -30.769  50.627 0.0000000000
36760  -14.584  -30.791  50.246 0.0000000000
49354  -39.041  -18.795  35.207 0.0000000000
49372  -39.086  -18.471  35.064 0.0000000000
49356  -38.963  -17.015  36.191 0.0000000000
49259  -28.999  -16.737  41.131 0.0000000000
113518  -28.418  -16.896  40.434 0.0000000000
121718  -38.340  -18.151  35.397 0.0000000000
112327  -38.696  -19.065  34.919 0.0000000000
120050  -30.699  -16.774  42.754 0.0000000000
127194  -30.221  -16.789  43.299 0.0000000000
49241  -29.054  -16.861  41.593 0.0000000000
68008  -44.928  1.467  20.832 0.0000000000
54813  -33.675  -12.636  34.970 0.0000000000
130435  -33.839  -12.920  34.072 0.0000000000
131646  -33.365  -12.114  34.822 0.0000000000
60842  -34.171  -5.863  27.985 0.0000000000
59981  -34.443  -6.391  27.260 0.0000000000
131523  -35.066  -6.199  26.915 0.0000000000
61736  -35.634  -5.284  27.520 0.0000000000
39696  -17.912  -27.483  41.290 0.0000000000
39697  -18.524  -26.968  41.898 0.0000000000
39695  -17.152  -28.086  41.514 0.0000000000
50214  -39.322  -15.816  40.652 0.0000000000
129546  -39.888  -15.630  40.632 0.0000000000
51139  -39.449  -15.670  41.414 0.0000000000
49195  -35.326  -17.409  44.233 0.0000000000
112210  -34.813  -17.320  43.604 0.0000000000
111305  -35.894  -17.391  44.149 0.0000000000
50205  -38.393  -16.317  42.070 0.0000000000
50212  -38.740  -16.133  41.376 0.0000000000
50224  -38.575  -15.948  40.551 0.0000000000
118157  -34.975  -17.422  45.051 0.0000000000
61760  -46.006  -5.078  26.407 0.0000000000
62660  -45.141  -4.780  25.394 0.0000000000
111088  -45.855  -4.606  25.688 0.0000000000
66171  -47.812  -0.765  25.238 0.0000000000
66182  -47.062  -0.742  24.743 0.0000000000
67061  -46.718  -0.085  24.393 0.0000000000
66183  -47.384  -0.058  24.781 0.0000000000
60784  -34.573  -6.022  37.280 0.0000000000
61660  -34.234  -5.007  37.126 0.0000000000
62560  -35.704  -3.334  34.172 0.0000000000
62573  -36.862  -3.471  33.596 0.0000000000
117500  -36.362  -3.673  32.797 0.0000000000
110756  -37.607  -3.714  32.853 0.0000000000
63512  -38.208  -3.530  33.538 0.0000000000
45108  -23.265  -21.818  41.719 0.0000000000
44145  -22.910  -22.353  41.428 0.0000000000
132689  -52.716  7.606  18.571 0.0000000000
121883  -52.194  7.044  17.242 0.0000000000
35798  -13.509  -30.807  54.635 0.0000000000
36715  -13.647  -30.829  55.125 0.0000000000
35797  -13.245  -30.700  54.842 0.0000000000
122931  -13.094  -30.881  54.503 0.0000000000
52934  -37.830  -15.653  35.270 0.0000000000
52944  -37.750  -15.703  34.286 0.0000000000
129220  -36.775  -14.309  35.517 0.0000000000
117190  -37.429  -14.130  36.296 0.0000000000
54739  -39.202  -13.503  40.075 0.0000000000
55685  -39.090  -12.125  40.853 0.0000000000
58928  -36.736  -8.824  40.216 0.0000000000
57858  -37.114  -9.547  39.960 0.0000000000
57857  -36.529  -9.201  39.668 0.0000000000
58927  -36.282  -8.411  39.455 0.0000000000
58936  -35.849  -8.340  38.803 0.0000000000
116838  -24.693  -20.620  36.498 0.0000000000
47256  -25.095  -19.756  36.679 0.0000000000
50238  -34.182  -16.968  38.930 0.0000000000
47247  -24.784  -19.718  37.967 0.0000000000
47237  -24.813  -19.878  38.779 0.0000000000
112665  -24.742  -20.231  37.346 0.0000000000
46215  -24.108  -20.880  37.223 0.0000000000
69896  -46.992  3.639  17.914 0.0000000000
68905  -48.718  3.311  23.013 0.0000000000
68906  -49.352  3.387  22.796 0.0000000000
71764  -51.365  5.329  21.717 0.0000000000
71767  -50.579  5.706  20.921 0.0000000000
71768  -50.961  6.122  20.631 0.0000000000
72689  -51.804  6.037  21.385 0.0000000000
59012  -32.381  -8.645  32.644 0.0000000000
57986  -31.906  -9.603  31.958 0.0000000000
118699  -31.999  -8.831  31.398 0.0000000000
60008  -38.230  -7.412  24.851 0.0000000000
132230  -38.988  -7.356  24.765 0.0000000000
60866  -39.523  -6.273  25.813 0.0000000000
62605  -39.885  -3.882  31.546 0.0000000000
62620  -40.472  -4.174  30.736 0.0000000000
60830  -43.351  -5.365  28.659 0.0000000000
60829  -42.744  -5.070  28.535 0.0000000000
60846  -43.055  -5.854  28.100 0.0000000000
120123  -43.846  -6.106  28.094 0.0000000000
59985  -44.015  -6.352  27.259 0.0000000000
114629  -44.773  -5.987  28.224 0.0000000000
115767  -16.345  -28.664  45.749 0.0000000000
38677  -17.073  -29.083  46.374 0.0000000000
38661  -16.179  -29.142  46.380 0.0000000000
119571  -15.711  -29.074  45.858 0.0000000000
38676  -15.079  -29.411  45.498 0.0000000000
36779  -10.699  -31.472  48.863 0.0000000000
113920  -7.459  -32.217  50.862 0.0000000000
35824  -8.207  -31.528  51.329 0.0000000000
124805  -8.136  -31.456  51.539 0.0000000000
125074  -35.911  -2.774  38.178 0.0000000000
43293  -22.879  -23.512  38.343 0.0000000000
112500  -15.138  -31.247  52.251 0.0000000000
35809  -14.949  -30.709  53.379 0.0000000000
35808  -14.395  -30.950  53.243 0.0000000000
110728  -14.451  -30.705  53.928 0.0000000000
35807  -13.616  -31.185  52.781 0.0000000000
49398  -37.848  -18.077  32.840 0.0000000000
50304  -38.595  -16.800  35.356 0.0000000000
51186  -38.316  -16.250  35.105 0.0000000000
52935  -38.268  -15.855  35.479 0.0000000000
52923  -38.951  -15.642  36.410 0.0000000000
48205  -26.712  -17.989  39.002 0.0000000000
49299  -28.881  -16.628  38.924 0.0000000000
49298  -28.173  -16.723  38.441 0.0000000000
49317  -29.143  -16.512  37.810 0.0000000000
49321  -37.202  -17.243  37.700 0.0000000000
49320  -36.254  -17.207  37.342 0.0000000000
50263  -36.943  -17.367  36.877 0.0000000000
48257  -36.317  -17.874  34.405 0.0000000000
49353  -36.239  -17.494  35.062 0.0000000000
48274  -35.314  -17.699  34.027 0.0000000000
48273  -35.176  -17.756  33.563 0.0000000000
48291  -36.945  -18.426  32.511 0.0000000000
48159  -29.189  -17.469  44.211 0.0000000000
48144  -29.618  -17.500  44.737 0.0000000000
114480  -28.726  -17.659  44.830 0.0000000000
48158  -28.361  -17.615  43.909 0.0000000000
114861  -27.893  -17.501  43.224 0.0000000000
49258  -27.822  -17.306  40.474 0.0000000000
48194  -26.461  -17.898  39.423 0.0000000000
48204  -25.776  -18.358  39.032 0.0000000000
59967  -32.565  -7.089  29.749 0.0000000000
59963  -32.166  -7.791  30.226 0.0000000000
60863  -36.152  -5.858  26.296 0.0000000000
131662  -36.763  -6.213  25.946 0.0000000000
60864  -37.556  -6.078  25.806 0.0000000000
62594  -42.369  -4.132  32.669 0.0000000000
61701  -44.042  -5.077  30.310 0.0000000000
40626  -20.360  -26.176  42.158 0.0000000000
40610  -20.545  -26.330  43.144 0.0000000000
40609  -19.951  -26.545  42.721 0.0000000000
39657  -20.031  -27.581  44.336 0.0000000000
38703  -20.136  -28.190  45.489 0.0000000000
39634  -19.005  -27.971  44.685 0.0000000000
39654  -16.623  -27.916  43.235 0.0000000000
39633  -18.151  -28.072  44.542 0.0000000000
39631  -16.104  -28.175  43.755 0.0000000000
38716  -15.439  -28.775  43.608 0.0000000000
49306  -38.886  -16.907  38.098 0.0000000000
50265  -39.039  -16.503  38.149 0.0000000000
50253  -39.072  -16.049  38.718 0.0000000000
52872  -40.615  -14.836  40.323 0.0000000000
52887  -40.515  -14.815  39.883 0.0000000000
111941  -31.964  -18.040  43.086 0.0000000000
111205  -32.069  -18.105  42.223 0.0000000000
111143  -32.945  -17.743  42.352 0.0000000000
49226  -35.060  -16.977  42.776 0.0000000000
120521  -34.183  -17.025  40.760 0.0000000000
49264  -34.938  -16.256  41.001 0.0000000000
49213  -37.425  -16.938  43.586 0.0000000000
126685  -36.794  -17.057  43.806 0.0000000000
111837  -36.432  -16.312  41.116 0.0000000000
113740  -36.316  -16.738  40.521 0.0000000000
111409  -36.990  -16.753  39.792 0.0000000000
49285  -37.554  -16.628  39.375 0.0000000000
49287  -38.557  -16.567  38.939 0.0000000000
111540  -38.383  -17.145  38.480 0.0000000000
49305  -38.669  -17.126  38.206 0.0000000000
48216  -38.420  -17.354  37.475 0.0000000000
49193  -33.227  -17.626  44.704 0.0000000000
49209  -32.698  -17.978  43.659 0.0000000000
61757  -42.742  -5.681  25.533 0.0000000000
61768  -42.098  -5.024  24.911 0.0000000000
61769  -43.197  -4.876  25.140 0.0000000000
116526  -44.824  -4.054  24.860 0.0000000000
63563  -43.475  -3.451  23.794 0.0000000000
63579  -43.967  -2.825  23.687 0.0000000000
64413  -46.938  -2.873  25.563 0.0000000000
63553  -46.603  -3.421  25.390 0.0000000000
64422  -44.986  -2.092  24.353 0.0000000000
64436  -44.231  -2.053  23.672 0.0000000000
65298  -44.709  -1.374  23.899 0.0000000000
65297  -44.137  -1.328  23.323 0.0000000000
66194  -45.164  -0.090  23.629 0.0000000000
67079  -44.903  0.859  22.453 0.0000000000
67983  -45.384  1.474  22.807 0.0000000000
67984  -46.008  1.420  23.602 0.0000000000
67975  -47.602  1.528  24.587 0.0000000000
123376  -47.773  2.001  24.017 0.0000000000
67986  -48.404  2.102  24.270 0.0000000000
68898  -48.386  2.648  23.645 0.0000000000
57918  -33.573  -8.822  35.953 0.0000000000
124182  -34.084  -6.818  34.933 0.0000000000
59941  -33.171  -7.871  34.732 0.0000000000
127759  -33.255  -7.648  33.809 0.0000000000
61673  -34.307  -4.666  36.270 0.0000000000
62551  -34.623  -3.899  35.530 0.0000000000
123814  -33.765  -5.426  34.026 0.0000000000
61683  -33.902  -5.351  33.283 0.0000000000
60814  -33.508  -5.979  32.848 0.0000000000
60818  -33.228  -6.576  31.346 0.0000000000
61692  -35.788  -4.543  31.463 0.0000000000
125402  -34.655  -5.279  30.689 0.0000000000
123236  -35.234  -4.900  31.061 0.0000000000
61696  -35.180  -4.887  30.239 0.0000000000
61710  -35.809  -4.529  29.663 0.0000000000
62589  -38.046  -3.733  32.429 0.0000000000
112149  -38.472  -3.705  32.038 0.0000000000
112912  -39.352  -3.595  32.241 0.0000000000
62591  -39.687  -3.606  33.076 0.0000000000
62563  -40.427  -3.697  34.247 0.0000000000
62578  -40.947  -3.653  33.732 0.0000000000
112095  -41.615  -4.020  33.185 0.0000000000
43230  -22.559  -23.218  43.250 0.0000000000
43229  -22.305  -23.887  42.901 0.0000000000
131592  -22.235  -23.890  43.805 0.0000000000
43279  -22.333  -24.196  38.850 0.0000000000
42390  -21.750  -24.797  39.420 0.0000000000
41519  -20.889  -26.071  39.600 0.0000000000
42381  -21.361  -25.467  40.042 0.0000000000
41512  -21.240  -25.307  41.088 0.0000000000
41502  -20.831  -25.861  41.639 0.0000000000
36707  -10.008  -30.527  56.061 0.0000000000
52056  -38.039  -16.556  32.591 0.0000000000
128257  -35.976  -14.013  35.947 0.0000000000
53857  -35.668  -14.257  35.053 0.0000000000
54815  -35.385  -13.551  35.597 0.0000000000
54805  -34.914  -13.018  36.084 0.0000000000
51167  -39.359  -15.962  37.816 0.0000000000
51174  -39.393  -15.931  37.396 0.0000000000
53834  -39.155  -15.352  38.207 0.0000000000
54768  -39.153  -13.853  38.343 0.0000000000
53818  -38.873  -14.405  37.910 0.0000000000
54767  -38.844  -13.859  37.931 0.0000000000
53832  -38.618  -14.415  37.513 0.0000000000
56785  -37.262  -10.769  38.746 0.0000000000
55696  -37.796  -11.304  39.074 0.0000000000
55715  -37.089  -12.272  38.186 0.0000000000
54765  -37.406  -12.961  37.763 0.0000000000
54764  -36.643  -12.620  37.447 0.0000000000
55714  -36.187  -11.946  37.830 0.0000000000
55713  -35.323  -11.439  37.393 0.0000000000
56811  -34.572  -10.866  37.246 0.0000000000
55732  -34.590  -11.313  36.961 0.0000000000
56797  -34.443  -9.943  37.193 0.0000000000
59897  -35.448  -7.408  38.904 0.0000000000
59905  -34.886  -7.109  38.316 0.0000000000
60771  -34.759  -6.356  37.992 0.0000000000
111661  -36.622  -6.093  41.396 0.0000000000
60749  -36.289  -6.580  40.717 0.0000000000
61622  -36.127  -5.388  41.508 0.0000000000
62513  -35.084  -4.677  39.299 0.0000000000
48240  -26.139  -18.165  35.929 0.0000000000
114641  -31.607  -16.714  41.304 0.0000000000
49281  -30.998  -16.063  41.118 0.0000000000
111408  -31.125  -16.403  37.102 0.0000000000
50276  -32.153  -16.109  36.248 0.0000000000
47189  -23.932  -19.946  43.189 0.0000000000
46162  -23.744  -20.922  42.886 0.0000000000
47197  -23.819  -19.924  42.068 0.0000000000
48168  -25.700  -17.716  42.253 0.0000000000
48181  -24.802  -18.923  40.850 0.0000000000
46193  -24.160  -20.493  39.032 0.0000000000
47218  -24.108  -19.824  40.325 0.0000000000
46181  -23.717  -21.119  39.469 0.0000000000
46174  -23.801  -20.881  40.282 0.0000000000
45130  -23.551  -21.865  38.237 0.0000000000
120865  -45.865  2.822  22.522 0.0000000000
69865  -46.240  3.835  21.307 0.0000000000
132312  -46.563  4.021  20.788 0.0000000000
69882  -46.720  4.149  20.286 0.0000000000
69855  -50.559  3.915  22.539 0.0000000000
70785  -49.327  5.275  20.996 0.0000000000
70773  -48.865  4.670  21.361 0.0000000000
70784  -48.399  4.893  20.435 0.0000000000
122221  -47.705  4.772  19.737 0.0000000000
121367  -47.651  4.799  19.127 0.0000000000
71776  -49.259  5.633  18.648 0.0000000000
71781  -48.820  5.121  18.344 0.0000000000
71782  -49.257  5.240  17.643 0.0000000000
71783  -50.010  5.758  17.312 0.0000000000
71777  -49.846  5.934  18.246 0.0000000000
73549  -51.778  7.068  19.313 0.0000000000
73545  -52.614  7.412  20.476 0.0000000000
37738  -13.631  -30.583  47.640 0.0000000000
36782  -13.296  -30.962  48.176 0.0000000000
36794  -12.890  -30.939  47.273 0.0000000000
56852  -32.740  -10.466  34.076 0.0000000000
55774  -32.526  -11.089  33.384 0.0000000000
131568  -40.139  -7.259  24.586 0.0000000000
60022  -40.236  -7.323  24.180 0.0000000000
61728  -38.975  -4.196  27.586 0.0000000000
61740  -39.952  -4.758  27.161 0.0000000000
116423  -42.046  -4.338  30.529 0.0000000000
62635  -41.046  -4.175  29.866 0.0000000000
61713  -41.527  -4.550  29.073 0.0000000000
60844  -41.983  -5.217  27.762 0.0000000000
61730  -41.293  -4.811  28.290 0.0000000000
60843  -41.232  -5.274  27.493 0.0000000000
60854  -40.567  -5.326  26.943 0.0000000000
114375  -41.190  -5.751  26.748 0.0000000000
59994  -41.904  -6.574  26.073 0.0000000000
113054  -42.300  -6.497  25.821 0.0000000000
60882  -42.496  -6.457  25.748 0.0000000000
60012  -43.092  -6.638  26.186 0.0000000000
59986  -44.930  -6.666  27.055 0.0000000000
60868  -44.650  -6.457  26.402 0.0000000000
60869  -45.412  -6.568  26.942 0.0000000000
60885  -45.683  -6.137  26.505 0.0000000000
110699  -46.114  -6.536  27.298 0.0000000000
117200  -16.089  -29.928  47.441 0.0000000000
36796  -16.538  -30.143  47.875 0.0000000000
36795  -15.845  -30.398  48.296 0.0000000000
37740  -15.324  -30.120  47.798 0.0000000000
37739  -14.487  -30.147  47.636 0.0000000000
37767  -13.815  -29.940  45.782 0.0000000000
37776  -13.550  -30.709  44.964 0.0000000000
36781  -12.755  -30.999  48.679 0.0000000000
124874  -13.406  -30.731  50.166 0.0000000000
36768  -12.630  -30.819  49.722 0.0000000000
36757  -11.446  -31.291  50.235 0.0000000000
117555  -12.573  -30.985  50.749 0.0000000000
36744  -12.273  -31.240  51.920 0.0000000000
36751  -11.744  -31.388  51.225 0.0000000000
36765  -9.989  -31.591  49.849 0.0000000000
36742  -10.284  -31.361  51.755 0.0000000000
113015  -10.642  -31.539  50.993 0.0000000000
115258  -11.058  -31.124  52.195 0.0000000000
36733  -11.715  -30.767  52.799 0.0000000000
125508  -11.095  -30.856  52.879 0.0000000000
36723  -11.669  -30.716  53.664 0.0000000000
115039  -10.736  -30.733  53.333 0.0000000000
36730  -9.246  -30.792  52.688 0.0000000000
36721  -10.307  -30.536  53.879 0.0000000000
129455  -10.107  -30.102  54.276 0.0000000000
35813  -7.815  -31.413  51.488 0.0000000000
35826  -14.641  -31.394  51.629 0.0000000000
49383  -38.520  -18.413  33.852 0.0000000000
49384  -38.910  -18.259  34.417 0.0000000000
113333  -39.017  -16.703  35.835 0.0000000000
49297  -27.527  -17.338  38.975 0.0000000000
49278  -27.924  -17.088  39.782 0.0000000000
49279  -28.615  -16.684  39.748 0.0000000000
49300  -29.597  -16.470  39.524 0.0000000000
48242  -37.880  -17.706  36.626 0.0000000000
48241  -37.122  -17.783  36.130 0.0000000000
48259  -37.843  -17.763  35.811 0.0000000000
48275  -36.918  -18.531  34.108 0.0000000000
48276  -37.856  -18.723  34.387 0.0000000000
48277  -38.289  -18.729  34.282 0.0000000000
48160  -31.009  -17.208  44.065 0.0000000000
48172  -30.138  -17.094  43.863 0.0000000000
48171  -29.418  -17.091  43.494 0.0000000000
48184  -27.825  -17.206  42.311 0.0000000000
49221  -28.893  -17.148  42.441 0.0000000000
66207  -44.175  -0.441  21.356 0.0000000000
53865  -34.793  -14.268  33.609 0.0000000000
59975  -32.809  -7.203  28.823 0.0000000000
60841  -33.455  -6.410  28.407 0.0000000000
59979  -33.167  -7.434  27.757 0.0000000000
61737  -36.349  -5.075  26.969 0.0000000000
40624  -19.262  -26.992  41.529 0.0000000000
40608  -19.310  -26.805  42.344 0.0000000000
39678  -18.672  -27.272  42.989 0.0000000000
120858  -18.421  -27.685  43.879 0.0000000000
39655  -17.969  -27.604  43.060 0.0000000000
39676  -17.209  -27.719  42.637 0.0000000000
38728  -15.989  -29.245  42.027 0.0000000000
38738  -16.406  -28.959  41.241 0.0000000000
50239  -38.837  -15.834  39.718 0.0000000000
50240  -39.147  -15.770  39.424 0.0000000000
129144  -39.684  -15.606  40.177 0.0000000000
51140  -40.467  -15.233  40.506 0.0000000000
52855  -40.269  -14.572  41.875 0.0000000000
49210  -33.874  -17.539  43.840 0.0000000000
49225  -33.436  -17.573  42.950 0.0000000000
129319  -34.284  -17.189  43.162 0.0000000000
49229  -37.368  -16.452  42.581 0.0000000000
49230  -37.954  -16.377  42.593 0.0000000000
49250  -37.855  -16.527  41.745 0.0000000000
113610  -37.751  -16.326  40.909 0.0000000000
49267  -37.802  -16.052  39.977 0.0000000000
49269  -38.590  -16.040  39.577 0.0000000000
129875  -33.952  -17.593  44.442 0.0000000000
61758  -44.725  -5.684  25.604 0.0000000000
61770  -44.281  -4.841  25.197 0.0000000000
64424  -46.683  -2.138  25.227 0.0000000000
65288  -46.510  -1.269  24.844 0.0000000000
66180  -45.843  -0.970  24.502 0.0000000000
112896  -45.231  -0.727  24.069 0.0000000000
67073  -46.329  0.618  24.071 0.0000000000
67976  -48.375  1.712  25.120 0.0000000000
126241  -34.027  -7.565  36.477 0.0000000000
58976  -33.733  -7.915  35.816 0.0000000000
60797  -33.678  -6.101  35.516 0.0000000000
63475  -35.445  -3.147  35.035 0.0000000000
62559  -34.905  -3.522  34.628 0.0000000000
115057  -35.014  -3.697  33.900 0.0000000000
61688  -34.766  -4.652  32.715 0.0000000000
62587  -35.800  -4.137  32.184 0.0000000000
62603  -36.627  -4.414  31.618 0.0000000000
45086  -23.124  -22.084  44.579 0.0000000000
111848  -23.052  -22.019  43.507 0.0000000000
44135  -22.862  -22.363  42.639 0.0000000000
44144  -22.501  -23.044  42.158 0.0000000000
41510  -20.376  -26.476  40.129 0.0000000000
72703  -51.439  6.591  17.678 0.0000000000
72705  -51.590  6.378  16.589 0.0000000000
72706  -52.316  6.981  16.162 0.0000000000
36714  -12.324  -30.240  55.064 0.0000000000
52049  -38.654  -16.556  33.718 0.0000000000
53805  -39.877  -14.481  39.411 0.0000000000
53820  -39.373  -14.721  38.512 0.0000000000
53789  -39.999  -13.915  39.612 0.0000000000
54752  -39.394  -13.696  39.036 0.0000000000
116493  -38.994  -12.989  39.198 0.0000000000
56755  -37.776  -10.065  40.299 0.0000000000
56784  -36.469  -10.364  38.612 0.0000000000
56783  -35.619  -9.874  38.385 0.0000000000
117248  -35.580  -8.945  38.457 0.0000000000
57884  -34.892  -9.199  37.839 0.0000000000
59898  -35.935  -7.906  39.028 0.0000000000
132935  -35.849  -4.763  41.621 0.0000000000
49336  -27.362  -17.021  36.383 0.0000000000
50221  -32.658  -17.281  40.046 0.0000000000
50236  -32.450  -16.705  39.537 0.0000000000
50249  -32.763  -16.390  38.851 0.0000000000
50261  -33.181  -15.920  37.912 0.0000000000
125324  -34.968  -17.566  34.022 0.0000000000
49350  -34.202  -17.343  34.626 0.0000000000
47190  -24.481  -19.073  43.489 0.0000000000
48192  -24.952  -19.020  40.004 0.0000000000
46202  -23.749  -21.297  37.796 0.0000000000
45165  -24.310  -21.431  36.420 0.0000000000
69851  -46.340  3.543  22.304 0.0000000000
127263  -47.201  3.710  22.774 0.0000000000
69852  -48.094  3.922  22.673 0.0000000000
69866  -48.203  4.520  22.000 0.0000000000
131008  -50.587  4.449  21.737 0.0000000000
71766  -50.095  5.338  21.193 0.0000000000
70795  -49.046  5.282  19.998 0.0000000000
117544  -49.499  5.632  19.526 0.0000000000
72697  -50.376  6.420  18.959 0.0000000000
72690  -52.003  6.742  21.104 0.0000000000
36806  -12.879  -30.919  46.230 0.0000000000
36805  -12.192  -31.459  46.483 0.0000000000
56867  -32.161  -10.351  32.576 0.0000000000
56884  -31.986  -10.574  31.663 0.0000000000
62618  -38.728  -3.841  30.563 0.0000000000
62632  -38.529  -3.730  29.519 0.0000000000
62633  -39.442  -3.974  29.755 0.0000000000
61711  -40.348  -3.936  28.972 0.0000000000
61714  -42.287  -4.706  29.137 0.0000000000
60856  -42.599  -6.040  27.519 0.0000000000
59983  -42.920  -6.801  27.063 0.0000000000
59996  -43.256  -6.697  26.585 0.0000000000
59984  -43.317  -6.692  27.040 0.0000000000
38678  -18.016  -28.593  46.073 0.0000000000
37756  -17.850  -28.986  46.817 0.0000000000
37755  -16.629  -29.645  46.834 0.0000000000
126182  -15.905  -29.446  46.860 0.0000000000
38675  -14.244  -29.811  45.062 0.0000000000
115871  -11.363  -31.248  49.425 0.0000000000
122973  -8.227  -32.085  50.118 0.0000000000
35834  -9.202  -31.751  50.396 0.0000000000
36741  -9.864  -31.221  52.300 0.0000000000
36740  -9.351  -31.186  52.400 0.0000000000
49196  -36.545  -17.391  44.417 0.0000000000
50198  -38.752  -16.210  43.618 0.0000000000
61748  -47.727  -4.645  26.788 0.0000000000
62662  -47.235  -4.378  26.086 0.0000000000
63555  -47.985  -3.137  26.560 0.0000000000
110623  -47.710  -2.924  25.890 0.0000000000
65278  -48.441  -1.560  25.477 0.0000000000
110817  -48.706  -0.733  25.577 0.0000000000
123663  -48.961  0.086  25.680 0.0000000000
62526  -34.693  -4.412  37.550 0.0000000000
63416  -35.346  -3.519  37.873 0.0000000000
63427  -35.153  -3.320  36.974 0.0000000000
63450  -35.971  -2.793  36.408 0.0000000000
63476  -36.271  -2.845  35.433 0.0000000000
63497  -38.667  -3.489  34.238 0.0000000000
44162  -23.287  -22.250  39.497 0.0000000000
125636  -22.667  -22.585  39.883 0.0000000000
44180  -23.095  -22.987  39.081 0.0000000000
35803  -13.927  -30.705  54.372 0.0000000000
35802  -13.279  -31.011  54.202 0.0000000000
50319  -38.577  -17.194  32.813 0.0000000000
124477  -38.938  -17.536  33.720 0.0000000000
51192  -39.111  -17.031  33.636 0.0000000000
52042  -38.349  -16.520  34.789 0.0000000000
116228  -36.430  -7.659  40.313 0.0000000000
48225  -25.292  -19.029  37.531 0.0000000000
48226  -25.990  -17.933  37.193 0.0000000000
49316  -26.970  -17.211  37.310 0.0000000000
50285  -28.154  -16.769  36.306 0.0000000000
127747  -29.739  -16.540  35.665 0.0000000000
49302  -35.852  -16.461  38.944 0.0000000000
50251  -34.531  -16.776  37.874 0.0000000000
114713  -35.515  -16.918  38.019 0.0000000000
49319  -35.292  -16.978  37.006 0.0000000000
49338  -35.105  -17.337  35.899 0.0000000000
130068  -35.505  -17.520  35.245 0.0000000000
49351  -34.904  -17.618  34.868 0.0000000000
49370  -35.078  -17.608  34.137 0.0000000000
48290  -36.394  -18.337  33.333 0.0000000000
48143  -26.302  -17.613  44.307 0.0000000000
48157  -27.311  -17.705  43.639 0.0000000000
48169  -26.999  -17.612  42.735 0.0000000000
130641  -26.427  -17.891  41.028 0.0000000000
121600  -25.602  -18.184  40.486 0.0000000000
48193  -25.664  -18.223  39.666 0.0000000000
48213  -25.158  -19.012  38.533 0.0000000000
64450  -43.135  -2.361  21.692 0.0000000000
118907  -46.370  3.184  18.608 0.0000000000
68900  -50.247  3.081  23.679 0.0000000000
111802  -49.943  3.462  23.024 0.0000000000
69848  -50.756  3.705  23.298 0.0000000000
59957  -32.180  -7.954  31.179 0.0000000000
59034  -32.092  -8.406  30.623 0.0000000000
60865  -38.489  -6.085  25.705 0.0000000000
129663  -41.231  -4.417  31.742 0.0000000000
114626  -41.936  -4.338  31.292 0.0000000000
62622  -42.657  -4.388  30.777 0.0000000000
61700  -43.248  -4.933  30.146 0.0000000000
116957  -43.682  -5.096  29.407 0.0000000000
39680  -20.331  -26.998  43.684 0.0000000000
39658  -20.702  -27.575  44.730 0.0000000000
122538  -18.802  -28.197  45.319 0.0000000000
132270  -18.399  -28.342  45.662 0.0000000000
128337  -17.836  -28.236  45.324 0.0000000000
38701  -16.856  -28.151  45.312 0.0000000000
124171  -15.059  -29.052  44.342 0.0000000000
49340  -38.359  -17.441  36.009 0.0000000000
49341  -38.620  -16.888  36.803 0.0000000000
125039  -39.009  -16.586  37.500 0.0000000000
50266  -39.379  -16.071  37.961 0.0000000000
52016  -39.597  -15.151  38.881 0.0000000000
51153  -39.467  -15.480  39.196 0.0000000000
52017  -39.982  -14.891  39.513 0.0000000000
52899  -40.406  -14.606  39.758 0.0000000000
53790  -40.528  -14.135  39.928 0.0000000000
52842  -40.340  -14.308  42.850 0.0000000000
49260  -30.040  -16.449  41.256 0.0000000000
111643  -31.828  -17.680  41.629 0.0000000000
49262  -32.491  -17.399  40.930 0.0000000000
49245  -33.572  -17.346  42.105 0.0000000000
49263  -33.494  -17.525  41.236 0.0000000000
50222  -33.391  -17.393  40.349 0.0000000000
50223  -34.158  -17.278  39.872 0.0000000000
49283  -34.956  -16.762  39.486 0.0000000000
49212  -36.142  -17.086  43.666 0.0000000000
49227  -35.754  -16.696  42.869 0.0000000000
49247  -35.563  -16.380  42.027 0.0000000000
49248  -36.519  -16.362  41.935 0.0000000000
49265  -36.208  -16.598  41.306 0.0000000000
122907  -35.610  -16.768  40.172 0.0000000000
49303  -36.900  -16.703  38.562 0.0000000000
121179  -37.656  -17.363  38.156 0.0000000000
49286  -37.908  -16.762  39.062 0.0000000000
112555  -37.877  -17.264  38.484 0.0000000000
49323  -37.931  -17.546  37.636 0.0000000000
48228  -38.146  -17.626  37.172 0.0000000000
48229  -38.147  -17.600  36.752 0.0000000000
49208  -31.758  -18.050  43.865 0.0000000000
49223  -31.386  -17.817  42.703 0.0000000000
60904  -40.710  -6.065  23.395 0.0000000000
61767  -41.270  -5.504  24.305 0.0000000000
61783  -41.989  -4.834  23.791 0.0000000000
132404  -42.438  -4.426  23.771 0.0000000000
62680  -42.064  -4.123  23.217 0.0000000000
62661  -46.497  -4.136  25.516 0.0000000000
63565  -45.276  -3.478  24.590 0.0000000000
64423  -46.273  -2.772  25.112 0.0000000000
113304  -45.560  -2.858  24.540 0.0000000000
64435  -43.376  -2.292  23.185 0.0000000000
64443  -43.152  -2.227  22.468 0.0000000000
65305  -43.874  -1.026  22.613 0.0000000000
66200  -44.227  -0.413  22.299 0.0000000000
67086  -44.419  0.354  21.854 0.0000000000
67087  -44.646  0.867  21.237 0.0000000000
67999  -44.862  1.489  21.817 0.0000000000
68916  -45.425  2.160  22.215 0.0000000000
68896  -46.403  2.210  23.778 0.0000000000
67052  -48.691  0.899  25.483 0.0000000000
67967  -49.371  1.706  25.484 0.0000000000
68889  -49.796  2.612  24.136 0.0000000000
55753  -33.949  -11.212  35.742 0.0000000000
56837  -33.819  -10.730  34.944 0.0000000000
57938  -33.462  -9.754  35.001 0.0000000000
57958  -32.765  -9.525  34.340 0.0000000000
58991  -33.383  -8.247  35.499 0.0000000000
123547  -32.941  -8.764  35.060 0.0000000000
57974  -32.494  -9.038  33.474 0.0000000000
59013  -32.932  -8.251  33.190 0.0000000000
59949  -32.702  -7.998  32.484 0.0000000000
60802  -33.559  -6.048  34.573 0.0000000000
62550  -34.403  -4.238  34.637 0.0000000000
61679  -33.746  -5.182  34.656 0.0000000000
60808  -33.700  -6.949  33.188 0.0000000000
59958  -32.616  -7.320  31.890 0.0000000000
60822  -33.179  -6.484  30.258 0.0000000000
61690  -34.502  -5.392  31.459 0.0000000000
60823  -33.908  -5.837  30.781 0.0000000000
60828  -33.847  -6.019  29.842 0.0000000000
127975  -35.094  -5.257  28.337 0.0000000000
111483  -35.664  -4.634  28.910 0.0000000000
62617  -37.871  -4.008  30.313 0.0000000000
111953  -37.238  -4.358  31.020 0.0000000000
112913  -39.004  -3.683  31.433 0.0000000000
63513  -39.255  -3.707  33.794 0.0000000000
62575  -39.452  -3.727  33.568 0.0000000000
119805  -40.091  -3.682  34.489 0.0000000000
62562  -39.936  -3.906  34.197 0.0000000000
62576  -39.860  -3.947  33.842 0.0000000000
62592  -40.335  -3.684  33.145 0.0000000000
111836  -40.865  -4.164  32.404 0.0000000000
118184  -22.271  -23.115  39.872 0.0000000000
43266  -22.175  -23.991  40.917 0.0000000000
42382  -21.721  -24.708  40.462 0.0000000000
42374  -21.800  -24.279  41.928 0.0000000000
42363  -21.843  -25.068  42.397 0.0000000000
40639  -19.864  -26.965  40.586 0.0000000000
114645  -19.614  -27.043  41.146 0.0000000000
73556  -52.884  7.654  16.714 0.0000000000
53866  -35.611  -14.580  33.977 0.0000000000
110687  -35.002  -14.198  34.477 0.0000000000
54804  -34.224  -12.225  35.694 0.0000000000
115717  -38.856  -16.740  36.227 0.0000000000
51173  -39.247  -16.243  36.700 0.0000000000
52924  -39.226  -15.805  36.666 0.0000000000
53833  -38.941  -14.925  38.072 0.0000000000
53847  -38.806  -15.388  37.285 0.0000000000
53846  -38.646  -15.127  37.047 0.0000000000
53845  -38.163  -14.454  36.724 0.0000000000
54737  -38.413  -12.038  39.385 0.0000000000
55705  -37.830  -12.151  38.695 0.0000000000
54750  -38.451  -12.792  38.675 0.0000000000
54766  -38.154  -13.369  38.104 0.0000000000
54786  -37.736  -13.396  37.502 0.0000000000
53831  -37.744  -13.671  36.919 0.0000000000
54784  -36.376  -12.874  36.675 0.0000000000
55755  -35.576  -12.573  36.456 0.0000000000
55754  -34.811  -12.259  36.222 0.0000000000
55731  -34.435  -11.602  36.351 0.0000000000
57904  -33.983  -9.478  36.447 0.0000000000
133892  -34.597  -8.353  37.684 0.0000000000
58964  -34.028  -7.962  37.272 0.0000000000
114710  -34.595  -6.804  37.587 0.0000000000
113335  -36.230  -7.060  40.016 0.0000000000
60755  -35.718  -6.204  39.916 0.0000000000
62505  -35.513  -4.785  40.921 0.0000000000
61629  -35.483  -5.222  40.074 0.0000000000
111025  -34.982  -6.184  39.102 0.0000000000
126638  -34.719  -5.367  38.725 0.0000000000
62520  -34.851  -4.449  38.356 0.0000000000
130799  -30.088  -16.411  40.468 0.0000000000
50248  -31.405  -16.252  38.817 0.0000000000
50247  -30.523  -16.274  38.742 0.0000000000
50259  -30.279  -16.215  37.872 0.0000000000
115085  -29.999  -16.453  36.844 0.0000000000
50262  -33.755  -16.619  37.374 0.0000000000
50277  -32.952  -16.475  36.913 0.0000000000
50290  -33.596  -16.833  35.367 0.0000000000
128719  -33.040  -16.509  36.078 0.0000000000
50288  -31.612  -16.401  35.123 0.0000000000
50287  -30.446  -16.325  34.766 0.0000000000
128187  -23.292  -21.896  40.891 0.0000000000
49191  -25.666  -17.751  43.819 0.0000000000
48155  -25.089  -18.355  42.933 0.0000000000
47207  -24.219  -19.643  41.195 0.0000000000
114593  -23.654  -21.402  40.986 0.0000000000
45116  -23.612  -21.729  40.088 0.0000000000
44181  -23.402  -22.415  38.671 0.0000000000
45144  -23.694  -22.039  37.519 0.0000000000
68926  -45.290  2.169  20.648 0.0000000000
68935  -45.541  2.213  19.852 0.0000000000
68927  -45.688  2.953  20.505 0.0000000000
68936  -45.862  2.816  19.406 0.0000000000
70792  -46.608  4.162  18.697 0.0000000000
70772  -48.022  4.551  21.055 0.0000000000
70793  -46.970  4.519  19.384 0.0000000000
70808  -48.038  4.018  17.953 0.0000000000
124959  -48.352  4.077  17.257 0.0000000000
121015  -52.513  7.567  19.394 0.0000000000
36783  -14.376  -30.776  49.108 0.0000000000
36769  -14.004  -30.692  49.871 0.0000000000
36793  -12.132  -31.158  47.292 0.0000000000
130586  -12.021  -31.035  48.108 0.0000000000
55775  -32.945  -11.913  33.679 0.0000000000
112448  -32.055  -9.828  31.063 0.0000000000
60029  -40.457  -6.970  23.851 0.0000000000
61726  -36.183  -4.705  28.091 0.0000000000
113318  -36.934  -4.434  27.510 0.0000000000
62644  -38.193  -3.729  28.478 0.0000000000
61727  -37.781  -4.185  27.566 0.0000000000
61738  -37.398  -4.777  26.870 0.0000000000
60852  -39.001  -5.555  26.113 0.0000000000
125185  -40.868  -4.441  28.401 0.0000000000
60853  -39.741  -5.535  26.508 0.0000000000
59993  -40.488  -6.701  25.647 0.0000000000
133245  -41.732  -6.256  26.601 0.0000000000
114390  -41.182  -6.859  25.545 0.0000000000
60013  -43.788  -6.591  26.166 0.0000000000
60884  -44.307  -6.341  25.877 0.0000000000
60832  -45.147  -5.543  28.744 0.0000000000
36770  -15.380  -30.613  49.803 0.0000000000
36772  -16.759  -30.515  49.092 0.0000000000
123102  -16.048  -30.725  48.995 0.0000000000
36784  -15.233  -30.847  49.010 0.0000000000
37753  -14.314  -29.686  46.648 0.0000000000
37752  -13.527  -30.246  46.418 0.0000000000
38698  -14.375  -29.708  44.217 0.0000000000
36759  -13.985  -31.014  50.564 0.0000000000
35825  -14.015  -31.378  51.028 0.0000000000
128126  -12.821  -30.779  50.396 0.0000000000
36753  -13.205  -31.057  51.137 0.0000000000
35815  -13.812  -31.060  51.768 0.0000000000
36745  -12.972  -30.902  51.860 0.0000000000
36735  -12.836  -31.081  52.644 0.0000000000
35801  -12.869  -31.218  54.010 0.0000000000
128943  -10.239  -31.557  49.208 0.0000000000
118215  -10.798  -31.466  50.282 0.0000000000
36756  -10.209  -31.594  50.605 0.0000000000
36743  -11.711  -31.268  52.027 0.0000000000
35800  -12.564  -30.909  54.240 0.0000000000
35795  -12.080  -30.523  54.502 0.0000000000
36713  -11.308  -30.030  55.068 0.0000000000
130768  -9.491  -30.544  55.925 0.0000000000
34900  -6.681  -32.813  50.949 0.0000000000
35822  -6.504  -32.540  51.023 0.0000000000
36729  -8.518  -30.651  52.500 0.0000000000
35794  -12.914  -30.489  55.072 0.0000000000
35806  -13.052  -31.272  53.533 0.0000000000
46182  -23.924  -20.382  39.683 0.0000000000
48142  -25.583  -17.948  44.472 0.0000000000
48146  -31.505  -17.628  44.680 0.0000000000
48170  -28.618  -17.347  43.276 0.0000000000
48227  -37.944  -18.154  36.864 0.0000000000
48243  -38.478  -18.090  36.613 0.0000000000
49240  -28.298  -17.111  41.360 0.0000000000
49251  -38.275  -16.156  40.743 0.0000000000
49322  -37.840  -17.575  37.358 0.0000000000
49325  -38.771  -16.849  37.416 0.0000000000
49355  -38.449  -17.826  35.462 0.0000000000
50226  -39.157  -15.639  40.080 0.0000000000
50235  -32.023  -16.302  39.318 0.0000000000
50252  -38.897  -16.257  38.897 0.0000000000
50279  -38.962  -16.564  36.922 0.0000000000
51147  -39.656  -15.437  39.798 0.0000000000
51154  -39.992  -15.149  39.655 0.0000000000
51160  -39.709  -15.121  39.222 0.0000000000
51178  -39.140  -16.138  36.140 0.0000000000
52007  -40.489  -15.121  40.016 0.0000000000
52024  -39.294  -15.531  38.303 0.0000000000
52028  -39.334  -15.896  37.675 0.0000000000
52033  -39.371  -15.922  36.969 0.0000000000
52856  -40.552  -14.927  40.988 0.0000000000
53819  -39.147  -14.367  38.232 0.0000000000
55704  -37.375  -11.593  38.616 0.0000000000
56836  -33.197  -10.350  34.551 0.0000000000
59917  -34.418  -7.298  37.124 0.0000000000
59931  -33.804  -7.480  35.136 0.0000000000
60754  -35.493  -6.900  39.360 0.0000000000
61698  -41.806  -4.359  29.852 0.0000000000
112060  -12.125  -30.997  50.385 0.0000000000
112121  -11.805  -31.289  50.754 0.0000000000
114220  -27.468  -17.064  38.113 0.0000000000
115215  -38.977  -15.942  40.658 0.0000000000
118052  -34.107  -17.674  44.962 0.0000000000
118967  -35.375  -7.745  38.551 0.0000000000
119209  -39.756  -14.892  39.200 0.0000000000
124398  -38.366  -17.054  37.026 0.0000000000
125993  -28.397  -17.673  44.436 0.0000000000
128600  -35.962  -16.198  42.152 0.0000000000
128968  -35.768  -3.488  33.453 0.0000000000
132356  -31.382  -17.721  43.378 0.0000000000
132668  -45.182  -6.376  26.436 0.0000000000
132839  -14.863  -30.940  52.847 0.0000000000
132907  -38.258  -13.981  37.209 0.0000000000
133380  -31.917  -8.880  32.177 0.0000000000
134021  -34.707  -5.177  38.044 0.0000000000
