#!ascii label  , from subject sub-003S6257 vox2ras=TkReg
1716
47252  -49.386  -19.629  37.150 0.0000000000
38668  -39.259  -28.388  45.940 0.0000000000
53993  -50.874  -13.613  23.071 0.0000000000
113929  -40.608  -22.457  25.873 0.0000000000
51220  -49.367  -16.821  31.859 0.0000000000
41498  -46.701  -26.652  43.112 0.0000000000
35975  -42.733  -32.840  33.989 0.0000000000
41611  -39.410  -27.414  29.311 0.0000000000
38731  -30.384  -29.411  42.950 0.0000000000
54933  -63.153  -12.318  25.738 0.0000000000
39826  -33.707  -28.448  31.935 0.0000000000
111525  -45.982  -21.955  31.565 0.0000000000
47354  -46.897  -20.575  28.633 0.0000000000
47314  -51.787  -21.057  32.637 0.0000000000
45118  -47.575  -22.391  40.677 0.0000000000
41537  -43.448  -26.572  37.678 0.0000000000
44253  -43.063  -23.125  34.478 0.0000000000
44279  -38.430  -23.554  29.599 0.0000000000
57058  -63.579  -9.831  21.243 0.0000000000
40574  -34.245  -26.752  45.363 0.0000000000
40687  -30.840  -27.480  38.041 0.0000000000
40659  -36.486  -27.681  39.323 0.0000000000
53023  -49.710  -14.657  27.781 0.0000000000
124061  -44.143  -29.625  45.214 0.0000000000
39739  -41.546  -28.351  39.765 0.0000000000
37844  -46.056  -30.377  37.687 0.0000000000
37920  -41.572  -30.112  31.580 0.0000000000
34075  -27.730  -34.889  42.290 0.0000000000
120711  -54.272  -11.427  33.722 0.0000000000
53923  -55.260  -13.265  28.934 0.0000000000
55807  -60.466  -11.860  30.435 0.0000000000
54942  -56.069  -13.044  24.122 0.0000000000
55988  -57.704  -11.897  20.036 0.0000000000
36880  -27.259  -31.333  36.853 0.0000000000
38836  -39.102  -29.776  33.750 0.0000000000
113721  -48.123  -20.384  34.257 0.0000000000
46287  -48.839  -22.308  32.050 0.0000000000
47272  -51.340  -20.606  34.447 0.0000000000
46197  -48.325  -21.107  39.068 0.0000000000
45157  -45.594  -22.644  37.800 0.0000000000
124571  -46.559  -21.322  36.311 0.0000000000
45224  -44.786  -21.819  33.384 0.0000000000
54023  -48.847  -12.897  19.300 0.0000000000
55001  -51.461  -12.255  20.125 0.0000000000
39609  -36.485  -27.638  46.326 0.0000000000
40603  -35.552  -27.360  42.947 0.0000000000
39687  -37.726  -27.968  42.818 0.0000000000
46363  -40.968  -22.185  24.971 0.0000000000
49441  -48.547  -18.922  29.486 0.0000000000
49455  -46.301  -18.607  27.536 0.0000000000
51250  -46.546  -16.217  29.141 0.0000000000
113140  -47.674  -14.797  27.024 0.0000000000
52984  -49.309  -14.575  30.527 0.0000000000
39672  -46.701  -28.581  43.798 0.0000000000
37809  -46.187  -30.513  41.259 0.0000000000
39710  -46.372  -29.175  41.419 0.0000000000
41583  -42.288  -27.184  33.853 0.0000000000
40755  -43.476  -28.303  33.496 0.0000000000
118365  -40.286  -28.665  29.497 0.0000000000
45282  -39.329  -22.463  28.150 0.0000000000
55801  -54.774  -11.086  31.224 0.0000000000
53961  -59.181  -14.049  27.731 0.0000000000
133264  -59.123  -12.866  25.333 0.0000000000
55963  -57.003  -11.235  22.057 0.0000000000
55949  -60.150  -11.643  23.343 0.0000000000
56011  -61.771  -10.924  18.851 0.0000000000
35899  -28.873  -32.076  42.499 0.0000000000
35006  -27.489  -33.080  39.177 0.0000000000
36872  -28.664  -30.830  39.444 0.0000000000
41565  -32.751  -26.420  34.644 0.0000000000
39815  -29.295  -27.822  33.355 0.0000000000
38852  -31.318  -29.263  30.924 0.0000000000
38800  -42.833  -29.263  36.416 0.0000000000
39782  -40.724  -28.236  36.158 0.0000000000
37880  -41.414  -30.911  34.286 0.0000000000
45268  -43.587  -23.302  28.729 0.0000000000
46341  -43.551  -22.405  27.737 0.0000000000
46321  -46.030  -22.528  29.606 0.0000000000
47339  -49.669  -20.864  30.894 0.0000000000
50336  -51.174  -18.650  32.181 0.0000000000
128046  -47.208  -24.141  42.117 0.0000000000
41516  -45.094  -26.448  40.863 0.0000000000
43274  -45.061  -24.236  39.943 0.0000000000
43310  -43.325  -24.276  36.660 0.0000000000
43328  -40.693  -24.936  33.435 0.0000000000
42455  -38.196  -26.012  29.686 0.0000000000
44261  -41.394  -23.286  32.597 0.0000000000
128649  -42.608  -22.408  30.427 0.0000000000
55952  -62.984  -11.308  23.544 0.0000000000
133757  -63.521  -8.089  24.684 0.0000000000
40586  -31.411  -27.464  44.210 0.0000000000
39717  -30.312  -28.347  40.834 0.0000000000
40630  -33.145  -27.067  41.549 0.0000000000
40674  -34.220  -27.210  38.529 0.0000000000
40722  -35.626  -26.620  35.667 0.0000000000
48369  -43.422  -19.647  26.142 0.0000000000
52129  -47.984  -14.687  24.609 0.0000000000
53042  -50.682  -14.359  25.307 0.0000000000
38691  -41.961  -29.505  45.709 0.0000000000
39690  -40.413  -28.580  42.814 0.0000000000
38744  -42.889  -29.374  41.942 0.0000000000
125258  -43.955  -29.912  39.288 0.0000000000
36894  -45.537  -31.201  35.666 0.0000000000
39772  -45.522  -28.788  37.146 0.0000000000
38824  -45.087  -30.127  34.417 0.0000000000
36938  -41.935  -32.146  32.390 0.0000000000
49312  -53.314  -18.428  38.564 0.0000000000
39597  -40.738  -28.531  47.699 0.0000000000
39617  -45.260  -27.669  45.831 0.0000000000
42339  -47.577  -26.034  45.192 0.0000000000
48237  -54.381  -19.043  36.601 0.0000000000
50308  -53.916  -18.036  34.451 0.0000000000
117540  -53.455  -16.446  33.553 0.0000000000
53854  -54.729  -13.191  35.253 0.0000000000
52957  -52.347  -13.785  33.098 0.0000000000
54840  -51.733  -12.720  31.083 0.0000000000
53936  -52.700  -13.698  28.554 0.0000000000
115078  -53.120  -14.379  26.176 0.0000000000
127340  -58.543  -13.286  29.993 0.0000000000
53038  -56.245  -14.259  26.781 0.0000000000
53996  -53.516  -13.359  23.867 0.0000000000
55962  -54.114  -11.820  21.874 0.0000000000
55990  -60.640  -11.508  20.662 0.0000000000
33255  -26.144  -35.093  39.919 0.0000000000
35983  -25.303  -32.618  33.805 0.0000000000
38790  -29.217  -29.147  36.716 0.0000000000
37888  -27.133  -30.029  33.089 0.0000000000
112343  -39.137  -27.945  40.404 0.0000000000
40712  -37.753  -27.033  36.474 0.0000000000
38833  -36.597  -28.699  32.945 0.0000000000
35970  -36.800  -32.405  34.799 0.0000000000
47270  -48.725  -19.967  34.847 0.0000000000
112070  -49.594  -20.127  34.587 0.0000000000
48262  -50.296  -19.486  35.818 0.0000000000
47242  -49.360  -20.127  38.055 0.0000000000
46208  -47.386  -21.442  37.884 0.0000000000
47260  -47.787  -20.720  36.478 0.0000000000
46256  -47.274  -20.646  34.696 0.0000000000
54006  -49.434  -13.156  22.478 0.0000000000
54013  -49.710  -12.739  21.728 0.0000000000
55000  -50.563  -12.515  19.836 0.0000000000
54974  -51.119  -12.877  22.286 0.0000000000
39611  -37.785  -28.311  46.376 0.0000000000
39644  -37.702  -28.296  44.447 0.0000000000
131926  -38.572  -28.969  44.485 0.0000000000
46362  -39.588  -21.963  24.920 0.0000000000
45330  -40.962  -22.463  25.579 0.0000000000
49413  -48.163  -18.245  31.327 0.0000000000
127748  -47.695  -17.668  29.986 0.0000000000
51239  -48.173  -16.673  30.845 0.0000000000
52099  -47.841  -15.125  29.638 0.0000000000
52086  -48.712  -15.169  31.115 0.0000000000
40604  -47.115  -27.814  43.876 0.0000000000
111396  -46.365  -29.301  42.098 0.0000000000
122923  -46.350  -28.455  42.389 0.0000000000
41597  -40.415  -27.295  31.627 0.0000000000
40773  -41.625  -28.124  31.245 0.0000000000
39851  -40.434  -28.026  29.485 0.0000000000
38872  -38.460  -29.512  29.177 0.0000000000
122539  -40.476  -22.481  27.363 0.0000000000
45308  -37.524  -22.096  26.385 0.0000000000
45327  -38.083  -21.826  25.598 0.0000000000
53963  -60.610  -13.436  26.678 0.0000000000
54932  -61.582  -12.944  25.670 0.0000000000
54966  -59.740  -12.022  23.947 0.0000000000
54947  -61.784  -12.319  24.823 0.0000000000
37796  -29.447  -30.685  42.687 0.0000000000
36860  -29.017  -31.247  41.170 0.0000000000
37817  -29.282  -30.454  40.796 0.0000000000
41578  -32.927  -26.309  33.445 0.0000000000
40748  -31.321  -26.688  32.499 0.0000000000
39837  -32.289  -27.857  31.417 0.0000000000
111306  -32.322  -30.537  32.225 0.0000000000
37905  -32.908  -30.148  32.698 0.0000000000
38823  -42.805  -30.361  34.715 0.0000000000
38822  -41.755  -30.265  34.369 0.0000000000
36908  -42.246  -32.082  34.439 0.0000000000
111566  -45.086  -23.069  30.146 0.0000000000
45271  -45.790  -23.056  29.789 0.0000000000
45258  -46.073  -22.533  30.477 0.0000000000
46289  -50.521  -21.652  32.463 0.0000000000
46302  -49.933  -22.046  31.745 0.0000000000
47326  -50.814  -21.184  31.682 0.0000000000
48319  -50.150  -19.666  31.226 0.0000000000
48321  -51.569  -20.062  32.057 0.0000000000
44156  -47.654  -23.455  41.810 0.0000000000
43275  -45.937  -24.227  40.959 0.0000000000
44175  -46.659  -22.778  40.565 0.0000000000
121087  -44.686  -22.725  36.170 0.0000000000
44223  -44.379  -23.450  37.654 0.0000000000
118790  -43.200  -23.813  35.923 0.0000000000
43324  -41.558  -24.796  34.643 0.0000000000
44251  -41.852  -23.832  34.250 0.0000000000
43335  -40.986  -23.995  33.053 0.0000000000
44257  -42.503  -23.065  33.766 0.0000000000
45225  -45.358  -21.868  32.365 0.0000000000
125397  -44.026  -22.214  31.675 0.0000000000
45246  -44.268  -22.565  30.561 0.0000000000
45256  -43.071  -22.682  29.502 0.0000000000
120403  -32.814  -26.605  44.765 0.0000000000
40600  -32.394  -26.735  43.083 0.0000000000
40588  -33.245  -26.554  43.774 0.0000000000
39719  -35.958  -27.940  41.055 0.0000000000
122912  -35.018  -27.501  40.693 0.0000000000
40658  -35.659  -27.535  39.300 0.0000000000
111269  -34.554  -27.180  37.759 0.0000000000
40690  -35.955  -27.139  37.874 0.0000000000
47352  -45.190  -21.418  28.346 0.0000000000
47360  -43.842  -21.045  27.577 0.0000000000
48359  -45.223  -19.846  27.147 0.0000000000
123746  -45.630  -18.114  27.116 0.0000000000
49463  -45.112  -18.909  25.946 0.0000000000
50390  -44.713  -17.679  25.283 0.0000000000
125290  -48.548  -14.866  26.730 0.0000000000
52120  -47.844  -15.282  25.874 0.0000000000
52114  -49.439  -14.855  26.394 0.0000000000
53040  -49.133  -14.496  25.029 0.0000000000
52115  -50.193  -14.730  26.505 0.0000000000
112086  -43.251  -29.451  45.112 0.0000000000
38719  -42.177  -29.362  43.963 0.0000000000
116862  -43.845  -29.787  43.457 0.0000000000
37831  -46.117  -30.283  39.655 0.0000000000
38758  -44.744  -30.347  39.793 0.0000000000
38781  -45.520  -30.463  38.235 0.0000000000
37856  -45.187  -30.830  36.628 0.0000000000
37853  -46.032  -30.895  36.595 0.0000000000
41530  -43.899  -26.663  38.577 0.0000000000
40662  -44.552  -27.667  39.321 0.0000000000
40695  -43.940  -27.514  37.327 0.0000000000
39841  -43.275  -29.059  32.222 0.0000000000
38837  -44.214  -29.315  33.226 0.0000000000
37921  -42.937  -30.239  32.273 0.0000000000
37897  -44.148  -30.739  33.520 0.0000000000
43355  -37.898  -24.352  29.914 0.0000000000
41467  -46.258  -26.465  45.811 0.0000000000
45096  -49.019  -23.443  43.512 0.0000000000
49330  -53.686  -18.780  37.738 0.0000000000
133890  -53.273  -17.214  36.169 0.0000000000
51181  -53.464  -16.828  35.464 0.0000000000
50315  -53.786  -17.368  34.100 0.0000000000
128464  -54.239  -15.401  34.616 0.0000000000
131255  -55.067  -12.105  35.396 0.0000000000
125973  -54.243  -13.726  34.432 0.0000000000
54824  -53.184  -12.665  33.309 0.0000000000
54832  -51.640  -12.699  32.111 0.0000000000
54833  -53.056  -11.987  32.690 0.0000000000
54856  -55.145  -11.918  29.821 0.0000000000
54876  -53.188  -12.401  29.854 0.0000000000
53922  -54.256  -13.205  28.901 0.0000000000
53025  -52.674  -14.439  27.443 0.0000000000
53016  -54.268  -14.217  27.832 0.0000000000
54861  -59.927  -12.671  30.550 0.0000000000
114843  -57.236  -13.868  25.995 0.0000000000
53960  -57.022  -14.076  26.827 0.0000000000
53974  -56.398  -13.928  25.513 0.0000000000
53972  -54.914  -14.040  25.086 0.0000000000
53998  -55.018  -13.477  24.227 0.0000000000
122607  -53.716  -12.444  22.602 0.0000000000
113537  -55.201  -12.471  23.368 0.0000000000
55976  -57.548  -11.288  21.081 0.0000000000
116754  -55.852  -11.528  20.560 0.0000000000
54992  -56.427  -12.248  19.693 0.0000000000
55970  -63.434  -10.799  22.878 0.0000000000
115209  -62.103  -11.308  22.048 0.0000000000
129435  -62.116  -11.243  21.235 0.0000000000
35929  -27.244  -32.491  37.586 0.0000000000
35030  -26.436  -33.374  37.568 0.0000000000
35939  -26.624  -32.746  36.602 0.0000000000
35056  -25.334  -33.344  35.093 0.0000000000
36898  -26.354  -31.719  34.837 0.0000000000
117297  -30.461  -28.034  39.129 0.0000000000
38778  -29.577  -29.184  38.848 0.0000000000
121758  -29.751  -28.602  37.104 0.0000000000
38818  -28.070  -28.789  33.589 0.0000000000
35136  -28.787  -33.094  30.407 0.0000000000
39723  -40.741  -28.390  41.116 0.0000000000
39706  -39.831  -28.253  41.499 0.0000000000
39738  -40.544  -28.092  39.557 0.0000000000
39809  -40.045  -28.746  34.723 0.0000000000
40714  -39.411  -27.536  36.842 0.0000000000
39793  -38.991  -27.545  35.065 0.0000000000
40738  -37.661  -27.486  34.522 0.0000000000
39818  -38.027  -28.655  33.534 0.0000000000
130700  -35.769  -32.044  34.402 0.0000000000
127043  -47.686  -22.119  32.989 0.0000000000
46286  -47.995  -22.472  31.998 0.0000000000
47303  -48.298  -22.123  33.083 0.0000000000
47305  -49.923  -21.135  33.099 0.0000000000
47291  -52.051  -21.002  34.096 0.0000000000
46176  -48.086  -21.752  40.380 0.0000000000
45127  -46.759  -22.252  40.014 0.0000000000
45140  -47.006  -21.993  38.373 0.0000000000
46224  -46.374  -21.790  36.885 0.0000000000
45197  -45.173  -22.019  36.044 0.0000000000
117115  -44.057  -22.213  33.808 0.0000000000
46238  -45.882  -21.398  34.472 0.0000000000
122806  -46.004  -21.324  33.631 0.0000000000
55002  -52.308  -12.555  19.488 0.0000000000
132574  -35.703  -27.464  46.047 0.0000000000
112931  -34.652  -27.150  44.127 0.0000000000
39643  -36.446  -27.607  44.538 0.0000000000
115970  -37.130  -27.900  43.170 0.0000000000
39703  -36.823  -27.697  41.497 0.0000000000
48342  -48.372  -19.433  28.729 0.0000000000
49445  -46.642  -19.369  27.638 0.0000000000
50372  -47.079  -18.454  28.673 0.0000000000
122108  -46.399  -18.051  28.292 0.0000000000
51260  -45.868  -16.182  27.634 0.0000000000
51266  -46.264  -15.536  26.767 0.0000000000
52102  -46.991  -15.150  29.026 0.0000000000
52103  -47.969  -14.605  28.613 0.0000000000
53012  -49.753  -14.622  28.578 0.0000000000
38712  -45.686  -29.706  44.457 0.0000000000
119672  -45.466  -30.332  43.485 0.0000000000
37789  -46.376  -30.084  42.633 0.0000000000
37820  -46.472  -30.239  40.772 0.0000000000
133451  -46.343  -29.773  39.055 0.0000000000
114970  -42.655  -26.743  35.372 0.0000000000
40727  -43.823  -28.007  35.201 0.0000000000
40754  -42.798  -27.825  33.279 0.0000000000
39839  -41.866  -28.612  31.095 0.0000000000
133477  -40.341  -29.778  30.510 0.0000000000
36969  -38.561  -31.111  30.778 0.0000000000
37948  -38.616  -29.987  29.714 0.0000000000
44292  -38.364  -23.086  28.753 0.0000000000
45295  -36.915  -22.484  27.119 0.0000000000
123589  -56.148  -10.214  34.749 0.0000000000
55788  -54.194  -11.074  32.651 0.0000000000
56878  -55.772  -10.360  33.147 0.0000000000
55802  -55.754  -10.943  31.388 0.0000000000
55823  -56.464  -11.429  30.672 0.0000000000
53928  -61.174  -13.131  29.337 0.0000000000
53943  -59.975  -13.688  29.052 0.0000000000
113846  -60.461  -13.610  27.531 0.0000000000
53976  -59.113  -13.326  26.060 0.0000000000
54943  -57.683  -12.890  24.872 0.0000000000
54963  -56.754  -12.354  23.875 0.0000000000
54964  -58.110  -12.387  24.125 0.0000000000
55947  -58.411  -11.717  23.372 0.0000000000
55977  -58.460  -11.289  21.406 0.0000000000
58118  -63.577  -9.310  20.947 0.0000000000
56003  -62.768  -10.692  19.850 0.0000000000
57070  -63.499  -9.846  19.165 0.0000000000
34978  -28.469  -33.617  42.335 0.0000000000
34092  -27.754  -34.065  40.938 0.0000000000
35909  -28.296  -32.668  41.015 0.0000000000
36867  -28.283  -31.813  39.748 0.0000000000
36875  -28.087  -31.240  37.846 0.0000000000
40721  -31.848  -26.985  36.135 0.0000000000
40719  -30.612  -27.632  35.703 0.0000000000
40734  -30.642  -27.084  33.999 0.0000000000
40757  -29.762  -27.579  31.703 0.0000000000
38862  -29.517  -29.592  30.545 0.0000000000
36966  -29.722  -31.630  30.745 0.0000000000
36949  -31.215  -30.855  31.498 0.0000000000
39756  -42.573  -28.710  38.080 0.0000000000
39769  -40.952  -27.924  37.727 0.0000000000
39783  -41.535  -28.586  35.955 0.0000000000
38811  -40.831  -29.154  34.688 0.0000000000
123592  -39.714  -29.976  33.968 0.0000000000
122083  -41.988  -23.193  27.099 0.0000000000
45300  -41.991  -23.131  26.879 0.0000000000
45301  -43.378  -23.308  27.853 0.0000000000
46330  -44.981  -22.807  28.422 0.0000000000
46332  -46.418  -21.503  29.238 0.0000000000
46300  -48.038  -22.163  31.633 0.0000000000
46323  -48.543  -21.297  30.156 0.0000000000
47344  -48.123  -20.825  29.423 0.0000000000
48333  -49.165  -19.535  29.981 0.0000000000
49415  -49.908  -18.837  31.270 0.0000000000
50335  -50.675  -17.855  32.122 0.0000000000
42370  -46.840  -25.739  42.740 0.0000000000
41507  -46.265  -26.324  42.109 0.0000000000
117670  -46.328  -25.385  41.880 0.0000000000
43273  -44.923  -25.114  39.981 0.0000000000
133059  -43.697  -25.121  39.171 0.0000000000
44210  -45.144  -23.395  38.757 0.0000000000
43303  -43.765  -24.091  37.928 0.0000000000
42415  -42.880  -25.150  36.915 0.0000000000
42431  -42.066  -26.167  35.188 0.0000000000
41581  -40.684  -26.533  32.942 0.0000000000
41596  -39.704  -26.752  31.587 0.0000000000
41601  -38.801  -26.835  29.737 0.0000000000
42449  -39.056  -25.417  31.042 0.0000000000
43346  -39.225  -24.487  30.786 0.0000000000
44271  -39.487  -23.719  30.515 0.0000000000
45222  -43.182  -22.463  32.829 0.0000000000
45233  -42.022  -22.783  31.964 0.0000000000
44281  -40.100  -23.280  29.972 0.0000000000
45266  -40.630  -22.592  29.251 0.0000000000
45283  -41.482  -22.637  28.240 0.0000000000
55932  -63.163  -11.500  24.516 0.0000000000
127023  -63.641  -10.696  25.154 0.0000000000
58082  -63.693  -9.723  23.819 0.0000000000
58098  -63.667  -9.394  22.889 0.0000000000
127551  -63.690  -8.405  22.215 0.0000000000
60068  -63.690  -8.027  21.861 0.0000000000
39662  -30.607  -28.755  43.581 0.0000000000
111508  -30.258  -29.110  42.196 0.0000000000
39684  -31.259  -27.879  42.561 0.0000000000
40643  -31.498  -27.126  41.066 0.0000000000
132340  -32.020  -27.181  39.729 0.0000000000
113089  -34.214  -26.493  42.400 0.0000000000
40645  -33.624  -26.803  40.044 0.0000000000
40672  -32.393  -27.218  38.380 0.0000000000
112828  -33.200  -26.995  37.106 0.0000000000
41554  -34.035  -26.581  35.369 0.0000000000
41580  -34.593  -26.679  33.257 0.0000000000
46350  -42.069  -22.080  26.715 0.0000000000
47369  -42.500  -20.570  26.360 0.0000000000
48371  -45.659  -19.240  26.526 0.0000000000
53063  -49.466  -13.727  23.962 0.0000000000
53064  -50.222  -13.732  23.966 0.0000000000
38689  -40.894  -29.190  46.120 0.0000000000
39647  -40.112  -28.794  44.566 0.0000000000
39670  -41.358  -29.056  43.922 0.0000000000
39692  -42.136  -28.702  42.309 0.0000000000
125737  -42.574  -28.833  40.631 0.0000000000
38734  -44.708  -30.059  42.123 0.0000000000
38769  -43.184  -29.514  40.124 0.0000000000
125736  -42.976  -29.250  39.424 0.0000000000
38791  -43.363  -29.460  37.764 0.0000000000
38801  -43.877  -30.132  36.270 0.0000000000
36910  -43.970  -31.426  34.223 0.0000000000
40648  -45.239  -27.609  40.854 0.0000000000
39742  -46.021  -29.294  39.405 0.0000000000
39773  -46.117  -29.540  37.688 0.0000000000
40728  -44.541  -28.393  35.747 0.0000000000
39797  -45.253  -29.005  35.557 0.0000000000
38813  -46.175  -30.623  35.849 0.0000000000
37885  -45.444  -30.748  35.103 0.0000000000
36924  -43.737  -31.620  33.689 0.0000000000
41620  -37.757  -26.621  28.168 0.0000000000
48220  -49.751  -19.597  38.611 0.0000000000
48222  -51.517  -18.727  38.062 0.0000000000
123099  -28.935  -32.999  43.678 0.0000000000
39641  -30.583  -29.019  44.376 0.0000000000
40571  -31.238  -27.795  45.219 0.0000000000
40572  -32.541  -26.908  45.748 0.0000000000
40551  -35.753  -27.495  48.009 0.0000000000
39593  -36.910  -28.157  48.011 0.0000000000
39595  -38.337  -28.358  47.510 0.0000000000
39613  -39.532  -28.478  46.838 0.0000000000
38670  -41.174  -29.459  46.804 0.0000000000
110721  -41.997  -29.720  46.782 0.0000000000
39615  -43.660  -28.851  46.294 0.0000000000
40565  -43.634  -27.811  46.806 0.0000000000
130051  -45.429  -28.607  45.541 0.0000000000
38695  -46.241  -28.667  45.100 0.0000000000
40578  -47.244  -27.227  44.718 0.0000000000
41484  -47.758  -26.382  44.360 0.0000000000
42361  -48.037  -25.610  43.865 0.0000000000
43226  -48.128  -24.714  43.562 0.0000000000
44140  -48.556  -23.413  43.088 0.0000000000
48208  -49.588  -19.856  39.603 0.0000000000
48250  -52.147  -19.292  36.566 0.0000000000
48251  -53.204  -19.666  36.158 0.0000000000
47275  -53.352  -20.130  34.970 0.0000000000
51171  -54.121  -17.396  37.706 0.0000000000
128346  -54.333  -18.893  35.582 0.0000000000
48296  -53.194  -19.429  34.028 0.0000000000
121322  -53.207  -18.402  33.649 0.0000000000
50324  -52.336  -17.814  32.930 0.0000000000
51207  -52.002  -16.792  32.975 0.0000000000
52939  -54.234  -14.772  34.308 0.0000000000
52948  -53.489  -15.078  33.582 0.0000000000
52060  -50.685  -15.444  32.594 0.0000000000
52969  -50.110  -14.175  31.925 0.0000000000
53900  -50.619  -13.613  31.197 0.0000000000
53002  -50.523  -13.981  29.516 0.0000000000
55819  -52.972  -11.839  31.318 0.0000000000
53920  -52.221  -13.349  29.299 0.0000000000
111381  -51.072  -14.221  27.909 0.0000000000
111556  -51.802  -14.542  27.372 0.0000000000
53043  -51.726  -14.392  25.635 0.0000000000
53055  -52.307  -13.895  24.859 0.0000000000
55824  -58.044  -11.580  30.755 0.0000000000
54879  -56.748  -12.819  29.623 0.0000000000
53942  -58.483  -13.994  28.901 0.0000000000
53019  -57.131  -14.094  28.168 0.0000000000
53017  -55.300  -14.237  27.973 0.0000000000
53036  -54.715  -14.495  26.557 0.0000000000
53056  -53.277  -14.054  24.838 0.0000000000
53995  -52.131  -13.533  23.580 0.0000000000
110931  -51.984  -12.641  22.294 0.0000000000
54982  -52.486  -12.317  21.441 0.0000000000
54990  -53.620  -11.986  20.241 0.0000000000
130870  -55.659  -11.419  21.686 0.0000000000
55986  -54.972  -11.673  20.470 0.0000000000
131110  -53.887  -13.316  19.155 0.0000000000
55951  -62.115  -11.515  23.155 0.0000000000
55979  -60.320  -11.421  21.679 0.0000000000
112205  -59.670  -11.491  20.738 0.0000000000
112101  -61.097  -11.486  19.828 0.0000000000
56002  -59.331  -11.661  19.384 0.0000000000
56001  -58.444  -11.921  19.434 0.0000000000
34100  -27.035  -34.320  39.806 0.0000000000
38754  -29.621  -29.709  40.397 0.0000000000
117733  -28.568  -30.052  38.364 0.0000000000
37855  -27.754  -30.374  36.492 0.0000000000
38810  -28.987  -28.758  34.972 0.0000000000
38817  -27.867  -29.693  35.066 0.0000000000
36899  -26.813  -30.809  35.049 0.0000000000
36935  -26.144  -31.257  32.865 0.0000000000
39689  -39.003  -28.091  42.813 0.0000000000
39705  -38.386  -28.076  41.505 0.0000000000
39735  -37.626  -28.212  40.036 0.0000000000
39753  -39.957  -27.892  38.074 0.0000000000
40678  -38.366  -27.519  38.497 0.0000000000
40677  -36.960  -27.472  38.657 0.0000000000
40711  -36.899  -26.747  36.439 0.0000000000
40736  -36.373  -26.758  33.895 0.0000000000
39828  -35.380  -28.359  32.564 0.0000000000
35973  -40.441  -32.261  34.966 0.0000000000
36923  -39.086  -31.239  33.806 0.0000000000
36922  -38.243  -31.205  33.785 0.0000000000
37893  -36.868  -30.345  33.330 0.0000000000
38832  -35.475  -29.704  33.097 0.0000000000
38831  -34.614  -29.845  32.940 0.0000000000
115762  -48.914  -19.934  36.579 0.0000000000
47262  -49.376  -19.672  35.533 0.0000000000
131987  -49.600  -19.464  36.351 0.0000000000
112322  -48.671  -20.457  37.557 0.0000000000
47261  -48.522  -20.253  35.977 0.0000000000
124413  -50.237  -12.959  22.427 0.0000000000
54980  -50.536  -12.573  21.591 0.0000000000
111998  -38.312  -28.490  45.673 0.0000000000
39645  -38.157  -28.774  44.839 0.0000000000
38687  -38.800  -28.905  45.062 0.0000000000
124730  -40.325  -22.196  25.191 0.0000000000
45311  -41.248  -22.581  26.203 0.0000000000
50347  -48.431  -17.348  31.424 0.0000000000
51219  -48.585  -16.124  31.364 0.0000000000
52068  -49.332  -15.631  31.736 0.0000000000
41489  -47.452  -27.032  43.787 0.0000000000
40620  -46.687  -27.693  43.255 0.0000000000
40771  -40.104  -27.411  30.651 0.0000000000
40778  -40.858  -27.854  29.983 0.0000000000
121382  -40.658  -22.531  26.509 0.0000000000
45310  -39.864  -22.180  26.349 0.0000000000
45328  -39.502  -21.920  25.672 0.0000000000
46361  -38.796  -21.761  25.046 0.0000000000
133640  -62.919  -12.692  26.152 0.0000000000
53979  -62.319  -13.042  26.289 0.0000000000
110786  -62.466  -12.579  25.605 0.0000000000
37797  -30.039  -30.193  43.210 0.0000000000
37806  -29.168  -30.485  41.726 0.0000000000
37807  -29.766  -29.843  42.290 0.0000000000
40761  -33.868  -27.499  32.017 0.0000000000
40760  -33.226  -27.021  31.938 0.0000000000
39838  -33.108  -27.729  31.677 0.0000000000
39825  -32.882  -28.661  31.656 0.0000000000
38844  -33.361  -29.345  32.147 0.0000000000
36909  -43.155  -32.273  34.161 0.0000000000
37881  -42.603  -31.290  34.354 0.0000000000
115232  -42.529  -33.045  34.214 0.0000000000
45248  -45.616  -22.440  30.787 0.0000000000
113625  -45.566  -23.092  30.070 0.0000000000
45249  -46.529  -21.951  31.180 0.0000000000
46273  -51.431  -21.497  32.917 0.0000000000
46290  -51.096  -21.389  32.241 0.0000000000
47327  -51.493  -20.797  32.006 0.0000000000
48309  -51.975  -20.285  32.482 0.0000000000
110684  -47.442  -23.110  41.065 0.0000000000
44242  -43.954  -23.008  35.930 0.0000000000
44241  -43.436  -23.136  35.199 0.0000000000
44240  -42.813  -23.709  35.141 0.0000000000
44252  -42.459  -23.564  34.549 0.0000000000
44256  -41.638  -23.468  33.423 0.0000000000
45236  -45.085  -22.232  31.663 0.0000000000
45247  -44.858  -22.439  30.889 0.0000000000
40573  -33.367  -26.545  45.472 0.0000000000
117546  -33.903  -26.577  44.596 0.0000000000
40647  -36.062  -27.804  40.155 0.0000000000
127389  -35.496  -27.786  40.745 0.0000000000
40675  -35.240  -27.273  38.418 0.0000000000
40676  -36.145  -27.477  38.491 0.0000000000
47353  -46.041  -20.930  28.508 0.0000000000
47361  -44.732  -20.703  27.767 0.0000000000
47362  -45.676  -20.344  27.787 0.0000000000
50387  -45.320  -17.459  26.468 0.0000000000
52108  -49.192  -14.639  27.271 0.0000000000
52109  -49.958  -14.737  27.160 0.0000000000
38720  -43.113  -29.552  44.122 0.0000000000
38711  -44.198  -29.859  44.398 0.0000000000
37843  -46.070  -30.510  38.791 0.0000000000
134265  -45.908  -30.754  36.745 0.0000000000
40680  -43.944  -27.407  37.930 0.0000000000
113240  -43.527  -27.182  36.826 0.0000000000
121334  -42.293  -29.635  31.629 0.0000000000
38856  -43.435  -29.606  32.471 0.0000000000
130810  -42.223  -30.442  31.960 0.0000000000
37919  -40.913  -30.818  31.513 0.0000000000
43362  -37.022  -24.300  28.654 0.0000000000
52038  -53.962  -16.022  34.861 0.0000000000
128316  -54.813  -11.896  34.848 0.0000000000
55771  -55.463  -11.513  35.642 0.0000000000
126024  -53.952  -12.499  34.203 0.0000000000
54825  -53.551  -11.996  33.404 0.0000000000
131552  -52.742  -12.434  32.779 0.0000000000
54877  -54.718  -12.598  29.338 0.0000000000
53937  -53.742  -13.712  28.441 0.0000000000
53938  -54.772  -13.764  28.419 0.0000000000
56936  -59.997  -11.139  30.381 0.0000000000
56899  -59.868  -11.185  30.894 0.0000000000
54843  -60.069  -11.839  30.705 0.0000000000
54862  -60.496  -12.528  30.321 0.0000000000
53989  -56.954  -13.443  25.200 0.0000000000
53988  -56.061  -13.569  24.745 0.0000000000
53987  -55.308  -13.707  24.613 0.0000000000
128780  -55.534  -13.432  24.355 0.0000000000
54962  -55.417  -13.015  23.909 0.0000000000
55987  -56.920  -11.690  20.294 0.0000000000
54993  -57.198  -12.254  19.539 0.0000000000
57054  -63.609  -10.166  22.074 0.0000000000
57053  -63.371  -10.894  22.027 0.0000000000
57057  -63.331  -10.552  21.153 0.0000000000
34084  -27.427  -34.684  41.458 0.0000000000
35940  -27.024  -32.274  36.998 0.0000000000
35031  -27.016  -33.024  37.075 0.0000000000
36879  -26.722  -31.916  36.393 0.0000000000
35951  -26.252  -32.375  35.801 0.0000000000
36889  -26.582  -31.554  35.643 0.0000000000
40670  -30.776  -27.544  38.739 0.0000000000
39751  -30.397  -28.090  38.364 0.0000000000
39767  -30.321  -28.047  37.537 0.0000000000
36032  -28.301  -32.226  30.124 0.0000000000
113590  -40.899  -28.300  40.327 0.0000000000
115340  -41.369  -28.146  39.057 0.0000000000
38820  -39.619  -29.148  34.041 0.0000000000
39808  -39.323  -28.291  34.520 0.0000000000
38819  -38.882  -28.818  33.815 0.0000000000
39807  -38.428  -27.984  34.296 0.0000000000
38835  -38.314  -29.550  33.522 0.0000000000
47286  -47.427  -21.138  33.351 0.0000000000
47287  -48.221  -20.802  33.407 0.0000000000
47271  -50.375  -20.045  34.928 0.0000000000
47289  -50.415  -20.782  33.957 0.0000000000
47290  -51.372  -21.095  33.754 0.0000000000
46187  -48.555  -21.274  39.927 0.0000000000
46186  -47.940  -21.624  39.493 0.0000000000
46196  -47.672  -21.541  38.710 0.0000000000
46225  -47.060  -21.201  36.987 0.0000000000
46207  -46.767  -21.964  37.552 0.0000000000
129446  -45.704  -21.700  35.422 0.0000000000
45212  -45.189  -21.956  34.999 0.0000000000
46239  -46.470  -21.286  35.255 0.0000000000
46255  -46.669  -20.762  33.788 0.0000000000
132759  -47.530  -20.622  33.794 0.0000000000
46268  -46.694  -21.495  32.985 0.0000000000
54986  -48.717  -12.734  20.170 0.0000000000
54988  -50.764  -12.260  20.764 0.0000000000
39625  -35.856  -27.428  45.310 0.0000000000
39626  -36.921  -27.656  45.350 0.0000000000
39666  -37.725  -28.103  43.662 0.0000000000
39665  -36.938  -27.936  43.891 0.0000000000
39686  -36.792  -27.833  42.400 0.0000000000
115027  -37.630  -28.051  41.965 0.0000000000
45341  -40.376  -21.708  23.910 0.0000000000
49446  -47.551  -19.219  28.399 0.0000000000
49440  -47.928  -18.700  28.899 0.0000000000
51251  -47.206  -16.982  29.579 0.0000000000
50359  -46.659  -17.456  28.986 0.0000000000
51257  -46.154  -16.835  28.440 0.0000000000
52105  -46.508  -15.657  28.264 0.0000000000
52983  -48.599  -14.846  30.164 0.0000000000
53000  -48.752  -14.640  29.148 0.0000000000
53001  -49.389  -14.515  29.555 0.0000000000
38723  -46.313  -29.404  43.949 0.0000000000
38722  -45.925  -30.146  43.786 0.0000000000
114912  -46.547  -29.495  43.159 0.0000000000
38747  -46.569  -29.844  41.220 0.0000000000
39727  -46.500  -29.702  40.611 0.0000000000
38759  -46.554  -30.029  40.342 0.0000000000
128582  -46.350  -29.808  39.861 0.0000000000
41570  -42.517  -26.978  34.674 0.0000000000
40753  -42.061  -27.494  33.011 0.0000000000
39845  -41.289  -28.242  30.513 0.0000000000
40774  -42.294  -28.334  31.717 0.0000000000
131702  -41.510  -28.704  30.596 0.0000000000
38864  -40.898  -29.067  30.239 0.0000000000
37949  -39.207  -29.741  30.036 0.0000000000
38873  -39.339  -29.222  29.449 0.0000000000
45280  -37.544  -22.761  27.697 0.0000000000
45281  -38.376  -22.637  27.932 0.0000000000
131431  -55.664  -10.405  33.931 0.0000000000
56895  -57.095  -10.516  32.257 0.0000000000
56894  -56.141  -10.517  32.309 0.0000000000
55803  -56.742  -10.869  31.486 0.0000000000
128604  -57.264  -11.339  30.870 0.0000000000
53946  -62.318  -12.882  28.153 0.0000000000
55874  -62.214  -12.281  28.168 0.0000000000
54897  -62.040  -12.666  28.421 0.0000000000
53945  -61.740  -13.177  28.673 0.0000000000
53944  -60.916  -13.587  28.964 0.0000000000
53950  -61.216  -13.558  28.229 0.0000000000
124849  -59.884  -12.976  25.544 0.0000000000
53977  -59.975  -13.263  26.213 0.0000000000
54931  -58.386  -13.103  25.454 0.0000000000
54944  -58.647  -12.646  24.780 0.0000000000
55948  -59.298  -11.647  23.293 0.0000000000
55965  -58.829  -11.328  22.420 0.0000000000
55966  -59.716  -11.397  22.494 0.0000000000
59143  -63.503  -8.877  20.873 0.0000000000
123155  -63.434  -9.905  20.318 0.0000000000
34986  -28.531  -32.761  41.963 0.0000000000
35910  -28.835  -32.000  41.532 0.0000000000
36868  -28.863  -31.099  40.309 0.0000000000
36871  -28.200  -31.319  38.725 0.0000000000
120211  -28.511  -30.530  38.759 0.0000000000
41552  -32.240  -26.611  35.554 0.0000000000
40720  -31.364  -27.016  35.450 0.0000000000
40735  -31.233  -26.668  34.491 0.0000000000
40769  -31.539  -27.046  31.646 0.0000000000
40758  -30.575  -27.030  32.087 0.0000000000
40768  -30.684  -27.529  31.538 0.0000000000
39843  -29.754  -28.946  30.781 0.0000000000
38851  -30.353  -29.451  30.658 0.0000000000
37917  -30.848  -30.179  30.920 0.0000000000
36918  -32.196  -31.393  32.884 0.0000000000
36937  -31.888  -31.202  32.011 0.0000000000
39771  -42.682  -28.965  37.251 0.0000000000
39784  -42.092  -28.621  36.624 0.0000000000
38799  -42.291  -28.934  35.849 0.0000000000
132828  -41.292  -29.676  34.529 0.0000000000
38821  -40.926  -30.024  34.285 0.0000000000
114973  -40.210  -29.597  34.245 0.0000000000
37879  -40.241  -30.574  34.213 0.0000000000
45285  -43.129  -23.409  28.068 0.0000000000
112637  -42.477  -23.126  27.589 0.0000000000
45286  -43.882  -23.342  28.384 0.0000000000
45288  -45.449  -23.135  29.013 0.0000000000
46331  -45.638  -22.072  28.940 0.0000000000
115433  -46.833  -21.927  29.925 0.0000000000
46317  -49.498  -21.637  31.367 0.0000000000
46316  -48.853  -21.529  30.956 0.0000000000
47338  -49.206  -21.098  30.380 0.0000000000
47345  -48.817  -20.588  29.600 0.0000000000
48343  -48.871  -19.800  29.321 0.0000000000
48344  -49.287  -20.333  29.987 0.0000000000
49416  -50.685  -19.165  31.575 0.0000000000
112424  -50.295  -18.320  31.685 0.0000000000
43243  -46.959  -24.912  42.402 0.0000000000
43262  -46.464  -24.556  41.633 0.0000000000
132848  -45.537  -24.042  40.386 0.0000000000
127948  -45.413  -24.691  40.509 0.0000000000
42394  -44.237  -25.507  39.628 0.0000000000
43288  -44.477  -24.596  39.310 0.0000000000
112468  -46.575  -22.484  38.956 0.0000000000
44211  -45.722  -22.884  38.661 0.0000000000
43302  -43.820  -23.816  37.142 0.0000000000
121418  -43.353  -24.547  37.376 0.0000000000
42423  -42.416  -25.683  35.766 0.0000000000
43309  -42.725  -24.838  36.257 0.0000000000
42436  -41.162  -25.582  34.130 0.0000000000
42435  -40.785  -25.880  33.455 0.0000000000
41591  -40.120  -26.292  32.251 0.0000000000
42441  -40.433  -25.473  32.802 0.0000000000
42446  -39.537  -25.739  31.676 0.0000000000
43333  -39.893  -25.057  32.247 0.0000000000
44260  -40.678  -23.689  32.300 0.0000000000
43340  -40.049  -24.155  31.970 0.0000000000
44265  -39.788  -23.934  31.191 0.0000000000
44266  -40.377  -23.433  31.551 0.0000000000
45223  -43.424  -22.580  33.713 0.0000000000
45245  -42.722  -22.293  31.177 0.0000000000
45234  -42.867  -22.178  32.028 0.0000000000
45244  -41.825  -22.532  31.154 0.0000000000
45243  -40.900  -22.785  30.988 0.0000000000
45254  -40.768  -22.715  30.068 0.0000000000
45255  -41.870  -22.406  30.038 0.0000000000
113188  -43.863  -23.149  29.242 0.0000000000
45267  -42.568  -22.754  28.740 0.0000000000
132236  -41.931  -23.070  27.537 0.0000000000
120964  -63.827  -10.007  24.889 0.0000000000
118379  -63.718  -9.189  24.437 0.0000000000
120477  -63.651  -8.948  23.391 0.0000000000
59114  -63.610  -8.289  22.922 0.0000000000
60048  -63.587  -7.794  22.498 0.0000000000
60929  -63.324  -7.134  22.891 0.0000000000
39663  -31.019  -27.962  43.443 0.0000000000
40599  -31.661  -27.335  43.287 0.0000000000
40616  -32.829  -27.037  42.274 0.0000000000
40615  -31.908  -27.254  42.450 0.0000000000
40629  -32.228  -27.277  41.737 0.0000000000
129445  -32.571  -27.202  41.143 0.0000000000
115983  -35.253  -27.338  43.769 0.0000000000
40602  -34.426  -26.949  43.334 0.0000000000
40618  -34.965  -26.660  42.313 0.0000000000
40646  -34.571  -26.964  39.997 0.0000000000
113743  -34.226  -26.835  40.653 0.0000000000
40656  -33.924  -26.895  39.287 0.0000000000
40655  -32.891  -27.164  39.488 0.0000000000
40673  -33.188  -27.195  38.707 0.0000000000
112011  -32.754  -26.964  37.787 0.0000000000
40688  -33.613  -27.140  37.896 0.0000000000
40689  -34.906  -27.114  37.023 0.0000000000
40709  -34.648  -26.785  36.162 0.0000000000
41567  -34.285  -26.443  34.246 0.0000000000
41555  -34.952  -26.627  34.992 0.0000000000
46340  -42.734  -22.852  27.374 0.0000000000
45312  -41.349  -22.548  26.098 0.0000000000
47370  -43.509  -20.263  26.939 0.0000000000
48360  -46.121  -19.562  27.144 0.0000000000
49454  -46.209  -19.069  26.794 0.0000000000
49468  -44.675  -18.521  25.341 0.0000000000
111519  -46.772  -15.210  27.323 0.0000000000
52112  -47.223  -15.169  26.483 0.0000000000
127214  -47.639  -15.076  25.282 0.0000000000
119643  -48.022  -14.369  23.856 0.0000000000
53041  -49.825  -14.286  25.129 0.0000000000
53052  -49.273  -14.223  24.560 0.0000000000
125086  -49.746  -13.939  24.802 0.0000000000
53053  -50.509  -13.944  24.722 0.0000000000
110887  -41.293  -29.320  45.566 0.0000000000
38708  -40.685  -28.884  45.287 0.0000000000
38709  -41.636  -29.465  44.750 0.0000000000
38732  -42.801  -29.277  43.049 0.0000000000
39671  -41.861  -28.722  43.163 0.0000000000
39709  -42.358  -28.706  41.382 0.0000000000
37787  -45.388  -30.453  42.773 0.0000000000
37798  -45.658  -30.450  41.758 0.0000000000
38757  -44.096  -29.821  40.604 0.0000000000
130980  -43.869  -30.084  39.927 0.0000000000
38779  -43.250  -29.348  38.656 0.0000000000
37868  -44.971  -31.316  35.903 0.0000000000
37867  -43.864  -30.715  35.299 0.0000000000
37883  -44.667  -31.061  35.080 0.0000000000
41506  -45.560  -26.941  41.589 0.0000000000
40681  -44.408  -27.896  38.493 0.0000000000
39741  -45.176  -28.667  38.967 0.0000000000
39757  -45.495  -28.749  38.001 0.0000000000
39758  -46.128  -29.477  38.531 0.0000000000
40741  -43.859  -28.277  34.335 0.0000000000
39820  -44.608  -29.405  33.919 0.0000000000
39811  -45.020  -29.411  34.812 0.0000000000
39798  -45.778  -29.665  36.164 0.0000000000
38825  -45.587  -30.380  35.245 0.0000000000
37869  -46.130  -31.065  35.629 0.0000000000
36940  -43.407  -31.343  32.899 0.0000000000
114828  -42.773  -32.071  32.795 0.0000000000
36006  -43.085  -32.268  33.342 0.0000000000
36005  -42.393  -32.880  33.087 0.0000000000
41621  -38.497  -27.088  28.290 0.0000000000
41609  -37.995  -26.380  28.843 0.0000000000
34964  -28.746  -33.712  43.256 0.0000000000
39624  -30.736  -28.069  46.161 0.0000000000
122543  -34.841  -27.156  47.516 0.0000000000
39596  -40.245  -28.603  47.232 0.0000000000
38655  -40.644  -28.913  46.751 0.0000000000
38656  -41.079  -29.337  47.083 0.0000000000
38672  -42.712  -29.284  46.420 0.0000000000
110545  -42.827  -28.489  46.849 0.0000000000
41465  -44.321  -27.105  46.399 0.0000000000
39616  -44.475  -28.265  46.076 0.0000000000
40576  -46.239  -28.033  45.469 0.0000000000
41475  -47.192  -26.621  45.207 0.0000000000
116006  -46.723  -27.311  45.234 0.0000000000
40605  -47.535  -27.057  44.291 0.0000000000
41476  -47.579  -26.569  44.715 0.0000000000
42350  -48.028  -25.818  44.153 0.0000000000
43227  -48.636  -25.025  43.995 0.0000000000
45104  -49.048  -22.770  42.788 0.0000000000
44157  -48.385  -23.151  42.274 0.0000000000
48235  -52.066  -18.896  37.335 0.0000000000
49329  -52.628  -18.663  37.894 0.0000000000
49331  -54.318  -18.637  37.480 0.0000000000
121314  -53.987  -19.306  36.897 0.0000000000
48252  -53.969  -19.455  36.070 0.0000000000
120534  -53.480  -19.825  35.563 0.0000000000
48265  -53.858  -19.510  35.378 0.0000000000
50295  -53.931  -17.788  35.676 0.0000000000
119472  -54.258  -18.546  35.650 0.0000000000
49360  -54.173  -18.595  35.021 0.0000000000
48266  -54.155  -19.097  35.154 0.0000000000
48282  -53.798  -18.793  34.459 0.0000000000
49388  -52.913  -19.138  33.551 0.0000000000
50314  -53.629  -18.177  34.061 0.0000000000
51197  -53.743  -16.802  33.842 0.0000000000
111583  -53.503  -17.644  33.773 0.0000000000
51196  -53.267  -17.104  33.497 0.0000000000
52062  -52.856  -16.551  33.287 0.0000000000
54810  -54.987  -12.479  35.590 0.0000000000
52930  -54.383  -14.695  34.737 0.0000000000
53861  -54.555  -13.886  34.846 0.0000000000
53871  -53.132  -13.575  33.418 0.0000000000
113269  -53.804  -14.348  33.863 0.0000000000
129448  -53.099  -14.323  33.401 0.0000000000
52061  -51.496  -15.092  32.892 0.0000000000
52956  -51.524  -14.094  32.868 0.0000000000
52955  -50.701  -14.513  32.480 0.0000000000
53889  -51.237  -13.184  31.420 0.0000000000
53901  -51.167  -13.235  30.577 0.0000000000
53918  -50.513  -13.689  30.237 0.0000000000
129491  -54.224  -11.112  31.814 0.0000000000
55800  -53.471  -11.485  32.040 0.0000000000
55820  -53.853  -11.464  31.026 0.0000000000
53921  -53.208  -13.121  29.133 0.0000000000
127486  -52.539  -12.757  29.753 0.0000000000
53935  -51.750  -13.737  28.698 0.0000000000
53014  -52.110  -14.176  28.061 0.0000000000
112817  -52.983  -14.495  26.814 0.0000000000
133052  -52.330  -14.623  26.938 0.0000000000
53034  -52.432  -14.518  26.286 0.0000000000
53054  -51.356  -14.052  24.765 0.0000000000
53044  -52.747  -14.269  25.548 0.0000000000
55825  -58.863  -11.878  30.887 0.0000000000
54859  -58.260  -12.524  30.373 0.0000000000
54858  -57.261  -12.124  30.224 0.0000000000
54880  -57.710  -13.002  29.782 0.0000000000
110678  -59.236  -14.020  28.612 0.0000000000
115475  -59.260  -13.807  29.291 0.0000000000
53021  -58.475  -14.190  28.137 0.0000000000
53029  -56.663  -14.188  27.507 0.0000000000
53018  -56.223  -14.137  28.051 0.0000000000
53028  -55.806  -14.320  27.410 0.0000000000
53027  -54.986  -14.478  27.307 0.0000000000
53037  -55.489  -14.444  26.669 0.0000000000
53986  -54.625  -13.771  24.503 0.0000000000
53057  -54.133  -14.178  24.921 0.0000000000
53985  -53.809  -13.781  24.388 0.0000000000
53984  -52.844  -13.827  24.098 0.0000000000
125484  -52.812  -13.309  23.610 0.0000000000
54975  -52.413  -12.941  23.092 0.0000000000
54960  -53.223  -12.875  23.205 0.0000000000
131332  -53.514  -12.186  22.027 0.0000000000
54983  -53.366  -12.051  21.343 0.0000000000
117478  -52.949  -12.271  20.681 0.0000000000
55946  -56.879  -11.661  23.025 0.0000000000
126763  -56.002  -12.258  23.372 0.0000000000
126228  -56.257  -11.510  22.377 0.0000000000
120776  -55.485  -12.160  19.837 0.0000000000
54991  -54.521  -11.983  19.977 0.0000000000
55931  -62.502  -11.745  24.207 0.0000000000
55980  -61.316  -11.394  21.421 0.0000000000
55968  -61.217  -11.449  22.394 0.0000000000
57068  -62.769  -10.650  19.057 0.0000000000
114089  -62.115  -11.076  19.793 0.0000000000
113833  -27.967  -33.488  39.828 0.0000000000
34995  -27.867  -34.133  40.038 0.0000000000
35005  -27.374  -33.837  39.481 0.0000000000
115380  -25.923  -33.468  37.039 0.0000000000
35015  -26.274  -34.038  38.190 0.0000000000
34147  -25.076  -33.757  35.922 0.0000000000
35965  -25.542  -32.831  34.685 0.0000000000
35071  -24.930  -33.351  34.326 0.0000000000
35084  -24.843  -33.051  33.379 0.0000000000
35102  -24.872  -33.027  32.483 0.0000000000
38743  -30.068  -29.030  41.457 0.0000000000
115669  -29.932  -29.225  40.763 0.0000000000
38755  -30.145  -29.107  40.089 0.0000000000
119276  -29.343  -29.162  37.417 0.0000000000
37851  -29.096  -29.518  38.059 0.0000000000
38789  -28.893  -29.682  37.198 0.0000000000
115955  -28.265  -30.170  37.124 0.0000000000
38797  -28.607  -29.708  36.374 0.0000000000
40718  -30.073  -27.823  35.129 0.0000000000
39791  -29.575  -28.421  35.409 0.0000000000
39805  -29.569  -28.068  34.426 0.0000000000
38828  -27.462  -29.079  33.000 0.0000000000
114024  -28.281  -29.086  34.553 0.0000000000
114872  -27.565  -29.587  34.025 0.0000000000
117589  -27.253  -30.080  34.784 0.0000000000
37874  -27.087  -30.462  34.066 0.0000000000
37873  -26.695  -31.096  34.212 0.0000000000
37887  -26.663  -30.810  33.437 0.0000000000
125029  -30.513  -32.186  31.501 0.0000000000
35120  -30.071  -33.528  31.497 0.0000000000
39669  -40.413  -28.758  43.751 0.0000000000
125217  -39.434  -28.913  43.889 0.0000000000
114523  -39.623  -28.503  43.172 0.0000000000
111834  -39.095  -28.314  41.083 0.0000000000
39721  -38.436  -28.031  40.664 0.0000000000
39736  -38.633  -27.833  39.881 0.0000000000
39768  -40.282  -27.768  37.063 0.0000000000
40713  -38.579  -27.326  36.648 0.0000000000
40693  -38.694  -27.458  37.573 0.0000000000
125481  -37.982  -27.123  37.209 0.0000000000
40692  -37.641  -27.345  37.965 0.0000000000
119684  -37.217  -26.965  37.222 0.0000000000
40752  -37.079  -27.580  33.931 0.0000000000
40737  -36.959  -26.990  34.688 0.0000000000
40751  -36.520  -27.820  33.309 0.0000000000
40750  -35.789  -27.322  33.222 0.0000000000
39816  -35.936  -28.121  32.813 0.0000000000
35958  -40.005  -32.880  35.468 0.0000000000
36906  -39.672  -31.589  34.415 0.0000000000
35972  -39.450  -32.305  34.862 0.0000000000
125378  -37.702  -32.754  35.002 0.0000000000
36904  -37.737  -32.016  34.256 0.0000000000
36921  -37.275  -31.154  33.771 0.0000000000
113722  -36.768  -31.978  33.942 0.0000000000
37877  -35.344  -31.336  33.711 0.0000000000
37891  -35.004  -30.646  33.253 0.0000000000
37876  -34.410  -31.311  33.790 0.0000000000
47288  -49.143  -20.500  33.736 0.0000000000
47241  -48.777  -20.628  38.549 0.0000000000
46209  -48.065  -20.941  38.238 0.0000000000
47251  -47.912  -20.957  37.338 0.0000000000
46240  -47.136  -20.880  35.918 0.0000000000
47269  -47.895  -20.485  35.416 0.0000000000
54005  -48.690  -13.466  22.326 0.0000000000
126219  -49.059  -13.082  21.828 0.0000000000
54987  -49.087  -12.815  21.012 0.0000000000
54999  -49.490  -12.632  20.066 0.0000000000
116155  -49.965  -12.445  20.910 0.0000000000
54981  -51.491  -12.340  21.315 0.0000000000
118309  -37.313  -27.970  46.088 0.0000000000
39627  -37.641  -28.292  45.321 0.0000000000
116275  -38.252  -28.584  44.156 0.0000000000
45329  -40.558  -22.040  24.731 0.0000000000
133655  -47.807  -18.380  29.673 0.0000000000
50346  -47.674  -17.687  31.007 0.0000000000
51238  -47.748  -16.587  30.183 0.0000000000
52098  -47.226  -15.893  29.632 0.0000000000
52085  -48.174  -15.677  30.511 0.0000000000
126514  -46.645  -28.805  43.059 0.0000000000
41592  -41.242  -27.307  32.695 0.0000000000
40772  -41.052  -27.830  30.778 0.0000000000
38883  -39.078  -28.719  28.892 0.0000000000
38882  -38.248  -28.999  28.590 0.0000000000
45297  -39.404  -22.215  27.180 0.0000000000
45296  -38.046  -22.267  27.175 0.0000000000
45309  -38.716  -21.913  26.470 0.0000000000
53952  -62.657  -12.882  27.603 0.0000000000
120843  -61.393  -13.480  27.323 0.0000000000
125641  -61.499  -13.319  26.447 0.0000000000
53978  -60.711  -13.226  25.865 0.0000000000
54945  -59.668  -12.520  24.709 0.0000000000
54946  -60.713  -12.751  25.089 0.0000000000
54967  -60.678  -12.166  24.158 0.0000000000
36847  -28.877  -31.247  42.127 0.0000000000
41577  -31.982  -26.276  34.030 0.0000000000
41588  -32.754  -26.590  32.397 0.0000000000
40770  -32.508  -27.023  31.751 0.0000000000
38853  -32.094  -28.882  31.350 0.0000000000
134034  -31.956  -29.690  31.534 0.0000000000
38843  -32.595  -29.569  31.835 0.0000000000
37889  -32.640  -31.043  33.092 0.0000000000
123721  -42.902  -29.668  35.561 0.0000000000
45269  -44.256  -23.473  28.958 0.0000000000
45270  -45.090  -23.342  29.412 0.0000000000
45272  -46.384  -22.418  30.244 0.0000000000
46288  -49.763  -22.155  32.116 0.0000000000
112275  -49.486  -22.146  31.848 0.0000000000
46318  -50.141  -21.502  31.527 0.0000000000
48335  -50.185  -20.590  31.322 0.0000000000
48320  -50.934  -20.173  31.608 0.0000000000
49402  -51.876  -19.369  32.477 0.0000000000
44155  -46.790  -23.687  41.229 0.0000000000
44174  -45.990  -23.486  40.529 0.0000000000
44173  -45.300  -23.456  39.995 0.0000000000
133782  -45.587  -22.650  37.130 0.0000000000
45156  -45.018  -22.948  37.349 0.0000000000
44231  -44.399  -23.174  36.768 0.0000000000
44230  -43.758  -23.593  36.483 0.0000000000
43316  -42.500  -24.546  35.632 0.0000000000
43325  -42.065  -24.228  35.048 0.0000000000
43329  -41.253  -24.364  33.851 0.0000000000
43334  -40.428  -24.482  32.652 0.0000000000
45235  -44.213  -21.995  32.748 0.0000000000
114145  -43.525  -22.344  31.114 0.0000000000
113419  -43.530  -22.531  30.177 0.0000000000
45257  -44.409  -23.037  29.638 0.0000000000
124479  -31.935  -27.128  45.000 0.0000000000
40587  -32.238  -27.056  44.014 0.0000000000
40601  -33.394  -26.642  42.808 0.0000000000
39685  -36.031  -27.741  42.413 0.0000000000
40619  -35.597  -27.516  41.898 0.0000000000
40633  -35.476  -27.779  41.250 0.0000000000
113315  -35.247  -27.509  40.103 0.0000000000
40657  -34.799  -27.354  39.271 0.0000000000
128783  -35.276  -27.081  37.648 0.0000000000
124324  -35.628  -27.095  37.116 0.0000000000
113907  -44.339  -21.872  28.115 0.0000000000
47359  -42.913  -21.407  27.274 0.0000000000
47371  -44.318  -20.178  27.249 0.0000000000
49464  -45.502  -18.602  26.413 0.0000000000
49469  -45.132  -18.149  25.809 0.0000000000
52107  -48.278  -14.558  27.587 0.0000000000
128152  -48.012  -15.157  26.361 0.0000000000
52113  -48.631  -15.138  26.031 0.0000000000
52121  -48.485  -14.805  25.306 0.0000000000
130431  -48.737  -14.505  24.730 0.0000000000
52122  -49.312  -14.741  25.540 0.0000000000
52123  -50.061  -14.696  25.685 0.0000000000
132524  -42.527  -29.486  45.374 0.0000000000
38710  -42.374  -29.547  44.789 0.0000000000
38733  -43.753  -29.680  42.501 0.0000000000
37819  -46.198  -30.360  40.469 0.0000000000
37808  -45.784  -30.615  40.926 0.0000000000
37818  -45.612  -30.316  40.067 0.0000000000
38770  -45.182  -30.688  38.955 0.0000000000
38780  -44.399  -30.147  38.243 0.0000000000
37852  -45.352  -30.488  37.496 0.0000000000
37857  -45.939  -31.315  36.092 0.0000000000
41522  -44.227  -26.520  39.453 0.0000000000
41515  -44.773  -27.052  40.112 0.0000000000
131911  -44.292  -27.144  38.926 0.0000000000
40696  -44.589  -28.135  37.573 0.0000000000
39830  -43.667  -28.805  32.827 0.0000000000
39819  -44.209  -28.764  33.570 0.0000000000
124524  -43.782  -29.276  32.731 0.0000000000
37907  -44.010  -29.810  33.057 0.0000000000
38838  -44.550  -29.981  33.689 0.0000000000
37906  -43.630  -30.330  32.822 0.0000000000
36939  -42.514  -31.240  32.390 0.0000000000
124352  -37.740  -25.102  29.843 0.0000000000
39581  -41.100  -28.060  48.212 0.0000000000
41466  -45.199  -26.647  46.150 0.0000000000
40566  -45.989  -27.283  45.696 0.0000000000
44130  -49.165  -24.211  44.013 0.0000000000
122884  -53.871  -18.287  39.135 0.0000000000
49313  -54.319  -18.341  38.493 0.0000000000
49314  -54.570  -18.107  38.236 0.0000000000
51182  -53.815  -17.022  34.784 0.0000000000
117788  -53.858  -17.155  34.355 0.0000000000
126069  -54.122  -16.184  34.368 0.0000000000
52045  -54.268  -15.469  34.280 0.0000000000
54818  -54.799  -12.973  34.967 0.0000000000
53872  -53.639  -13.351  33.921 0.0000000000
124353  -51.737  -13.322  32.586 0.0000000000
53881  -52.405  -12.894  32.812 0.0000000000
125374  -52.441  -12.322  32.314 0.0000000000
54841  -52.288  -12.257  31.606 0.0000000000
55821  -54.637  -11.523  30.503 0.0000000000
54855  -54.049  -11.892  29.911 0.0000000000
126775  -53.859  -12.643  29.391 0.0000000000
53015  -53.189  -14.157  27.971 0.0000000000
53026  -53.544  -14.396  27.322 0.0000000000
115343  -54.283  -14.472  27.135 0.0000000000
55806  -59.633  -11.108  31.176 0.0000000000
54842  -59.390  -12.006  30.788 0.0000000000
54860  -59.110  -12.695  30.512 0.0000000000
120195  -57.871  -14.077  26.784 0.0000000000
126372  -58.375  -14.148  27.428 0.0000000000
53959  -56.578  -14.135  26.176 0.0000000000
53048  -55.942  -14.267  25.994 0.0000000000
53047  -55.208  -14.350  25.851 0.0000000000
53973  -55.657  -14.031  25.227 0.0000000000
53997  -54.293  -13.366  24.107 0.0000000000
54961  -54.030  -13.000  23.345 0.0000000000
114452  -54.725  -12.926  23.731 0.0000000000
54977  -54.543  -12.274  22.862 0.0000000000
55975  -56.546  -11.301  21.289 0.0000000000
55969  -62.942  -11.225  22.523 0.0000000000
56010  -60.955  -11.012  18.303 0.0000000000
34090  -26.613  -34.802  40.224 0.0000000000
35017  -27.306  -32.721  38.356 0.0000000000
35016  -26.906  -33.471  38.521 0.0000000000
112836  -27.018  -33.039  37.775 0.0000000000
112967  -26.449  -33.149  36.867 0.0000000000
35043  -26.004  -33.127  36.297 0.0000000000
118743  -25.439  -33.502  35.749 0.0000000000
35950  -25.797  -32.992  35.440 0.0000000000
35966  -25.994  -32.432  35.025 0.0000000000
35984  -25.889  -32.179  34.231 0.0000000000
39732  -30.519  -28.298  39.898 0.0000000000
38768  -30.109  -28.852  39.426 0.0000000000
39766  -29.797  -28.768  38.010 0.0000000000
39824  -29.138  -27.747  32.296 0.0000000000
39814  -28.618  -28.250  33.053 0.0000000000
38841  -27.378  -29.531  32.375 0.0000000000
37903  -26.578  -30.574  32.520 0.0000000000
36031  -27.307  -32.229  30.101 0.0000000000
35135  -27.931  -33.112  29.896 0.0000000000
122489  -28.425  -33.910  30.252 0.0000000000
34217  -29.274  -33.934  30.938 0.0000000000
39707  -40.556  -28.545  41.959 0.0000000000
111105  -39.708  -28.301  42.364 0.0000000000
39722  -39.961  -28.147  40.548 0.0000000000
39737  -39.526  -27.869  39.741 0.0000000000
39795  -40.419  -28.397  35.410 0.0000000000
39781  -39.991  -27.877  36.145 0.0000000000
39794  -39.746  -27.926  35.272 0.0000000000
40726  -39.155  -27.648  35.983 0.0000000000
40725  -38.361  -27.360  35.783 0.0000000000
40724  -37.478  -27.103  35.501 0.0000000000
40739  -38.197  -27.464  35.011 0.0000000000
39806  -37.709  -27.982  33.880 0.0000000000
39817  -37.252  -28.343  33.336 0.0000000000
35945  -37.002  -33.096  35.759 0.0000000000
46284  -46.334  -21.735  32.236 0.0000000000
45237  -46.778  -21.812  31.707 0.0000000000
46285  -47.400  -22.043  32.319 0.0000000000
46269  -48.263  -22.336  32.498 0.0000000000
46270  -49.046  -22.082  32.441 0.0000000000
46271  -49.883  -21.803  32.566 0.0000000000
46272  -50.883  -21.604  33.145 0.0000000000
46257  -51.747  -21.211  33.419 0.0000000000
47306  -52.234  -20.990  33.756 0.0000000000
113216  -47.456  -21.915  40.022 0.0000000000
45128  -47.296  -22.025  39.205 0.0000000000
45139  -46.291  -22.376  38.095 0.0000000000
45158  -46.118  -22.343  37.337 0.0000000000
45180  -45.733  -22.207  36.729 0.0000000000
45195  -43.985  -22.654  35.161 0.0000000000
45210  -43.701  -22.641  34.503 0.0000000000
45211  -44.453  -22.155  34.518 0.0000000000
46254  -45.253  -21.547  33.984 0.0000000000
46267  -45.708  -21.627  33.046 0.0000000000
55014  -49.911  -12.710  19.019 0.0000000000
40575  -34.989  -27.173  45.847 0.0000000000
113870  -34.898  -27.038  44.885 0.0000000000
40589  -35.491  -27.385  44.353 0.0000000000
39664  -36.018  -27.605  43.765 0.0000000000
133037  -37.228  -27.876  44.677 0.0000000000
125251  -36.389  -27.756  43.090 0.0000000000
39702  -35.964  -27.814  41.776 0.0000000000
39720  -36.837  -27.868  40.612 0.0000000000
48353  -48.016  -19.845  28.394 0.0000000000
47363  -46.480  -20.042  27.927 0.0000000000
48352  -47.227  -19.830  28.227 0.0000000000
131738  -47.016  -19.349  28.119 0.0000000000
128801  -46.842  -18.868  28.105 0.0000000000
50360  -47.241  -18.062  29.381 0.0000000000
50382  -45.801  -17.509  27.814 0.0000000000
50381  -45.524  -17.120  27.226 0.0000000000
51265  -45.600  -16.333  26.781 0.0000000000
52106  -47.324  -14.827  27.950 0.0000000000
53011  -48.950  -14.504  28.160 0.0000000000
38693  -44.894  -29.703  44.850 0.0000000000
118151  -45.154  -30.111  44.120 0.0000000000
37788  -46.044  -30.335  43.068 0.0000000000
37799  -46.086  -30.361  42.184 0.0000000000
38735  -46.425  -29.676  42.289 0.0000000000
37810  -46.349  -30.175  41.677 0.0000000000
37832  -46.377  -30.116  40.089 0.0000000000
122930  -46.336  -30.117  39.377 0.0000000000
38782  -46.408  -30.110  38.360 0.0000000000
41545  -43.045  -26.762  36.270 0.0000000000
41557  -43.177  -27.211  35.576 0.0000000000
40740  -43.007  -27.740  34.126 0.0000000000
40766  -43.117  -28.306  32.853 0.0000000000
40764  -41.915  -27.759  32.079 0.0000000000
40765  -42.558  -28.036  32.502 0.0000000000
39829  -42.916  -28.611  32.272 0.0000000000
39840  -42.599  -28.853  31.618 0.0000000000
38865  -41.661  -29.286  30.991 0.0000000000
37937  -40.860  -29.826  31.110 0.0000000000
121269  -40.229  -30.548  30.942 0.0000000000
37936  -39.672  -30.117  30.426 0.0000000000
37935  -38.884  -30.422  30.319 0.0000000000
36984  -37.380  -30.841  29.981 0.0000000000
44278  -37.698  -23.907  29.130 0.0000000000
44291  -37.524  -23.412  28.322 0.0000000000
44300  -36.994  -23.124  27.772 0.0000000000
44312  -36.313  -23.064  26.583 0.0000000000
44333  -36.195  -22.937  25.714 0.0000000000
55770  -55.352  -10.828  34.563 0.0000000000
56877  -54.956  -10.678  33.345 0.0000000000
56893  -55.049  -10.709  32.251 0.0000000000
55822  -55.500  -11.458  30.560 0.0000000000
54857  -56.190  -12.043  29.954 0.0000000000
54878  -55.731  -12.729  29.476 0.0000000000
54863  -60.892  -12.541  29.639 0.0000000000
54881  -60.747  -12.966  29.876 0.0000000000
53927  -60.527  -13.368  29.500 0.0000000000
53949  -60.100  -13.716  28.326 0.0000000000
133724  -59.813  -13.727  27.659 0.0000000000
53962  -59.673  -13.619  26.941 0.0000000000
127024  -58.711  -13.870  26.842 0.0000000000
112714  -58.155  -13.604  26.118 0.0000000000
53975  -57.678  -13.384  25.527 0.0000000000
114384  -56.774  -12.933  24.575 0.0000000000
129753  -57.353  -12.493  24.245 0.0000000000
124870  -57.538  -11.927  23.597 0.0000000000
54965  -58.964  -12.116  24.093 0.0000000000
55964  -57.806  -11.369  22.445 0.0000000000
55989  -58.316  -11.633  20.474 0.0000000000
57069  -63.254  -10.294  19.482 0.0000000000
34085  -28.095  -34.300  41.818 0.0000000000
34985  -28.169  -33.466  41.415 0.0000000000
34996  -28.057  -33.477  40.445 0.0000000000
36859  -28.545  -31.899  40.678 0.0000000000
35916  -28.176  -32.747  40.201 0.0000000000
132450  -27.917  -32.711  39.675 0.0000000000
35918  -27.634  -32.185  39.064 0.0000000000
35930  -27.606  -31.917  38.186 0.0000000000
36874  -27.515  -31.693  37.428 0.0000000000
114492  -31.836  -27.322  37.688 0.0000000000
40705  -30.966  -27.476  37.166 0.0000000000
112624  -31.199  -27.475  36.290 0.0000000000
113369  -30.554  -27.128  34.937 0.0000000000
40733  -29.966  -27.379  33.643 0.0000000000
129915  -31.285  -26.593  33.501 0.0000000000
40747  -30.553  -26.858  32.993 0.0000000000
40746  -29.860  -27.303  32.616 0.0000000000
115903  -29.014  -27.914  31.683 0.0000000000
131673  -29.938  -30.969  30.550 0.0000000000
36948  -30.527  -31.115  30.997 0.0000000000
37918  -31.591  -30.281  31.528 0.0000000000
36936  -31.280  -31.648  31.802 0.0000000000
39740  -42.282  -28.608  39.037 0.0000000000
39755  -41.661  -28.173  38.324 0.0000000000
39770  -41.903  -28.309  37.467 0.0000000000
125002  -41.202  -28.189  36.840 0.0000000000
38812  -41.783  -29.383  35.092 0.0000000000
39796  -41.054  -28.686  35.399 0.0000000000
45298  -41.411  -22.723  26.742 0.0000000000
45299  -41.791  -22.717  26.608 0.0000000000
46329  -44.233  -23.149  28.060 0.0000000000
45287  -44.651  -23.309  28.671 0.0000000000
45238  -47.369  -21.979  31.685 0.0000000000
45260  -47.242  -21.805  31.289 0.0000000000
45273  -47.079  -21.790  30.728 0.0000000000
46301  -48.831  -21.909  31.597 0.0000000000
46315  -48.002  -21.650  31.038 0.0000000000
46322  -47.708  -21.523  30.103 0.0000000000
46333  -47.316  -21.136  29.323 0.0000000000
47355  -47.813  -20.361  28.623 0.0000000000
48354  -48.446  -20.111  28.862 0.0000000000
48334  -49.675  -19.984  30.629 0.0000000000
49431  -49.549  -19.220  30.650 0.0000000000
49430  -48.754  -18.786  30.474 0.0000000000
50334  -49.115  -18.097  31.730 0.0000000000
120418  -49.966  -17.606  31.908 0.0000000000
51221  -50.392  -17.034  32.274 0.0000000000
41499  -47.496  -26.132  43.548 0.0000000000
42379  -45.615  -25.896  41.439 0.0000000000
43261  -45.791  -25.030  41.208 0.0000000000
42386  -45.180  -25.504  40.737 0.0000000000
42385  -44.479  -25.977  40.307 0.0000000000
42393  -43.752  -25.761  39.148 0.0000000000
42401  -43.450  -25.514  38.451 0.0000000000
44195  -46.051  -22.935  39.710 0.0000000000
44194  -45.434  -23.295  39.273 0.0000000000
44193  -44.977  -23.783  39.307 0.0000000000
44224  -45.038  -23.154  38.128 0.0000000000
43296  -44.541  -23.870  38.507 0.0000000000
43287  -43.752  -24.592  38.634 0.0000000000
42407  -43.159  -25.409  37.584 0.0000000000
114904  -42.955  -26.155  36.972 0.0000000000
41556  -42.695  -26.469  35.907 0.0000000000
41569  -41.720  -26.427  34.472 0.0000000000
42422  -41.940  -25.182  35.299 0.0000000000
130881  -41.617  -25.657  34.807 0.0000000000
41582  -41.359  -26.714  33.586 0.0000000000
125626  -40.647  -27.130  32.347 0.0000000000
41602  -39.347  -27.126  30.149 0.0000000000
119320  -39.332  -26.475  30.979 0.0000000000
42448  -38.734  -26.217  30.422 0.0000000000
43339  -39.529  -24.737  31.530 0.0000000000
43345  -38.390  -25.043  30.430 0.0000000000
44270  -38.676  -24.014  30.314 0.0000000000
44262  -42.191  -22.812  32.834 0.0000000000
44267  -41.143  -23.089  31.808 0.0000000000
44272  -40.149  -23.272  30.767 0.0000000000
44280  -39.209  -23.335  29.909 0.0000000000
44293  -39.153  -22.803  29.174 0.0000000000
130931  -39.835  -22.823  29.439 0.0000000000
45265  -40.325  -22.500  28.456 0.0000000000
123912  -41.539  -22.528  29.140 0.0000000000
126922  -41.378  -22.682  27.493 0.0000000000
54948  -62.785  -12.027  25.061 0.0000000000
54949  -63.341  -11.767  25.421 0.0000000000
55933  -63.448  -11.157  24.824 0.0000000000
57026  -63.595  -10.493  24.284 0.0000000000
57044  -63.651  -10.179  23.157 0.0000000000
119625  -63.662  -9.637  22.382 0.0000000000
59103  -63.538  -8.321  23.952 0.0000000000
132377  -63.631  -8.806  22.663 0.0000000000
58109  -63.628  -9.429  21.722 0.0000000000
59133  -63.603  -8.747  21.563 0.0000000000
59132  -63.452  -8.371  21.288 0.0000000000
60067  -63.396  -7.757  21.699 0.0000000000
59131  -62.934  -8.150  21.092 0.0000000000
39683  -30.732  -28.592  42.733 0.0000000000
39700  -30.734  -28.364  41.845 0.0000000000
39701  -31.445  -27.601  41.838 0.0000000000
121386  -30.794  -27.584  41.253 0.0000000000
39718  -30.822  -27.483  40.497 0.0000000000
39733  -31.121  -27.387  39.511 0.0000000000
40671  -31.438  -27.299  38.588 0.0000000000
132918  -34.057  -26.935  43.935 0.0000000000
40617  -33.750  -26.409  41.969 0.0000000000
40632  -35.054  -26.967  41.269 0.0000000000
40631  -34.014  -26.630  41.371 0.0000000000
112474  -33.380  -27.023  40.839 0.0000000000
40644  -32.506  -27.090  40.372 0.0000000000
113765  -32.173  -27.267  39.060 0.0000000000
119992  -32.483  -27.145  37.155 0.0000000000
40707  -32.621  -26.800  36.407 0.0000000000
41553  -33.127  -26.539  35.550 0.0000000000
111810  -34.090  -27.084  37.050 0.0000000000
40708  -33.634  -26.758  36.303 0.0000000000
41566  -33.472  -26.313  34.144 0.0000000000
41579  -33.852  -26.452  33.406 0.0000000000
41590  -34.510  -27.216  32.587 0.0000000000
35076  -42.512  -33.495  33.882 0.0000000000
131244  -41.266  -22.114  25.445 0.0000000000
46364  -41.656  -21.479  25.841 0.0000000000
47380  -41.407  -21.270  24.995 0.0000000000
48370  -44.529  -19.523  26.521 0.0000000000
48380  -44.339  -19.158  25.598 0.0000000000
52119  -46.734  -15.305  25.802 0.0000000000
127223  -48.629  -14.351  24.291 0.0000000000
53062  -48.727  -13.942  23.907 0.0000000000
53991  -49.053  -13.545  23.229 0.0000000000
53992  -49.825  -13.316  23.292 0.0000000000
53982  -51.058  -13.782  24.043 0.0000000000
38688  -39.914  -28.749  45.392 0.0000000000
129327  -41.064  -28.697  43.228 0.0000000000
39691  -41.223  -28.689  42.461 0.0000000000
39708  -41.455  -28.599  41.638 0.0000000000
39724  -41.749  -28.461  40.682 0.0000000000
39725  -42.390  -28.783  39.940 0.0000000000
38721  -44.752  -30.250  43.559 0.0000000000
132530  -44.479  -30.200  42.921 0.0000000000
38745  -43.883  -29.691  41.546 0.0000000000
38746  -44.897  -30.198  41.246 0.0000000000
38756  -43.156  -29.208  41.021 0.0000000000
112256  -43.374  -29.533  37.004 0.0000000000
38792  -44.264  -29.996  37.226 0.0000000000
37882  -43.738  -31.366  34.487 0.0000000000
40635  -46.213  -27.359  42.364 0.0000000000
40634  -45.706  -28.096  41.666 0.0000000000
39726  -45.964  -28.925  40.547 0.0000000000
40663  -45.201  -28.261  39.903 0.0000000000
38793  -46.204  -30.171  37.362 0.0000000000
40715  -43.684  -27.690  36.045 0.0000000000
120012  -44.460  -28.116  36.683 0.0000000000
39810  -44.528  -28.834  34.249 0.0000000000
39785  -45.494  -28.830  36.300 0.0000000000
39786  -46.041  -29.525  36.874 0.0000000000
37858  -46.315  -31.141  36.149 0.0000000000
36882  -46.044  -31.254  35.825 0.0000000000
36912  -45.837  -31.121  35.469 0.0000000000
37884  -44.786  -30.619  34.358 0.0000000000
36925  -44.397  -31.148  34.164 0.0000000000
36911  -45.033  -30.995  34.948 0.0000000000
35976  -43.199  -32.306  33.876 0.0000000000
35987  -42.655  -32.897  33.659 0.0000000000
42463  -36.667  -24.599  28.034 0.0000000000
48233  -49.945  -19.296  37.703 0.0000000000
48221  -50.518  -18.992  38.278 0.0000000000
49311  -52.096  -18.457  38.770 0.0000000000
34979  -28.640  -32.853  42.899 0.0000000000
35886  -29.025  -32.257  43.450 0.0000000000
36836  -29.177  -31.456  43.053 0.0000000000
36828  -29.707  -30.960  43.552 0.0000000000
38707  -30.196  -29.658  44.814 0.0000000000
38718  -30.321  -29.571  43.796 0.0000000000
39642  -30.874  -28.241  44.362 0.0000000000
40560  -31.583  -27.439  46.265 0.0000000000
121994  -33.111  -26.776  46.355 0.0000000000
119284  -33.958  -27.020  46.098 0.0000000000
40562  -33.766  -27.074  47.106 0.0000000000
40563  -34.637  -27.070  46.645 0.0000000000
40564  -35.590  -27.334  46.833 0.0000000000
39610  -37.288  -27.965  47.156 0.0000000000
128292  -37.863  -28.357  47.242 0.0000000000
39612  -38.454  -28.402  46.668 0.0000000000
38669  -40.366  -28.826  46.334 0.0000000000
38690  -41.524  -29.542  46.579 0.0000000000
38671  -41.670  -29.821  47.039 0.0000000000
126579  -42.656  -29.466  45.931 0.0000000000
38692  -43.561  -29.400  45.835 0.0000000000
39628  -44.563  -29.217  45.579 0.0000000000
38694  -45.557  -29.277  45.114 0.0000000000
38713  -46.102  -29.131  44.641 0.0000000000
39649  -46.604  -28.570  44.472 0.0000000000
40577  -46.868  -27.983  44.921 0.0000000000
40590  -47.125  -27.830  44.363 0.0000000000
42340  -47.867  -25.920  44.632 0.0000000000
41490  -47.839  -26.404  44.047 0.0000000000
42371  -47.505  -25.260  43.211 0.0000000000
133759  -47.530  -24.523  42.878 0.0000000000
43244  -48.766  -24.187  43.660 0.0000000000
44139  -47.949  -23.842  42.872 0.0000000000
45111  -48.076  -22.819  41.461 0.0000000000
45105  -49.361  -22.019  42.419 0.0000000000
46170  -49.080  -21.793  41.653 0.0000000000
45119  -48.399  -22.109  41.141 0.0000000000
46177  -48.743  -21.465  40.840 0.0000000000
47231  -49.010  -20.720  39.478 0.0000000000
131593  -49.191  -20.183  38.849 0.0000000000
48234  -51.065  -19.018  37.244 0.0000000000
48249  -51.228  -19.450  36.198 0.0000000000
48263  -51.290  -19.976  35.286 0.0000000000
48236  -53.020  -19.223  37.125 0.0000000000
48264  -52.219  -19.821  35.633 0.0000000000
47273  -52.158  -20.427  34.782 0.0000000000
47292  -52.623  -20.537  34.376 0.0000000000
47307  -52.512  -20.518  33.721 0.0000000000
51163  -54.415  -16.935  38.613 0.0000000000
50271  -54.497  -18.078  37.508 0.0000000000
50270  -53.981  -17.689  36.717 0.0000000000
50283  -54.327  -18.416  36.490 0.0000000000
49344  -54.438  -18.878  36.211 0.0000000000
47293  -53.014  -20.056  34.297 0.0000000000
48295  -52.705  -19.904  33.513 0.0000000000
49403  -52.452  -19.691  32.986 0.0000000000
112964  -52.542  -18.708  33.110 0.0000000000
50313  -52.980  -17.861  33.383 0.0000000000
115316  -51.928  -18.476  32.615 0.0000000000
50323  -51.412  -17.608  32.498 0.0000000000
51206  -50.979  -16.452  32.614 0.0000000000
52929  -54.187  -14.925  35.182 0.0000000000
52053  -54.266  -15.551  33.997 0.0000000000
52949  -54.101  -15.174  33.887 0.0000000000
52052  -53.152  -15.813  33.408 0.0000000000
127000  -52.269  -15.853  33.121 0.0000000000
111324  -51.476  -15.919  32.835 0.0000000000
51205  -50.036  -16.021  32.338 0.0000000000
52059  -49.873  -15.019  32.327 0.0000000000
52968  -49.560  -14.805  31.453 0.0000000000
53880  -51.015  -13.600  32.119 0.0000000000
52985  -50.073  -14.252  30.835 0.0000000000
114542  -49.915  -14.147  29.916 0.0000000000
53013  -50.177  -14.473  29.097 0.0000000000
127232  -50.429  -14.440  28.418 0.0000000000
125945  -53.671  -11.555  32.880 0.0000000000
55799  -52.805  -11.912  31.990 0.0000000000
115361  -53.266  -11.948  30.536 0.0000000000
54854  -52.490  -12.341  30.605 0.0000000000
53902  -51.817  -12.868  30.095 0.0000000000
53919  -51.242  -13.546  29.574 0.0000000000
53003  -50.939  -14.108  28.768 0.0000000000
53024  -50.258  -14.603  27.817 0.0000000000
110998  -50.822  -14.683  27.101 0.0000000000
53032  -50.841  -14.524  26.148 0.0000000000
53033  -51.678  -14.643  26.610 0.0000000000
53994  -51.533  -13.652  23.478 0.0000000000
53924  -56.239  -13.364  29.124 0.0000000000
53926  -59.871  -13.537  29.593 0.0000000000
53903  -59.400  -13.426  30.061 0.0000000000
134014  -58.751  -13.699  29.532 0.0000000000
53030  -57.650  -14.183  27.612 0.0000000000
53020  -57.887  -14.096  28.347 0.0000000000
114472  -58.075  -13.582  29.376 0.0000000000
53925  -57.217  -13.417  29.233 0.0000000000
53939  -55.763  -13.755  28.507 0.0000000000
53035  -53.807  -14.416  26.494 0.0000000000
53046  -54.413  -14.326  25.723 0.0000000000
53045  -53.592  -14.297  25.590 0.0000000000
53983  -51.887  -13.816  24.070 0.0000000000
54007  -51.647  -13.312  22.965 0.0000000000
54976  -52.941  -12.472  22.312 0.0000000000
54989  -52.293  -12.298  20.469 0.0000000000
112054  -53.052  -12.437  19.856 0.0000000000
54978  -55.431  -11.859  22.670 0.0000000000
125962  -54.891  -11.687  22.099 0.0000000000
55974  -54.913  -11.476  21.244 0.0000000000
55973  -54.191  -11.573  20.799 0.0000000000
55003  -53.948  -12.615  19.513 0.0000000000
54968  -61.665  -11.855  23.953 0.0000000000
55950  -61.045  -11.646  23.304 0.0000000000
55967  -60.481  -11.462  22.670 0.0000000000
55978  -59.308  -11.337  21.554 0.0000000000
114180  -58.940  -11.496  20.776 0.0000000000
55992  -62.641  -11.022  20.613 0.0000000000
55991  -61.649  -11.346  20.584 0.0000000000
111137  -60.418  -11.359  19.177 0.0000000000
111191  -59.978  -11.582  19.968 0.0000000000
113757  -58.960  -11.749  20.055 0.0000000000
122914  -58.224  -11.921  19.825 0.0000000000
34091  -27.259  -34.474  40.561 0.0000000000
34099  -26.400  -34.711  39.489 0.0000000000
34112  -26.654  -34.188  39.057 0.0000000000
35055  -24.588  -33.727  35.183 0.0000000000
111936  -25.022  -33.756  35.105 0.0000000000
35070  -24.508  -33.701  34.431 0.0000000000
132347  -29.903  -29.438  41.810 0.0000000000
37829  -29.124  -30.200  39.990 0.0000000000
38767  -29.618  -29.483  39.671 0.0000000000
37842  -28.848  -29.826  39.095 0.0000000000
37841  -28.409  -30.715  38.118 0.0000000000
36881  -27.919  -30.933  37.232 0.0000000000
39780  -30.300  -27.907  36.580 0.0000000000
39779  -29.631  -28.519  36.273 0.0000000000
38798  -29.116  -29.054  35.863 0.0000000000
39804  -28.758  -28.410  34.025 0.0000000000
38809  -28.519  -29.395  35.470 0.0000000000
37866  -28.092  -29.861  35.806 0.0000000000
37865  -27.401  -30.210  35.580 0.0000000000
36890  -27.009  -30.980  36.061 0.0000000000
36917  -26.290  -31.519  33.819 0.0000000000
36916  -25.776  -31.995  33.289 0.0000000000
36934  -25.760  -31.773  32.164 0.0000000000
35999  -25.305  -32.529  32.849 0.0000000000
36033  -29.158  -32.299  30.603 0.0000000000
39646  -39.166  -29.010  44.519 0.0000000000
112613  -38.768  -28.912  43.958 0.0000000000
39667  -38.445  -28.242  43.373 0.0000000000
111225  -39.032  -28.062  41.912 0.0000000000
39688  -38.364  -28.098  42.381 0.0000000000
39704  -37.647  -27.762  41.067 0.0000000000
39734  -36.859  -28.226  39.844 0.0000000000
39754  -40.729  -27.898  38.599 0.0000000000
110927  -39.857  -27.912  38.897 0.0000000000
131970  -39.474  -27.892  38.522 0.0000000000
40694  -39.501  -27.702  37.572 0.0000000000
40679  -39.149  -27.839  38.198 0.0000000000
39752  -39.003  -27.834  38.992 0.0000000000
40661  -38.095  -27.649  39.272 0.0000000000
128390  -37.664  -27.452  38.782 0.0000000000
40691  -36.649  -27.421  37.873 0.0000000000
118153  -36.358  -27.025  37.186 0.0000000000
40710  -36.029  -26.742  36.455 0.0000000000
113566  -36.288  -26.643  34.951 0.0000000000
123098  -35.779  -26.541  34.634 0.0000000000
41568  -35.424  -26.552  33.790 0.0000000000
40749  -35.148  -27.061  33.026 0.0000000000
39827  -34.622  -28.193  32.276 0.0000000000
35974  -41.738  -32.757  34.806 0.0000000000
35959  -40.922  -33.212  35.328 0.0000000000
36907  -40.777  -31.490  34.511 0.0000000000
125444  -39.748  -31.109  34.146 0.0000000000
37896  -39.405  -30.614  33.855 0.0000000000
36905  -38.799  -31.768  34.292 0.0000000000
37895  -38.641  -30.486  33.678 0.0000000000
37894  -37.783  -30.329  33.522 0.0000000000
38834  -37.409  -29.361  33.035 0.0000000000
124392  -36.372  -29.566  33.070 0.0000000000
37878  -36.320  -31.258  33.677 0.0000000000
37892  -35.912  -30.470  33.350 0.0000000000
38847  -35.829  -28.902  32.839 0.0000000000
38846  -35.072  -29.038  32.593 0.0000000000
38845  -34.216  -29.165  32.362 0.0000000000
38830  -33.707  -29.941  32.864 0.0000000000
37890  -33.273  -30.811  33.267 0.0000000000
35119  -29.544  -33.014  31.014 0.0000000000
36015  -30.112  -32.825  31.461 0.0000000000
37830  -45.603  -30.529  39.363 0.0000000000
37850  -28.509  -30.082  37.719 0.0000000000
37933  -30.040  -30.319  30.453 0.0000000000
37934  -38.146  -30.669  30.131 0.0000000000
38742  -29.643  -29.756  41.288 0.0000000000
38802  -46.084  -30.363  36.553 0.0000000000
38854  -42.211  -29.029  31.174 0.0000000000
38855  -42.823  -29.325  31.845 0.0000000000
38863  -40.028  -29.428  29.910 0.0000000000
39648  -41.015  -28.923  44.665 0.0000000000
39668  -39.006  -28.558  43.461 0.0000000000
39792  -30.006  -28.046  35.829 0.0000000000
39812  -45.564  -29.797  35.551 0.0000000000
39823  -28.540  -28.300  32.207 0.0000000000
39834  -29.407  -28.344  31.215 0.0000000000
39835  -30.398  -28.392  31.048 0.0000000000
39836  -31.393  -28.145  31.308 0.0000000000
39844  -40.909  -28.322  30.006 0.0000000000
39850  -39.803  -28.292  29.117 0.0000000000
40660  -37.248  -27.774  39.369 0.0000000000
40706  -31.856  -27.274  36.805 0.0000000000
40723  -36.549  -26.712  35.638 0.0000000000
40742  -44.577  -28.599  34.925 0.0000000000
40759  -32.024  -26.507  32.105 0.0000000000
40762  -35.287  -27.660  32.595 0.0000000000
40763  -41.148  -27.654  31.798 0.0000000000
40777  -40.135  -27.664  29.637 0.0000000000
41551  -31.910  -26.543  34.845 0.0000000000
41571  -43.215  -27.496  34.865 0.0000000000
41587  -32.053  -26.534  33.017 0.0000000000
41589  -33.636  -26.776  32.596 0.0000000000
41610  -38.738  -26.863  29.020 0.0000000000
42414  -42.664  -25.818  36.385 0.0000000000
44299  -36.522  -23.372  27.391 0.0000000000
45179  -45.145  -22.682  36.691 0.0000000000
45196  -44.552  -22.430  35.502 0.0000000000
45259  -46.603  -22.012  30.869 0.0000000000
45284  -42.293  -23.147  27.752 0.0000000000
46223  -45.858  -21.563  36.209 0.0000000000
46303  -50.408  -21.751  31.929 0.0000000000
47274  -52.943  -20.258  35.243 0.0000000000
47304  -49.104  -21.543  32.881 0.0000000000
47315  -52.305  -20.521  33.063 0.0000000000
48248  -50.178  -19.182  36.726 0.0000000000
48253  -54.299  -19.127  35.831 0.0000000000
48281  -53.623  -19.512  34.722 0.0000000000
49293  -54.327  -18.046  39.210 0.0000000000
49294  -54.648  -17.998  38.880 0.0000000000
49332  -54.390  -18.608  37.114 0.0000000000
49389  -53.374  -18.761  33.936 0.0000000000
49414  -49.113  -18.622  31.101 0.0000000000
49417  -51.286  -19.506  31.955 0.0000000000
49429  -47.886  -18.301  30.609 0.0000000000
50255  -54.677  -17.589  38.902 0.0000000000
50296  -54.079  -17.929  34.924 0.0000000000
51164  -54.630  -17.629  38.484 0.0000000000
51176  -52.811  -16.505  36.165 0.0000000000
51190  -54.139  -16.331  34.039 0.0000000000
51208  -52.725  -17.244  33.220 0.0000000000
52051  -52.471  -14.871  33.249 0.0000000000
53904  -60.254  -13.162  30.121 0.0000000000
53940  -56.713  -13.753  28.626 0.0000000000
53941  -57.611  -13.850  28.785 0.0000000000
53964  -62.256  -13.288  27.095 0.0000000000
54794  -55.010  -12.481  35.983 0.0000000000
54809  -54.703  -12.895  35.501 0.0000000000
55953  -63.430  -10.932  23.879 0.0000000000
55981  -62.897  -11.180  21.573 0.0000000000
57064  -63.112  -10.509  20.287 0.0000000000
111951  -31.572  -27.225  40.243 0.0000000000
113744  -34.390  -26.367  41.863 0.0000000000
120868  -48.328  -20.530  36.849 0.0000000000
122634  -52.042  -21.097  33.252 0.0000000000
123079  -45.019  -30.323  40.505 0.0000000000
123450  -63.607  -9.057  22.198 0.0000000000
124136  -53.951  -15.904  33.749 0.0000000000
126101  -35.335  -26.881  36.507 0.0000000000
126667  -46.350  -30.001  43.322 0.0000000000
127913  -43.399  -24.776  38.016 0.0000000000
130753  -30.108  -27.473  34.449 0.0000000000
131124  -30.086  -28.628  38.751 0.0000000000
131199  -39.652  -28.697  29.228 0.0000000000
131220  -46.452  -30.032  39.906 0.0000000000
131221  -34.158  -26.740  32.899 0.0000000000
132077  -52.835  -19.995  33.863 0.0000000000
132150  -47.681  -15.743  30.031 0.0000000000
132178  -51.459  -14.010  28.321 0.0000000000
132300  -33.529  -26.495  34.810 0.0000000000
132619  -41.992  -22.740  28.436 0.0000000000
132649  -28.255  -30.654  37.597 0.0000000000
133681  -29.791  -32.368  31.145 0.0000000000
134314  -32.989  -26.919  38.251 0.0000000000
