#!ascii label  , from subject sub-003S6257 vox2ras=TkReg
1389
83808  -44.208  20.142  22.291 0.0000000000
130616  -49.342  20.813  2.995 0.0000000000
89144  -43.934  28.005  18.240 0.0000000000
82230  -49.109  18.347  14.356 0.0000000000
79694  -51.177  14.293  15.470 0.0000000000
83895  -41.563  19.462  12.577 0.0000000000
113681  -36.486  24.599  9.108 0.0000000000
123212  -39.079  28.300  3.915 0.0000000000
123809  -44.418  9.253  18.414 0.0000000000
82182  -45.916  17.720  19.304 0.0000000000
113754  -45.184  16.042  13.279 0.0000000000
84667  -44.002  21.006  17.424 0.0000000000
116040  -47.257  28.042  12.224 0.0000000000
87959  -41.439  26.049  12.949 0.0000000000
89209  -42.593  27.521  8.235 0.0000000000
88022  -39.673  25.290  4.012 0.0000000000
89259  -43.852  26.851  2.701 0.0000000000
83194  -46.141  18.547  1.077 0.0000000000
85397  -39.176  22.403  24.749 0.0000000000
87310  -45.313  24.650  23.416 0.0000000000
85472  -54.211  21.889  15.091 0.0000000000
82185  -50.300  18.318  19.041 0.0000000000
80515  -46.054  15.840  20.358 0.0000000000
77999  -44.268  12.736  16.825 0.0000000000
83969  -46.495  19.487  7.535 0.0000000000
127503  -42.281  19.971  6.575 0.0000000000
86766  -39.407  23.297  17.760 0.0000000000
85507  -37.000  21.275  11.871 0.0000000000
83982  -37.888  19.611  6.757 0.0000000000
85555  -34.966  21.785  4.221 0.0000000000
88028  -35.113  24.714  2.851 0.0000000000
83016  -45.439  18.872  20.963 0.0000000000
115318  -44.364  18.377  18.069 0.0000000000
84664  -44.941  21.022  20.198 0.0000000000
129623  -47.841  28.815  8.985 0.0000000000
89203  -45.573  27.560  9.587 0.0000000000
112247  -45.428  28.506  6.685 0.0000000000
89237  -43.504  26.899  4.468 0.0000000000
84067  -48.317  19.927  1.541 0.0000000000
111878  -36.478  23.282  22.660 0.0000000000
87296  -39.929  24.503  23.497 0.0000000000
81380  -49.873  16.573  17.265 0.0000000000
80518  -48.361  16.452  20.095 0.0000000000
79675  -47.494  15.090  17.400 0.0000000000
76305  -44.546  10.303  17.217 0.0000000000
81351  -38.347  15.984  19.671 0.0000000000
82993  -37.340  18.801  21.340 0.0000000000
82160  -36.181  17.041  20.602 0.0000000000
82262  -50.209  17.164  11.173 0.0000000000
81427  -42.414  16.949  12.149 0.0000000000
82271  -45.616  17.835  10.126 0.0000000000
83924  -43.999  19.248  10.363 0.0000000000
124871  -44.489  19.717  7.188 0.0000000000
84747  -42.126  20.282  10.068 0.0000000000
87905  -43.054  25.974  21.356 0.0000000000
87333  -41.622  23.938  20.874 0.0000000000
87927  -41.222  25.776  17.504 0.0000000000
118163  -38.952  25.685  10.761 0.0000000000
87384  -38.273  24.652  12.748 0.0000000000
86182  -36.310  22.668  10.556 0.0000000000
123034  -37.425  20.386  9.051 0.0000000000
85532  -35.607  21.661  8.244 0.0000000000
84799  -36.095  20.291  5.414 0.0000000000
113086  -35.355  23.711  7.043 0.0000000000
89264  -39.631  26.445  2.485 0.0000000000
87449  -37.349  24.929  2.144 0.0000000000
89252  -37.044  27.009  3.574 0.0000000000
88627  -34.838  26.380  4.608 0.0000000000
89832  -36.520  28.748  4.464 0.0000000000
82200  -47.588  17.527  16.367 0.0000000000
81420  -47.308  16.297  13.423 0.0000000000
81390  -45.419  16.904  15.572 0.0000000000
82208  -43.426  18.013  15.504 0.0000000000
83854  -41.699  19.618  15.268 0.0000000000
89154  -45.757  28.159  15.293 0.0000000000
88544  -43.198  26.750  14.978 0.0000000000
88574  -44.761  26.811  12.546 0.0000000000
88593  -42.544  26.566  10.590 0.0000000000
88598  -39.858  26.183  8.609 0.0000000000
113173  -38.404  25.424  6.682 0.0000000000
117912  -40.916  26.391  6.426 0.0000000000
112048  -41.188  26.541  3.233 0.0000000000
89863  -41.221  27.490  2.925 0.0000000000
82393  -44.055  17.826  1.012 0.0000000000
84644  -42.315  21.126  23.031 0.0000000000
85428  -45.370  21.418  23.101 0.0000000000
86083  -42.696  23.122  24.654 0.0000000000
88490  -43.502  26.522  23.669 0.0000000000
89706  -44.233  28.521  20.829 0.0000000000
111040  -42.247  29.510  18.590 0.0000000000
128626  -45.767  30.582  18.177 0.0000000000
84699  -50.958  20.811  15.553 0.0000000000
83849  -51.879  20.458  17.244 0.0000000000
83032  -49.579  19.217  17.089 0.0000000000
82184  -48.647  17.841  19.439 0.0000000000
82170  -47.063  17.195  21.050 0.0000000000
77179  -50.726  12.030  16.793 0.0000000000
75393  -47.267  9.747  18.528 0.0000000000
76318  -47.793  11.034  16.697 0.0000000000
129470  -47.653  13.650  16.142 0.0000000000
79673  -45.144  14.424  17.973 0.0000000000
130024  -41.725  18.862  21.169 0.0000000000
84804  -50.224  20.988  5.152 0.0000000000
81457  -47.705  16.559  10.381 0.0000000000
83128  -48.471  19.100  7.571 0.0000000000
84013  -48.180  20.395  5.422 0.0000000000
84028  -46.552  19.654  4.448 0.0000000000
84025  -43.534  19.403  3.780 0.0000000000
84043  -42.153  19.453  2.656 0.0000000000
86139  -44.911  22.495  19.828 0.0000000000
84666  -41.144  21.077  18.102 0.0000000000
129560  -38.668  20.014  15.599 0.0000000000
87367  -40.549  25.155  14.772 0.0000000000
86153  -37.639  22.598  14.621 0.0000000000
83892  -38.328  19.797  12.409 0.0000000000
116974  -39.429  19.637  9.272 0.0000000000
117118  -40.001  19.767  6.106 0.0000000000
84040  -39.564  19.112  2.730 0.0000000000
87428  -36.407  24.441  4.712 0.0000000000
86830  -35.034  23.545  2.998 0.0000000000
86213  -33.684  22.525  3.679 0.0000000000
86822  -33.167  23.582  4.892 0.0000000000
87997  -32.937  25.512  6.367 0.0000000000
83000  -45.321  18.699  22.033 0.0000000000
83827  -44.980  20.001  20.572 0.0000000000
84653  -45.115  20.476  22.050 0.0000000000
110963  -47.043  28.436  7.762 0.0000000000
89837  -45.769  28.322  5.381 0.0000000000
84049  -48.822  20.164  2.026 0.0000000000
80552  -49.808  15.265  15.832 0.0000000000
80536  -49.198  16.168  17.636 0.0000000000
119945  -48.632  14.623  16.196 0.0000000000
80507  -38.050  15.215  19.681 0.0000000000
121249  -37.751  16.377  20.054 0.0000000000
83065  -50.290  18.937  13.617 0.0000000000
83072  -49.921  18.222  13.186 0.0000000000
132658  -42.356  18.632  12.664 0.0000000000
83082  -43.033  18.518  11.589 0.0000000000
83908  -42.879  19.473  11.452 0.0000000000
83935  -42.922  20.263  10.322 0.0000000000
111866  -42.176  19.837  11.245 0.0000000000
89124  -43.779  27.679  19.754 0.0000000000
88528  -42.391  26.418  19.777 0.0000000000
88538  -42.519  26.730  18.097 0.0000000000
87971  -37.568  25.339  10.038 0.0000000000
87398  -37.158  24.791  10.432 0.0000000000
87402  -36.333  24.554  10.033 0.0000000000
115984  -36.032  23.044  9.669 0.0000000000
86187  -35.646  23.258  8.925 0.0000000000
86198  -35.264  22.393  7.639 0.0000000000
87410  -36.322  24.708  8.253 0.0000000000
132316  -39.117  27.936  2.694 0.0000000000
88644  -38.345  26.889  3.024 0.0000000000
89860  -37.802  28.234  3.443 0.0000000000
89849  -36.860  28.353  3.629 0.0000000000
89833  -37.824  28.744  4.853 0.0000000000
82189  -46.059  17.374  18.097 0.0000000000
81379  -45.961  17.051  16.205 0.0000000000
82198  -45.462  17.277  17.124 0.0000000000
83835  -43.767  19.852  17.104 0.0000000000
83029  -43.701  18.557  16.401 0.0000000000
83845  -43.440  19.581  16.510 0.0000000000
83036  -42.652  19.037  15.031 0.0000000000
84680  -42.828  20.402  16.665 0.0000000000
89162  -46.361  28.275  13.947 0.0000000000
89169  -45.112  27.287  13.836 0.0000000000
89177  -45.964  27.487  12.212 0.0000000000
110556  -44.193  27.681  8.739 0.0000000000
89191  -44.101  26.929  10.231 0.0000000000
89200  -42.488  27.304  9.029 0.0000000000
112313  -41.235  26.627  9.816 0.0000000000
88609  -41.289  26.869  8.277 0.0000000000
88614  -40.167  26.335  6.952 0.0000000000
89218  -41.626  26.708  6.434 0.0000000000
131452  -43.627  26.536  3.451 0.0000000000
130240  -42.418  26.426  4.289 0.0000000000
88648  -42.762  26.443  2.635 0.0000000000
89257  -41.648  26.869  2.522 0.0000000000
131618  -43.086  27.338  2.675 0.0000000000
83193  -45.169  18.200  0.582 0.0000000000
85415  -40.884  21.798  24.001 0.0000000000
85400  -42.201  22.395  24.354 0.0000000000
86081  -40.611  23.113  24.838 0.0000000000
87894  -40.627  25.955  21.878 0.0000000000
87888  -41.721  25.859  23.453 0.0000000000
88495  -41.554  26.774  22.128 0.0000000000
89102  -43.707  28.007  22.191 0.0000000000
89704  -42.520  28.400  20.466 0.0000000000
111139  -41.446  29.417  17.482 0.0000000000
90354  -44.329  30.172  18.324 0.0000000000
90365  -44.920  30.504  17.039 0.0000000000
90986  -46.709  30.310  16.915 0.0000000000
120427  -46.131  30.346  15.254 0.0000000000
84715  -52.436  21.441  13.488 0.0000000000
85469  -52.323  21.848  15.686 0.0000000000
83034  -52.175  19.786  17.062 0.0000000000
83027  -51.245  19.369  18.245 0.0000000000
83838  -50.861  20.073  18.130 0.0000000000
83019  -49.901  18.825  18.978 0.0000000000
83024  -49.368  18.541  18.798 0.0000000000
83017  -49.497  18.116  19.501 0.0000000000
80517  -47.558  16.073  20.182 0.0000000000
81349  -47.206  16.902  21.053 0.0000000000
80501  -46.666  16.386  20.873 0.0000000000
75391  -45.746  9.434  18.526 0.0000000000
76316  -45.852  10.853  16.655 0.0000000000
77176  -46.350  11.564  16.443 0.0000000000
122765  -48.005  11.698  16.307 0.0000000000
131822  -46.255  13.034  16.355 0.0000000000
78827  -46.205  13.908  16.819 0.0000000000
78825  -44.468  13.710  17.387 0.0000000000
83816  -40.511  19.625  21.407 0.0000000000
82996  -40.024  18.978  20.906 0.0000000000
122350  -50.861  20.708  5.584 0.0000000000
81419  -46.302  16.171  13.583 0.0000000000
81432  -47.484  16.022  12.453 0.0000000000
81446  -46.396  16.206  11.128 0.0000000000
83104  -45.668  18.922  9.242 0.0000000000
83106  -47.023  18.440  8.966 0.0000000000
83953  -46.780  19.232  8.121 0.0000000000
83992  -48.407  19.989  6.339 0.0000000000
116497  -47.001  19.518  6.868 0.0000000000
84012  -47.246  19.841  5.180 0.0000000000
84011  -46.600  19.583  5.818 0.0000000000
133654  -42.926  20.184  6.846 0.0000000000
84009  -44.364  19.572  5.823 0.0000000000
84007  -42.487  20.024  5.608 0.0000000000
111147  -42.696  19.531  3.539 0.0000000000
110647  -41.799  19.910  4.746 0.0000000000
86114  -46.270  23.321  22.666 0.0000000000
112743  -45.729  22.544  20.804 0.0000000000
86123  -45.370  23.416  21.560 0.0000000000
86763  -40.425  23.267  18.935 0.0000000000
86136  -41.058  22.767  19.448 0.0000000000
85449  -39.950  22.060  18.272 0.0000000000
85457  -39.782  20.949  17.292 0.0000000000
85456  -38.904  22.021  17.180 0.0000000000
87949  -42.347  26.149  14.014 0.0000000000
87933  -42.000  25.749  15.360 0.0000000000
87947  -40.821  25.565  13.584 0.0000000000
86789  -36.677  23.637  12.912 0.0000000000
86783  -37.231  23.574  13.595 0.0000000000
85486  -37.186  21.685  13.392 0.0000000000
124204  -37.489  21.241  14.109 0.0000000000
84722  -37.552  20.448  12.353 0.0000000000
83903  -38.800  19.991  10.985 0.0000000000
84734  -38.209  20.269  10.866 0.0000000000
83962  -37.720  19.685  7.580 0.0000000000
83947  -38.409  19.750  8.310 0.0000000000
122561  -39.211  19.519  5.762 0.0000000000
84004  -39.782  19.524  5.178 0.0000000000
133630  -39.109  19.411  4.920 0.0000000000
84039  -38.726  18.832  3.105 0.0000000000
84020  -37.601  19.121  4.321 0.0000000000
85556  -35.226  21.205  4.916 0.0000000000
84816  -36.058  19.854  4.557 0.0000000000
88000  -38.813  25.324  5.805 0.0000000000
87422  -36.852  24.959  5.633 0.0000000000
87429  -37.417  24.630  4.519 0.0000000000
121180  -35.993  24.731  2.512 0.0000000000
116818  -35.816  24.206  2.742 0.0000000000
87446  -34.963  23.881  2.767 0.0000000000
130310  -33.982  22.273  3.300 0.0000000000
86835  -33.921  23.007  3.484 0.0000000000
86828  -33.443  23.327  4.119 0.0000000000
87435  -33.655  23.902  3.821 0.0000000000
89235  -34.643  27.522  5.189 0.0000000000
88626  -34.336  26.608  5.735 0.0000000000
89225  -33.870  27.378  6.493 0.0000000000
88612  -32.951  26.315  7.024 0.0000000000
82173  -45.477  18.082  20.221 0.0000000000
82181  -44.933  18.009  18.707 0.0000000000
83018  -44.667  18.820  19.088 0.0000000000
83831  -44.462  20.167  18.310 0.0000000000
84668  -44.460  21.077  17.992 0.0000000000
89194  -46.617  27.925  10.843 0.0000000000
89204  -46.389  27.917  9.872 0.0000000000
89212  -45.763  27.880  8.659 0.0000000000
89220  -44.117  28.057  7.774 0.0000000000
110962  -43.143  27.713  6.548 0.0000000000
89821  -44.518  28.237  6.148 0.0000000000
89229  -44.325  27.594  4.839 0.0000000000
84066  -47.637  19.759  1.594 0.0000000000
86700  -37.811  23.218  24.827 0.0000000000
86702  -39.647  23.522  24.709 0.0000000000
86724  -38.049  23.513  23.055 0.0000000000
81371  -50.193  17.351  17.957 0.0000000000
81363  -49.560  17.263  19.562 0.0000000000
81369  -49.196  16.562  19.066 0.0000000000
80526  -47.844  15.856  19.375 0.0000000000
80525  -47.001  15.485  19.461 0.0000000000
125243  -44.057  9.729  17.792 0.0000000000
116184  -42.568  11.945  17.584 0.0000000000
81341  -39.584  16.913  19.914 0.0000000000
83008  -38.677  18.210  20.716 0.0000000000
82162  -37.745  17.175  20.329 0.0000000000
82161  -36.957  17.547  20.569 0.0000000000
116320  -43.513  16.639  12.616 0.0000000000
81445  -45.564  16.424  11.255 0.0000000000
82260  -44.211  17.452  10.931 0.0000000000
83094  -44.702  18.912  10.093 0.0000000000
83938  -45.148  19.271  9.203 0.0000000000
120402  -45.322  19.619  7.263 0.0000000000
83950  -44.300  19.775  8.563 0.0000000000
84762  -43.389  20.148  8.914 0.0000000000
84773  -41.708  20.168  8.696 0.0000000000
87308  -43.630  25.432  22.362 0.0000000000
112969  -42.779  23.933  21.605 0.0000000000
87895  -41.876  24.950  21.098 0.0000000000
132003  -40.869  24.889  19.625 0.0000000000
87354  -40.246  24.671  17.415 0.0000000000
87966  -40.022  25.938  11.903 0.0000000000
87957  -39.541  25.552  12.525 0.0000000000
127470  -38.599  25.320  11.475 0.0000000000
87390  -36.712  24.042  11.594 0.0000000000
86176  -36.502  22.735  11.546 0.0000000000
84743  -37.054  21.118  10.020 0.0000000000
85514  -36.519  21.745  10.323 0.0000000000
85533  -36.357  21.221  8.728 0.0000000000
84786  -36.878  19.979  7.731 0.0000000000
83981  -36.368  20.284  6.256 0.0000000000
84784  -35.824  20.757  6.784 0.0000000000
86204  -34.979  22.227  6.596 0.0000000000
129757  -34.967  22.835  5.921 0.0000000000
88038  -39.539  25.670  2.810 0.0000000000
87440  -38.286  24.782  2.774 0.0000000000
88037  -38.115  25.761  2.589 0.0000000000
88642  -36.922  25.708  2.480 0.0000000000
88029  -35.574  25.540  2.907 0.0000000000
88018  -34.579  25.256  3.852 0.0000000000
89245  -35.755  27.622  4.121 0.0000000000
89236  -35.453  28.306  4.670 0.0000000000
89831  -35.674  28.880  5.053 0.0000000000
82213  -48.288  17.883  15.774 0.0000000000
82229  -48.619  17.798  14.282 0.0000000000
117689  -47.558  17.175  14.723 0.0000000000
81408  -46.318  16.523  14.551 0.0000000000
111406  -44.863  16.250  14.242 0.0000000000
82197  -44.752  17.555  16.572 0.0000000000
82227  -44.088  17.336  15.185 0.0000000000
81406  -44.085  16.731  14.354 0.0000000000
82240  -42.360  16.990  13.457 0.0000000000
83051  -42.604  18.893  14.213 0.0000000000
83869  -41.694  19.412  14.341 0.0000000000
89149  -45.159  28.352  17.073 0.0000000000
115460  -43.473  27.396  17.070 0.0000000000
89152  -44.048  27.235  15.249 0.0000000000
113249  -43.713  26.521  13.578 0.0000000000
88572  -43.116  26.487  12.402 0.0000000000
89183  -45.208  26.910  11.174 0.0000000000
88585  -43.730  26.622  11.692 0.0000000000
131978  -41.318  26.350  11.490 0.0000000000
88582  -40.489  26.231  11.111 0.0000000000
87973  -39.072  25.935  9.821 0.0000000000
87986  -38.605  25.585  8.570 0.0000000000
87984  -36.928  25.333  7.703 0.0000000000
87993  -38.634  25.553  7.579 0.0000000000
88001  -39.581  25.678  6.345 0.0000000000
88009  -40.334  25.531  4.817 0.0000000000
88620  -42.172  26.676  5.359 0.0000000000
88628  -40.937  26.058  4.815 0.0000000000
88023  -40.612  25.858  3.844 0.0000000000
88646  -40.880  26.719  2.590 0.0000000000
89256  -40.770  27.132  2.459 0.0000000000
89851  -40.772  28.335  3.726 0.0000000000
83807  -43.036  20.347  22.405 0.0000000000
84646  -44.913  20.688  22.584 0.0000000000
84634  -43.378  21.167  23.274 0.0000000000
86100  -44.259  22.421  24.251 0.0000000000
86707  -45.169  24.275  24.460 0.0000000000
87286  -41.208  24.406  24.518 0.0000000000
87871  -42.951  25.468  24.555 0.0000000000
87882  -45.214  26.057  24.038 0.0000000000
88504  -43.978  27.354  22.329 0.0000000000
110542  -44.372  27.926  21.828 0.0000000000
89126  -44.585  28.854  20.055 0.0000000000
89123  -41.247  28.007  19.879 0.0000000000
89717  -43.085  28.977  20.017 0.0000000000
90326  -44.666  29.223  19.676 0.0000000000
89743  -45.304  29.047  18.760 0.0000000000
89749  -46.797  29.590  16.990 0.0000000000
89752  -47.527  29.585  15.352 0.0000000000
90403  -47.991  29.777  14.212 0.0000000000
124068  -51.201  20.057  13.671 0.0000000000
83856  -49.794  19.649  15.377 0.0000000000
83056  -53.442  20.258  15.583 0.0000000000
84684  -53.050  21.739  16.107 0.0000000000
84687  -51.148  20.896  16.675 0.0000000000
83846  -49.978  19.776  16.572 0.0000000000
83039  -49.324  19.154  15.821 0.0000000000
82201  -48.386  18.061  16.873 0.0000000000
131377  -47.854  17.778  18.544 0.0000000000
82183  -46.595  17.565  18.978 0.0000000000
82171  -48.224  17.177  20.551 0.0000000000
82176  -47.913  17.329  20.440 0.0000000000
82174  -46.477  17.672  20.884 0.0000000000
83014  -46.001  17.928  21.363 0.0000000000
76298  -49.127  10.549  18.778 0.0000000000
75399  -45.892  9.865  17.772 0.0000000000
76308  -47.613  10.414  17.557 0.0000000000
77157  -49.737  10.906  18.072 0.0000000000
77178  -49.908  11.850  16.550 0.0000000000
78009  -49.560  12.328  15.909 0.0000000000
78834  -48.884  13.785  15.615 0.0000000000
79683  -47.873  14.576  16.533 0.0000000000
79674  -46.650  14.732  17.593 0.0000000000
79665  -45.399  15.403  19.501 0.0000000000
112724  -42.456  19.178  21.511 0.0000000000
122883  -41.563  19.620  21.501 0.0000000000
84642  -40.299  20.791  22.631 0.0000000000
110789  -38.733  21.046  23.701 0.0000000000
129132  -37.623  21.409  24.551 0.0000000000
85565  -51.735  21.498  3.890 0.0000000000
84833  -51.036  21.495  3.869 0.0000000000
84819  -49.664  21.256  4.456 0.0000000000
82250  -48.792  17.039  12.904 0.0000000000
81459  -49.441  16.841  10.534 0.0000000000
82273  -47.098  17.156  9.731 0.0000000000
82286  -47.464  17.674  9.226 0.0000000000
83118  -49.213  18.494  7.903 0.0000000000
83972  -48.798  19.460  6.911 0.0000000000
84802  -48.754  20.453  5.693 0.0000000000
125594  -48.732  21.089  3.557 0.0000000000
84830  -48.123  20.677  3.215 0.0000000000
84048  -47.592  20.296  2.190 0.0000000000
111646  -45.916  19.735  3.006 0.0000000000
126973  -45.147  19.560  5.956 0.0000000000
84027  -45.572  19.399  4.453 0.0000000000
84046  -44.994  19.504  2.544 0.0000000000
84062  -43.514  19.094  1.874 0.0000000000
84061  -42.509  19.252  1.753 0.0000000000
84060  -41.557  19.212  1.696 0.0000000000
84660  -45.531  21.422  21.204 0.0000000000
85438  -45.433  22.314  19.890 0.0000000000
85453  -44.123  21.469  18.174 0.0000000000
120302  -43.067  22.291  20.317 0.0000000000
85445  -42.544  21.782  19.107 0.0000000000
85459  -42.262  21.098  17.876 0.0000000000
84679  -41.912  20.478  16.608 0.0000000000
83853  -40.645  19.557  15.433 0.0000000000
83883  -40.052  19.462  13.725 0.0000000000
88542  -41.996  26.065  16.164 0.0000000000
87929  -40.697  25.295  16.160 0.0000000000
87356  -39.572  24.151  16.239 0.0000000000
87376  -39.395  24.889  13.935 0.0000000000
126414  -38.741  23.641  15.214 0.0000000000
86772  -38.503  23.305  15.995 0.0000000000
85468  -38.004  21.565  15.585 0.0000000000
83865  -38.154  19.764  13.987 0.0000000000
111405  -40.018  19.483  12.849 0.0000000000
83920  -40.272  19.738  10.585 0.0000000000
84787  -40.913  19.910  8.201 0.0000000000
83948  -38.809  19.640  9.026 0.0000000000
83965  -40.155  19.664  7.807 0.0000000000
83985  -40.700  20.111  6.397 0.0000000000
112159  -41.052  19.756  4.918 0.0000000000
84041  -40.351  19.366  2.630 0.0000000000
111072  -36.785  19.424  4.594 0.0000000000
87416  -36.359  24.701  7.170 0.0000000000
87420  -35.726  24.219  6.553 0.0000000000
86203  -34.759  22.959  4.809 0.0000000000
87438  -36.556  24.447  3.365 0.0000000000
87437  -35.783  23.859  3.458 0.0000000000
86829  -34.583  22.898  3.641 0.0000000000
86221  -34.139  21.846  3.265 0.0000000000
84827  -33.963  21.070  3.254 0.0000000000
117037  -33.830  20.878  3.763 0.0000000000
88005  -34.320  25.692  4.928 0.0000000000
87419  -33.023  24.787  5.793 0.0000000000
90489  -40.313  28.833  4.664 0.0000000000
124869  -39.126  29.450  5.603 0.0000000000
90476  -37.502  29.054  5.653 0.0000000000
90461  -37.166  29.317  6.428 0.0000000000
90459  -35.509  29.295  6.551 0.0000000000
83819  -44.922  19.302  22.283 0.0000000000
129006  -45.175  19.437  22.082 0.0000000000
83809  -44.936  19.913  22.252 0.0000000000
84050  -49.459  20.240  2.734 0.0000000000
80553  -50.681  15.219  15.618 0.0000000000
79693  -50.178  14.415  15.628 0.0000000000
79692  -49.356  14.524  15.776 0.0000000000
79650  -38.545  14.518  19.507 0.0000000000
83064  -49.647  18.594  14.018 0.0000000000
83896  -42.180  19.177  12.870 0.0000000000
83071  -42.526  18.738  12.071 0.0000000000
83907  -42.151  19.377  11.946 0.0000000000
83906  -41.435  19.572  11.687 0.0000000000
89140  -44.000  28.021  19.082 0.0000000000
88536  -42.871  26.880  19.156 0.0000000000
89143  -43.182  27.249  17.842 0.0000000000
87403  -36.940  25.133  9.614 0.0000000000
86805  -36.031  23.906  9.390 0.0000000000
131407  -36.208  24.286  8.871 0.0000000000
87409  -35.806  23.987  8.524 0.0000000000
89861  -39.421  28.220  2.936 0.0000000000
125537  -38.611  28.223  3.122 0.0000000000
89850  -38.187  28.432  4.020 0.0000000000
82188  -45.326  17.596  18.113 0.0000000000
84673  -44.091  20.463  17.518 0.0000000000
84681  -43.500  20.297  16.991 0.0000000000
83844  -42.980  19.908  16.173 0.0000000000
114546  -43.337  20.685  17.195 0.0000000000
89772  -47.465  28.333  12.909 0.0000000000
89171  -46.581  28.000  13.216 0.0000000000
89178  -46.659  27.848  12.522 0.0000000000
121429  -43.253  27.528  8.881 0.0000000000
89199  -41.957  27.285  8.470 0.0000000000
89208  -41.887  27.249  7.497 0.0000000000
88649  -43.465  26.453  2.766 0.0000000000
89258  -43.110  26.756  2.405 0.0000000000
83169  -46.758  18.520  1.684 0.0000000000
82384  -46.140  18.244  1.105 0.0000000000
82383  -45.504  17.690  1.119 0.0000000000
84075  -45.699  18.612  0.919 0.0000000000
85414  -39.915  21.768  24.105 0.0000000000
85398  -40.266  22.402  24.482 0.0000000000
133721  -39.805  22.932  24.774 0.0000000000
88502  -40.784  26.566  21.418 0.0000000000
89100  -41.263  27.246  21.319 0.0000000000
89101  -42.491  27.646  21.968 0.0000000000
114977  -41.899  27.817  20.956 0.0000000000
90376  -44.456  29.953  15.738 0.0000000000
90996  -45.574  30.512  16.144 0.0000000000
85477  -54.515  21.944  14.590 0.0000000000
85475  -52.950  22.199  15.160 0.0000000000
85471  -53.407  22.054  15.501 0.0000000000
83020  -50.329  18.896  18.760 0.0000000000
82179  -49.992  18.292  19.356 0.0000000000
80516  -46.794  15.844  20.304 0.0000000000
80500  -46.084  16.402  20.957 0.0000000000
75390  -45.173  9.186  18.556 0.0000000000
77175  -45.509  11.592  16.502 0.0000000000
78005  -45.157  12.468  16.591 0.0000000000
78006  -45.928  12.351  16.367 0.0000000000
78832  -45.617  13.172  16.605 0.0000000000
78831  -44.930  13.240  16.799 0.0000000000
82165  -40.780  17.653  20.320 0.0000000000
83010  -40.446  18.288  20.613 0.0000000000
83009  -39.558  18.230  20.698 0.0000000000
83130  -50.613  18.751  7.502 0.0000000000
128332  -45.837  15.878  12.628 0.0000000000
81431  -46.627  15.860  12.599 0.0000000000
80575  -46.027  15.771  11.824 0.0000000000
111070  -46.180  19.395  8.210 0.0000000000
83114  -46.189  19.093  8.680 0.0000000000
83970  -47.229  19.412  7.334 0.0000000000
83990  -46.540  19.588  6.747 0.0000000000
127111  -46.018  19.630  7.255 0.0000000000
83986  -43.116  20.064  6.355 0.0000000000
112012  -42.806  19.876  4.581 0.0000000000
86726  -46.133  23.975  22.925 0.0000000000
111816  -46.168  23.379  21.964 0.0000000000
86725  -44.733  24.152  22.574 0.0000000000
87350  -39.895  23.749  18.383 0.0000000000
86762  -39.818  22.882  18.394 0.0000000000
86144  -39.441  22.476  17.743 0.0000000000
86765  -39.057  22.821  17.258 0.0000000000
119514  -42.127  26.156  13.368 0.0000000000
87948  -41.620  25.771  13.840 0.0000000000
122994  -36.790  22.164  11.918 0.0000000000
86162  -36.907  22.739  13.347 0.0000000000
85496  -36.977  22.004  12.607 0.0000000000
85497  -37.092  21.177  12.747 0.0000000000
84733  -37.519  20.626  11.354 0.0000000000
129721  -38.571  19.527  6.265 0.0000000000
84003  -38.456  19.425  5.247 0.0000000000
84021  -38.551  19.255  4.213 0.0000000000
84002  -37.571  19.579  5.705 0.0000000000
84815  -35.573  20.500  4.629 0.0000000000
85564  -35.093  21.060  3.693 0.0000000000
88007  -38.965  25.000  4.497 0.0000000000
88006  -38.287  25.024  4.879 0.0000000000
88020  -38.350  24.595  3.855 0.0000000000
87447  -35.404  24.045  2.708 0.0000000000
87445  -34.607  23.439  3.401 0.0000000000
87436  -34.465  24.313  3.391 0.0000000000
89226  -34.245  28.071  5.806 0.0000000000
83830  -44.641  19.672  19.631 0.0000000000
114157  -44.705  20.885  19.057 0.0000000000
89786  -47.173  28.201  10.010 0.0000000000
89794  -47.001  28.131  9.176 0.0000000000
131128  -46.550  28.371  7.745 0.0000000000
89801  -46.629  28.199  8.367 0.0000000000
89800  -45.809  28.321  7.722 0.0000000000
89211  -44.964  28.048  8.214 0.0000000000
89809  -44.780  28.376  7.233 0.0000000000
89808  -43.906  28.148  6.793 0.0000000000
89854  -45.679  27.994  4.405 0.0000000000
89239  -45.082  27.676  4.595 0.0000000000
126927  -44.500  27.117  3.737 0.0000000000
83185  -48.490  19.820  1.658 0.0000000000
83170  -48.346  19.243  2.207 0.0000000000
86713  -36.773  23.134  23.759 0.0000000000
86714  -37.444  23.307  24.000 0.0000000000
86723  -37.234  23.414  22.998 0.0000000000
81381  -50.498  16.848  16.791 0.0000000000
81370  -49.723  16.945  18.543 0.0000000000
79676  -48.389  15.433  17.203 0.0000000000
131623  -48.684  16.073  18.350 0.0000000000
80535  -48.025  15.698  18.310 0.0000000000
80534  -47.190  15.359  18.401 0.0000000000
120958  -39.941  14.768  19.170 0.0000000000
80509  -39.680  15.486  19.438 0.0000000000
81353  -40.114  16.247  19.625 0.0000000000
81352  -39.193  16.169  19.623 0.0000000000
125562  -38.587  16.846  19.942 0.0000000000
82152  -36.210  17.984  20.836 0.0000000000
81428  -42.889  16.606  11.879 0.0000000000
81443  -43.442  16.821  11.466 0.0000000000
81442  -42.752  16.882  11.603 0.0000000000
83083  -43.578  19.013  11.138 0.0000000000
83084  -44.141  18.462  10.665 0.0000000000
83103  -45.076  19.057  9.614 0.0000000000
83937  -44.494  19.343  9.719 0.0000000000
121447  -44.692  19.521  9.166 0.0000000000
116856  -43.722  19.719  10.074 0.0000000000
83936  -43.347  20.138  9.662 0.0000000000
84761  -42.536  20.283  9.383 0.0000000000
84774  -42.584  20.356  8.346 0.0000000000
84760  -41.571  20.099  9.513 0.0000000000
129283  -43.730  26.409  22.266 0.0000000000
127029  -43.020  25.446  21.702 0.0000000000
88535  -41.989  26.251  18.781 0.0000000000
87919  -41.456  25.582  19.445 0.0000000000
87924  -41.231  25.703  18.387 0.0000000000
87918  -40.774  25.012  18.794 0.0000000000
87923  -40.704  25.162  17.894 0.0000000000
130553  -39.690  25.896  11.159 0.0000000000
87965  -39.260  25.594  11.675 0.0000000000
87397  -36.722  24.102  10.750 0.0000000000
87391  -37.411  24.457  11.183 0.0000000000
86800  -36.454  23.435  11.121 0.0000000000
85524  -35.883  21.947  9.035 0.0000000000
85541  -36.144  20.780  7.810 0.0000000000
84785  -36.417  20.263  7.094 0.0000000000
112271  -34.929  23.099  6.924 0.0000000000
88032  -38.627  25.200  2.770 0.0000000000
88653  -38.948  26.143  2.804 0.0000000000
89253  -37.728  27.757  3.268 0.0000000000
88643  -37.579  26.399  2.888 0.0000000000
88641  -36.222  26.460  3.435 0.0000000000
119810  -36.339  27.808  3.766 0.0000000000
89848  -36.091  28.411  4.253 0.0000000000
82212  -47.567  17.413  15.399 0.0000000000
81391  -46.190  16.791  15.369 0.0000000000
81407  -45.504  16.562  14.814 0.0000000000
82187  -44.669  17.823  17.521 0.0000000000
83023  -44.126  18.519  17.222 0.0000000000
82196  -44.092  17.724  16.076 0.0000000000
82226  -43.268  17.481  14.383 0.0000000000
81405  -43.275  16.837  13.491 0.0000000000
83855  -42.496  19.532  15.469 0.0000000000
83870  -42.252  19.343  14.707 0.0000000000
83886  -42.177  19.204  13.837 0.0000000000
124903  -45.446  28.280  16.299 0.0000000000
110732  -44.369  27.700  16.359 0.0000000000
89153  -44.870  27.707  15.524 0.0000000000
88563  -44.940  27.041  13.216 0.0000000000
88553  -44.438  26.890  13.774 0.0000000000
115417  -44.251  26.554  13.093 0.0000000000
88562  -42.877  26.417  13.320 0.0000000000
127149  -43.645  26.408  12.992 0.0000000000
89193  -45.777  27.440  10.544 0.0000000000
89184  -45.900  27.430  11.429 0.0000000000
89192  -44.985  27.019  10.356 0.0000000000
111880  -43.494  26.637  10.837 0.0000000000
88584  -42.915  26.483  11.497 0.0000000000
88583  -42.099  26.380  11.404 0.0000000000
88592  -41.435  26.487  10.650 0.0000000000
88599  -40.668  26.570  9.104 0.0000000000
88590  -39.793  26.290  9.516 0.0000000000
87979  -39.190  25.907  8.974 0.0000000000
87978  -38.630  25.637  9.301 0.0000000000
87987  -39.261  25.829  8.152 0.0000000000
127612  -40.458  25.869  5.764 0.0000000000
88008  -39.666  25.358  5.257 0.0000000000
89227  -42.912  27.164  5.525 0.0000000000
123090  -42.356  27.266  6.455 0.0000000000
88630  -42.819  26.626  4.572 0.0000000000
88637  -42.093  26.397  3.468 0.0000000000
88629  -41.716  26.348  4.601 0.0000000000
129645  -41.347  26.220  4.043 0.0000000000
88034  -40.516  26.250  2.928 0.0000000000
89862  -40.270  27.940  2.913 0.0000000000
82382  -44.421  17.409  1.621 0.0000000000
127159  -43.053  18.041  1.484 0.0000000000
132815  -43.106  20.796  22.905 0.0000000000
86099  -43.205  22.409  24.231 0.0000000000
86084  -43.678  23.137  24.672 0.0000000000
86085  -44.721  23.330  24.496 0.0000000000
86706  -44.136  24.006  24.802 0.0000000000
87284  -39.319  23.729  24.246 0.0000000000
87285  -40.190  24.136  24.524 0.0000000000
87297  -40.702  24.689  24.023 0.0000000000
88489  -42.572  26.397  23.622 0.0000000000
87880  -42.235  25.691  24.033 0.0000000000
126914  -42.984  26.094  24.087 0.0000000000
122678  -44.145  25.614  24.534 0.0000000000
88491  -44.318  26.393  23.828 0.0000000000
87881  -44.684  26.283  23.799 0.0000000000
88498  -43.956  26.708  23.094 0.0000000000
89111  -44.195  28.221  21.664 0.0000000000
89103  -44.243  27.914  22.085 0.0000000000
89112  -44.354  28.303  21.180 0.0000000000
89125  -44.334  28.358  20.502 0.0000000000
89113  -44.312  28.688  20.528 0.0000000000
126346  -41.543  29.497  18.238 0.0000000000
89732  -40.843  28.650  18.984 0.0000000000
89733  -41.676  29.232  18.944 0.0000000000
89716  -41.937  28.834  19.559 0.0000000000
90323  -42.578  29.336  19.205 0.0000000000
90976  -45.205  30.465  18.310 0.0000000000
90339  -44.062  29.715  18.921 0.0000000000
129458  -44.905  29.863  19.026 0.0000000000
89734  -44.850  29.250  19.439 0.0000000000
89735  -45.333  29.652  18.674 0.0000000000
89744  -45.837  29.356  18.124 0.0000000000
89745  -46.397  29.597  17.644 0.0000000000
123581  -47.298  30.187  16.161 0.0000000000
90366  -47.148  30.057  16.581 0.0000000000
90998  -47.584  30.061  15.380 0.0000000000
89760  -47.738  29.424  14.479 0.0000000000
91013  -47.809  30.051  14.626 0.0000000000
84726  -53.350  21.557  12.244 0.0000000000
84700  -51.601  21.288  15.054 0.0000000000
84714  -51.705  20.860  13.846 0.0000000000
84713  -51.014  20.468  14.462 0.0000000000
116478  -50.598  19.690  14.009 0.0000000000
83871  -50.312  20.109  14.914 0.0000000000
83041  -52.590  19.552  15.740 0.0000000000
83858  -52.563  20.590  16.442 0.0000000000
84689  -53.085  21.188  16.205 0.0000000000
84683  -52.489  21.246  16.497 0.0000000000
84682  -51.853  21.157  16.920 0.0000000000
84674  -51.319  20.527  17.466 0.0000000000
83837  -50.292  19.780  17.780 0.0000000000
83847  -50.673  20.319  17.226 0.0000000000
83038  -48.909  18.514  16.326 0.0000000000
83031  -49.126  18.616  17.585 0.0000000000
82191  -48.499  18.210  18.175 0.0000000000
112889  -46.991  17.571  18.215 0.0000000000
117261  -47.474  17.575  19.346 0.0000000000
81362  -49.082  16.761  19.991 0.0000000000
81359  -49.198  17.170  20.058 0.0000000000
124355  -48.737  16.971  20.390 0.0000000000
127300  -47.639  17.124  20.785 0.0000000000
82175  -46.905  17.452  20.087 0.0000000000
82169  -46.375  17.343  21.280 0.0000000000
78011  -51.234  12.618  16.148 0.0000000000
76284  -47.635  9.850  19.392 0.0000000000
76285  -48.473  10.267  19.489 0.0000000000
76286  -49.448  10.620  19.787 0.0000000000
114467  -48.186  10.209  18.489 0.0000000000
75398  -45.017  9.576  17.782 0.0000000000
76306  -45.395  10.264  17.101 0.0000000000
76317  -46.810  10.763  16.823 0.0000000000
76310  -48.875  10.611  17.820 0.0000000000
76309  -48.435  10.790  17.168 0.0000000000
77168  -49.346  11.116  17.057 0.0000000000
76319  -48.604  11.359  16.537 0.0000000000
78007  -47.656  12.536  16.110 0.0000000000
78008  -48.661  12.208  15.985 0.0000000000
78018  -48.380  13.146  15.789 0.0000000000
78019  -49.182  12.981  15.592 0.0000000000
131993  -48.238  13.968  15.889 0.0000000000
116191  -45.862  14.461  17.691 0.0000000000
131639  -45.709  14.708  18.277 0.0000000000
79666  -46.266  15.097  18.517 0.0000000000
128722  -45.574  14.992  18.785 0.0000000000
83012  -42.512  17.744  20.841 0.0000000000
82998  -42.425  18.400  21.243 0.0000000000
124396  -43.228  18.778  21.614 0.0000000000
83817  -42.499  19.819  21.875 0.0000000000
84652  -40.935  20.307  22.031 0.0000000000
82994  -38.180  18.904  21.134 0.0000000000
84630  -37.099  20.526  23.857 0.0000000000
116839  -37.601  20.772  24.077 0.0000000000
84617  -37.001  21.114  24.405 0.0000000000
85395  -37.297  21.936  24.849 0.0000000000
85566  -52.360  21.319  4.136 0.0000000000
84821  -51.876  21.391  4.659 0.0000000000
84820  -51.030  21.342  4.794 0.0000000000
119906  -50.388  21.385  4.339 0.0000000000
82228  -47.925  17.093  14.070 0.0000000000
82241  -48.543  17.271  13.627 0.0000000000
81421  -48.152  16.511  13.179 0.0000000000
81447  -47.432  16.114  11.321 0.0000000000
81448  -48.459  16.412  11.285 0.0000000000
82261  -45.184  17.281  10.748 0.0000000000
81455  -45.946  16.859  10.479 0.0000000000
82272  -46.304  17.457  9.896 0.0000000000
83116  -47.322  18.806  8.412 0.0000000000
82297  -47.795  18.097  8.626 0.0000000000
83117  -48.197  18.653  8.145 0.0000000000
82298  -48.808  17.915  8.482 0.0000000000
125843  -49.189  19.004  7.341 0.0000000000
84818  -48.838  21.027  4.671 0.0000000000
84817  -48.321  20.812  4.346 0.0000000000
123511  -47.785  20.446  4.693 0.0000000000
84029  -47.345  20.118  3.823 0.0000000000
114770  -46.961  19.840  3.009 0.0000000000
84047  -46.810  19.759  1.935 0.0000000000
83967  -44.888  19.548  7.906 0.0000000000
83988  -44.840  19.626  6.570 0.0000000000
112201  -43.935  19.527  4.873 0.0000000000
112200  -44.933  19.272  5.125 0.0000000000
84026  -44.689  19.369  3.840 0.0000000000
84063  -44.539  19.134  1.737 0.0000000000
84045  -44.044  19.311  2.763 0.0000000000
84024  -41.937  19.720  3.713 0.0000000000
84044  -43.068  19.371  2.702 0.0000000000
84071  -41.932  18.880  1.316 0.0000000000
84647  -45.473  21.378  22.178 0.0000000000
86130  -45.345  22.689  20.597 0.0000000000
115034  -44.721  21.966  19.063 0.0000000000
85446  -43.796  21.880  18.791 0.0000000000
126886  -42.230  23.642  21.180 0.0000000000
86128  -42.149  23.013  20.661 0.0000000000
85450  -40.743  21.643  18.594 0.0000000000
85444  -41.376  21.956  19.197 0.0000000000
85451  -41.784  21.438  18.621 0.0000000000
85452  -43.039  21.552  18.278 0.0000000000
84671  -41.516  20.660  17.452 0.0000000000
84677  -39.544  20.309  16.592 0.0000000000
83841  -40.157  19.768  16.143 0.0000000000
83852  -39.818  19.570  15.521 0.0000000000
83867  -40.062  19.376  14.726 0.0000000000
83851  -39.140  19.628  15.179 0.0000000000
89148  -43.382  26.966  15.960 0.0000000000
89147  -42.661  26.664  16.525 0.0000000000
88543  -42.597  26.384  15.619 0.0000000000
87932  -41.128  25.426  15.218 0.0000000000
122610  -41.465  25.625  15.893 0.0000000000
87361  -40.334  24.949  15.410 0.0000000000
87357  -40.028  24.707  16.158 0.0000000000
87360  -39.700  24.414  15.583 0.0000000000
87385  -39.027  25.123  13.099 0.0000000000
87375  -38.549  24.489  13.611 0.0000000000
118856  -37.739  23.281  14.359 0.0000000000
86775  -38.299  23.595  14.656 0.0000000000
86771  -38.071  23.066  15.169 0.0000000000
86150  -38.221  22.511  15.843 0.0000000000
85467  -37.626  21.780  14.772 0.0000000000
83881  -37.914  20.084  13.281 0.0000000000
121805  -37.683  20.316  14.114 0.0000000000
83882  -38.635  19.710  13.305 0.0000000000
128941  -39.391  19.529  13.334 0.0000000000
83893  -39.182  19.582  12.591 0.0000000000
112292  -39.890  19.752  11.992 0.0000000000
83904  -39.649  19.700  11.146 0.0000000000
83934  -39.580  19.746  10.103 0.0000000000
83919  -39.355  19.756  10.635 0.0000000000
127564  -40.230  19.823  9.495 0.0000000000
83949  -40.156  19.732  8.693 0.0000000000
84757  -37.577  20.581  9.697 0.0000000000
84758  -38.170  20.099  9.182 0.0000000000
83983  -39.352  19.480  6.689 0.0000000000
130649  -39.509  19.542  7.402 0.0000000000
83984  -40.096  19.752  6.945 0.0000000000
84005  -40.570  19.768  5.512 0.0000000000
84022  -39.452  19.403  4.049 0.0000000000
129964  -40.129  19.451  3.585 0.0000000000
84059  -40.645  19.141  1.718 0.0000000000
83181  -39.607  18.597  1.614 0.0000000000
84001  -36.730  19.886  5.603 0.0000000000
84019  -36.111  19.636  3.394 0.0000000000
87992  -37.720  25.448  7.153 0.0000000000
87998  -36.883  25.263  6.622 0.0000000000
87421  -36.212  24.806  6.021 0.0000000000
87427  -35.740  24.079  5.175 0.0000000000
86818  -35.252  23.487  5.871 0.0000000000
87439  -37.451  24.640  3.078 0.0000000000
86214  -34.510  22.150  3.516 0.0000000000
86836  -34.331  22.649  3.477 0.0000000000
85562  -33.897  21.670  3.382 0.0000000000
129263  -33.784  21.328  3.550 0.0000000000
123929  -33.633  21.977  4.089 0.0000000000
119488  -33.334  22.861  4.710 0.0000000000
86202  -33.122  23.498  5.546 0.0000000000
88004  -33.616  25.417  5.558 0.0000000000
87418  -32.643  24.788  6.451 0.0000000000
90463  -38.913  29.827  6.240 0.0000000000
90477  -38.379  29.239  5.628 0.0000000000
90460  -36.341  29.261  6.460 0.0000000000
83820  -45.374  19.134  21.735 0.0000000000
84659  -45.213  20.374  21.412 0.0000000000
89802  -47.445  28.509  8.515 0.0000000000
89822  -45.857  28.505  6.232 0.0000000000
89838  -46.612  28.499  5.144 0.0000000000
89855  -46.323  28.284  3.997 0.0000000000
133311  -36.537  23.521  21.702 0.0000000000
86737  -37.177  23.516  21.948 0.0000000000
80544  -50.268  15.976  16.225 0.0000000000
80543  -49.642  15.854  16.615 0.0000000000
79684  -49.156  15.306  16.496 0.0000000000
80508  -38.857  15.358  19.578 0.0000000000
134116  -37.695  15.744  19.832 0.0000000000
83887  -50.892  19.482  13.067 0.0000000000
83073  -50.550  18.657  12.760 0.0000000000
113126  -50.314  17.791  12.207 0.0000000000
82249  -42.323  17.639  12.407 0.0000000000
82258  -42.593  17.462  11.743 0.0000000000
83923  -43.400  19.791  10.792 0.0000000000
115302  -42.771  20.071  10.933 0.0000000000
83922  -42.164  20.168  10.651 0.0000000000
88511  -43.226  26.688  20.738 0.0000000000
132503  -41.685  26.262  17.968 0.0000000000
87972  -38.328  25.583  10.008 0.0000000000
87964  -38.037  25.136  10.821 0.0000000000
113148  -36.272  23.620  10.259 0.0000000000
127708  -35.778  22.611  9.203 0.0000000000
86193  -35.518  22.523  8.548 0.0000000000
86814  -35.434  23.359  7.933 0.0000000000
87415  -35.762  24.173  7.631 0.0000000000
89254  -39.194  27.233  2.451 0.0000000000
115453  -38.477  27.941  2.910 0.0000000000
123213  -37.228  28.598  4.051 0.0000000000
129169  -37.034  28.920  4.782 0.0000000000
82199  -46.636  17.186  17.058 0.0000000000
82211  -46.817  17.122  15.898 0.0000000000
82210  -45.286  17.219  16.237 0.0000000000
83836  -44.130  19.298  17.699 0.0000000000
83022  -43.785  19.182  16.977 0.0000000000
83037  -43.069  19.022  15.690 0.0000000000
83052  -42.875  18.356  14.831 0.0000000000
83843  -42.268  20.043  16.001 0.0000000000
89161  -46.341  28.329  14.709 0.0000000000
122445  -45.659  27.772  14.278 0.0000000000
89170  -45.714  27.563  13.414 0.0000000000
88575  -45.453  27.228  12.701 0.0000000000
89202  -44.632  27.341  9.568 0.0000000000
89201  -43.762  27.277  9.504 0.0000000000
88602  -43.265  26.829  10.057 0.0000000000
88601  -42.496  26.935  9.758 0.0000000000
120040  -41.914  26.703  10.007 0.0000000000
88600  -41.708  26.975  9.224 0.0000000000
88608  -40.518  26.353  8.039 0.0000000000
88607  -39.829  26.088  7.826 0.0000000000
88615  -41.109  26.574  7.281 0.0000000000
88638  -43.040  26.299  3.546 0.0000000000
88647  -41.825  26.796  2.599 0.0000000000
120570  -42.387  26.777  2.480 0.0000000000
133834  -42.254  27.207  2.513 0.0000000000
82394  -44.905  17.794  0.719 0.0000000000
83192  -44.485  18.095  0.702 0.0000000000
84633  -41.381  21.415  23.413 0.0000000000
85416  -41.793  21.799  23.844 0.0000000000
85399  -41.236  22.399  24.439 0.0000000000
86082  -41.635  23.193  24.789 0.0000000000
87878  -40.279  25.262  22.567 0.0000000000
87879  -40.849  25.267  23.398 0.0000000000
87887  -41.212  25.935  22.692 0.0000000000
88496  -42.140  26.671  23.015 0.0000000000
88497  -43.170  27.204  23.165 0.0000000000
89094  -42.546  27.327  22.704 0.0000000000
89110  -43.229  28.209  21.527 0.0000000000
89705  -43.720  28.618  20.935 0.0000000000
90352  -42.392  29.620  18.146 0.0000000000
90353  -43.299  29.750  18.423 0.0000000000
116687  -43.330  29.836  17.927 0.0000000000
90983  -44.861  30.606  17.919 0.0000000000
90984  -45.539  30.735  17.849 0.0000000000
90985  -46.171  30.498  17.690 0.0000000000
90990  -45.969  30.560  17.102 0.0000000000
90997  -46.634  30.455  16.297 0.0000000000
85498  -53.088  21.734  13.114 0.0000000000
85487  -52.992  22.052  14.118 0.0000000000
84701  -52.304  21.735  14.558 0.0000000000
83839  -51.265  19.963  18.012 0.0000000000
83833  -50.813  19.507  18.415 0.0000000000
83832  -50.439  19.419  18.448 0.0000000000
83025  -49.871  19.218  18.282 0.0000000000
81358  -47.876  16.809  20.610 0.0000000000
80502  -47.222  16.402  20.659 0.0000000000
81348  -46.639  16.924  21.280 0.0000000000
81347  -46.137  16.994  21.408 0.0000000000
77167  -44.117  11.090  16.880 0.0000000000
76315  -45.010  10.859  16.546 0.0000000000
77177  -47.234  11.617  16.389 0.0000000000
113354  -46.720  12.393  16.263 0.0000000000
78833  -46.905  13.337  16.280 0.0000000000
78826  -45.320  13.883  17.128 0.0000000000
79672  -44.453  14.249  18.092 0.0000000000
81343  -41.561  17.231  20.169 0.0000000000
83011  -41.448  18.167  20.740 0.0000000000
82997  -40.953  19.004  20.902 0.0000000000
83815  -39.548  19.552  21.497 0.0000000000
84805  -51.591  20.837  5.475 0.0000000000
129918  -50.246  20.092  6.055 0.0000000000
80576  -46.786  15.862  11.830 0.0000000000
82285  -45.968  18.281  9.585 0.0000000000
83105  -46.339  18.650  9.109 0.0000000000
83115  -46.693  18.894  8.684 0.0000000000
83127  -47.642  19.181  7.827 0.0000000000
83971  -47.994  19.566  7.122 0.0000000000
83991  -47.657  19.715  6.421 0.0000000000
130397  -47.632  20.012  5.637 0.0000000000
111520  -47.174  19.603  6.154 0.0000000000
83987  -43.576  20.053  7.136 0.0000000000
116912  -43.968  19.747  6.469 0.0000000000
84008  -43.448  19.897  5.624 0.0000000000
85420  -45.666  22.380  23.279 0.0000000000
85429  -45.923  22.279  22.408 0.0000000000
113121  -46.302  22.901  21.919 0.0000000000
86740  -45.763  22.919  21.232 0.0000000000
86129  -44.584  22.934  20.824 0.0000000000
126486  -40.749  23.586  19.595 0.0000000000
86752  -41.339  23.302  20.135 0.0000000000
86142  -40.532  22.402  18.821 0.0000000000
85458  -40.252  21.358  17.948 0.0000000000
84670  -40.648  20.793  17.590 0.0000000000
121344  -39.544  21.723  17.636 0.0000000000
127989  -39.265  21.463  17.215 0.0000000000
84676  -38.720  20.402  16.200 0.0000000000
87934  -42.497  26.190  14.778 0.0000000000
87939  -41.828  25.671  14.613 0.0000000000
87938  -41.063  25.438  14.368 0.0000000000
86790  -36.824  24.151  13.106 0.0000000000
87374  -37.651  24.217  13.305 0.0000000000
85474  -37.380  22.160  14.048 0.0000000000
84712  -37.433  20.783  13.356 0.0000000000
110727  -38.953  19.703  11.727 0.0000000000
84723  -38.117  19.979  11.569 0.0000000000
83918  -38.775  19.886  10.566 0.0000000000
83933  -38.789  19.699  9.752 0.0000000000
84771  -37.595  19.994  8.435 0.0000000000
83963  -38.727  19.488  7.324 0.0000000000
84798  -35.671  20.704  5.765 0.0000000000
87999  -37.764  25.188  5.917 0.0000000000
88030  -36.935  25.000  1.977 0.0000000000
87448  -36.658  24.848  2.356 0.0000000000
119891  -33.238  23.849  4.639 0.0000000000
88618  -33.589  26.329  6.445 0.0000000000
88613  -33.337  27.017  6.944 0.0000000000
89185  -46.603  27.809  11.802 0.0000000000
89213  -46.313  27.846  9.102 0.0000000000
121428  -45.048  27.652  8.950 0.0000000000
89210  -43.412  27.751  8.077 0.0000000000
89219  -42.742  27.691  7.359 0.0000000000
126087  -43.431  27.963  7.331 0.0000000000
89228  -43.691  27.692  5.751 0.0000000000
89836  -45.146  28.263  5.609 0.0000000000
89238  -44.026  26.859  3.853 0.0000000000
89246  -44.041  26.679  3.082 0.0000000000
84065  -46.524  19.145  1.427 0.0000000000
86079  -38.373  22.828  25.151 0.0000000000
86080  -39.196  23.135  24.962 0.0000000000
86701  -38.732  23.254  24.807 0.0000000000
86715  -38.350  23.454  24.068 0.0000000000
87295  -38.895  23.999  23.258 0.0000000000
87305  -37.811  23.840  22.186 0.0000000000
87306  -38.476  24.242  22.357 0.0000000000
87307  -39.355  24.636  22.476 0.0000000000
82192  -50.716  18.013  18.142 0.0000000000
81364  -50.158  17.640  19.051 0.0000000000
129920  -49.956  17.841  19.474 0.0000000000
80527  -48.597  16.237  19.311 0.0000000000
80524  -46.162  15.468  19.510 0.0000000000
75397  -43.147  9.905  17.845 0.0000000000
76304  -43.658  10.471  17.387 0.0000000000
77165  -42.357  11.146  17.582 0.0000000000
77166  -43.253  11.360  17.308 0.0000000000
82164  -39.997  17.563  20.354 0.0000000000
82163  -39.128  17.548  20.294 0.0000000000
126880  -38.385  17.555  20.391 0.0000000000
83007  -37.733  18.135  20.660 0.0000000000
83006  -36.952  18.241  20.932 0.0000000000
129032  -44.419  16.420  12.652 0.0000000000
81430  -45.086  16.143  12.061 0.0000000000
81429  -43.892  16.532  11.887 0.0000000000
81444  -44.547  16.719  11.359 0.0000000000
82259  -43.347  17.677  11.329 0.0000000000
82270  -44.913  18.183  10.383 0.0000000000
83095  -45.335  18.594  9.825 0.0000000000
83952  -45.680  19.263  8.654 0.0000000000
83968  -45.735  19.549  7.964 0.0000000000
83951  -45.114  19.427  8.611 0.0000000000
83966  -44.195  19.882  7.762 0.0000000000
84775  -43.467  20.240  8.022 0.0000000000
84789  -42.660  20.257  7.389 0.0000000000
133766  -42.012  19.988  7.116 0.0000000000
87309  -44.417  25.242  23.050 0.0000000000
87319  -43.572  24.483  22.205 0.0000000000
87318  -42.759  24.687  21.637 0.0000000000
87904  -42.135  25.749  20.460 0.0000000000
87346  -41.338  25.077  20.237 0.0000000000
87345  -41.054  24.350  20.152 0.0000000000
119509  -40.496  24.213  19.113 0.0000000000
87351  -40.296  24.443  18.216 0.0000000000
87353  -39.640  24.078  17.645 0.0000000000
88570  -40.877  26.206  12.090 0.0000000000
87958  -40.436  25.807  12.758 0.0000000000
87956  -38.737  25.249  12.248 0.0000000000
87392  -37.963  24.830  11.851 0.0000000000
87383  -37.366  24.393  12.593 0.0000000000
86795  -36.592  23.483  12.006 0.0000000000
85506  -36.598  21.905  11.193 0.0000000000
85515  -36.898  21.123  10.897 0.0000000000
84756  -36.889  20.774  9.311 0.0000000000
86188  -36.151  22.269  9.722 0.0000000000
85525  -36.447  21.488  9.550 0.0000000000
84770  -36.839  20.415  8.537 0.0000000000
83961  -36.930  19.596  6.783 0.0000000000
85540  -35.461  21.499  7.262 0.0000000000
85549  -35.277  21.374  6.155 0.0000000000
86210  -34.879  22.135  5.220 0.0000000000
88021  -39.252  24.958  3.023 0.0000000000
132958  -38.978  24.767  3.490 0.0000000000
88031  -37.599  24.976  2.215 0.0000000000
88036  -37.369  25.375  2.243 0.0000000000
120496  -36.318  25.347  2.514 0.0000000000
88019  -35.092  25.639  3.488 0.0000000000
88636  -35.447  26.525  3.935 0.0000000000
89244  -35.133  27.550  4.659 0.0000000000
130624  -34.839  28.537  5.265 0.0000000000
89820  -34.978  29.264  5.746 0.0000000000
83053  -48.695  18.466  15.085 0.0000000000
110661  -48.123  17.683  14.855 0.0000000000
81392  -46.989  16.822  15.074 0.0000000000
81409  -47.118  16.610  14.280 0.0000000000
113416  -45.629  16.271  14.111 0.0000000000
83030  -44.267  18.021  16.743 0.0000000000
82209  -44.758  17.255  15.763 0.0000000000
81389  -44.776  16.777  14.993 0.0000000000
81418  -44.250  16.477  13.481 0.0000000000
81417  -42.554  16.787  12.680 0.0000000000
82239  -42.173  17.122  12.936 0.0000000000
82225  -42.575  17.820  13.814 0.0000000000
83063  -42.359  18.353  13.241 0.0000000000
83885  -41.644  19.403  13.486 0.0000000000
110847  -44.494  28.147  17.495 0.0000000000
89160  -44.818  27.376  14.579 0.0000000000
88552  -43.876  26.829  14.375 0.0000000000
88551  -43.091  26.458  14.165 0.0000000000
88561  -42.302  26.299  12.711 0.0000000000
88587  -45.359  27.006  11.982 0.0000000000
88586  -44.571  26.742  11.822 0.0000000000
88594  -44.364  26.746  11.017 0.0000000000
88573  -44.020  26.536  12.487 0.0000000000
113658  -42.448  26.367  12.042 0.0000000000
88571  -41.775  26.253  12.132 0.0000000000
88581  -39.704  26.174  10.401 0.0000000000
88591  -40.506  26.441  10.095 0.0000000000
87977  -37.846  25.422  9.199 0.0000000000
87411  -36.998  25.277  8.667 0.0000000000
87985  -37.775  25.503  8.169 0.0000000000
87994  -39.408  25.785  7.307 0.0000000000
118547  -39.004  25.477  6.792 0.0000000000
88619  -41.291  26.351  5.569 0.0000000000
88033  -39.988  25.588  3.025 0.0000000000
88645  -40.189  26.292  2.510 0.0000000000
89265  -39.906  26.832  2.264 0.0000000000
88655  -41.169  26.823  2.567 0.0000000000
88654  -40.505  26.768  2.381 0.0000000000
89255  -39.870  27.506  2.434 0.0000000000
119518  -39.912  28.438  3.716 0.0000000000
84645  -43.842  20.730  22.684 0.0000000000
85427  -44.454  21.182  23.245 0.0000000000
85417  -42.768  21.756  23.735 0.0000000000
85418  -43.842  21.706  23.784 0.0000000000
85419  -44.881  21.805  23.725 0.0000000000
86101  -45.221  22.707  23.999 0.0000000000
86086  -45.717  23.709  24.077 0.0000000000
87299  -45.728  24.530  23.716 0.0000000000
126235  -39.916  23.368  24.823 0.0000000000
132529  -41.016  23.536  25.010 0.0000000000
86704  -41.458  23.883  24.966 0.0000000000
117077  -41.407  25.188  24.003 0.0000000000
87287  -42.232  24.504  24.690 0.0000000000
87288  -43.378  24.619  24.825 0.0000000000
87289  -44.596  24.954  24.616 0.0000000000
87290  -45.356  25.093  24.161 0.0000000000
87298  -45.357  25.506  23.975 0.0000000000
87890  -45.077  25.915  23.751 0.0000000000
87889  -44.226  26.387  23.177 0.0000000000
89096  -43.774  27.540  22.417 0.0000000000
88503  -44.037  27.208  21.748 0.0000000000
88512  -44.226  27.668  20.985 0.0000000000
90315  -44.098  29.146  20.360 0.0000000000
90325  -44.485  29.411  19.679 0.0000000000
90316  -44.372  29.023  20.276 0.0000000000
89718  -44.605  28.967  20.033 0.0000000000
89141  -44.699  28.645  19.230 0.0000000000
89145  -44.872  28.521  18.394 0.0000000000
89747  -45.392  28.707  17.944 0.0000000000
89748  -46.161  28.883  17.348 0.0000000000
89150  -46.483  28.904  16.336 0.0000000000
90356  -46.608  30.035  17.337 0.0000000000
89751  -47.245  29.610  16.193 0.0000000000
89758  -46.875  28.844  15.473 0.0000000000
89759  -47.170  28.810  14.672 0.0000000000
89764  -47.276  28.647  13.792 0.0000000000
131621  -47.882  28.723  12.876 0.0000000000
91027  -48.089  30.026  13.891 0.0000000000
84724  -52.066  20.823  12.998 0.0000000000
83888  -51.585  20.161  13.013 0.0000000000
83055  -49.961  19.314  14.434 0.0000000000
83054  -49.370  18.962  14.811 0.0000000000
84688  -51.667  21.401  16.148 0.0000000000
83857  -50.408  20.303  16.052 0.0000000000
82190  -47.661  17.733  17.490 0.0000000000
82178  -49.490  17.648  19.639 0.0000000000
82177  -48.891  17.423  20.085 0.0000000000
83013  -45.518  18.263  21.704 0.0000000000
82999  -44.371  18.761  21.929 0.0000000000
78844  -50.477  13.572  15.583 0.0000000000
76287  -50.177  11.044  19.762 0.0000000000
77149  -49.979  10.896  19.033 0.0000000000
75392  -46.452  9.565  18.561 0.0000000000
76307  -46.109  10.362  17.148 0.0000000000
76297  -46.672  10.098  17.714 0.0000000000
77158  -50.468  11.289  18.413 0.0000000000
77169  -50.218  11.487  17.446 0.0000000000
118384  -49.244  11.694  16.324 0.0000000000
78010  -50.355  12.439  16.003 0.0000000000
78020  -49.989  12.944  15.589 0.0000000000
78843  -49.676  13.667  15.617 0.0000000000
79682  -47.078  14.305  16.716 0.0000000000
78817  -43.971  13.810  17.967 0.0000000000
79664  -43.970  14.454  18.473 0.0000000000
79653  -43.607  15.088  18.934 0.0000000000
117099  -44.858  14.748  18.740 0.0000000000
79654  -44.553  15.232  19.237 0.0000000000
80514  -45.190  15.808  20.276 0.0000000000
83818  -43.557  19.494  21.978 0.0000000000
83806  -41.925  20.302  22.336 0.0000000000
84643  -41.255  20.921  22.784 0.0000000000
84631  -39.555  21.175  23.335 0.0000000000
85413  -38.936  21.561  24.353 0.0000000000
82995  -39.108  18.837  21.168 0.0000000000
84641  -38.851  20.711  22.841 0.0000000000
84618  -38.185  21.203  24.273 0.0000000000
85396  -38.155  21.957  24.961 0.0000000000
86078  -37.570  22.670  25.054 0.0000000000
86098  -37.124  22.994  24.519 0.0000000000
116433  -36.045  22.305  24.466 0.0000000000
131961  -35.919  22.746  23.835 0.0000000000
85575  -51.563  21.272  3.427 0.0000000000
131363  -51.427  21.506  4.256 0.0000000000
84845  -50.929  21.158  3.412 0.0000000000
84832  -50.112  21.258  3.667 0.0000000000
84831  -49.297  21.304  3.785 0.0000000000
82242  -49.205  17.794  13.627 0.0000000000
82251  -49.495  17.485  12.668 0.0000000000
117290  -49.700  17.169  11.909 0.0000000000
81433  -48.312  16.319  12.241 0.0000000000
81434  -49.083  16.744  12.085 0.0000000000
81456  -46.743  16.604  10.350 0.0000000000
117021  -46.674  17.980  9.411 0.0000000000
82287  -48.385  17.452  9.100 0.0000000000
83129  -49.785  18.721  7.484 0.0000000000
83973  -49.803  19.282  6.905 0.0000000000
83993  -49.189  20.040  6.305 0.0000000000
84803  -49.445  20.675  5.443 0.0000000000
128960  -48.733  20.604  2.628 0.0000000000
84843  -48.299  20.307  1.881 0.0000000000
83989  -45.781  19.650  6.498 0.0000000000
84010  -45.811  19.473  5.459 0.0000000000
84064  -45.668  19.361  1.604 0.0000000000
84074  -44.970  18.632  0.887 0.0000000000
84073  -44.017  18.522  1.289 0.0000000000
84072  -42.931  18.732  1.492 0.0000000000
83190  -42.431  18.505  1.432 0.0000000000
132284  -45.287  21.175  20.756 0.0000000000
85432  -45.926  22.277  21.426 0.0000000000
84665  -45.562  21.792  20.140 0.0000000000
85447  -45.089  21.789  19.334 0.0000000000
85454  -44.533  21.505  18.708 0.0000000000
86739  -43.865  23.619  21.821 0.0000000000
86753  -43.180  23.131  20.996 0.0000000000
131232  -43.985  22.447  20.365 0.0000000000
86137  -42.065  22.309  19.870 0.0000000000
86138  -43.188  21.932  19.539 0.0000000000
125019  -44.124  22.127  19.517 0.0000000000
85460  -43.354  21.194  17.569 0.0000000000
84672  -42.580  20.733  17.235 0.0000000000
83842  -41.295  19.953  16.048 0.0000000000
84678  -40.681  20.262  16.907 0.0000000000
118663  -40.998  19.435  14.771 0.0000000000
83868  -40.879  19.374  14.053 0.0000000000
83884  -40.843  19.514  13.174 0.0000000000
128355  -42.718  26.890  17.306 0.0000000000
88540  -41.972  26.337  17.154 0.0000000000
87930  -41.327  25.753  16.639 0.0000000000
87926  -40.686  25.323  17.053 0.0000000000
128364  -39.785  24.341  16.869 0.0000000000
86768  -39.254  23.505  16.796 0.0000000000
87946  -39.881  25.412  13.373 0.0000000000
87937  -40.275  25.205  14.151 0.0000000000
87366  -39.829  24.669  14.772 0.0000000000
87365  -38.863  24.224  14.512 0.0000000000
128928  -39.285  24.145  15.182 0.0000000000
86773  -39.231  23.783  15.822 0.0000000000
86146  -38.668  22.699  16.614 0.0000000000
110969  -38.315  21.015  16.226 0.0000000000
84686  -38.214  20.609  15.593 0.0000000000
84697  -37.734  20.867  14.883 0.0000000000
84698  -38.261  20.007  14.838 0.0000000000
83866  -39.072  19.603  14.176 0.0000000000
83894  -40.745  19.545  12.269 0.0000000000
83921  -41.341  19.807  10.918 0.0000000000
84746  -41.271  19.964  10.189 0.0000000000
84788  -41.711  20.245  7.693 0.0000000000
84801  -41.403  20.164  6.801 0.0000000000
84744  -37.560  20.686  10.491 0.0000000000
84745  -38.228  20.272  10.115 0.0000000000
84800  -40.805  20.218  7.269 0.0000000000
84006  -41.467  19.951  5.798 0.0000000000
113536  -41.000  19.607  3.852 0.0000000000
84023  -40.331  19.543  4.558 0.0000000000
84042  -41.250  19.479  2.678 0.0000000000
113504  -36.804  19.188  3.483 0.0000000000
86823  -35.152  23.416  4.209 0.0000000000
86209  -34.850  22.385  4.047 0.0000000000
85563  -34.492  21.478  3.374 0.0000000000
84840  -34.136  21.262  3.199 0.0000000000
84828  -34.469  20.567  3.471 0.0000000000
86208  -33.281  22.116  5.122 0.0000000000
88017  -33.903  24.833  4.349 0.0000000000
87426  -33.356  24.443  4.967 0.0000000000
86821  -32.955  24.126  5.493 0.0000000000
87991  -32.544  25.581  7.088 0.0000000000
114234  -44.589  27.529  3.039 0.0000000000
89853  -42.630  28.137  3.396 0.0000000000
89852  -41.682  28.180  3.540 0.0000000000
133319  -39.571  28.690  4.513 0.0000000000
90478  -40.527  29.588  5.519 0.0000000000
89835  -39.707  29.201  5.292 0.0000000000
89834  -38.820  28.834  4.847 0.0000000000
90462  -38.084  29.567  6.562 0.0000000000
90475  -36.521  29.104  5.460 0.0000000000
90474  -35.702  29.251  5.755 0.0000000000
78845  -51.216  13.352  15.637 0.0000000000
81449  -49.296  16.747  11.258 0.0000000000
82395  -45.618  18.131  0.711 0.0000000000
83183  -46.823  18.993  1.437 0.0000000000
83191  -43.499  18.239  1.249 0.0000000000
83840  -39.262  19.812  15.955 0.0000000000
83848  -51.602  19.728  17.730 0.0000000000
83905  -40.567  19.640  11.381 0.0000000000
83964  -39.311  19.670  8.273 0.0000000000
84639  -37.458  20.383  23.281 0.0000000000
84640  -38.146  20.702  23.442 0.0000000000
85439  -45.761  22.149  20.573 0.0000000000
85462  -38.465  21.821  16.387 0.0000000000
85463  -38.941  21.124  16.751 0.0000000000
85464  -52.222  21.530  16.352 0.0000000000
85476  -53.767  22.170  14.703 0.0000000000
86077  -36.843  22.517  24.694 0.0000000000
86096  -35.594  22.528  24.137 0.0000000000
86102  -45.844  23.207  23.481 0.0000000000
86113  -36.137  22.907  23.472 0.0000000000
86124  -46.033  22.798  21.435 0.0000000000
86149  -37.849  22.320  15.227 0.0000000000
86163  -37.349  22.887  14.011 0.0000000000
86170  -36.677  22.841  12.420 0.0000000000
86703  -40.523  23.788  24.957 0.0000000000
86705  -42.416  23.848  24.829 0.0000000000
86708  -45.826  24.363  23.996 0.0000000000
86716  -46.190  23.999  23.468 0.0000000000
86738  -42.146  24.209  21.262 0.0000000000
86784  -38.033  23.894  14.025 0.0000000000
87382  -36.746  24.071  12.495 0.0000000000
87872  -44.736  26.219  24.158 0.0000000000
87873  -45.077  25.797  24.296 0.0000000000
88484  -43.837  26.153  24.222 0.0000000000
88529  -43.323  27.045  20.064 0.0000000000
89095  -43.209  27.619  22.560 0.0000000000
89139  -43.367  27.384  18.669 0.0000000000
89765  -47.966  29.083  13.508 0.0000000000
90324  -43.615  29.463  19.514 0.0000000000
90338  -43.161  29.630  18.820 0.0000000000
90340  -45.442  30.195  18.459 0.0000000000
90355  -46.040  30.047  18.099 0.0000000000
90377  -47.536  30.036  15.854 0.0000000000
90391  -47.698  29.940  15.035 0.0000000000
110580  -44.016  19.720  9.376 0.0000000000
114079  -46.489  28.553  6.221 0.0000000000
114126  -44.325  28.341  19.796 0.0000000000
117768  -47.206  30.321  15.472 0.0000000000
119207  -45.292  25.751  24.147 0.0000000000
120088  -41.993  25.017  24.306 0.0000000000
120882  -37.169  24.405  11.956 0.0000000000
124555  -43.227  23.754  24.773 0.0000000000
127490  -45.823  23.900  22.450 0.0000000000
131881  -43.037  27.206  9.476 0.0000000000
132465  -40.292  24.866  16.729 0.0000000000
132845  -46.025  27.636  12.805 0.0000000000
132980  -48.281  10.466  17.712 0.0000000000
