#!ascii label  , from subject sub-003S6257 vox2ras=TkReg
1631
54903  -43.949  -13.364  27.882 0.0000000000
126196  -57.330  -1.840  20.446 0.0000000000
59097  -51.754  -8.235  23.617 0.0000000000
32248  -17.664  -36.616  48.356 0.0000000000
55784  -39.856  -10.827  32.598 0.0000000000
111053  -31.048  -24.827  44.075 0.0000000000
43241  -42.364  -25.448  41.943 0.0000000000
49328  -46.830  -18.805  37.371 0.0000000000
52916  -47.344  -13.935  35.831 0.0000000000
37828  -25.726  -30.895  39.377 0.0000000000
40584  -28.054  -28.361  44.247 0.0000000000
119100  -28.310  -26.526  38.528 0.0000000000
44220  -37.057  -23.830  37.776 0.0000000000
46205  -41.998  -22.144  37.150 0.0000000000
56857  -45.784  -11.394  34.117 0.0000000000
56912  -50.080  -10.345  30.482 0.0000000000
62691  -55.101  -5.398  22.665 0.0000000000
125812  -47.889  -11.723  24.793 0.0000000000
68030  -51.754  0.918  19.330 0.0000000000
32219  -12.770  -37.221  50.028 0.0000000000
57885  -43.788  -9.306  37.127 0.0000000000
56906  -40.620  -10.517  30.344 0.0000000000
113250  -32.087  -23.906  37.507 0.0000000000
43237  -36.732  -25.218  42.681 0.0000000000
56957  -55.292  -10.223  28.529 0.0000000000
129647  -59.753  4.692  15.324 0.0000000000
49374  -44.831  -18.919  34.216 0.0000000000
51187  -46.543  -16.921  33.498 0.0000000000
40653  -26.962  -28.328  39.354 0.0000000000
46235  -39.928  -22.062  35.304 0.0000000000
47268  -42.484  -20.601  35.241 0.0000000000
48230  -44.110  -20.295  36.953 0.0000000000
126494  -44.394  -12.225  30.723 0.0000000000
128058  -48.261  -11.564  31.649 0.0000000000
110646  -47.236  -12.990  29.108 0.0000000000
62712  -56.240  -3.980  20.721 0.0000000000
60897  -58.480  -5.700  24.199 0.0000000000
131343  -58.644  0.319  21.119 0.0000000000
33175  -14.824  -35.530  45.994 0.0000000000
32234  -15.775  -36.979  49.196 0.0000000000
53858  -43.633  -12.173  34.469 0.0000000000
53835  -45.115  -11.532  36.072 0.0000000000
55756  -41.624  -10.864  34.320 0.0000000000
111182  -41.893  -9.657  33.481 0.0000000000
57988  -39.401  -9.936  31.720 0.0000000000
113300  -29.701  -26.190  43.362 0.0000000000
41459  -28.923  -27.368  46.529 0.0000000000
42333  -30.873  -26.231  45.558 0.0000000000
111224  -33.078  -24.777  46.106 0.0000000000
45168  -30.895  -23.561  36.380 0.0000000000
46219  -32.303  -23.213  35.924 0.0000000000
43270  -39.835  -25.341  39.821 0.0000000000
44169  -36.787  -24.515  40.001 0.0000000000
42357  -39.692  -25.826  42.899 0.0000000000
111478  -38.834  -25.949  45.807 0.0000000000
34961  -21.222  -33.916  43.357 0.0000000000
34928  -23.743  -34.194  46.011 0.0000000000
131917  -25.267  -34.958  49.645 0.0000000000
57018  -49.541  -10.499  24.302 0.0000000000
55903  -51.642  -11.588  26.132 0.0000000000
131698  -53.970  -10.661  24.878 0.0000000000
122045  -60.731  6.096  13.337 0.0000000000
110565  -18.264  -38.360  52.648 0.0000000000
121327  -47.925  -18.332  40.313 0.0000000000
52012  -49.158  -15.510  39.306 0.0000000000
51175  -48.299  -16.433  36.048 0.0000000000
127133  -45.263  -14.115  32.867 0.0000000000
36834  -25.952  -32.234  42.029 0.0000000000
36820  -27.206  -31.642  44.111 0.0000000000
38741  -26.950  -29.847  41.749 0.0000000000
41495  -28.407  -27.184  41.954 0.0000000000
42376  -29.844  -25.595  41.075 0.0000000000
45189  -34.437  -23.760  35.468 0.0000000000
45192  -37.566  -23.176  35.288 0.0000000000
130683  -39.586  -23.491  37.181 0.0000000000
44192  -42.025  -23.431  39.681 0.0000000000
47229  -43.599  -21.131  39.724 0.0000000000
119482  -45.761  -20.065  39.817 0.0000000000
36856  -23.442  -32.108  40.014 0.0000000000
114967  -47.390  -9.562  36.416 0.0000000000
114731  -50.937  -9.404  37.064 0.0000000000
57946  -49.744  -9.764  34.978 0.0000000000
57967  -51.798  -9.526  33.406 0.0000000000
60906  -52.895  -7.306  22.991 0.0000000000
58076  -56.084  -9.769  24.182 0.0000000000
114349  -57.946  -8.104  22.914 0.0000000000
29275  -7.951  -39.178  52.337 0.0000000000
54918  -45.664  -12.774  26.614 0.0000000000
58087  -46.308  -10.353  22.504 0.0000000000
60937  -50.025  -7.199  20.698 0.0000000000
61817  -51.637  -5.737  19.439 0.0000000000
63623  -52.710  -3.816  19.359 0.0000000000
64464  -52.891  -1.661  20.510 0.0000000000
111398  -54.009  0.703  21.313 0.0000000000
66233  -51.075  -0.093  19.781 0.0000000000
31234  -15.567  -38.421  53.180 0.0000000000
30309  -12.795  -38.494  53.195 0.0000000000
30291  -10.004  -38.711  53.181 0.0000000000
56746  -49.453  -11.118  40.899 0.0000000000
132310  -48.391  -13.161  39.030 0.0000000000
55697  -46.557  -11.113  38.690 0.0000000000
57870  -46.338  -9.904  37.752 0.0000000000
127151  -44.186  -9.719  34.815 0.0000000000
117979  -43.027  -11.002  31.579 0.0000000000
55862  -41.573  -12.018  28.462 0.0000000000
38665  -28.681  -29.875  46.182 0.0000000000
44182  -30.738  -24.658  38.460 0.0000000000
44146  -32.150  -24.653  40.842 0.0000000000
45135  -34.699  -24.324  37.562 0.0000000000
44166  -34.464  -24.021  40.593 0.0000000000
120545  -34.151  -24.564  43.326 0.0000000000
43195  -36.072  -24.945  45.681 0.0000000000
33187  -17.222  -35.549  45.576 0.0000000000
34050  -19.399  -34.804  44.294 0.0000000000
111639  -20.047  -35.866  47.485 0.0000000000
55885  -48.766  -11.808  27.542 0.0000000000
58035  -52.090  -9.935  29.426 0.0000000000
59052  -55.842  -8.892  30.074 0.0000000000
56985  -56.812  -10.179  26.615 0.0000000000
68920  -54.916  2.744  21.213 0.0000000000
68932  -56.948  3.455  20.592 0.0000000000
120329  -59.860  3.825  19.857 0.0000000000
68971  -58.117  2.947  16.594 0.0000000000
70810  -62.310  5.326  17.792 0.0000000000
48294  -43.238  -19.350  33.606 0.0000000000
49386  -44.007  -18.128  32.663 0.0000000000
49400  -42.964  -18.725  31.750 0.0000000000
47285  -41.263  -20.747  34.191 0.0000000000
48293  -42.497  -19.751  33.947 0.0000000000
48280  -43.397  -19.652  34.503 0.0000000000
55865  -44.154  -12.525  29.207 0.0000000000
55838  -45.596  -12.714  29.656 0.0000000000
55866  -45.541  -12.821  28.832 0.0000000000
63597  -57.389  -3.013  20.911 0.0000000000
127684  -57.124  -3.627  22.976 0.0000000000
126281  -58.451  -2.761  22.896 0.0000000000
65306  -59.346  -1.703  22.115 0.0000000000
66214  -57.408  -0.261  20.718 0.0000000000
33163  -16.423  -36.062  47.104 0.0000000000
33162  -15.468  -36.215  47.144 0.0000000000
32235  -16.594  -36.848  49.260 0.0000000000
53867  -41.899  -11.833  33.142 0.0000000000
55769  -42.544  -11.634  34.365 0.0000000000
126958  -40.848  -11.201  34.107 0.0000000000
56853  -40.513  -10.516  33.304 0.0000000000
55783  -38.934  -10.298  32.515 0.0000000000
34918  -26.300  -34.344  46.958 0.0000000000
127607  -30.323  -25.510  43.780 0.0000000000
42345  -30.747  -26.116  44.904 0.0000000000
43203  -31.323  -25.692  44.903 0.0000000000
124170  -32.199  -24.886  46.314 0.0000000000
43205  -32.759  -24.375  44.391 0.0000000000
43258  -40.744  -25.436  41.098 0.0000000000
43257  -39.801  -25.768  41.544 0.0000000000
42368  -40.621  -26.086  42.533 0.0000000000
42358  -40.366  -26.199  43.493 0.0000000000
35877  -24.970  -33.244  44.301 0.0000000000
122858  -25.121  -33.970  46.075 0.0000000000
34016  -25.637  -34.804  47.684 0.0000000000
133621  -49.683  -11.198  39.486 0.0000000000
58073  -50.737  -9.592  23.685 0.0000000000
57020  -51.747  -10.405  24.069 0.0000000000
57041  -53.116  -10.023  23.662 0.0000000000
49309  -47.697  -18.336  38.566 0.0000000000
114910  -48.237  -17.904  37.835 0.0000000000
119960  -47.161  -17.766  36.139 0.0000000000
52050  -46.258  -15.584  32.695 0.0000000000
52945  -44.755  -14.453  32.319 0.0000000000
53879  -43.895  -13.854  32.245 0.0000000000
36846  -25.502  -31.873  41.261 0.0000000000
37794  -26.318  -31.414  41.588 0.0000000000
38752  -26.376  -30.539  40.161 0.0000000000
40669  -27.697  -27.398  38.593 0.0000000000
40642  -27.556  -28.091  40.081 0.0000000000
41514  -28.418  -26.680  40.168 0.0000000000
41505  -28.840  -26.267  41.188 0.0000000000
42383  -29.124  -26.257  40.050 0.0000000000
45206  -36.487  -23.229  34.208 0.0000000000
46221  -40.897  -21.958  36.097 0.0000000000
45177  -39.657  -22.743  35.815 0.0000000000
118270  -41.407  -22.694  37.635 0.0000000000
45124  -41.340  -23.319  38.694 0.0000000000
46183  -42.202  -22.252  39.023 0.0000000000
46175  -42.577  -21.966  40.160 0.0000000000
46195  -42.652  -21.791  38.617 0.0000000000
49326  -45.428  -19.573  36.674 0.0000000000
48218  -44.616  -19.907  38.490 0.0000000000
49307  -46.192  -19.274  38.023 0.0000000000
118129  -47.166  -19.044  39.971 0.0000000000
131627  -24.032  -31.753  39.579 0.0000000000
57943  -46.067  -10.317  34.927 0.0000000000
57925  -48.324  -9.693  35.929 0.0000000000
56858  -47.550  -11.322  34.183 0.0000000000
120352  -49.057  -10.923  31.201 0.0000000000
56876  -49.595  -10.660  32.515 0.0000000000
118859  -51.027  -9.965  31.759 0.0000000000
59024  -52.258  -9.257  31.903 0.0000000000
121664  -51.751  -9.380  30.735 0.0000000000
61784  -54.298  -6.451  23.121 0.0000000000
60034  -55.569  -7.050  23.070 0.0000000000
60910  -56.177  -6.344  23.384 0.0000000000
60886  -60.248  -5.675  25.336 0.0000000000
60953  -50.515  -6.605  20.153 0.0000000000
61827  -49.794  -5.495  19.362 0.0000000000
63621  -50.680  -3.750  19.086 0.0000000000
64462  -51.447  -2.317  19.959 0.0000000000
115765  -52.890  -2.514  19.908 0.0000000000
65331  -51.445  -1.359  19.788 0.0000000000
126994  -51.833  -0.130  20.649 0.0000000000
32244  -12.735  -36.946  48.427 0.0000000000
31275  -12.246  -37.744  50.633 0.0000000000
30285  -17.778  -38.747  54.719 0.0000000000
31251  -16.750  -37.942  52.244 0.0000000000
30284  -16.777  -38.871  54.776 0.0000000000
124649  -13.194  -38.967  54.736 0.0000000000
29259  -12.186  -39.773  55.141 0.0000000000
30293  -11.072  -38.636  54.014 0.0000000000
29257  -10.855  -40.031  54.620 0.0000000000
29256  -10.176  -40.182  54.004 0.0000000000
114721  -48.217  -14.440  37.003 0.0000000000
113395  -48.890  -14.684  38.733 0.0000000000
53823  -48.047  -13.411  37.564 0.0000000000
55735  -44.612  -11.099  36.450 0.0000000000
54753  -45.943  -11.880  37.945 0.0000000000
55706  -45.348  -11.148  37.762 0.0000000000
56772  -46.746  -10.426  39.020 0.0000000000
57886  -44.448  -9.000  37.467 0.0000000000
58946  -44.747  -8.846  37.138 0.0000000000
58965  -43.818  -9.071  36.499 0.0000000000
57990  -40.987  -10.162  32.007 0.0000000000
57977  -42.200  -9.876  33.400 0.0000000000
56907  -41.364  -10.746  30.620 0.0000000000
56929  -42.835  -11.823  30.283 0.0000000000
56951  -40.997  -11.314  29.112 0.0000000000
38706  -27.896  -29.845  44.483 0.0000000000
37772  -27.936  -30.575  45.034 0.0000000000
38684  -28.285  -29.299  45.538 0.0000000000
45147  -31.539  -23.551  37.006 0.0000000000
44217  -30.821  -24.043  37.383 0.0000000000
44200  -31.221  -24.370  38.009 0.0000000000
44163  -31.170  -24.468  39.961 0.0000000000
131534  -32.661  -24.857  39.059 0.0000000000
45173  -35.363  -24.174  36.089 0.0000000000
115062  -34.734  -24.222  36.617 0.0000000000
44218  -35.621  -23.938  37.043 0.0000000000
43254  -36.590  -25.344  41.611 0.0000000000
44168  -36.034  -23.994  40.328 0.0000000000
130741  -35.325  -24.666  41.436 0.0000000000
43253  -34.414  -24.879  41.613 0.0000000000
43236  -35.722  -24.939  42.874 0.0000000000
43206  -35.356  -24.843  44.257 0.0000000000
43207  -36.223  -24.826  44.302 0.0000000000
46164  -44.485  -21.386  42.404 0.0000000000
34065  -19.893  -34.551  43.709 0.0000000000
34039  -20.398  -34.884  45.276 0.0000000000
33180  -19.614  -35.656  46.221 0.0000000000
33127  -25.394  -35.634  50.959 0.0000000000
55912  -46.723  -12.099  25.236 0.0000000000
54920  -47.154  -12.478  26.841 0.0000000000
55900  -47.952  -12.337  26.164 0.0000000000
56968  -52.801  -11.241  27.041 0.0000000000
110851  -52.246  -11.021  27.836 0.0000000000
128248  -53.453  -10.302  28.637 0.0000000000
58017  -54.260  -9.312  29.831 0.0000000000
58038  -54.810  -9.791  29.232 0.0000000000
58059  -58.066  -9.854  25.085 0.0000000000
128898  -56.665  -9.922  25.578 0.0000000000
57004  -58.382  -10.323  25.900 0.0000000000
68009  -52.414  1.097  20.564 0.0000000000
68001  -54.275  2.047  21.628 0.0000000000
68010  -53.241  1.721  20.520 0.0000000000
68019  -54.945  1.819  19.696 0.0000000000
68021  -56.944  1.755  19.380 0.0000000000
69883  -58.683  3.452  20.265 0.0000000000
68022  -57.841  1.826  19.205 0.0000000000
132020  -57.366  4.141  14.570 0.0000000000
69907  -56.992  3.099  15.818 0.0000000000
69922  -59.232  4.129  15.589 0.0000000000
69899  -60.174  3.270  17.283 0.0000000000
70817  -61.066  5.041  16.357 0.0000000000
71807  -61.455  5.720  15.339 0.0000000000
72729  -61.754  6.384  13.479 0.0000000000
49359  -45.854  -18.820  35.277 0.0000000000
110799  -46.410  -18.205  34.797 0.0000000000
50305  -45.251  -18.145  33.727 0.0000000000
50322  -44.545  -17.279  32.214 0.0000000000
38765  -26.159  -29.982  39.318 0.0000000000
46266  -40.132  -21.369  33.614 0.0000000000
46253  -40.938  -21.190  34.935 0.0000000000
47267  -42.013  -20.900  36.015 0.0000000000
118131  -43.238  -21.149  37.106 0.0000000000
120508  -42.821  -20.409  36.020 0.0000000000
48261  -44.331  -19.383  35.552 0.0000000000
55796  -45.543  -11.792  31.985 0.0000000000
55787  -47.386  -12.073  32.537 0.0000000000
55797  -46.548  -12.243  31.905 0.0000000000
122807  -47.956  -11.977  30.920 0.0000000000
55818  -48.367  -11.364  30.141 0.0000000000
62701  -55.511  -4.822  22.035 0.0000000000
61772  -56.539  -5.201  23.530 0.0000000000
62670  -57.115  -4.559  23.625 0.0000000000
62671  -58.530  -4.202  24.411 0.0000000000
68005  -59.020  1.909  21.700 0.0000000000
33145  -14.151  -36.393  47.868 0.0000000000
32233  -14.311  -37.064  49.322 0.0000000000
112157  -45.527  -12.448  34.723 0.0000000000
118136  -46.432  -12.788  35.984 0.0000000000
53848  -45.000  -11.810  35.209 0.0000000000
55758  -43.372  -11.424  35.380 0.0000000000
57905  -43.128  -10.157  35.731 0.0000000000
112140  -42.921  -9.096  34.957 0.0000000000
56839  -41.689  -9.831  34.048 0.0000000000
57976  -40.997  -10.162  32.564 0.0000000000
57998  -39.684  -10.197  30.872 0.0000000000
41482  -28.788  -27.247  44.016 0.0000000000
39640  -28.489  -28.578  45.073 0.0000000000
41471  -28.955  -27.190  44.756 0.0000000000
113792  -29.295  -26.631  46.027 0.0000000000
43178  -32.740  -24.841  47.027 0.0000000000
46217  -31.338  -23.411  35.971 0.0000000000
132932  -31.898  -23.477  36.788 0.0000000000
44207  -38.589  -24.430  38.325 0.0000000000
123469  -36.764  -24.304  38.926 0.0000000000
43269  -38.816  -25.447  40.098 0.0000000000
119166  -37.858  -25.426  41.622 0.0000000000
43222  -38.036  -25.265  43.309 0.0000000000
114657  -37.760  -25.177  43.819 0.0000000000
42346  -39.314  -25.978  43.911 0.0000000000
112391  -22.265  -32.832  41.761 0.0000000000
35883  -22.505  -33.341  43.020 0.0000000000
34028  -23.066  -34.539  46.434 0.0000000000
33999  -23.578  -34.892  48.155 0.0000000000
34000  -24.480  -34.746  48.214 0.0000000000
57017  -48.727  -10.734  24.389 0.0000000000
55915  -49.772  -11.690  25.521 0.0000000000
55916  -50.635  -11.477  25.181 0.0000000000
56998  -52.641  -10.969  25.420 0.0000000000
126524  -54.735  -10.735  26.417 0.0000000000
67126  -51.292  0.405  17.710 0.0000000000
68031  -53.007  0.943  19.430 0.0000000000
67127  -52.291  0.432  17.425 0.0000000000
70844  -58.428  4.663  13.892 0.0000000000
71817  -60.042  5.446  14.139 0.0000000000
119082  -58.646  4.754  13.252 0.0000000000
71834  -60.053  5.273  11.577 0.0000000000
32226  -19.427  -36.873  50.250 0.0000000000
31281  -17.998  -37.459  50.348 0.0000000000
51150  -49.503  -16.699  41.115 0.0000000000
50242  -48.682  -17.328  39.063 0.0000000000
51161  -48.680  -16.371  37.800 0.0000000000
52927  -47.503  -14.690  35.629 0.0000000000
51179  -47.552  -16.868  34.707 0.0000000000
52034  -46.962  -15.111  34.801 0.0000000000
52925  -46.917  -13.410  34.518 0.0000000000
53870  -44.820  -13.462  33.396 0.0000000000
120354  -42.487  -12.545  32.489 0.0000000000
35878  -25.680  -32.822  44.127 0.0000000000
36813  -27.122  -32.311  44.670 0.0000000000
36826  -26.844  -31.653  43.314 0.0000000000
37784  -27.078  -30.914  42.969 0.0000000000
38730  -27.696  -29.103  42.956 0.0000000000
126394  -26.889  -29.033  40.730 0.0000000000
39699  -27.568  -28.615  41.663 0.0000000000
40613  -28.229  -27.664  42.533 0.0000000000
40614  -28.593  -26.912  42.674 0.0000000000
41497  -29.731  -26.202  42.351 0.0000000000
43231  -30.648  -25.546  42.410 0.0000000000
111958  -35.826  -23.309  34.945 0.0000000000
127887  -36.987  -23.827  36.409 0.0000000000
45208  -38.200  -22.864  34.621 0.0000000000
45176  -38.813  -22.972  36.252 0.0000000000
44222  -39.174  -24.136  37.589 0.0000000000
44208  -39.615  -24.219  38.371 0.0000000000
44170  -41.050  -23.962  39.965 0.0000000000
44152  -42.228  -24.186  40.693 0.0000000000
44154  -43.435  -23.715  41.609 0.0000000000
45109  -42.931  -22.578  40.970 0.0000000000
46169  -43.520  -21.792  41.259 0.0000000000
47209  -44.030  -19.899  40.942 0.0000000000
47239  -43.684  -20.535  38.359 0.0000000000
47230  -44.374  -20.650  39.780 0.0000000000
48185  -44.290  -19.927  40.841 0.0000000000
49252  -46.344  -19.741  41.619 0.0000000000
35908  -23.097  -32.498  41.574 0.0000000000
110930  -48.362  -9.474  37.391 0.0000000000
58947  -49.302  -9.557  36.945 0.0000000000
58966  -50.255  -9.467  36.431 0.0000000000
58992  -51.386  -9.284  35.592 0.0000000000
56860  -49.437  -10.683  33.491 0.0000000000
57966  -50.060  -10.076  34.037 0.0000000000
60031  -52.279  -7.708  23.525 0.0000000000
58093  -53.549  -9.432  23.414 0.0000000000
122922  -54.295  -7.838  23.264 0.0000000000
124818  -56.700  -8.725  22.876 0.0000000000
58079  -58.608  -9.342  24.427 0.0000000000
60912  -58.071  -6.489  23.459 0.0000000000
120813  -59.980  -8.095  24.247 0.0000000000
54915  -43.026  -13.554  26.589 0.0000000000
118636  -44.370  -13.319  27.329 0.0000000000
53958  -43.569  -13.325  25.427 0.0000000000
54941  -45.164  -12.446  24.800 0.0000000000
55924  -45.664  -11.955  24.265 0.0000000000
57015  -46.958  -11.195  23.962 0.0000000000
57039  -48.194  -10.040  24.102 0.0000000000
58090  -48.675  -9.589  23.588 0.0000000000
59111  -49.736  -8.641  22.631 0.0000000000
60045  -50.295  -8.423  21.884 0.0000000000
60924  -52.054  -7.297  22.360 0.0000000000
60940  -52.194  -6.825  21.464 0.0000000000
120719  -53.699  -5.912  20.857 0.0000000000
62719  -50.437  -4.789  19.124 0.0000000000
61828  -52.203  -5.178  19.077 0.0000000000
61820  -54.478  -5.569  20.776 0.0000000000
62722  -54.649  -3.733  19.710 0.0000000000
64467  -55.483  -2.653  19.948 0.0000000000
65333  -55.710  -1.807  20.192 0.0000000000
66212  -55.057  -0.220  21.086 0.0000000000
127687  -53.123  -0.199  21.055 0.0000000000
66208  -51.774  0.381  20.779 0.0000000000
67108  -51.013  0.972  19.435 0.0000000000
67125  -50.390  0.312  17.847 0.0000000000
31280  -16.976  -37.563  50.583 0.0000000000
31266  -15.238  -37.855  51.195 0.0000000000
31265  -14.452  -37.941  51.207 0.0000000000
125023  -15.132  -39.136  55.195 0.0000000000
30310  -13.827  -38.349  52.883 0.0000000000
31263  -12.725  -38.053  51.389 0.0000000000
31262  -11.709  -38.293  51.399 0.0000000000
31245  -10.327  -38.246  52.513 0.0000000000
31244  -9.580  -38.116  52.450 0.0000000000
30290  -9.124  -38.781  52.674 0.0000000000
56775  -48.850  -10.507  39.854 0.0000000000
53779  -48.739  -13.113  40.644 0.0000000000
54771  -46.258  -12.488  37.667 0.0000000000
54755  -47.253  -12.413  38.940 0.0000000000
56757  -47.904  -10.801  40.268 0.0000000000
56774  -47.828  -10.300  39.802 0.0000000000
57872  -47.365  -9.521  38.851 0.0000000000
57909  -46.507  -9.582  36.976 0.0000000000
57922  -45.528  -10.158  35.903 0.0000000000
57965  -45.373  -10.326  34.435 0.0000000000
57963  -43.290  -9.574  34.291 0.0000000000
56855  -44.211  -10.221  33.980 0.0000000000
129727  -44.385  -11.079  32.703 0.0000000000
56909  -43.922  -11.643  31.350 0.0000000000
55836  -43.514  -12.227  29.739 0.0000000000
129778  -42.409  -12.685  28.029 0.0000000000
55793  -38.250  -11.130  30.767 0.0000000000
56905  -38.574  -10.371  30.763 0.0000000000
58012  -38.622  -10.374  30.399 0.0000000000
56949  -38.976  -11.050  29.320 0.0000000000
55860  -39.610  -11.619  28.560 0.0000000000
125731  -40.076  -12.168  28.076 0.0000000000
54902  -40.839  -13.091  27.464 0.0000000000
116570  -42.243  -13.335  27.299 0.0000000000
38685  -28.470  -29.156  46.507 0.0000000000
42406  -28.590  -25.643  36.964 0.0000000000
43301  -30.082  -24.639  37.597 0.0000000000
43281  -29.736  -25.273  38.914 0.0000000000
114854  -30.282  -25.290  40.309 0.0000000000
43249  -31.085  -25.099  41.409 0.0000000000
125635  -31.398  -25.185  42.349 0.0000000000
127367  -33.027  -23.376  35.879 0.0000000000
122298  -32.855  -23.583  36.453 0.0000000000
129090  -33.187  -24.720  38.100 0.0000000000
44186  -35.477  -23.768  39.310 0.0000000000
44185  -34.425  -23.736  39.411 0.0000000000
44184  -33.658  -23.858  39.451 0.0000000000
44147  -32.951  -25.105  40.480 0.0000000000
43233  -32.986  -25.208  42.230 0.0000000000
119798  -32.475  -24.695  43.116 0.0000000000
43217  -33.490  -24.292  44.084 0.0000000000
43193  -34.728  -24.815  45.769 0.0000000000
33186  -16.262  -35.564  45.562 0.0000000000
33164  -17.386  -35.875  47.109 0.0000000000
34958  -18.606  -34.179  42.947 0.0000000000
34063  -18.123  -34.617  43.604 0.0000000000
34038  -18.200  -35.106  44.819 0.0000000000
33179  -18.768  -35.869  46.207 0.0000000000
110804  -18.794  -36.235  47.734 0.0000000000
32239  -20.162  -36.593  49.783 0.0000000000
128131  -24.482  -35.672  50.417 0.0000000000
54905  -46.505  -12.776  27.456 0.0000000000
55868  -47.629  -12.218  28.636 0.0000000000
56953  -49.285  -11.115  29.060 0.0000000000
55887  -50.569  -11.585  27.082 0.0000000000
114488  -50.788  -10.726  28.667 0.0000000000
131811  -50.965  -9.626  30.017 0.0000000000
59049  -52.798  -9.053  30.458 0.0000000000
57024  -55.268  -10.040  24.422 0.0000000000
57002  -55.999  -9.997  26.021 0.0000000000
56972  -56.534  -10.286  27.667 0.0000000000
67091  -55.888  0.702  21.579 0.0000000000
67994  -55.819  2.190  21.867 0.0000000000
68908  -56.369  2.824  21.840 0.0000000000
68018  -54.035  2.069  19.884 0.0000000000
69868  -55.734  2.967  21.235 0.0000000000
69857  -57.722  3.836  21.872 0.0000000000
70776  -58.387  4.246  21.583 0.0000000000
69878  -60.190  4.450  20.572 0.0000000000
68048  -57.636  1.994  17.807 0.0000000000
68959  -59.578  2.588  17.897 0.0000000000
69891  -61.610  4.896  18.537 0.0000000000
71808  -61.839  5.828  15.139 0.0000000000
130688  -42.830  -19.561  33.065 0.0000000000
49385  -43.372  -18.988  32.628 0.0000000000
48292  -41.989  -19.884  32.999 0.0000000000
54892  -44.041  -12.886  28.605 0.0000000000
129529  -44.507  -12.760  28.784 0.0000000000
54893  -44.892  -12.926  28.179 0.0000000000
64468  -57.061  -2.532  20.488 0.0000000000
64451  -58.045  -2.646  21.399 0.0000000000
64445  -58.687  -2.419  22.108 0.0000000000
64452  -58.618  -1.852  21.176 0.0000000000
65336  -58.689  -1.031  20.903 0.0000000000
65335  -57.944  -1.262  20.547 0.0000000000
33148  -17.054  -36.343  47.765 0.0000000000
32247  -16.819  -36.673  48.482 0.0000000000
55785  -40.489  -11.224  32.781 0.0000000000
55778  -41.159  -11.733  33.907 0.0000000000
119319  -40.142  -10.914  33.414 0.0000000000
56868  -39.875  -10.286  32.870 0.0000000000
34931  -26.903  -33.861  46.281 0.0000000000
34942  -26.436  -33.506  45.379 0.0000000000
43215  -30.544  -25.320  43.671 0.0000000000
42356  -30.520  -25.280  44.157 0.0000000000
43204  -32.057  -25.049  44.660 0.0000000000
112250  -32.128  -24.545  43.922 0.0000000000
43259  -41.763  -24.969  41.280 0.0000000000
42378  -41.211  -25.645  41.858 0.0000000000
130814  -41.520  -25.852  42.470 0.0000000000
42369  -42.045  -25.720  42.823 0.0000000000
34930  -25.921  -33.972  46.118 0.0000000000
59086  -51.205  -8.880  23.652 0.0000000000
58074  -51.464  -9.605  23.700 0.0000000000
58075  -51.924  -8.857  23.646 0.0000000000
129020  -47.455  -18.298  37.682 0.0000000000
50267  -47.320  -18.352  36.866 0.0000000000
51218  -44.387  -15.724  31.474 0.0000000000
52058  -44.875  -15.375  32.032 0.0000000000
126504  -25.986  -31.265  40.758 0.0000000000
41520  -28.189  -27.080  39.395 0.0000000000
41521  -28.578  -26.441  39.453 0.0000000000
133923  -28.705  -26.355  40.691 0.0000000000
46222  -41.553  -21.629  36.389 0.0000000000
46204  -41.115  -22.327  36.804 0.0000000000
46194  -42.127  -22.372  38.152 0.0000000000
46206  -42.624  -22.007  37.782 0.0000000000
49327  -45.984  -18.994  37.102 0.0000000000
49308  -46.911  -18.691  38.248 0.0000000000
114781  -24.810  -31.488  39.611 0.0000000000
36858  -25.185  -31.786  40.419 0.0000000000
56840  -46.446  -11.025  34.415 0.0000000000
56841  -47.184  -10.455  34.827 0.0000000000
121991  -49.601  -10.396  30.988 0.0000000000
57992  -50.414  -10.137  31.142 0.0000000000
58000  -51.185  -9.742  31.051 0.0000000000
58015  -50.923  -9.734  30.358 0.0000000000
61798  -54.346  -5.986  22.482 0.0000000000
60909  -55.378  -6.455  23.374 0.0000000000
61786  -55.399  -5.965  23.398 0.0000000000
128246  -61.064  -7.106  25.801 0.0000000000
123459  -49.216  -6.098  19.475 0.0000000000
65330  -50.596  -1.146  19.698 0.0000000000
111029  -51.296  -0.331  19.897 0.0000000000
32232  -13.252  -37.198  49.226 0.0000000000
32231  -12.249  -37.214  49.143 0.0000000000
121959  -17.258  -38.997  55.634 0.0000000000
29258  -11.415  -40.035  54.953 0.0000000000
28253  -10.694  -40.580  54.960 0.0000000000
52910  -48.536  -14.392  37.985 0.0000000000
53838  -47.718  -13.675  36.593 0.0000000000
55717  -44.435  -10.374  36.472 0.0000000000
55718  -45.197  -11.061  37.027 0.0000000000
56800  -45.065  -10.163  36.901 0.0000000000
57907  -43.979  -8.901  37.140 0.0000000000
57906  -43.651  -9.699  36.528 0.0000000000
57999  -40.836  -10.362  31.079 0.0000000000
56886  -41.484  -10.463  31.503 0.0000000000
56927  -41.166  -11.093  29.855 0.0000000000
39661  -27.848  -29.001  43.870 0.0000000000
39639  -27.962  -28.968  44.663 0.0000000000
45131  -31.195  -23.824  37.354 0.0000000000
45132  -31.653  -24.020  37.701 0.0000000000
113111  -31.647  -24.599  38.419 0.0000000000
44201  -32.162  -24.495  38.300 0.0000000000
45151  -36.602  -23.690  37.104 0.0000000000
44219  -36.199  -24.345  37.715 0.0000000000
44150  -35.932  -24.896  41.079 0.0000000000
44137  -35.860  -25.257  41.940 0.0000000000
133301  -35.259  -24.958  42.095 0.0000000000
128883  -35.785  -24.846  43.697 0.0000000000
43220  -36.534  -24.927  43.556 0.0000000000
33998  -22.022  -35.273  48.065 0.0000000000
55913  -47.520  -12.099  25.339 0.0000000000
55914  -48.332  -11.998  25.300 0.0000000000
133601  -53.931  -10.771  28.022 0.0000000000
56955  -53.136  -10.838  27.883 0.0000000000
56956  -54.347  -10.266  28.589 0.0000000000
58060  -59.004  -9.905  25.182 0.0000000000
68016  -52.557  1.150  19.942 0.0000000000
68035  -56.443  1.344  18.782 0.0000000000
68036  -57.194  1.605  18.493 0.0000000000
129839  -59.011  4.526  14.975 0.0000000000
69921  -58.324  3.997  15.367 0.0000000000
70816  -60.137  4.504  15.945 0.0000000000
71795  -61.562  5.644  15.936 0.0000000000
70825  -60.678  5.225  15.478 0.0000000000
49358  -44.891  -18.899  35.092 0.0000000000
49375  -45.532  -18.466  34.526 0.0000000000
50311  -44.974  -17.867  32.845 0.0000000000
50321  -43.949  -17.606  31.699 0.0000000000
114105  -41.743  -20.961  35.069 0.0000000000
46237  -41.266  -21.291  35.698 0.0000000000
49357  -44.210  -19.232  34.834 0.0000000000
48260  -43.789  -19.684  35.226 0.0000000000
49342  -45.274  -19.318  35.813 0.0000000000
55795  -44.898  -12.060  31.357 0.0000000000
55815  -45.827  -12.321  31.223 0.0000000000
55839  -46.819  -12.838  29.837 0.0000000000
55816  -47.018  -12.904  31.031 0.0000000000
55817  -47.789  -12.423  30.170 0.0000000000
128391  -48.040  -11.835  29.632 0.0000000000
62702  -56.169  -4.233  21.755 0.0000000000
62693  -56.055  -4.410  22.707 0.0000000000
63580  -56.661  -4.143  23.190 0.0000000000
62672  -59.212  -4.396  24.895 0.0000000000
62664  -59.976  -3.919  25.369 0.0000000000
67094  -59.432  0.676  21.562 0.0000000000
111873  -58.336  1.179  21.425 0.0000000000
32246  -15.460  -36.704  48.538 0.0000000000
33146  -15.048  -36.414  47.888 0.0000000000
120917  -14.626  -36.687  48.558 0.0000000000
32222  -15.210  -37.218  49.675 0.0000000000
121650  -44.495  -12.330  34.569 0.0000000000
110609  -42.311  -11.272  34.382 0.0000000000
54806  -43.044  -11.898  35.032 0.0000000000
55757  -42.956  -11.506  34.988 0.0000000000
55733  -43.263  -10.743  35.528 0.0000000000
56823  -42.658  -10.763  34.693 0.0000000000
57919  -43.049  -10.074  34.313 0.0000000000
56822  -41.598  -10.471  34.284 0.0000000000
57959  -39.502  -10.126  32.975 0.0000000000
57960  -40.834  -10.087  33.000 0.0000000000
57975  -39.453  -9.990  32.325 0.0000000000
57989  -40.274  -10.283  31.405 0.0000000000
129971  -28.901  -26.727  43.369 0.0000000000
41483  -29.308  -26.656  44.135 0.0000000000
42332  -29.984  -26.261  45.361 0.0000000000
42317  -30.059  -26.361  46.412 0.0000000000
46218  -31.892  -23.188  35.941 0.0000000000
45169  -31.716  -23.373  36.449 0.0000000000
45170  -32.094  -23.337  36.404 0.0000000000
44190  -39.004  -24.608  38.877 0.0000000000
43284  -38.539  -24.950  39.392 0.0000000000
42367  -39.941  -25.804  42.209 0.0000000000
43256  -38.771  -25.604  41.352 0.0000000000
43240  -39.196  -25.542  42.287 0.0000000000
43239  -38.202  -25.416  42.412 0.0000000000
43223  -38.796  -25.376  43.129 0.0000000000
117395  -40.306  -26.325  44.440 0.0000000000
35896  -22.861  -32.908  42.409 0.0000000000
133341  -22.173  -33.196  42.365 0.0000000000
34939  -23.503  -33.791  45.147 0.0000000000
34029  -23.826  -34.411  46.874 0.0000000000
34015  -23.928  -34.692  47.561 0.0000000000
34030  -24.609  -34.547  47.235 0.0000000000
34017  -26.814  -34.694  47.833 0.0000000000
55929  -50.127  -11.128  24.640 0.0000000000
115326  -52.877  -10.749  24.727 0.0000000000
56997  -52.035  -10.984  24.725 0.0000000000
56999  -53.479  -10.798  25.253 0.0000000000
111612  -53.890  -10.893  26.057 0.0000000000
57000  -54.295  -10.679  25.446 0.0000000000
69929  -57.662  4.282  13.966 0.0000000000
70843  -57.946  4.412  13.235 0.0000000000
32207  -19.501  -37.659  50.800 0.0000000000
30287  -19.441  -38.594  54.824 0.0000000000
124864  -48.358  -17.790  40.927 0.0000000000
122198  -48.716  -17.565  40.072 0.0000000000
51168  -48.461  -17.114  36.620 0.0000000000
50254  -48.620  -17.203  38.208 0.0000000000
51169  -48.461  -16.318  36.957 0.0000000000
52029  -48.226  -15.448  36.564 0.0000000000
114046  -47.950  -15.454  35.774 0.0000000000
50306  -45.992  -17.721  34.042 0.0000000000
50293  -47.269  -17.817  35.109 0.0000000000
52947  -45.967  -14.660  33.082 0.0000000000
52044  -46.833  -15.415  34.035 0.0000000000
52043  -46.363  -14.356  33.855 0.0000000000
52938  -46.841  -14.450  34.449 0.0000000000
53860  -45.914  -13.346  34.229 0.0000000000
52937  -45.612  -13.767  33.510 0.0000000000
111192  -43.304  -12.903  32.738 0.0000000000
35879  -26.491  -32.328  43.862 0.0000000000
119464  -26.224  -32.251  42.940 0.0000000000
37795  -26.852  -30.722  42.099 0.0000000000
38729  -27.481  -30.052  42.649 0.0000000000
39681  -27.504  -29.222  42.101 0.0000000000
38766  -26.689  -29.518  40.070 0.0000000000
40641  -26.981  -28.751  40.117 0.0000000000
113571  -27.859  -27.720  40.763 0.0000000000
39716  -27.364  -28.440  40.929 0.0000000000
40628  -27.953  -27.850  41.599 0.0000000000
39682  -27.865  -28.466  42.354 0.0000000000
42365  -29.544  -26.090  41.490 0.0000000000
42366  -30.193  -25.720  41.820 0.0000000000
42355  -30.409  -25.827  42.941 0.0000000000
113423  -36.689  -23.567  35.055 0.0000000000
112008  -36.924  -24.000  35.732 0.0000000000
46251  -39.530  -22.046  34.613 0.0000000000
45209  -38.953  -22.599  34.804 0.0000000000
45194  -39.375  -22.507  35.199 0.0000000000
45154  -39.616  -23.088  36.574 0.0000000000
45153  -38.660  -23.545  36.885 0.0000000000
45136  -40.034  -23.535  37.853 0.0000000000
110925  -41.508  -23.519  39.291 0.0000000000
44171  -41.812  -23.913  40.221 0.0000000000
44172  -42.510  -23.380  40.290 0.0000000000
44153  -42.907  -23.466  41.003 0.0000000000
46185  -43.420  -21.615  40.365 0.0000000000
46168  -42.991  -22.257  40.830 0.0000000000
47208  -44.162  -21.177  41.429 0.0000000000
47219  -44.034  -20.699  40.845 0.0000000000
47250  -43.660  -20.602  37.525 0.0000000000
48217  -44.052  -19.803  37.992 0.0000000000
48206  -44.945  -19.958  39.209 0.0000000000
48195  -45.047  -20.332  40.083 0.0000000000
48196  -45.690  -19.965  40.709 0.0000000000
48186  -45.604  -20.286  41.641 0.0000000000
49290  -47.652  -18.577  39.423 0.0000000000
49270  -47.377  -18.853  41.048 0.0000000000
36844  -23.666  -32.129  40.932 0.0000000000
35898  -25.336  -32.770  42.652 0.0000000000
57911  -48.394  -9.520  36.707 0.0000000000
57945  -48.807  -10.089  35.209 0.0000000000
57926  -49.483  -9.554  35.836 0.0000000000
57927  -50.485  -9.445  35.707 0.0000000000
58978  -50.999  -9.299  36.143 0.0000000000
56874  -47.999  -11.821  33.357 0.0000000000
56875  -48.799  -11.187  32.948 0.0000000000
57979  -50.947  -10.126  32.538 0.0000000000
116438  -50.290  -10.353  33.040 0.0000000000
118504  -51.025  -9.831  33.551 0.0000000000
57948  -51.722  -9.392  34.457 0.0000000000
59003  -52.292  -9.277  33.742 0.0000000000
59016  -53.384  -8.710  32.463 0.0000000000
60032  -53.250  -7.620  23.325 0.0000000000
120039  -53.562  -7.921  23.402 0.0000000000
59101  -57.087  -7.986  22.678 0.0000000000
59112  -56.142  -7.999  22.585 0.0000000000
133064  -57.432  -8.579  23.022 0.0000000000
59102  -58.127  -8.839  23.547 0.0000000000
61773  -57.258  -5.095  23.801 0.0000000000
60896  -57.563  -5.632  23.748 0.0000000000
30303  -7.293  -38.524  52.250 0.0000000000
31241  -7.167  -37.847  52.097 0.0000000000
55923  -44.904  -12.279  23.971 0.0000000000
57036  -45.863  -11.068  22.914 0.0000000000
57037  -46.679  -10.843  23.230 0.0000000000
57038  -47.401  -10.486  23.631 0.0000000000
58088  -46.967  -10.139  23.092 0.0000000000
59094  -48.394  -9.389  22.822 0.0000000000
110801  -49.203  -9.177  22.852 0.0000000000
132084  -49.206  -8.734  22.399 0.0000000000
60062  -49.746  -8.134  21.084 0.0000000000
60046  -51.182  -7.796  22.336 0.0000000000
60063  -50.596  -7.579  21.408 0.0000000000
60954  -51.402  -6.250  20.077 0.0000000000
127260  -51.200  -6.725  20.627 0.0000000000
60955  -51.915  -6.573  20.676 0.0000000000
61807  -52.805  -6.267  20.996 0.0000000000
61818  -52.391  -6.012  19.844 0.0000000000
63622  -51.504  -3.569  19.299 0.0000000000
62720  -51.407  -4.409  18.845 0.0000000000
62721  -52.871  -4.533  19.340 0.0000000000
61829  -53.034  -5.342  19.650 0.0000000000
62710  -53.668  -4.714  19.609 0.0000000000
62711  -54.573  -4.844  20.083 0.0000000000
130540  -53.973  -4.065  19.646 0.0000000000
64465  -53.697  -2.070  20.222 0.0000000000
64466  -54.602  -2.739  19.779 0.0000000000
65332  -54.595  -1.677  20.428 0.0000000000
65315  -54.399  -0.621  20.979 0.0000000000
65314  -53.580  -1.075  20.996 0.0000000000
116725  -51.388  0.120  20.438 0.0000000000
67099  -51.477  0.506  20.443 0.0000000000
118776  -51.828  0.784  20.704 0.0000000000
110672  -10.796  -37.175  49.764 0.0000000000
31253  -18.454  -37.855  51.865 0.0000000000
31268  -17.673  -37.780  51.285 0.0000000000
119321  -15.887  -38.159  52.466 0.0000000000
115541  -15.990  -37.914  51.704 0.0000000000
31250  -15.209  -38.159  52.013 0.0000000000
131257  -14.810  -37.978  51.592 0.0000000000
30269  -15.631  -39.661  55.900 0.0000000000
123807  -12.952  -38.566  54.094 0.0000000000
30281  -13.707  -39.082  54.243 0.0000000000
30295  -13.499  -38.625  53.558 0.0000000000
31248  -13.257  -38.330  52.121 0.0000000000
31247  -12.197  -38.619  52.168 0.0000000000
30292  -10.552  -39.011  53.470 0.0000000000
30307  -10.704  -39.023  52.972 0.0000000000
30306  -10.032  -38.432  53.045 0.0000000000
30305  -9.492  -38.276  52.597 0.0000000000
28259  -9.270  -40.635  53.105 0.0000000000
55688  -49.850  -11.109  41.335 0.0000000000
56760  -49.679  -10.991  40.635 0.0000000000
128041  -48.981  -10.826  40.217 0.0000000000
126755  -49.233  -17.001  40.398 0.0000000000
51149  -49.423  -16.114  40.304 0.0000000000
52901  -48.611  -13.738  38.764 0.0000000000
52888  -49.074  -14.253  39.447 0.0000000000
125485  -49.094  -13.796  40.177 0.0000000000
52873  -49.213  -13.816  40.919 0.0000000000
128933  -48.602  -13.306  39.654 0.0000000000
54789  -45.681  -11.978  36.729 0.0000000000
53821  -46.055  -12.778  36.832 0.0000000000
55708  -46.386  -11.660  38.436 0.0000000000
54754  -46.596  -12.192  38.381 0.0000000000
54740  -46.983  -11.651  38.997 0.0000000000
54741  -47.622  -11.950  39.648 0.0000000000
55698  -47.419  -11.180  39.703 0.0000000000
54730  -48.063  -11.407  40.355 0.0000000000
123521  -47.050  -10.930  39.125 0.0000000000
56787  -46.500  -10.085  38.617 0.0000000000
57859  -47.053  -9.895  39.215 0.0000000000
57860  -47.748  -9.817  39.345 0.0000000000
57871  -46.772  -9.653  38.573 0.0000000000
113894  -47.106  -9.510  38.094 0.0000000000
57888  -46.351  -9.741  37.601 0.0000000000
110779  -44.646  -9.658  35.684 0.0000000000
110590  -45.443  -9.352  36.726 0.0000000000
57942  -45.085  -9.842  34.508 0.0000000000
57964  -44.995  -9.694  34.175 0.0000000000
111418  -42.428  -9.042  34.174 0.0000000000
57941  -42.872  -8.992  34.365 0.0000000000
57962  -42.165  -8.920  34.096 0.0000000000
56869  -42.667  -10.560  32.430 0.0000000000
56870  -43.093  -10.522  33.012 0.0000000000
56871  -43.931  -10.582  33.100 0.0000000000
56888  -43.683  -10.971  32.295 0.0000000000
56889  -44.611  -11.428  32.035 0.0000000000
56952  -41.831  -11.592  29.189 0.0000000000
55835  -42.643  -11.965  29.470 0.0000000000
55864  -43.359  -12.342  28.973 0.0000000000
55863  -42.526  -12.168  28.734 0.0000000000
56885  -38.611  -10.393  31.283 0.0000000000
56904  -37.952  -10.798  30.250 0.0000000000
128964  -37.808  -10.650  29.646 0.0000000000
122207  -38.500  -10.592  29.846 0.0000000000
56948  -38.053  -10.770  29.096 0.0000000000
55859  -38.593  -11.587  28.480 0.0000000000
55881  -39.240  -12.369  27.943 0.0000000000
55861  -40.589  -11.675  28.505 0.0000000000
129192  -41.338  -13.446  27.105 0.0000000000
36814  -27.766  -31.474  45.044 0.0000000000
37762  -28.604  -30.768  45.796 0.0000000000
113460  -28.623  -27.777  45.630 0.0000000000
131070  -28.401  -28.670  46.171 0.0000000000
40570  -28.606  -28.170  46.561 0.0000000000
117244  -30.574  -24.442  37.750 0.0000000000
44216  -30.490  -24.067  37.071 0.0000000000
43295  -30.176  -24.857  38.393 0.0000000000
43282  -30.340  -25.136  39.242 0.0000000000
126248  -31.610  -24.601  40.571 0.0000000000
43267  -30.881  -24.808  40.557 0.0000000000
43250  -31.772  -24.793  41.533 0.0000000000
45188  -33.544  -23.559  35.331 0.0000000000
45150  -34.006  -24.333  37.062 0.0000000000
113677  -33.826  -24.110  36.513 0.0000000000
45149  -33.124  -24.304  37.169 0.0000000000
45134  -33.803  -24.630  37.835 0.0000000000
44188  -37.170  -24.567  39.299 0.0000000000
113897  -36.180  -23.924  38.846 0.0000000000
44187  -36.420  -24.000  39.521 0.0000000000
44167  -34.984  -23.827  40.285 0.0000000000
119930  -34.138  -23.796  40.164 0.0000000000
44165  -33.389  -24.027  40.100 0.0000000000
111346  -33.957  -24.791  40.684 0.0000000000
43234  -33.864  -24.787  42.428 0.0000000000
43252  -33.476  -25.380  41.424 0.0000000000
121795  -33.294  -24.569  43.134 0.0000000000
125684  -32.799  -24.237  43.798 0.0000000000
111410  -35.773  -24.813  44.968 0.0000000000
111220  -34.858  -24.828  44.950 0.0000000000
43194  -35.381  -24.841  45.540 0.0000000000
42334  -38.594  -25.884  44.707 0.0000000000
43209  -37.834  -25.416  44.457 0.0000000000
43197  -38.025  -25.782  45.400 0.0000000000
44138  -43.789  -23.359  42.447 0.0000000000
33177  -16.806  -35.749  46.350 0.0000000000
34977  -20.886  -33.680  42.567 0.0000000000
34960  -20.363  -33.946  43.244 0.0000000000
34064  -19.055  -34.600  43.625 0.0000000000
34049  -18.624  -34.899  44.318 0.0000000000
34048  -17.797  -34.892  44.290 0.0000000000
33166  -19.326  -35.878  47.089 0.0000000000
33165  -18.332  -36.003  47.021 0.0000000000
117692  -19.645  -36.149  47.922 0.0000000000
33150  -19.124  -36.529  48.497 0.0000000000
33135  -20.129  -36.496  48.738 0.0000000000
112259  -23.939  -34.867  48.844 0.0000000000
33138  -24.013  -35.110  49.650 0.0000000000
33126  -24.814  -34.931  50.141 0.0000000000
56801  -50.239  -9.850  37.434 0.0000000000
54917  -44.802  -12.965  26.499 0.0000000000
54904  -45.681  -12.863  27.479 0.0000000000
131000  -46.064  -12.746  27.035 0.0000000000
55884  -47.963  -12.360  27.251 0.0000000000
118674  -47.608  -12.551  27.967 0.0000000000
110964  -48.129  -12.165  27.998 0.0000000000
115818  -48.486  -11.646  28.542 0.0000000000
110865  -49.225  -11.402  28.209 0.0000000000
127426  -50.755  -11.848  26.053 0.0000000000
55902  -49.912  -11.694  26.506 0.0000000000
116416  -51.263  -11.626  26.776 0.0000000000
56954  -51.681  -10.583  28.659 0.0000000000
56967  -51.317  -11.332  27.759 0.0000000000
127473  -50.703  -10.439  29.382 0.0000000000
56933  -51.229  -10.177  29.521 0.0000000000
58016  -51.585  -9.443  30.084 0.0000000000
114589  -52.442  -9.339  29.995 0.0000000000
59051  -54.851  -8.927  30.291 0.0000000000
59050  -53.743  -8.916  30.490 0.0000000000
59039  -55.523  -8.557  30.899 0.0000000000
58095  -55.347  -9.646  23.472 0.0000000000
57043  -54.522  -10.203  23.865 0.0000000000
116782  -56.010  -10.322  26.859 0.0000000000
56973  -57.299  -10.301  27.657 0.0000000000
66211  -54.501  0.245  21.393 0.0000000000
133164  -55.606  0.061  21.168 0.0000000000
67090  -55.161  0.538  21.598 0.0000000000
67993  -55.017  2.087  21.859 0.0000000000
67995  -56.754  2.457  21.938 0.0000000000
68907  -55.477  2.654  21.721 0.0000000000
68032  -53.672  1.211  19.378 0.0000000000
68939  -56.302  2.784  20.087 0.0000000000
68938  -55.309  2.744  20.257 0.0000000000
68931  -56.115  3.160  20.752 0.0000000000
69869  -56.583  3.418  21.373 0.0000000000
69876  -57.129  3.734  21.156 0.0000000000
70775  -58.006  4.122  21.587 0.0000000000
115576  -57.811  4.030  20.953 0.0000000000
69877  -58.843  4.374  20.819 0.0000000000
70788  -60.884  4.769  20.486 0.0000000000
69884  -60.711  4.581  19.842 0.0000000000
69908  -57.793  3.440  15.914 0.0000000000
130279  -57.404  2.913  16.387 0.0000000000
123802  -56.633  2.626  16.615 0.0000000000
68970  -57.507  2.511  17.078 0.0000000000
68958  -58.454  2.297  17.587 0.0000000000
69898  -59.215  2.861  16.844 0.0000000000
69900  -61.093  3.966  17.843 0.0000000000
133861  -61.586  4.864  17.878 0.0000000000
70804  -62.423  5.222  18.596 0.0000000000
132792  -60.431  5.896  13.826 0.0000000000
117383  -61.315  5.917  14.712 0.0000000000
71818  -60.775  6.131  14.127 0.0000000000
49373  -44.105  -19.320  33.903 0.0000000000
49387  -44.565  -18.631  33.371 0.0000000000
128618  -43.996  -19.146  33.077 0.0000000000
49401  -43.575  -18.316  31.996 0.0000000000
47301  -40.666  -20.889  33.501 0.0000000000
47302  -41.318  -20.478  33.260 0.0000000000
48278  -41.763  -20.155  33.830 0.0000000000
48279  -42.121  -20.472  34.483 0.0000000000
132373  -42.732  -20.117  34.717 0.0000000000
55837  -44.503  -12.352  29.882 0.0000000000
55814  -45.189  -12.480  30.557 0.0000000000
54875  -44.876  -12.673  29.099 0.0000000000
55867  -46.348  -13.091  29.032 0.0000000000
63596  -56.852  -3.686  21.240 0.0000000000
63590  -57.465  -3.341  22.076 0.0000000000
64437  -57.834  -3.211  23.073 0.0000000000
65299  -59.078  -2.177  23.037 0.0000000000
65300  -59.981  -1.652  23.496 0.0000000000
65307  -59.937  -1.221  22.694 0.0000000000
65318  -59.725  -0.889  21.900 0.0000000000
66215  -59.199  -0.414  21.247 0.0000000000
67093  -57.821  0.489  21.083 0.0000000000
33176  -15.733  -35.804  46.332 0.0000000000
117460  -14.944  -35.847  46.636 0.0000000000
33147  -16.056  -36.584  47.878 0.0000000000
130332  -16.137  -36.801  48.629 0.0000000000
53868  -42.735  -12.090  33.326 0.0000000000
54817  -42.906  -11.897  34.182 0.0000000000
54816  -41.989  -11.813  33.957 0.0000000000
55768  -41.538  -11.375  34.193 0.0000000000
55767  -40.976  -10.831  34.250 0.0000000000
56838  -40.945  -10.437  34.035 0.0000000000
55776  -40.453  -10.781  33.853 0.0000000000
126835  -38.869  -9.900  32.537 0.0000000000
42344  -30.003  -26.062  44.372 0.0000000000
43190  -31.364  -25.518  46.007 0.0000000000
43177  -31.335  -25.028  46.550 0.0000000000
43191  -31.822  -25.236  45.620 0.0000000000
43192  -32.570  -24.807  45.346 0.0000000000
43271  -40.662  -25.146  40.112 0.0000000000
125150  -39.807  -25.630  40.604 0.0000000000
42377  -40.437  -25.759  41.856 0.0000000000
42359  -41.394  -26.140  43.260 0.0000000000
34940  -24.508  -33.864  45.520 0.0000000000
34929  -24.501  -34.179  46.436 0.0000000000
34917  -25.336  -34.369  46.735 0.0000000000
58072  -49.945  -9.677  23.767 0.0000000000
57019  -50.424  -10.430  23.997 0.0000000000
122650  -51.096  -10.334  23.833 0.0000000000
57021  -52.607  -10.444  24.164 0.0000000000
57022  -53.619  -10.470  24.287 0.0000000000
50241  -48.159  -17.986  39.329 0.0000000000
50268  -48.013  -17.846  36.890 0.0000000000
50282  -48.219  -17.467  36.112 0.0000000000
51194  -46.212  -16.465  32.747 0.0000000000
51204  -45.575  -15.974  32.272 0.0000000000
52946  -45.481  -15.002  32.488 0.0000000000
133682  -44.594  -13.771  32.752 0.0000000000
36835  -26.610  -31.563  42.468 0.0000000000
38740  -26.648  -30.628  41.163 0.0000000000
38753  -26.831  -29.779  40.848 0.0000000000
40654  -27.570  -27.702  39.365 0.0000000000
41513  -27.987  -27.310  40.149 0.0000000000
41504  -28.288  -26.900  41.060 0.0000000000
42375  -29.212  -25.948  40.872 0.0000000000
42384  -29.654  -25.777  40.509 0.0000000000
46236  -40.645  -21.721  35.417 0.0000000000
46220  -40.332  -22.242  35.785 0.0000000000
45178  -40.451  -22.628  36.347 0.0000000000
45155  -40.530  -23.035  37.148 0.0000000000
45137  -41.014  -23.219  37.983 0.0000000000
45138  -41.664  -22.707  38.487 0.0000000000
45125  -41.973  -22.771  39.237 0.0000000000
45117  -42.517  -22.477  40.065 0.0000000000
45126  -42.354  -22.143  39.681 0.0000000000
46184  -42.697  -21.687  39.563 0.0000000000
48231  -44.856  -20.092  37.213 0.0000000000
116221  -44.909  -19.912  37.913 0.0000000000
48232  -45.542  -19.750  37.531 0.0000000000
48219  -45.428  -19.857  38.348 0.0000000000
48207  -46.138  -19.801  39.010 0.0000000000
115431  -46.386  -19.586  39.993 0.0000000000
128451  -46.697  -19.288  39.348 0.0000000000
49289  -47.041  -18.756  39.049 0.0000000000
36857  -24.275  -31.952  40.243 0.0000000000
57924  -47.003  -9.793  35.579 0.0000000000
57944  -47.938  -10.241  35.307 0.0000000000
56842  -48.223  -10.687  34.648 0.0000000000
56891  -49.066  -11.238  32.024 0.0000000000
56892  -49.671  -10.526  31.593 0.0000000000
57978  -50.358  -10.298  32.080 0.0000000000
57980  -51.591  -9.662  32.477 0.0000000000
59014  -52.280  -9.309  32.851 0.0000000000
57993  -51.668  -9.491  31.482 0.0000000000
59035  -52.193  -9.131  31.207 0.0000000000
59036  -52.440  -9.021  30.809 0.0000000000
60907  -53.825  -6.946  23.368 0.0000000000
60033  -54.786  -7.125  23.405 0.0000000000
60908  -54.673  -6.626  23.378 0.0000000000
60035  -57.563  -7.240  22.935 0.0000000000
60898  -59.631  -6.177  24.533 0.0000000000
60899  -60.509  -6.649  25.098 0.0000000000
70770  -59.615  4.182  21.919 0.0000000000
131620  -46.372  -9.940  22.061 0.0000000000
60952  -49.603  -6.764  19.918 0.0000000000
60962  -49.964  -6.257  19.617 0.0000000000
60963  -50.721  -5.799  19.544 0.0000000000
63609  -50.825  -2.888  19.666 0.0000000000
63610  -51.750  -2.995  20.052 0.0000000000
63611  -52.844  -3.248  19.566 0.0000000000
134193  -52.283  -2.957  20.060 0.0000000000
64463  -52.189  -2.324  20.147 0.0000000000
111337  -52.181  -1.213  20.183 0.0000000000
65313  -52.675  -0.677  20.854 0.0000000000
132603  -51.779  -0.729  20.080 0.0000000000
32218  -11.822  -37.106  50.008 0.0000000000
31274  -11.100  -37.831  50.618 0.0000000000
30300  -18.015  -38.645  53.489 0.0000000000
30299  -17.130  -38.759  53.736 0.0000000000
30298  -16.169  -38.711  53.937 0.0000000000
29249  -13.661  -39.928  56.132 0.0000000000
30266  -13.054  -39.425  55.334 0.0000000000
30280  -12.567  -39.025  54.540 0.0000000000
30294  -12.081  -38.713  53.914 0.0000000000
30279  -11.671  -39.189  54.385 0.0000000000
30278  -10.990  -39.104  54.221 0.0000000000
29266  -10.452  -39.360  53.760 0.0000000000
52018  -48.782  -15.502  38.311 0.0000000000
133046  -48.355  -13.599  38.185 0.0000000000
54769  -45.344  -11.469  37.176 0.0000000000
55719  -45.295  -11.546  37.832 0.0000000000
55707  -45.847  -11.392  38.221 0.0000000000
56786  -46.170  -10.729  38.349 0.0000000000
129042  -45.785  -10.134  37.465 0.0000000000
57887  -45.180  -9.132  37.424 0.0000000000
57908  -45.370  -9.301  37.306 0.0000000000
58977  -44.239  -8.787  36.536 0.0000000000
57921  -43.921  -9.279  35.729 0.0000000000
127512  -41.427  -10.128  32.825 0.0000000000
57991  -41.766  -10.243  32.541 0.0000000000
56887  -42.237  -10.687  31.788 0.0000000000
56908  -42.286  -11.089  30.959 0.0000000000
56928  -41.988  -11.439  30.073 0.0000000000
37778  -27.532  -30.816  44.330 0.0000000000
131664  -28.308  -30.056  45.396 0.0000000000
40558  -28.872  -28.217  47.094 0.0000000000
45145  -30.644  -23.725  36.678 0.0000000000
45146  -31.010  -23.589  36.890 0.0000000000
44183  -31.253  -24.830  38.934 0.0000000000
126185  -31.901  -24.980  39.311 0.0000000000
44164  -32.533  -24.477  39.990 0.0000000000
45190  -35.233  -23.526  35.510 0.0000000000
45172  -34.618  -24.069  35.962 0.0000000000
44151  -36.564  -24.949  40.707 0.0000000000
44149  -35.420  -24.253  40.841 0.0000000000
44148  -34.800  -24.324  41.048 0.0000000000
44136  -34.915  -24.646  41.743 0.0000000000
43235  -34.749  -24.746  42.529 0.0000000000
43219  -35.036  -24.788  43.481 0.0000000000
43218  -34.485  -24.675  44.138 0.0000000000
113955  -36.601  -24.920  45.010 0.0000000000
34948  -21.508  -34.114  44.125 0.0000000000
34947  -20.709  -34.401  43.878 0.0000000000
34052  -20.995  -34.534  44.704 0.0000000000
34051  -20.159  -34.715  44.470 0.0000000000
111966  -19.538  -34.971  45.030 0.0000000000
34025  -19.856  -35.195  45.664 0.0000000000
33181  -20.189  -35.612  46.920 0.0000000000
33167  -20.631  -35.747  47.474 0.0000000000
33151  -20.498  -36.067  47.999 0.0000000000
33979  -25.801  -35.149  50.321 0.0000000000
54930  -46.211  -12.507  25.833 0.0000000000
54919  -46.436  -12.594  26.623 0.0000000000
55899  -47.006  -12.387  25.985 0.0000000000
55901  -48.549  -11.969  26.700 0.0000000000
55888  -51.987  -11.479  26.975 0.0000000000
58036  -52.591  -10.419  28.655 0.0000000000
124360  -52.939  -9.704  29.318 0.0000000000
58037  -53.813  -9.695  29.259 0.0000000000
58018  -55.322  -9.306  29.686 0.0000000000
58077  -56.871  -9.586  24.156 0.0000000000
131277  -56.566  -9.821  24.802 0.0000000000
58058  -57.228  -9.839  24.949 0.0000000000
57003  -57.469  -10.071  25.826 0.0000000000
56986  -57.766  -10.452  26.753 0.0000000000
68000  -53.039  1.374  20.976 0.0000000000
113664  -53.809  1.380  21.321 0.0000000000
68918  -53.619  2.117  21.096 0.0000000000
68928  -53.971  2.384  20.421 0.0000000000
68020  -55.942  1.768  19.532 0.0000000000
126937  -57.787  3.239  20.269 0.0000000000
68940  -57.393  2.465  19.842 0.0000000000
68941  -58.352  2.490  19.649 0.0000000000
68942  -59.183  2.825  19.520 0.0000000000
127758  -56.756  3.928  14.712 0.0000000000
69920  -57.373  3.891  15.222 0.0000000000
69909  -58.668  3.524  16.049 0.0000000000
69910  -59.657  3.736  16.341 0.0000000000
69911  -60.589  4.231  16.800 0.0000000000
117323  -61.398  4.946  17.284 0.0000000000
70818  -62.087  5.505  16.780 0.0000000000
72728  -61.173  6.334  13.653 0.0000000000
72736  -61.288  6.375  12.906 0.0000000000
49343  -46.136  -19.158  36.081 0.0000000000
50292  -46.332  -18.028  35.832 0.0000000000
51193  -45.290  -16.903  32.543 0.0000000000
51203  -44.803  -16.328  32.015 0.0000000000
40668  -26.933  -27.911  38.627 0.0000000000
112974  -38.925  -21.786  33.155 0.0000000000
46265  -39.536  -21.833  33.764 0.0000000000
115941  -40.069  -21.625  34.197 0.0000000000
47284  -40.564  -21.201  34.227 0.0000000000
46252  -40.316  -21.627  34.775 0.0000000000
126458  -42.099  -21.310  36.618 0.0000000000
47248  -42.703  -21.612  37.085 0.0000000000
47258  -42.670  -20.956  36.590 0.0000000000
47259  -43.367  -20.587  36.684 0.0000000000
48245  -43.111  -20.011  35.335 0.0000000000
48246  -43.687  -19.973  36.022 0.0000000000
48247  -44.594  -19.782  36.352 0.0000000000
55786  -46.087  -11.901  32.937 0.0000000000
56873  -46.836  -11.736  33.597 0.0000000000
55798  -47.455  -12.212  31.644 0.0000000000
117416  -46.027  -12.692  30.467 0.0000000000
56910  -48.614  -11.335  30.856 0.0000000000
56911  -49.144  -10.796  30.490 0.0000000000
56930  -48.977  -11.024  29.801 0.0000000000
62682  -55.518  -5.403  23.187 0.0000000000
62683  -56.168  -4.833  23.244 0.0000000000
125655  -57.833  -5.172  24.143 0.0000000000
63581  -57.451  -3.839  23.465 0.0000000000
118728  -57.829  -4.679  24.075 0.0000000000
61774  -58.458  -4.885  24.486 0.0000000000
61775  -59.335  -5.232  24.801 0.0000000000
66196  -60.418  -0.861  23.376 0.0000000000
127640  -60.179  1.510  22.207 0.0000000000
68923  -58.411  2.947  22.133 0.0000000000
33161  -14.552  -36.099  47.197 0.0000000000
33160  -13.625  -35.965  47.186 0.0000000000
32245  -13.730  -36.844  48.515 0.0000000000
32220  -13.699  -37.301  50.033 0.0000000000
53849  -46.525  -12.676  34.903 0.0000000000
53837  -46.993  -13.243  36.225 0.0000000000
53836  -46.137  -12.057  35.870 0.0000000000
54808  -44.577  -11.576  35.583 0.0000000000
54807  -43.807  -11.818  35.180 0.0000000000
54788  -44.157  -11.283  35.776 0.0000000000
55734  -43.730  -10.785  35.925 0.0000000000
56812  -43.408  -10.078  36.384 0.0000000000
127745  -43.108  -9.789  35.631 0.0000000000
57961  -41.994  -9.383  33.741 0.0000000000
57940  -41.226  -10.106  33.663 0.0000000000
127894  -41.543  -10.044  33.244 0.0000000000
58014  -40.017  -10.329  30.207 0.0000000000
116313  -28.296  -27.774  43.909 0.0000000000
40585  -28.715  -27.916  44.577 0.0000000000
132180  -28.781  -26.840  45.669 0.0000000000
41472  -29.371  -26.593  45.052 0.0000000000
41460  -29.717  -26.991  47.046 0.0000000000
127953  -31.331  -23.472  36.541 0.0000000000
44206  -37.477  -24.245  38.529 0.0000000000
43268  -37.747  -25.094  39.797 0.0000000000
126314  -37.902  -25.344  40.775 0.0000000000
126908  -37.156  -25.162  40.434 0.0000000000
43255  -37.196  -25.318  41.229 0.0000000000
43238  -37.351  -25.414  42.096 0.0000000000
121648  -37.561  -25.262  42.908 0.0000000000
43221  -37.360  -25.099  43.454 0.0000000000
43210  -38.357  -25.439  43.808 0.0000000000
110928  -39.639  -26.209  45.168 0.0000000000
111724  -21.434  -33.216  41.929 0.0000000000
35895  -21.714  -33.536  42.782 0.0000000000
34962  -22.011  -33.708  43.570 0.0000000000
34949  -22.278  -33.848  44.366 0.0000000000
111362  -22.362  -34.836  46.818 0.0000000000
127671  -22.841  -35.243  48.113 0.0000000000
34014  -23.155  -34.856  47.336 0.0000000000
33988  -24.578  -34.878  49.248 0.0000000000
112512  -25.365  -34.890  48.781 0.0000000000
55927  -48.534  -11.509  24.719 0.0000000000
130007  -48.994  -11.782  25.169 0.0000000000
55928  -49.284  -11.325  24.728 0.0000000000
55917  -51.371  -11.465  25.305 0.0000000000
55930  -51.082  -11.075  24.393 0.0000000000
55889  -52.385  -11.277  26.226 0.0000000000
56983  -53.138  -10.963  26.179 0.0000000000
56969  -53.785  -10.956  27.036 0.0000000000
56970  -54.740  -10.560  27.596 0.0000000000
67117  -51.873  0.564  18.408 0.0000000000
130481  -52.311  0.867  19.120 0.0000000000
67118  -52.729  0.445  18.406 0.0000000000
125845  -53.394  0.553  18.636 0.0000000000
123797  -56.974  3.990  14.096 0.0000000000
69930  -58.147  4.390  14.643 0.0000000000
121710  -59.085  4.845  14.360 0.0000000000
70832  -59.875  5.007  14.795 0.0000000000
70845  -59.256  5.013  13.692 0.0000000000
114482  -60.116  5.440  13.410 0.0000000000
70859  -58.415  4.481  12.497 0.0000000000
70860  -59.446  4.943  12.700 0.0000000000
71827  -60.421  5.641  12.512 0.0000000000
32237  -18.354  -36.664  49.047 0.0000000000
122648  -17.922  -36.974  49.644 0.0000000000
32225  -18.640  -36.973  49.859 0.0000000000
31269  -18.692  -37.798  50.979 0.0000000000
30286  -18.633  -38.527  54.212 0.0000000000
116944  -49.037  -16.699  39.616 0.0000000000
51155  -48.855  -16.449  38.700 0.0000000000
52025  -48.476  -15.437  37.425 0.0000000000
52917  -47.827  -14.592  36.221 0.0000000000
50294  -47.936  -17.179  35.464 0.0000000000
51188  -47.020  -16.464  34.020 0.0000000000
51189  -47.486  -15.911  34.560 0.0000000000
51180  -47.965  -16.185  35.186 0.0000000000
52035  -47.466  -15.282  35.196 0.0000000000
52926  -47.261  -14.083  35.011 0.0000000000
53850  -47.163  -13.118  35.210 0.0000000000
53859  -45.021  -13.143  34.121 0.0000000000
111193  -44.293  -12.737  33.839 0.0000000000
53869  -44.081  -13.188  33.080 0.0000000000
120355  -43.510  -12.462  33.595 0.0000000000
54823  -41.129  -11.641  33.100 0.0000000000
35870  -26.378  -32.846  44.639 0.0000000000
37777  -27.116  -31.033  43.706 0.0000000000
37785  -27.548  -30.422  43.573 0.0000000000
38717  -27.727  -29.713  43.461 0.0000000000
39698  -27.124  -29.118  41.339 0.0000000000
40597  -28.065  -28.253  43.296 0.0000000000
40598  -28.422  -27.373  43.312 0.0000000000
41496  -28.962  -26.590  41.903 0.0000000000
134054  -29.036  -26.419  42.779 0.0000000000
115571  -31.084  -25.468  43.209 0.0000000000
45205  -35.568  -23.236  34.016 0.0000000000
112586  -34.978  -23.288  34.856 0.0000000000
45191  -35.966  -23.929  35.592 0.0000000000
45174  -36.218  -24.136  36.322 0.0000000000
45193  -38.612  -22.832  35.494 0.0000000000
45175  -37.835  -23.337  36.195 0.0000000000
45152  -37.543  -23.687  37.012 0.0000000000
44221  -38.097  -23.970  37.676 0.0000000000
112438  -39.972  -24.275  38.919 0.0000000000
44209  -40.518  -23.772  38.468 0.0000000000
44191  -40.802  -23.901  39.145 0.0000000000
43286  -40.400  -24.723  39.416 0.0000000000
43272  -41.404  -24.648  40.511 0.0000000000
43260  -42.807  -24.522  41.294 0.0000000000
43242  -43.333  -24.678  42.050 0.0000000000
132419  -43.647  -23.263  41.777 0.0000000000
45110  -43.210  -22.590  41.726 0.0000000000
123252  -42.944  -22.146  41.879 0.0000000000
45103  -43.283  -22.186  42.435 0.0000000000
46163  -43.213  -21.925  42.344 0.0000000000
124429  -44.540  -20.679  41.593 0.0000000000
47249  -43.217  -21.360  37.904 0.0000000000
47238  -43.174  -21.089  38.906 0.0000000000
116120  -43.816  -20.617  39.087 0.0000000000
47240  -44.133  -19.994  38.818 0.0000000000
117717  -44.068  -21.084  40.189 0.0000000000
47220  -44.024  -20.100  40.794 0.0000000000
119147  -46.683  -19.423  40.797 0.0000000000
49253  -46.960  -19.250  41.625 0.0000000000
127297  -22.338  -32.470  41.136 0.0000000000
35897  -23.724  -32.755  42.361 0.0000000000
36832  -24.070  -32.418  41.660 0.0000000000
57890  -48.598  -9.500  37.882 0.0000000000
57912  -49.197  -9.486  36.405 0.0000000000
58967  -50.980  -9.307  36.566 0.0000000000
56859  -48.530  -11.081  33.854 0.0000000000
56843  -49.167  -10.501  34.414 0.0000000000
57947  -50.736  -9.592  34.753 0.0000000000
58993  -52.177  -9.217  35.396 0.0000000000
59004  -52.819  -8.919  33.407 0.0000000000
58092  -52.732  -9.152  23.545 0.0000000000
132819  -53.253  -8.626  23.439 0.0000000000
124592  -53.964  -8.734  23.209 0.0000000000
122689  -54.796  -8.890  22.911 0.0000000000
59099  -55.152  -8.003  22.796 0.0000000000
59100  -55.765  -8.879  22.779 0.0000000000
58096  -56.358  -9.379  23.398 0.0000000000
58078  -57.695  -9.453  24.252 0.0000000000
60894  -56.013  -5.825  23.482 0.0000000000
60911  -57.105  -6.369  23.372 0.0000000000
128029  -58.424  -7.421  23.289 0.0000000000
60913  -59.078  -6.728  23.707 0.0000000000
130401  -59.253  -7.737  23.681 0.0000000000
131321  -58.603  -8.189  23.409 0.0000000000
59087  -59.177  -8.655  23.998 0.0000000000
32189  -8.373  -37.087  52.137 0.0000000000
132541  -43.724  -13.485  27.219 0.0000000000
54916  -43.987  -13.336  26.495 0.0000000000
54928  -44.476  -12.958  25.665 0.0000000000
131461  -44.815  -12.710  25.208 0.0000000000
54929  -45.324  -12.691  25.649 0.0000000000
55911  -45.940  -12.280  25.026 0.0000000000
55925  -46.437  -11.748  24.502 0.0000000000
55945  -45.395  -11.695  23.403 0.0000000000
57014  -46.136  -11.356  23.764 0.0000000000
57016  -47.856  -11.120  24.207 0.0000000000
58071  -49.016  -9.798  24.176 0.0000000000
58089  -47.737  -9.790  23.216 0.0000000000
58091  -49.517  -9.382  23.546 0.0000000000
59095  -50.042  -8.752  23.360 0.0000000000
59096  -50.995  -8.556  23.393 0.0000000000
60044  -49.239  -8.532  21.792 0.0000000000
60030  -50.647  -8.354  22.892 0.0000000000
129760  -51.554  -7.909  23.279 0.0000000000
60905  -52.027  -7.494  23.254 0.0000000000
60939  -51.418  -7.096  21.390 0.0000000000
60925  -52.783  -6.606  22.168 0.0000000000
61797  -53.604  -6.544  22.782 0.0000000000
61808  -53.540  -6.179  21.851 0.0000000000
61809  -54.194  -5.883  21.519 0.0000000000
62718  -49.535  -4.807  19.315 0.0000000000
113840  -51.318  -5.236  19.047 0.0000000000
114128  -53.153  -5.810  20.287 0.0000000000
61819  -53.801  -5.449  20.198 0.0000000000
62700  -54.800  -5.431  21.817 0.0000000000
111957  -55.248  -5.080  20.912 0.0000000000
127582  -55.832  -4.594  21.012 0.0000000000
111351  -55.508  -4.267  20.283 0.0000000000
63612  -53.726  -3.136  19.557 0.0000000000
110642  -55.291  -3.388  19.882 0.0000000000
63613  -55.989  -3.446  20.173 0.0000000000
63614  -56.686  -3.272  20.532 0.0000000000
111589  -56.323  -2.665  20.155 0.0000000000
65334  -56.575  -1.809  20.265 0.0000000000
66224  -56.929  -1.021  20.443 0.0000000000
65316  -55.116  -1.038  20.630 0.0000000000
66210  -53.805  -0.073  21.211 0.0000000000
66209  -52.410  0.174  20.921 0.0000000000
67089  -53.202  0.612  21.072 0.0000000000
67088  -52.329  0.769  20.936 0.0000000000
68015  -51.628  0.960  20.104 0.0000000000
67116  -50.965  0.861  18.740 0.0000000000
32224  -17.186  -37.308  49.772 0.0000000000
32223  -16.180  -37.498  49.882 0.0000000000
31267  -16.766  -37.763  51.418 0.0000000000
31279  -16.082  -37.686  50.853 0.0000000000
125714  -15.347  -37.651  50.358 0.0000000000
32221  -14.561  -37.428  50.117 0.0000000000
31277  -14.048  -37.706  50.653 0.0000000000
118448  -16.469  -39.370  55.781 0.0000000000
30283  -15.856  -38.842  55.022 0.0000000000
30297  -15.222  -39.168  53.996 0.0000000000
30282  -14.449  -39.016  54.808 0.0000000000
30296  -14.364  -38.846  53.603 0.0000000000
30311  -14.798  -38.288  52.825 0.0000000000
31249  -14.289  -38.113  51.996 0.0000000000
31264  -13.665  -37.981  51.316 0.0000000000
31276  -13.199  -37.646  50.665 0.0000000000
30308  -11.635  -38.828  53.056 0.0000000000
31246  -11.199  -38.378  52.346 0.0000000000
31243  -8.844  -37.811  52.208 0.0000000000
30304  -8.494  -38.228  52.347 0.0000000000
29265  -9.722  -39.498  53.120 0.0000000000
29264  -8.637  -39.797  52.578 0.0000000000
122183  -50.011  -11.219  40.265 0.0000000000
51142  -49.712  -16.415  42.042 0.0000000000
52008  -49.385  -14.828  40.344 0.0000000000
53822  -47.080  -13.056  37.157 0.0000000000
53806  -47.158  -12.721  38.095 0.0000000000
53791  -48.062  -12.671  39.320 0.0000000000
54742  -48.334  -12.336  40.242 0.0000000000
55687  -48.901  -11.334  40.696 0.0000000000
56758  -48.812  -11.003  40.442 0.0000000000
56773  -47.326  -10.531  39.514 0.0000000000
115605  -48.396  -10.340  39.870 0.0000000000
57861  -48.313  -9.898  39.289 0.0000000000
57889  -47.848  -9.443  38.123 0.0000000000
57910  -47.552  -9.501  37.291 0.0000000000
57923  -46.388  -9.710  36.295 0.0000000000
57920  -43.572  -9.437  35.688 0.0000000000
122892  -43.214  -9.044  35.070 0.0000000000
56854  -43.093  -10.220  33.865 0.0000000000
56856  -45.016  -10.756  34.203 0.0000000000
56872  -45.278  -11.516  33.648 0.0000000000
56890  -45.008  -11.723  32.890 0.0000000000
124677  -43.115  -11.589  30.944 0.0000000000
55813  -43.688  -11.978  30.440 0.0000000000
54891  -43.226  -12.758  28.303 0.0000000000
54830  -39.124  -11.063  31.678 0.0000000000
55794  -38.663  -10.499  31.680 0.0000000000
129379  -38.771  -10.134  32.195 0.0000000000
57987  -38.709  -9.990  31.679 0.0000000000
113056  -38.034  -10.448  30.084 0.0000000000
57997  -38.894  -9.951  30.980 0.0000000000
58013  -39.179  -10.396  30.341 0.0000000000
56925  -39.515  -10.638  29.817 0.0000000000
56950  -40.035  -11.172  29.231 0.0000000000
54901  -40.028  -12.793  27.404 0.0000000000
55882  -40.791  -12.401  27.928 0.0000000000
125570  -43.104  -13.237  27.557 0.0000000000
128359  -26.998  -32.914  45.145 0.0000000000
35871  -27.559  -32.352  45.504 0.0000000000
42399  -28.150  -26.304  37.442 0.0000000000
42400  -28.743  -25.686  37.950 0.0000000000
42391  -29.005  -25.762  38.994 0.0000000000
42392  -29.717  -25.599  39.675 0.0000000000
43283  -30.780  -24.750  39.671 0.0000000000
43248  -30.372  -25.256  41.273 0.0000000000
43216  -31.676  -25.033  43.206 0.0000000000
45171  -33.687  -23.813  35.976 0.0000000000
45148  -32.354  -23.727  36.978 0.0000000000
45133  -32.623  -24.391  37.772 0.0000000000
44205  -36.516  -24.285  38.263 0.0000000000
44204  -35.581  -24.436  38.089 0.0000000000
44203  -34.556  -24.131  38.480 0.0000000000
45123  -33.757  -24.171  38.704 0.0000000000
45122  -33.187  -24.400  38.731 0.0000000000
44202  -32.693  -24.618  38.366 0.0000000000
112918  -33.148  -24.318  39.371 0.0000000000
43251  -32.605  -25.247  41.509 0.0000000000
43232  -32.117  -24.865  42.338 0.0000000000
111222  -33.449  -24.627  45.127 0.0000000000
129934  -34.220  -24.773  45.295 0.0000000000
111223  -33.938  -24.881  45.930 0.0000000000
43208  -37.138  -24.950  44.242 0.0000000000
43196  -37.316  -25.320  45.116 0.0000000000
115613  -36.859  -25.290  45.815 0.0000000000
33185  -15.392  -35.519  45.525 0.0000000000
33149  -17.948  -36.345  47.690 0.0000000000
34037  -17.545  -35.319  44.859 0.0000000000
122536  -18.802  -35.162  44.987 0.0000000000
33188  -18.210  -35.498  45.467 0.0000000000
33178  -17.786  -35.720  46.316 0.0000000000
32249  -18.379  -36.533  48.242 0.0000000000
32238  -19.338  -36.697  49.393 0.0000000000
54894  -46.029  -12.941  28.223 0.0000000000
54895  -47.012  -13.020  28.281 0.0000000000
134151  -48.001  -11.776  29.063 0.0000000000
56931  -49.702  -10.694  29.863 0.0000000000
117180  -48.895  -11.883  25.927 0.0000000000
129774  -49.227  -11.766  26.720 0.0000000000
55886  -49.738  -11.574  27.497 0.0000000000
55870  -50.504  -11.367  27.961 0.0000000000
55869  -49.954  -11.172  28.464 0.0000000000
113782  -50.155  -10.699  29.234 0.0000000000
56932  -50.512  -10.180  29.883 0.0000000000
58001  -52.203  -9.242  30.454 0.0000000000
59037  -53.097  -8.712  30.907 0.0000000000
117786  -53.281  -9.291  29.926 0.0000000000
57042  -53.882  -10.096  23.641 0.0000000000
57023  -54.477  -10.426  24.686 0.0000000000
57025  -55.971  -9.962  25.100 0.0000000000
57001  -55.197  -10.278  25.504 0.0000000000
56984  -55.492  -10.379  26.340 0.0000000000
114253  -55.364  -10.521  26.971 0.0000000000
56971  -55.716  -10.402  27.725 0.0000000000
56958  -56.185  -10.129  28.503 0.0000000000
58039  -55.783  -9.701  29.142 0.0000000000
66213  -56.399  -0.097  20.922 0.0000000000
117399  -56.783  0.633  21.423 0.0000000000
67080  -54.564  1.221  21.723 0.0000000000
68003  -56.185  1.571  21.831 0.0000000000
67092  -57.301  1.452  21.613 0.0000000000
68922  -57.525  3.021  22.232 0.0000000000
68910  -57.954  3.495  22.202 0.0000000000
68017  -53.432  1.735  20.028 0.0000000000
68929  -54.546  2.643  20.551 0.0000000000
68937  -54.562  2.574  20.275 0.0000000000
68921  -56.175  3.077  21.597 0.0000000000
69856  -56.888  3.471  21.769 0.0000000000
69858  -58.354  3.986  22.024 0.0000000000
70769  -58.669  4.191  21.862 0.0000000000
130144  -60.032  4.329  21.430 0.0000000000
70787  -59.010  4.447  21.231 0.0000000000
70778  -60.705  4.666  21.021 0.0000000000
70789  -61.328  4.826  20.442 0.0000000000
68957  -56.932  1.913  17.518 0.0000000000
68947  -58.010  1.894  18.413 0.0000000000
68948  -58.814  2.233  18.806 0.0000000000
68949  -59.834  2.945  18.872 0.0000000000
69890  -60.352  3.196  18.158 0.0000000000
119165  -60.749  3.916  18.884 0.0000000000
130807  -61.310  4.819  19.467 0.0000000000
71806  -60.689  5.589  14.750 0.0000000000
72722  -62.088  6.108  14.194 0.0000000000
30267  -13.774  -39.116  55.358 0.0000000000
31235  -16.465  -38.306  53.076 0.0000000000
31252  -17.635  -38.042  52.117 0.0000000000
31278  -14.724  -37.742  50.691 0.0000000000
32206  -18.856  -37.423  50.436 0.0000000000
32236  -17.440  -36.858  49.088 0.0000000000
33189  -19.134  -35.554  45.568 0.0000000000
43285  -39.402  -24.970  39.290 0.0000000000
44189  -38.054  -24.560  39.106 0.0000000000
50269  -48.582  -17.214  37.324 0.0000000000
50281  -46.657  -18.550  36.530 0.0000000000
50307  -46.868  -17.424  34.304 0.0000000000
50312  -45.730  -17.369  33.202 0.0000000000
51195  -46.928  -16.038  33.112 0.0000000000
52067  -43.815  -15.277  31.202 0.0000000000
52900  -48.067  -13.024  38.520 0.0000000000
54770  -45.666  -12.044  37.527 0.0000000000
54906  -47.233  -12.663  27.581 0.0000000000
55777  -40.663  -11.236  33.706 0.0000000000
55840  -47.551  -12.252  29.357 0.0000000000
55841  -48.523  -11.423  29.389 0.0000000000
55883  -41.540  -12.916  27.767 0.0000000000
55918  -52.022  -11.283  25.551 0.0000000000
55926  -47.178  -11.592  24.696 0.0000000000
56759  -49.395  -11.128  40.709 0.0000000000
56926  -40.396  -10.757  29.791 0.0000000000
57040  -52.215  -9.771  23.741 0.0000000000
58094  -54.399  -9.662  23.314 0.0000000000
58097  -57.232  -9.176  23.444 0.0000000000
59015  -52.712  -9.024  32.357 0.0000000000
59085  -50.455  -8.990  23.633 0.0000000000
59098  -52.594  -8.140  23.593 0.0000000000
59110  -48.525  -8.850  22.183 0.0000000000
59113  -56.594  -7.126  22.787 0.0000000000
60895  -56.770  -5.649  23.566 0.0000000000
60938  -50.720  -6.983  20.900 0.0000000000
61771  -55.940  -5.445  23.363 0.0000000000
61785  -54.842  -5.923  23.204 0.0000000000
62692  -55.660  -4.944  22.834 0.0000000000
63589  -56.757  -3.964  22.324 0.0000000000
63624  -53.301  -3.881  19.506 0.0000000000
64439  -59.549  -2.442  23.799 0.0000000000
64444  -58.135  -2.942  22.285 0.0000000000
64469  -57.781  -2.235  20.730 0.0000000000
65317  -59.182  -1.221  21.388 0.0000000000
66202  -60.238  -0.289  22.637 0.0000000000
66223  -55.901  -0.843  20.609 0.0000000000
66225  -58.320  -0.364  20.780 0.0000000000
67081  -55.419  1.431  21.835 0.0000000000
68002  -54.783  2.434  21.607 0.0000000000
68004  -57.879  2.240  21.747 0.0000000000
68909  -57.224  3.209  22.086 0.0000000000
68919  -54.294  2.499  21.113 0.0000000000
68930  -55.157  2.776  20.559 0.0000000000
69859  -58.974  4.083  22.077 0.0000000000
69870  -57.450  3.832  21.553 0.0000000000
70768  -58.191  4.114  21.732 0.0000000000
70777  -59.191  4.349  21.586 0.0000000000
70786  -58.207  4.299  21.337 0.0000000000
70796  -61.040  4.799  19.903 0.0000000000
72721  -61.506  6.212  14.260 0.0000000000
111010  -20.958  -35.939  48.637 0.0000000000
111221  -34.100  -24.657  44.719 0.0000000000
112089  -41.005  -26.306  44.063 0.0000000000
112656  -48.856  -12.361  40.938 0.0000000000
113506  -45.073  -12.949  27.245 0.0000000000
113540  -40.264  -10.228  32.110 0.0000000000
114112  -60.071  4.407  21.091 0.0000000000
114136  -17.190  -37.856  51.767 0.0000000000
114753  -46.609  -19.162  38.706 0.0000000000
116980  -54.084  -7.288  23.424 0.0000000000
118594  -52.191  -4.129  19.101 0.0000000000
119038  -44.644  -11.052  33.489 0.0000000000
119260  -15.085  -36.876  49.094 0.0000000000
125142  -22.387  -35.002  47.561 0.0000000000
125595  -40.300  -10.344  30.713 0.0000000000
126011  -44.911  -8.923  36.412 0.0000000000
126365  -44.535  -8.852  37.205 0.0000000000
127005  -48.337  -17.795  38.585 0.0000000000
127459  -48.277  -11.607  32.473 0.0000000000
128198  -40.188  -10.142  32.654 0.0000000000
129649  -57.835  4.029  21.446 0.0000000000
129750  -44.390  -12.840  24.691 0.0000000000
129904  -46.572  -15.301  33.282 0.0000000000
130344  -15.365  -38.248  52.617 0.0000000000
130426  -52.222  -3.433  19.552 0.0000000000
130507  -19.092  -34.968  44.668 0.0000000000
130923  -38.896  -9.897  32.901 0.0000000000
131079  -49.995  -9.135  23.596 0.0000000000
131892  -59.515  -1.687  22.899 0.0000000000
132512  -46.903  -9.586  37.468 0.0000000000
132647  -14.994  -38.646  53.374 0.0000000000
132735  -49.482  -11.867  26.176 0.0000000000
132784  -51.685  -7.572  22.970 0.0000000000
133045  -51.830  -1.859  20.055 0.0000000000
