#!ascii label  , from subject sub-003S6257 vox2ras=TkReg
820
32261  -23.663  -36.576  46.510 0.0000000000
50209  -48.853  -17.513  42.920 0.0000000000
56788  -48.820  -10.141  38.935 0.0000000000
59953  -57.027  -8.305  33.231 0.0000000000
47199  -45.135  -20.720  42.422 0.0000000000
58969  -52.797  -9.188  35.859 0.0000000000
58060  -59.004  -9.905  25.182 0.0000000000
60888  -61.969  -6.597  26.644 0.0000000000
49234  -51.507  -18.474  43.051 0.0000000000
52891  -53.633  -15.386  40.383 0.0000000000
53771  -49.720  -12.684  41.791 0.0000000000
32241  -28.213  -36.064  49.615 0.0000000000
36808  -29.217  -31.940  45.926 0.0000000000
40533  -30.672  -27.046  47.857 0.0000000000
42297  -35.466  -25.593  48.885 0.0000000000
41452  -40.556  -26.841  47.454 0.0000000000
43184  -44.721  -24.699  46.662 0.0000000000
46145  -48.953  -21.730  44.742 0.0000000000
52928  -53.385  -14.880  35.575 0.0000000000
62654  -62.032  -4.349  26.243 0.0000000000
50192  -50.355  -17.385  44.484 0.0000000000
51994  -51.529  -15.516  43.547 0.0000000000
52004  -50.132  -15.759  42.261 0.0000000000
34017  -26.814  -34.694  47.833 0.0000000000
34922  -29.277  -34.056  47.509 0.0000000000
41474  -42.215  -26.578  45.196 0.0000000000
41455  -43.651  -25.867  47.209 0.0000000000
124926  -44.149  -24.563  45.613 0.0000000000
129785  -46.948  -19.237  43.174 0.0000000000
47175  -46.738  -20.826  44.657 0.0000000000
48150  -48.376  -18.920  44.401 0.0000000000
47193  -50.670  -20.140  43.778 0.0000000000
54744  -50.927  -12.479  40.235 0.0000000000
52026  -52.168  -16.096  37.311 0.0000000000
54772  -50.380  -12.483  37.190 0.0000000000
59932  -55.282  -8.655  34.788 0.0000000000
118948  -55.895  -9.960  36.446 0.0000000000
56845  -56.704  -9.429  35.070 0.0000000000
56896  -57.879  -10.207  32.537 0.0000000000
56976  -62.636  -11.384  27.476 0.0000000000
55890  -59.946  -11.373  27.848 0.0000000000
45103  -43.283  -22.186  42.435 0.0000000000
59026  -53.585  -8.707  31.537 0.0000000000
59077  -61.434  -8.907  25.659 0.0000000000
58053  -63.484  -9.455  26.528 0.0000000000
60914  -63.223  -6.822  23.540 0.0000000000
129203  -50.765  -18.733  39.639 0.0000000000
51143  -53.122  -16.313  41.947 0.0000000000
53766  -51.831  -13.401  42.282 0.0000000000
31308  -26.319  -36.908  48.337 0.0000000000
36822  -29.721  -31.161  44.566 0.0000000000
38653  -29.646  -29.768  46.955 0.0000000000
39624  -30.736  -28.069  46.161 0.0000000000
40548  -32.269  -26.943  47.829 0.0000000000
114476  -35.046  -27.229  48.345 0.0000000000
39578  -37.386  -28.021  48.293 0.0000000000
42307  -38.242  -25.809  47.491 0.0000000000
110545  -42.827  -28.489  46.849 0.0000000000
45078  -45.501  -22.918  45.034 0.0000000000
44114  -47.149  -23.210  45.800 0.0000000000
43227  -48.636  -25.025  43.995 0.0000000000
45104  -49.048  -22.770  42.788 0.0000000000
47211  -49.957  -20.837  41.831 0.0000000000
55723  -53.114  -10.545  36.732 0.0000000000
58042  -58.065  -9.824  29.225 0.0000000000
128442  -59.182  -9.775  31.968 0.0000000000
31296  -24.065  -37.170  48.699 0.0000000000
50201  -49.620  -17.275  44.266 0.0000000000
51992  -50.593  -15.869  43.652 0.0000000000
51142  -49.712  -16.415  42.042 0.0000000000
119702  -42.337  -25.823  43.560 0.0000000000
42337  -42.885  -25.923  45.552 0.0000000000
42360  -43.251  -25.519  43.781 0.0000000000
50208  -48.106  -18.254  42.506 0.0000000000
49199  -48.082  -18.808  44.007 0.0000000000
50189  -48.535  -18.251  44.164 0.0000000000
49201  -49.452  -18.076  44.810 0.0000000000
53792  -50.737  -12.781  38.936 0.0000000000
55710  -49.773  -11.283  38.554 0.0000000000
59943  -56.109  -8.416  33.792 0.0000000000
58984  -56.443  -8.838  35.544 0.0000000000
58996  -57.321  -8.565  34.215 0.0000000000
56879  -56.986  -10.174  33.167 0.0000000000
56863  -58.487  -9.237  33.171 0.0000000000
54922  -63.430  -11.907  26.989 0.0000000000
54907  -62.635  -12.377  27.838 0.0000000000
53965  -62.867  -12.863  26.838 0.0000000000
60024  -59.901  -7.158  24.254 0.0000000000
60015  -61.672  -7.193  26.476 0.0000000000
119291  -62.327  -8.809  26.549 0.0000000000
59999  -62.894  -7.799  26.754 0.0000000000
59078  -63.588  -8.674  26.127 0.0000000000
60874  -63.103  -7.431  26.343 0.0000000000
61777  -63.126  -5.625  24.347 0.0000000000
48199  -51.154  -18.865  41.459 0.0000000000
49272  -51.677  -17.972  40.918 0.0000000000
50217  -52.134  -17.687  41.730 0.0000000000
53758  -51.179  -13.870  42.794 0.0000000000
119045  -51.855  -13.923  42.713 0.0000000000
54708  -50.825  -12.349  42.019 0.0000000000
54720  -50.335  -11.742  41.807 0.0000000000
54719  -49.788  -11.469  41.482 0.0000000000
113379  -27.346  -36.526  47.085 0.0000000000
113021  -28.769  -35.952  48.309 0.0000000000
35860  -29.333  -33.332  46.789 0.0000000000
40559  -29.396  -27.742  47.169 0.0000000000
39589  -29.781  -28.618  47.233 0.0000000000
38654  -30.138  -29.071  47.033 0.0000000000
39590  -30.529  -28.066  47.408 0.0000000000
112690  -31.584  -27.287  47.487 0.0000000000
118354  -31.570  -27.227  48.291 0.0000000000
41434  -34.893  -26.345  49.156 0.0000000000
117527  -36.017  -27.541  49.031 0.0000000000
41436  -36.292  -26.534  49.396 0.0000000000
123234  -39.692  -25.997  46.244 0.0000000000
42322  -38.828  -25.743  46.806 0.0000000000
41451  -39.819  -26.622  47.896 0.0000000000
113921  -39.696  -27.133  48.416 0.0000000000
40540  -40.506  -27.592  48.341 0.0000000000
39598  -41.489  -28.759  47.398 0.0000000000
40553  -41.945  -26.849  47.709 0.0000000000
42311  -44.248  -25.237  47.122 0.0000000000
41456  -44.419  -25.957  47.084 0.0000000000
42326  -45.323  -25.678  46.566 0.0000000000
42327  -46.718  -25.739  45.756 0.0000000000
46149  -44.603  -22.275  43.716 0.0000000000
46150  -45.070  -21.881  44.174 0.0000000000
122294  -48.043  -20.875  44.903 0.0000000000
123550  -46.613  -21.999  45.393 0.0000000000
45081  -48.533  -22.490  45.084 0.0000000000
43200  -48.321  -24.489  45.061 0.0000000000
44124  -49.168  -23.380  44.275 0.0000000000
45097  -49.664  -22.037  43.648 0.0000000000
48176  -51.131  -19.332  43.344 0.0000000000
47201  -50.571  -20.441  43.177 0.0000000000
48187  -50.721  -19.616  42.016 0.0000000000
48197  -49.846  -19.901  40.602 0.0000000000
33980  -26.708  -35.361  50.282 0.0000000000
33117  -27.972  -36.080  51.099 0.0000000000
31290  -27.142  -37.253  50.290 0.0000000000
50231  -54.642  -17.132  39.702 0.0000000000
128772  -54.690  -17.175  38.949 0.0000000000
119336  -51.872  -15.277  36.501 0.0000000000
127964  -51.582  -9.384  36.490 0.0000000000
56803  -51.950  -10.008  36.972 0.0000000000
56804  -53.444  -10.046  36.728 0.0000000000
55771  -55.463  -11.513  35.642 0.0000000000
54795  -55.384  -11.747  36.055 0.0000000000
55843  -60.779  -11.963  29.819 0.0000000000
56962  -59.365  -11.019  28.822 0.0000000000
56935  -59.533  -10.705  29.952 0.0000000000
58003  -58.895  -9.412  30.894 0.0000000000
56899  -59.868  -11.185  30.894 0.0000000000
55805  -59.208  -11.144  31.393 0.0000000000
61762  -60.036  -4.734  25.425 0.0000000000
60872  -62.169  -5.927  26.494 0.0000000000
63558  -60.661  -3.453  25.777 0.0000000000
64417  -60.722  -2.577  25.394 0.0000000000
113029  -51.573  -17.627  43.564 0.0000000000
50202  -51.776  -16.643  43.680 0.0000000000
51989  -51.143  -16.075  44.161 0.0000000000
52000  -50.859  -14.737  43.227 0.0000000000
52843  -50.235  -13.598  42.174 0.0000000000
33991  -27.845  -35.065  49.422 0.0000000000
33154  -29.075  -35.126  48.251 0.0000000000
36801  -28.631  -32.195  46.141 0.0000000000
118460  -41.283  -26.512  46.476 0.0000000000
41464  -42.125  -26.507  47.300 0.0000000000
122754  -42.392  -26.118  46.133 0.0000000000
42338  -43.711  -25.383  46.110 0.0000000000
44103  -44.580  -24.531  46.306 0.0000000000
48161  -46.225  -20.169  43.061 0.0000000000
47182  -46.058  -20.883  44.075 0.0000000000
48148  -47.198  -19.749  43.882 0.0000000000
48135  -48.083  -19.655  44.420 0.0000000000
47177  -48.472  -20.220  44.643 0.0000000000
122686  -49.521  -21.080  44.483 0.0000000000
48136  -49.886  -19.590  44.618 0.0000000000
49217  -50.755  -18.702  44.258 0.0000000000
34001  -26.371  -34.877  48.624 0.0000000000
53794  -52.239  -13.642  40.422 0.0000000000
52013  -53.389  -15.635  39.445 0.0000000000
52902  -51.668  -14.561  38.553 0.0000000000
53825  -50.839  -13.854  37.401 0.0000000000
53839  -51.132  -13.508  36.530 0.0000000000
114884  -54.061  -9.002  35.693 0.0000000000
57896  -54.926  -9.473  36.409 0.0000000000
119163  -55.837  -9.011  36.066 0.0000000000
56825  -56.203  -9.209  36.002 0.0000000000
56989  -61.055  -10.962  26.528 0.0000000000
121930  -60.082  -11.030  26.421 0.0000000000
55905  -61.626  -11.435  27.320 0.0000000000
121674  -61.782  -12.155  28.527 0.0000000000
50216  -48.561  -17.708  41.806 0.0000000000
49254  -47.425  -18.769  42.097 0.0000000000
56789  -49.441  -9.815  37.898 0.0000000000
58993  -52.177  -9.217  35.396 0.0000000000
113691  -53.124  -8.981  34.460 0.0000000000
59017  -54.439  -8.480  32.989 0.0000000000
59018  -55.328  -8.355  32.395 0.0000000000
58081  -60.508  -9.218  24.949 0.0000000000
128853  -62.298  -10.142  26.603 0.0000000000
56991  -62.952  -10.385  27.086 0.0000000000
55906  -63.504  -11.252  26.628 0.0000000000
61765  -62.976  -6.277  25.275 0.0000000000
60026  -63.355  -7.478  24.311 0.0000000000
49291  -51.626  -18.301  39.740 0.0000000000
50229  -53.719  -17.378  40.444 0.0000000000
133867  -54.284  -16.435  40.409 0.0000000000
127178  -52.844  -15.923  42.662 0.0000000000
52002  -53.379  -15.135  42.222 0.0000000000
52875  -52.972  -14.214  41.595 0.0000000000
54734  -51.627  -12.786  41.621 0.0000000000
55688  -49.850  -11.109  41.335 0.0000000000
129460  -49.815  -15.673  41.275 0.0000000000
52873  -49.213  -13.816  40.919 0.0000000000
54730  -48.063  -11.407  40.355 0.0000000000
121255  -24.907  -36.809  47.523 0.0000000000
111100  -26.109  -36.339  46.208 0.0000000000
37786  -30.063  -30.379  44.126 0.0000000000
128175  -28.876  -31.126  46.029 0.0000000000
37747  -29.000  -31.188  46.079 0.0000000000
37763  -29.899  -31.165  47.421 0.0000000000
38686  -30.171  -29.902  46.075 0.0000000000
121994  -33.111  -26.776  46.355 0.0000000000
40563  -34.637  -27.070  46.645 0.0000000000
43171  -35.837  -25.139  47.104 0.0000000000
43182  -37.198  -25.482  46.716 0.0000000000
42305  -36.847  -25.596  48.169 0.0000000000
41437  -38.190  -26.670  48.900 0.0000000000
116581  -39.020  -28.053  48.424 0.0000000000
118371  -42.710  -26.553  47.407 0.0000000000
44129  -44.200  -23.798  43.814 0.0000000000
44122  -44.642  -23.766  44.952 0.0000000000
44111  -45.065  -23.931  45.557 0.0000000000
46141  -45.824  -21.819  44.961 0.0000000000
120735  -45.929  -22.464  45.326 0.0000000000
44105  -46.104  -23.864  46.184 0.0000000000
117472  -47.703  -24.898  45.396 0.0000000000
42341  -48.068  -25.238  44.731 0.0000000000
45112  -48.762  -22.475  41.947 0.0000000000
46160  -49.992  -21.482  43.353 0.0000000000
46171  -49.695  -21.439  42.126 0.0000000000
46177  -48.743  -21.465  40.840 0.0000000000
46188  -49.091  -20.927  40.479 0.0000000000
131267  -25.549  -37.735  49.939 0.0000000000
55722  -50.846  -10.302  37.210 0.0000000000
123822  -51.289  -11.946  36.531 0.0000000000
120124  -52.796  -13.258  36.038 0.0000000000
55724  -54.310  -10.401  36.635 0.0000000000
54793  -54.516  -12.318  36.249 0.0000000000
53852  -54.121  -13.903  35.549 0.0000000000
59038  -54.611  -8.582  30.987 0.0000000000
59029  -56.168  -8.305  31.698 0.0000000000
56975  -58.996  -10.992  27.624 0.0000000000
56960  -57.691  -10.129  28.519 0.0000000000
58020  -56.925  -9.144  29.476 0.0000000000
59041  -57.617  -8.590  30.871 0.0000000000
112167  -58.192  -8.544  32.832 0.0000000000
56897  -58.653  -10.436  31.991 0.0000000000
31320  -23.088  -36.832  47.183 0.0000000000
51128  -49.524  -17.038  43.643 0.0000000000
51135  -49.505  -16.861  42.749 0.0000000000
42359  -41.394  -26.140  43.260 0.0000000000
43224  -42.783  -25.379  42.878 0.0000000000
50199  -48.293  -18.203  43.456 0.0000000000
50200  -48.889  -17.564  43.953 0.0000000000
55709  -49.227  -10.708  39.617 0.0000000000
55720  -49.433  -10.352  38.302 0.0000000000
59944  -56.994  -8.418  33.899 0.0000000000
59935  -57.071  -8.525  34.365 0.0000000000
59945  -57.460  -8.528  33.861 0.0000000000
56862  -57.885  -9.070  33.993 0.0000000000
59008  -58.178  -8.785  33.546 0.0000000000
117535  -63.309  -12.353  26.450 0.0000000000
54921  -63.124  -12.419  27.290 0.0000000000
60887  -61.109  -6.274  26.081 0.0000000000
59998  -62.420  -7.446  26.701 0.0000000000
60873  -62.561  -6.927  26.636 0.0000000000
49255  -51.649  -18.279  42.047 0.0000000000
50210  -51.990  -17.654  42.589 0.0000000000
53763  -50.374  -12.676  42.096 0.0000000000
53764  -50.913  -12.818  42.403 0.0000000000
54707  -50.445  -12.145  41.966 0.0000000000
55660  -49.926  -11.453  41.655 0.0000000000
54718  -49.295  -12.177  41.383 0.0000000000
32240  -28.115  -36.342  49.761 0.0000000000
32251  -28.632  -36.075  49.059 0.0000000000
35865  -29.291  -32.363  46.220 0.0000000000
121898  -29.702  -33.172  46.279 0.0000000000
40546  -30.123  -27.664  47.484 0.0000000000
40547  -30.749  -27.400  47.730 0.0000000000
39591  -31.081  -27.397  47.764 0.0000000000
40534  -31.320  -26.901  48.367 0.0000000000
42296  -34.642  -25.777  48.861 0.0000000000
42283  -34.292  -26.352  48.970 0.0000000000
42284  -35.230  -26.008  49.449 0.0000000000
41435  -35.715  -26.382  49.455 0.0000000000
42285  -36.009  -25.985  49.452 0.0000000000
41462  -40.485  -26.619  46.677 0.0000000000
42309  -39.671  -26.482  47.068 0.0000000000
41445  -40.550  -26.932  47.915 0.0000000000
40541  -41.197  -27.242  47.847 0.0000000000
41453  -41.494  -26.841  47.468 0.0000000000
43174  -44.502  -24.934  46.926 0.0000000000
42312  -44.613  -25.182  46.985 0.0000000000
120647  -45.084  -25.022  46.776 0.0000000000
132868  -46.087  -25.775  46.168 0.0000000000
120825  -45.848  -25.205  46.379 0.0000000000
46158  -44.840  -21.840  43.301 0.0000000000
47191  -45.197  -21.146  42.978 0.0000000000
46144  -48.160  -21.575  45.100 0.0000000000
44116  -48.897  -23.210  44.788 0.0000000000
45082  -49.114  -22.554  44.553 0.0000000000
45089  -49.359  -22.658  43.984 0.0000000000
46153  -49.486  -21.885  44.254 0.0000000000
48175  -50.920  -19.824  42.977 0.0000000000
48188  -51.206  -19.094  42.536 0.0000000000
33129  -27.986  -35.997  50.574 0.0000000000
33128  -27.433  -35.806  50.862 0.0000000000
32229  -28.075  -36.195  50.571 0.0000000000
31284  -27.966  -36.617  50.522 0.0000000000
51151  -54.582  -16.685  39.952 0.0000000000
51157  -54.676  -17.184  39.322 0.0000000000
51156  -54.657  -16.813  39.329 0.0000000000
52919  -52.287  -14.687  36.056 0.0000000000
52036  -52.558  -15.591  36.077 0.0000000000
52037  -53.351  -15.866  35.456 0.0000000000
52929  -54.187  -14.925  35.182 0.0000000000
58968  -51.932  -9.238  36.197 0.0000000000
57894  -52.654  -9.540  36.530 0.0000000000
58951  -53.152  -9.353  36.183 0.0000000000
57005  -59.416  -10.586  25.901 0.0000000000
55842  -60.189  -11.417  29.534 0.0000000000
125688  -59.656  -10.471  30.753 0.0000000000
49203  -50.908  -17.971  44.278 0.0000000000
50193  -51.200  -17.147  44.275 0.0000000000
51123  -50.721  -16.742  44.340 0.0000000000
51999  -50.501  -15.324  42.948 0.0000000000
134258  -50.585  -14.378  42.712 0.0000000000
111283  -50.106  -14.755  42.056 0.0000000000
34002  -27.434  -34.684  48.821 0.0000000000
35858  -28.335  -32.826  46.812 0.0000000000
112089  -41.005  -26.306  44.063 0.0000000000
41473  -41.250  -26.688  44.988 0.0000000000
42335  -40.623  -26.312  45.850 0.0000000000
42336  -41.664  -26.371  45.987 0.0000000000
42323  -42.162  -26.264  46.780 0.0000000000
42349  -43.347  -25.111  44.914 0.0000000000
43198  -44.174  -24.794  46.423 0.0000000000
48174  -46.420  -19.795  42.907 0.0000000000
48162  -46.770  -19.708  43.428 0.0000000000
48149  -47.788  -19.286  44.112 0.0000000000
124460  -48.959  -19.327  44.686 0.0000000000
47178  -49.342  -20.247  44.643 0.0000000000
50191  -49.812  -17.569  44.694 0.0000000000
49202  -50.152  -18.143  44.726 0.0000000000
33990  -26.990  -34.980  49.546 0.0000000000
52889  -52.172  -14.188  39.565 0.0000000000
53793  -51.477  -13.321  39.780 0.0000000000
53807  -50.450  -13.133  37.773 0.0000000000
53824  -50.600  -13.279  36.913 0.0000000000
52911  -50.935  -13.937  36.844 0.0000000000
54790  -50.828  -12.609  36.608 0.0000000000
58995  -54.511  -8.935  35.181 0.0000000000
58982  -54.931  -8.925  35.701 0.0000000000
59924  -55.558  -8.766  35.468 0.0000000000
57949  -56.729  -9.044  35.349 0.0000000000
57928  -56.180  -9.031  35.889 0.0000000000
56844  -56.097  -10.186  35.766 0.0000000000
120453  -56.483  -10.083  34.089 0.0000000000
56990  -62.054  -10.824  26.861 0.0000000000
55873  -61.458  -12.466  28.889 0.0000000000
50215  -47.977  -18.320  41.449 0.0000000000
116681  -52.552  -9.193  34.512 0.0000000000
59025  -52.773  -8.911  31.510 0.0000000000
132930  -54.254  -8.567  32.140 0.0000000000
60025  -60.668  -7.598  24.846 0.0000000000
59088  -60.685  -8.462  24.853 0.0000000000
124308  -59.964  -8.753  24.508 0.0000000000
58062  -61.003  -9.761  25.572 0.0000000000
58063  -61.949  -9.576  26.240 0.0000000000
58052  -63.138  -9.363  26.905 0.0000000000
58051  -62.838  -9.305  26.893 0.0000000000
56992  -63.267  -10.495  26.918 0.0000000000
57008  -63.637  -10.361  26.010 0.0000000000
55919  -63.550  -11.217  25.718 0.0000000000
59089  -63.617  -8.617  25.064 0.0000000000
61751  -61.869  -4.959  26.473 0.0000000000
60889  -62.638  -6.125  26.172 0.0000000000
61752  -62.335  -5.198  26.208 0.0000000000
60900  -63.234  -6.511  24.334 0.0000000000
48209  -50.273  -19.185  39.179 0.0000000000
49310  -51.052  -18.650  38.929 0.0000000000
50228  -52.670  -17.397  41.105 0.0000000000
49273  -52.585  -17.773  40.244 0.0000000000
50219  -53.483  -16.807  41.092 0.0000000000
50230  -54.355  -16.873  40.363 0.0000000000
51144  -53.856  -16.184  41.062 0.0000000000
51131  -51.751  -16.062  43.701 0.0000000000
51132  -52.349  -15.995  43.240 0.0000000000
51995  -52.185  -15.456  43.272 0.0000000000
122208  -52.360  -14.179  42.532 0.0000000000
52846  -52.996  -14.693  42.496 0.0000000000
52859  -52.721  -14.120  42.142 0.0000000000
52860  -53.407  -14.745  41.967 0.0000000000
53781  -52.355  -13.550  41.205 0.0000000000
53772  -52.166  -13.434  41.874 0.0000000000
55675  -50.023  -11.438  41.644 0.0000000000
133238  -50.615  -11.632  41.368 0.0000000000
31307  -25.521  -36.973  48.116 0.0000000000
32263  -25.469  -36.484  46.808 0.0000000000
111124  -26.366  -36.465  46.975 0.0000000000
32264  -27.706  -36.336  46.345 0.0000000000
34005  -29.170  -34.613  47.907 0.0000000000
34019  -29.443  -34.528  47.469 0.0000000000
36827  -29.470  -31.757  43.920 0.0000000000
36828  -29.707  -30.960  43.552 0.0000000000
37762  -28.604  -30.768  45.796 0.0000000000
38666  -29.998  -30.923  47.659 0.0000000000
128375  -30.054  -30.995  47.291 0.0000000000
38667  -30.081  -30.289  47.048 0.0000000000
39607  -30.296  -29.118  46.625 0.0000000000
38707  -30.196  -29.658  44.814 0.0000000000
39623  -30.656  -28.844  45.402 0.0000000000
40560  -31.583  -27.439  46.265 0.0000000000
40561  -32.326  -27.027  46.800 0.0000000000
40572  -32.541  -26.908  45.748 0.0000000000
127059  -32.881  -26.997  47.173 0.0000000000
40536  -34.282  -27.024  48.725 0.0000000000
40535  -33.223  -26.989  48.732 0.0000000000
40550  -34.049  -27.203  48.137 0.0000000000
122543  -34.841  -27.156  47.516 0.0000000000
40551  -35.753  -27.495  48.009 0.0000000000
134295  -36.953  -27.674  48.732 0.0000000000
40552  -36.473  -27.856  48.439 0.0000000000
39577  -37.076  -28.058  48.299 0.0000000000
39594  -37.525  -28.219  47.989 0.0000000000
42320  -38.032  -25.571  46.914 0.0000000000
42306  -37.523  -25.513  47.495 0.0000000000
42299  -37.603  -26.035  48.478 0.0000000000
111400  -39.788  -27.839  48.497 0.0000000000
40528  -38.963  -27.405  48.759 0.0000000000
39579  -39.915  -28.455  48.139 0.0000000000
114522  -39.159  -28.349  47.744 0.0000000000
39599  -42.234  -28.169  47.431 0.0000000000
39614  -42.128  -29.626  46.995 0.0000000000
41454  -43.022  -26.090  47.074 0.0000000000
44138  -43.789  -23.359  42.447 0.0000000000
45095  -44.109  -22.739  43.262 0.0000000000
45088  -45.079  -22.682  44.541 0.0000000000
129959  -44.938  -23.257  44.758 0.0000000000
45077  -44.863  -23.614  44.944 0.0000000000
47183  -46.660  -20.635  44.167 0.0000000000
46152  -46.104  -21.091  44.666 0.0000000000
45079  -46.589  -22.741  45.688 0.0000000000
45070  -46.187  -23.300  45.885 0.0000000000
44106  -46.733  -23.677  45.924 0.0000000000
43186  -46.811  -24.354  45.901 0.0000000000
43199  -47.465  -24.003  45.565 0.0000000000
43212  -48.608  -24.785  44.338 0.0000000000
42351  -48.195  -25.381  44.261 0.0000000000
128952  -49.316  -22.722  43.411 0.0000000000
47185  -50.155  -20.440  44.227 0.0000000000
125048  -49.950  -21.292  43.930 0.0000000000
128082  -50.320  -20.802  43.598 0.0000000000
47212  -50.444  -20.337  42.386 0.0000000000
47200  -50.186  -20.990  42.608 0.0000000000
46170  -49.080  -21.793  41.653 0.0000000000
46178  -49.381  -21.186  41.341 0.0000000000
47221  -49.596  -20.557  41.023 0.0000000000
113456  -50.271  -19.271  40.083 0.0000000000
31298  -26.807  -37.180  49.242 0.0000000000
116642  -26.049  -37.445  49.704 0.0000000000
31297  -25.713  -37.133  48.890 0.0000000000
52020  -52.751  -15.898  38.389 0.0000000000
51162  -53.399  -16.637  37.911 0.0000000000
57892  -50.314  -9.581  37.103 0.0000000000
56801  -50.239  -9.850  37.434 0.0000000000
131099  -52.271  -10.641  36.726 0.0000000000
55737  -51.420  -10.948  36.713 0.0000000000
55738  -52.422  -11.549  36.495 0.0000000000
54791  -51.853  -12.772  36.257 0.0000000000
54792  -53.360  -12.458  36.302 0.0000000000
56806  -55.631  -9.501  36.333 0.0000000000
56805  -54.732  -9.721  36.558 0.0000000000
56813  -55.466  -10.049  36.565 0.0000000000
120319  -55.146  -11.859  36.240 0.0000000000
54809  -54.703  -12.895  35.501 0.0000000000
53841  -54.278  -13.116  35.700 0.0000000000
53853  -54.506  -13.717  35.258 0.0000000000
59028  -55.445  -8.357  31.702 0.0000000000
59040  -56.316  -8.569  30.704 0.0000000000
130638  -59.716  -11.317  27.042 0.0000000000
56988  -59.318  -11.030  26.669 0.0000000000
56934  -58.781  -10.242  29.508 0.0000000000
56961  -58.456  -10.460  28.615 0.0000000000
56959  -56.961  -9.913  28.417 0.0000000000
58041  -57.309  -9.637  29.075 0.0000000000
58021  -57.640  -9.293  29.646 0.0000000000
58004  -59.471  -9.949  31.284 0.0000000000
58002  -58.090  -9.031  30.376 0.0000000000
57994  -58.994  -9.397  31.852 0.0000000000
59030  -57.797  -8.464  32.130 0.0000000000
57982  -58.757  -9.346  32.518 0.0000000000
57981  -58.663  -9.135  32.960 0.0000000000
56881  -58.856  -9.654  32.341 0.0000000000
51122  -50.129  -16.989  44.403 0.0000000000
51129  -50.136  -16.679  44.010 0.0000000000
51136  -50.159  -16.357  43.073 0.0000000000
42347  -41.828  -26.220  44.218 0.0000000000
42348  -42.748  -26.100  44.509 0.0000000000
117016  -43.795  -24.853  44.010 0.0000000000
49233  -47.493  -18.751  43.138 0.0000000000
49215  -47.472  -19.118  43.630 0.0000000000
49216  -47.986  -18.691  43.711 0.0000000000
120915  -48.564  -18.490  44.390 0.0000000000
49200  -48.974  -18.524  44.685 0.0000000000
50190  -49.182  -17.776  44.527 0.0000000000
54743  -50.209  -11.797  39.470 0.0000000000
54756  -50.259  -12.243  38.163 0.0000000000
119750  -50.220  -11.730  37.595 0.0000000000
59933  -55.762  -8.518  34.767 0.0000000000
59925  -56.373  -8.677  35.277 0.0000000000
59926  -56.805  -8.594  34.844 0.0000000000
58985  -57.021  -8.653  34.794 0.0000000000
56846  -57.382  -9.025  34.602 0.0000000000
56861  -57.403  -9.487  34.136 0.0000000000
56880  -57.993  -9.623  33.344 0.0000000000
56977  -63.064  -11.212  27.371 0.0000000000
55893  -62.842  -11.871  27.697 0.0000000000
54908  -63.167  -12.005  27.531 0.0000000000
53952  -62.657  -12.882  27.603 0.0000000000
128246  -61.064  -7.106  25.801 0.0000000000
60014  -61.275  -7.909  25.733 0.0000000000
121697  -62.077  -8.014  26.513 0.0000000000
59072  -62.811  -8.389  26.841 0.0000000000
123820  -63.220  -8.608  26.725 0.0000000000
60000  -63.303  -8.078  26.451 0.0000000000
60016  -63.456  -7.922  25.530 0.0000000000
115513  -62.024  -3.827  25.812 0.0000000000
61764  -62.545  -5.446  25.233 0.0000000000
117674  -62.185  -4.557  25.417 0.0000000000
61776  -62.653  -4.723  24.447 0.0000000000
61802  -63.067  -6.340  23.283 0.0000000000
49271  -50.984  -18.721  40.433 0.0000000000
50218  -52.626  -17.062  41.909 0.0000000000
52831  -51.323  -14.779  43.264 0.0000000000
52832  -51.856  -14.912  43.255 0.0000000000
52844  -51.652  -14.199  42.917 0.0000000000
53765  -51.327  -13.246  42.481 0.0000000000
54709  -51.197  -12.626  42.157 0.0000000000
54721  -51.381  -12.667  42.013 0.0000000000
55661  -50.266  -11.808  41.948 0.0000000000
56746  -49.453  -11.118  40.899 0.0000000000
32250  -27.334  -36.693  48.644 0.0000000000
32255  -26.785  -36.550  47.756 0.0000000000
32256  -27.738  -36.121  48.046 0.0000000000
32257  -28.329  -36.085  47.244 0.0000000000
36816  -29.661  -31.283  45.836 0.0000000000
39608  -30.915  -28.164  47.232 0.0000000000
40537  -35.268  -27.124  48.796 0.0000000000
130556  -35.793  -27.513  48.642 0.0000000000
40524  -35.474  -26.881  49.194 0.0000000000
40525  -36.197  -27.092  49.340 0.0000000000
111478  -38.834  -25.949  45.807 0.0000000000
42308  -39.026  -26.328  47.593 0.0000000000
132357  -39.180  -26.777  48.244 0.0000000000
39580  -40.456  -28.129  48.319 0.0000000000
39582  -41.698  -27.614  47.796 0.0000000000
130910  -42.256  -27.189  47.665 0.0000000000
42310  -43.855  -25.310  47.085 0.0000000000
46157  -44.134  -22.156  42.871 0.0000000000
46140  -45.464  -22.131  44.691 0.0000000000
46143  -47.209  -21.296  45.171 0.0000000000
45080  -47.523  -22.363  45.486 0.0000000000
44115  -48.218  -23.438  45.328 0.0000000000
44123  -48.943  -24.030  44.630 0.0000000000
44130  -49.165  -24.211  44.013 0.0000000000
44131  -49.235  -23.320  43.816 0.0000000000
112433  -50.901  -19.857  43.472 0.0000000000
47222  -50.201  -20.160  41.487 0.0000000000
48198  -50.606  -19.511  40.990 0.0000000000
33974  -26.539  -35.520  51.058 0.0000000000
33116  -26.943  -36.095  51.287 0.0000000000
32212  -26.495  -36.307  51.604 0.0000000000
31291  -27.833  -36.987  49.636 0.0000000000
52030  -51.559  -15.394  36.945 0.0000000000
51170  -52.870  -16.922  36.880 0.0000000000
52031  -52.180  -15.976  36.703 0.0000000000
58949  -51.112  -9.336  36.729 0.0000000000
56802  -51.143  -9.566  37.148 0.0000000000
57893  -51.728  -9.691  36.989 0.0000000000
55759  -55.745  -10.592  36.185 0.0000000000
55741  -55.457  -10.885  36.274 0.0000000000
55871  -60.260  -11.594  28.642 0.0000000000
58022  -58.449  -9.590  29.986 0.0000000000
58023  -59.201  -9.997  30.420 0.0000000000
56898  -59.470  -10.438  31.457 0.0000000000
55789  -59.223  -10.425  31.725 0.0000000000
61763  -60.767  -5.134  26.092 0.0000000000
60871  -61.517  -5.590  26.359 0.0000000000
61750  -61.233  -4.598  26.385 0.0000000000
62652  -61.196  -3.837  26.286 0.0000000000
63548  -61.737  -3.723  26.153 0.0000000000
63559  -61.455  -3.090  25.861 0.0000000000
51130  -50.536  -16.353  44.098 0.0000000000
51993  -50.934  -15.596  43.709 0.0000000000
119902  -50.785  -13.640  42.609 0.0000000000
33982  -27.898  -35.769  49.706 0.0000000000
33139  -28.635  -35.565  48.982 0.0000000000
33992  -28.351  -35.172  49.169 0.0000000000
34004  -28.785  -34.770  48.466 0.0000000000
35859  -28.886  -32.858  46.736 0.0000000000
43162  -34.896  -25.101  48.272 0.0000000000
41463  -41.395  -26.678  47.135 0.0000000000
42324  -43.037  -25.821  46.616 0.0000000000
42325  -43.764  -25.229  46.926 0.0000000000
43173  -44.252  -24.885  46.866 0.0000000000
48173  -45.756  -20.419  42.552 0.0000000000
47192  -45.744  -20.610  43.200 0.0000000000
48147  -46.492  -20.314  43.607 0.0000000000
131550  -47.689  -19.150  43.931 0.0000000000
47184  -47.353  -20.125  44.229 0.0000000000
47176  -47.626  -20.497  44.636 0.0000000000
124696  -48.727  -20.916  44.713 0.0000000000
47186  -50.513  -19.796  44.212 0.0000000000
48137  -49.613  -18.703  44.707 0.0000000000
48151  -50.345  -19.076  44.456 0.0000000000
48163  -50.917  -19.472  43.899 0.0000000000
49218  -51.192  -18.692  43.740 0.0000000000
33989  -26.076  -34.999  49.518 0.0000000000
33981  -27.425  -35.699  49.976 0.0000000000
128124  -52.963  -14.896  39.832 0.0000000000
52903  -52.383  -15.095  38.958 0.0000000000
52019  -51.674  -15.244  37.809 0.0000000000
53808  -51.119  -13.780  38.568 0.0000000000
117369  -51.242  -14.415  37.859 0.0000000000
52912  -51.184  -14.589  37.138 0.0000000000
52918  -51.473  -14.486  36.625 0.0000000000
123306  -52.027  -13.804  36.205 0.0000000000
127429  -53.185  -9.102  35.762 0.0000000000
58970  -53.702  -9.046  35.806 0.0000000000
58971  -55.134  -8.834  36.174 0.0000000000
57913  -56.130  -9.344  36.237 0.0000000000
58983  -56.059  -8.925  35.844 0.0000000000
57914  -56.160  -9.391  36.251 0.0000000000
56824  -56.016  -9.618  36.378 0.0000000000
57006  -60.539  -10.475  25.842 0.0000000000
55904  -60.550  -11.407  27.122 0.0000000000
55891  -61.115  -11.654  28.117 0.0000000000
55892  -62.233  -11.891  28.000 0.0000000000
55872  -60.950  -12.085  28.985 0.0000000000
54863  -60.892  -12.541  29.639 0.0000000000
51141  -49.225  -17.088  41.916 0.0000000000
50227  -49.038  -17.362  40.999 0.0000000000
47210  -44.951  -20.505  41.679 0.0000000000
49231  -46.232  -20.026  42.321 0.0000000000
49232  -46.801  -19.345  42.491 0.0000000000
57874  -48.709  -9.675  38.396 0.0000000000
57891  -49.459  -9.676  37.414 0.0000000000
58948  -50.372  -9.451  36.763 0.0000000000
125681  -51.407  -9.309  36.431 0.0000000000
58979  -51.761  -9.194  35.845 0.0000000000
58980  -52.510  -9.136  35.781 0.0000000000
58994  -52.735  -9.032  35.177 0.0000000000
116406  -53.803  -8.888  34.559 0.0000000000
59005  -53.641  -8.714  33.640 0.0000000000
59006  -54.664  -8.630  34.114 0.0000000000
59951  -55.483  -8.441  33.431 0.0000000000
59952  -56.351  -8.396  33.090 0.0000000000
58080  -59.548  -9.335  24.657 0.0000000000
58061  -60.036  -9.928  25.231 0.0000000000
57007  -61.474  -10.315  26.211 0.0000000000
55894  -63.257  -11.511  27.275 0.0000000000
133832  -63.405  -12.115  25.911 0.0000000000
58064  -63.739  -9.398  25.581 0.0000000000
132614  -62.866  -6.812  26.121 0.0000000000
60890  -63.228  -7.058  25.352 0.0000000000
111470  -52.818  -18.121  39.350 0.0000000000
50243  -54.218  -17.459  39.879 0.0000000000
52009  -54.109  -15.982  40.667 0.0000000000
50211  -52.325  -16.708  42.845 0.0000000000
52001  -52.877  -15.349  42.776 0.0000000000
51137  -53.367  -15.670  42.070 0.0000000000
52005  -53.592  -15.468  41.518 0.0000000000
52876  -53.590  -15.043  41.252 0.0000000000
52890  -52.934  -14.396  40.655 0.0000000000
53780  -51.718  -12.955  40.801 0.0000000000
120890  -51.199  -12.221  41.774 0.0000000000
54733  -51.210  -12.133  41.249 0.0000000000
54732  -50.582  -11.542  40.857 0.0000000000
57861  -48.313  -9.898  39.289 0.0000000000
52008  -49.385  -14.828  40.344 0.0000000000
52874  -49.636  -14.600  41.221 0.0000000000
52858  -49.654  -13.738  41.631 0.0000000000
52857  -49.081  -12.941  41.380 0.0000000000
54731  -48.884  -11.600  40.837 0.0000000000
57873  -48.025  -9.478  38.776 0.0000000000
32262  -24.572  -36.604  46.612 0.0000000000
111585  -25.237  -36.486  45.941 0.0000000000
123241  -28.900  -35.660  48.493 0.0000000000
133708  -28.897  -35.715  47.755 0.0000000000
36800  -28.447  -31.991  45.971 0.0000000000
36802  -29.110  -31.719  46.091 0.0000000000
37773  -30.158  -30.901  46.756 0.0000000000
37779  -29.869  -30.496  45.335 0.0000000000
125413  -31.880  -27.038  49.058 0.0000000000
112858  -32.396  -27.098  48.933 0.0000000000
40549  -33.030  -26.860  47.881 0.0000000000
39592  -36.478  -27.746  47.522 0.0000000000
43170  -35.117  -24.949  47.339 0.0000000000
43163  -35.769  -25.134  48.044 0.0000000000
43183  -37.622  -25.588  46.055 0.0000000000
43181  -36.324  -25.196  46.494 0.0000000000
43172  -36.556  -25.374  47.421 0.0000000000
42298  -36.197  -25.588  48.648 0.0000000000
130188  -36.694  -25.940  48.892 0.0000000000
131087  -37.573  -26.641  49.013 0.0000000000
40527  -38.015  -27.282  49.048 0.0000000000
41444  -38.865  -26.964  48.940 0.0000000000
40539  -38.327  -27.760  48.602 0.0000000000
121539  -38.082  -28.096  48.190 0.0000000000
114832  -42.243  -26.567  47.381 0.0000000000
39600  -42.881  -27.402  47.382 0.0000000000
40554  -43.549  -26.683  47.150 0.0000000000
40565  -43.634  -27.811  46.806 0.0000000000
43225  -43.503  -24.586  43.177 0.0000000000
43211  -44.092  -24.375  44.675 0.0000000000
124181  -44.697  -23.054  44.163 0.0000000000
44110  -44.632  -24.217  45.782 0.0000000000
44104  -45.266  -24.055  46.054 0.0000000000
46159  -45.489  -21.318  43.726 0.0000000000
46151  -45.689  -21.456  44.497 0.0000000000
46142  -46.217  -21.455  45.069 0.0000000000
44112  -45.480  -23.383  45.515 0.0000000000
43185  -45.569  -24.497  46.411 0.0000000000
132723  -46.177  -24.299  46.237 0.0000000000
42328  -47.262  -25.257  45.622 0.0000000000
133494  -47.779  -25.562  45.112 0.0000000000
121164  -49.601  -22.105  43.051 0.0000000000
124110  -50.256  -21.092  43.152 0.0000000000
46165  -49.885  -21.539  42.828 0.0000000000
45105  -49.361  -22.019  42.419 0.0000000000
47231  -49.010  -20.720  39.478 0.0000000000
119308  -49.391  -20.411  40.232 0.0000000000
31289  -24.921  -37.380  49.437 0.0000000000
115686  -24.861  -37.009  48.476 0.0000000000
52021  -54.069  -16.350  38.979 0.0000000000
55721  -49.989  -10.846  37.565 0.0000000000
55736  -50.602  -11.595  36.920 0.0000000000
53851  -53.028  -13.931  35.679 0.0000000000
57895  -53.906  -9.546  36.364 0.0000000000
55740  -54.844  -11.200  36.437 0.0000000000
55739  -53.846  -11.477  36.564 0.0000000000
53840  -53.850  -13.100  35.897 0.0000000000
118150  -53.838  -8.640  31.052 0.0000000000
59027  -54.526  -8.521  31.598 0.0000000000
59959  -56.157  -8.299  32.328 0.0000000000
59960  -56.832  -8.278  32.448 0.0000000000
56987  -58.632  -10.755  26.732 0.0000000000
56974  -58.124  -10.560  27.697 0.0000000000
56973  -57.299  -10.301  27.657 0.0000000000
58019  -56.264  -9.197  29.526 0.0000000000
59053  -56.635  -8.844  29.859 0.0000000000
59054  -57.290  -8.840  29.951 0.0000000000
128748  -56.971  -8.570  30.467 0.0000000000
110867  -56.879  -8.390  31.439 0.0000000000
59954  -57.575  -8.361  33.164 0.0000000000
121265  -58.446  -9.755  32.680 0.0000000000
126729  -58.601  -11.194  31.374 0.0000000000
55804  -57.792  -10.842  31.588 0.0000000000
32213  -27.487  -36.247  51.127 0.0000000000
32254  -25.867  -36.676  47.560 0.0000000000
33130  -28.082  -35.964  49.717 0.0000000000
33169  -29.168  -35.382  47.948 0.0000000000
40523  -34.535  -26.739  48.911 0.0000000000
40526  -36.975  -26.981  49.155 0.0000000000
40538  -37.829  -27.741  48.574 0.0000000000
42286  -36.840  -26.341  49.101 0.0000000000
42300  -38.519  -26.465  48.320 0.0000000000
44113  -46.514  -23.362  45.910 0.0000000000
49292  -53.697  -17.795  39.686 0.0000000000
50244  -54.621  -17.512  39.218 0.0000000000
51124  -51.362  -16.520  44.155 0.0000000000
52014  -54.346  -16.186  39.878 0.0000000000
52845  -52.316  -14.669  42.949 0.0000000000
54706  -49.735  -12.017  41.956 0.0000000000
54896  -61.523  -12.844  28.988 0.0000000000
54934  -63.514  -11.813  26.193 0.0000000000
55673  -49.441  -11.464  41.153 0.0000000000
55674  -49.859  -11.340  41.400 0.0000000000
56747  -49.754  -10.920  41.328 0.0000000000
56814  -56.071  -9.466  36.288 0.0000000000
56913  -59.737  -10.646  31.068 0.0000000000
57929  -56.665  -8.815  35.298 0.0000000000
57950  -57.140  -8.676  34.684 0.0000000000
57968  -57.623  -8.638  34.092 0.0000000000
58950  -52.159  -9.373  36.366 0.0000000000
58952  -54.350  -9.281  36.204 0.0000000000
58972  -56.141  -9.188  36.096 0.0000000000
58981  -53.335  -8.959  35.308 0.0000000000
59007  -57.687  -8.618  33.859 0.0000000000
59019  -57.959  -8.576  33.522 0.0000000000
59020  -58.545  -8.859  33.100 0.0000000000
59031  -58.646  -8.897  32.437 0.0000000000
59042  -58.491  -8.868  31.413 0.0000000000
59934  -56.762  -8.521  34.614 0.0000000000
59942  -55.564  -8.482  34.226 0.0000000000
62653  -61.624  -4.231  26.368 0.0000000000
118797  -55.516  -8.968  35.873 0.0000000000
119629  -46.412  -24.811  46.136 0.0000000000
120395  -54.899  -9.011  35.969 0.0000000000
121250  -48.925  -18.184  44.619 0.0000000000
127488  -48.821  -11.163  40.847 0.0000000000
128663  -56.595  -8.339  32.751 0.0000000000
129728  -51.008  -12.267  41.949 0.0000000000
131696  -36.342  -25.380  48.064 0.0000000000
132807  -59.253  -10.043  31.941 0.0000000000
133096  -28.079  -36.314  51.027 0.0000000000
