#!ascii label  , from subject sub-003S6257 vox2ras=TkReg
993
48308  -42.568  -19.350  32.306 0.0000000000
41548  -24.363  -26.458  35.092 0.0000000000
46262  -32.069  -22.049  33.324 0.0000000000
67098  -45.069  0.627  20.394 0.0000000000
69905  -49.983  3.589  16.074 0.0000000000
39713  -17.506  -28.195  40.590 0.0000000000
64449  -42.642  -2.865  22.188 0.0000000000
52067  -43.815  -15.277  31.202 0.0000000000
46280  -37.638  -22.176  32.542 0.0000000000
40684  -20.323  -27.935  37.531 0.0000000000
35915  -21.099  -32.708  40.314 0.0000000000
126588  -37.461  -19.271  29.941 0.0000000000
52082  -38.215  -16.039  29.698 0.0000000000
114934  -28.786  -22.478  33.550 0.0000000000
48287  -33.737  -18.576  32.117 0.0000000000
55959  -41.166  -11.500  22.357 0.0000000000
60057  -44.677  -8.004  20.849 0.0000000000
62716  -47.466  -4.744  19.556 0.0000000000
125554  -13.090  -33.229  44.814 0.0000000000
35855  -9.978  -32.621  47.828 0.0000000000
53895  -34.350  -14.063  30.067 0.0000000000
116425  -34.317  -11.597  27.529 0.0000000000
56996  -36.982  -11.052  24.983 0.0000000000
34973  -16.621  -34.059  41.918 0.0000000000
39764  -25.110  -29.571  36.574 0.0000000000
41543  -26.678  -27.047  36.138 0.0000000000
46283  -40.102  -21.106  32.859 0.0000000000
43300  -22.856  -23.746  37.371 0.0000000000
40700  -22.533  -27.772  35.650 0.0000000000
37849  -23.150  -30.876  37.187 0.0000000000
49382  -37.755  -18.578  33.331 0.0000000000
48315  -35.460  -19.131  30.575 0.0000000000
59106  -40.264  -8.414  22.397 0.0000000000
58104  -43.122  -10.076  21.652 0.0000000000
60054  -41.953  -7.567  21.574 0.0000000000
63603  -44.687  -3.729  20.061 0.0000000000
65326  -46.065  -1.837  19.982 0.0000000000
118549  -49.204  -3.527  19.539 0.0000000000
66229  -46.365  -0.307  19.500 0.0000000000
67113  -47.600  0.650  18.225 0.0000000000
52941  -35.576  -14.892  32.987 0.0000000000
52978  -36.672  -15.096  29.799 0.0000000000
53863  -33.617  -13.387  32.836 0.0000000000
56920  -32.077  -10.239  29.111 0.0000000000
59067  -33.537  -8.144  26.888 0.0000000000
55897  -35.695  -11.736  26.194 0.0000000000
127449  -35.250  -8.591  25.361 0.0000000000
59081  -37.299  -9.150  24.274 0.0000000000
46247  -30.019  -21.847  34.123 0.0000000000
36831  -14.743  -31.185  42.512 0.0000000000
36850  -16.469  -30.763  40.535 0.0000000000
33121  -9.193  -35.704  49.319 0.0000000000
33977  -7.098  -34.299  50.155 0.0000000000
62679  -41.597  -4.892  22.840 0.0000000000
111595  -42.092  -13.064  31.809 0.0000000000
123225  -34.280  -22.968  32.887 0.0000000000
39730  -18.830  -28.200  38.891 0.0000000000
36863  -18.689  -31.433  39.227 0.0000000000
36870  -20.652  -31.662  38.084 0.0000000000
69914  -51.743  3.640  15.206 0.0000000000
47336  -39.647  -19.883  30.461 0.0000000000
50344  -40.877  -18.027  30.024 0.0000000000
113963  -38.431  -17.754  30.045 0.0000000000
45184  -24.087  -22.995  35.520 0.0000000000
43322  -26.433  -24.662  33.725 0.0000000000
126863  -25.287  -20.798  34.643 0.0000000000
48271  -27.809  -19.154  33.729 0.0000000000
48285  -29.894  -19.097  32.648 0.0000000000
49366  -31.742  -17.228  33.369 0.0000000000
48312  -32.610  -19.756  31.416 0.0000000000
46310  -34.775  -21.026  30.485 0.0000000000
46313  -37.512  -20.811  30.268 0.0000000000
53971  -42.190  -13.642  24.739 0.0000000000
61806  -42.997  -5.245  20.723 0.0000000000
60949  -46.311  -6.729  19.944 0.0000000000
67124  -49.398  0.591  17.562 0.0000000000
34925  -11.572  -33.430  46.394 0.0000000000
33142  -11.385  -35.891  48.015 0.0000000000
114237  -40.143  -15.797  29.084 0.0000000000
53917  -39.119  -14.220  29.356 0.0000000000
54851  -36.949  -12.321  30.059 0.0000000000
55792  -32.019  -11.524  31.311 0.0000000000
114196  -33.537  -12.488  28.660 0.0000000000
56903  -36.990  -11.045  29.948 0.0000000000
125536  -37.256  -10.859  29.174 0.0000000000
55881  -39.240  -12.369  27.943 0.0000000000
53955  -40.025  -13.604  25.990 0.0000000000
55938  -39.095  -11.827  23.315 0.0000000000
58070  -38.650  -9.378  23.435 0.0000000000
43308  -29.091  -25.044  36.190 0.0000000000
37776  -13.550  -30.709  44.964 0.0000000000
34954  -14.620  -33.544  43.328 0.0000000000
34984  -18.691  -33.599  41.527 0.0000000000
33971  -5.215  -33.948  52.018 0.0000000000
40702  -24.493  -28.072  35.435 0.0000000000
40685  -26.152  -28.290  36.807 0.0000000000
41542  -25.692  -27.217  35.410 0.0000000000
47313  -41.288  -20.180  32.419 0.0000000000
42410  -23.072  -25.246  35.869 0.0000000000
42409  -22.338  -25.658  36.525 0.0000000000
41541  -23.751  -27.067  35.250 0.0000000000
131991  -23.954  -28.672  35.594 0.0000000000
60042  -40.385  -7.502  22.317 0.0000000000
60043  -41.105  -7.483  21.796 0.0000000000
60923  -40.802  -6.235  22.376 0.0000000000
67097  -44.536  0.090  20.920 0.0000000000
66219  -44.407  -1.158  20.375 0.0000000000
119921  -44.930  -0.365  20.231 0.0000000000
119029  -46.188  -1.075  19.750 0.0000000000
66228  -45.583  0.109  19.811 0.0000000000
67103  -46.096  0.504  19.201 0.0000000000
53874  -34.171  -14.220  32.709 0.0000000000
59979  -33.167  -7.434  27.757 0.0000000000
129034  -34.420  -8.327  25.821 0.0000000000
111486  -34.783  -6.862  26.592 0.0000000000
59991  -36.071  -6.778  25.739 0.0000000000
47283  -30.610  -20.934  33.343 0.0000000000
46232  -31.492  -23.067  35.051 0.0000000000
46249  -31.633  -22.531  34.244 0.0000000000
37804  -16.029  -30.089  41.203 0.0000000000
37805  -16.644  -29.840  40.515 0.0000000000
113865  -50.327  2.509  16.016 0.0000000000
33978  -7.954  -34.731  49.895 0.0000000000
51203  -44.803  -16.328  32.015 0.0000000000
53888  -42.383  -13.866  31.273 0.0000000000
45231  -36.145  -22.710  32.114 0.0000000000
45220  -37.136  -22.962  33.582 0.0000000000
41533  -21.023  -26.444  37.524 0.0000000000
41526  -20.371  -26.581  39.044 0.0000000000
40652  -19.907  -26.983  39.434 0.0000000000
134171  -19.941  -28.088  38.111 0.0000000000
37835  -19.429  -30.377  38.236 0.0000000000
38774  -20.401  -29.828  37.253 0.0000000000
37840  -24.625  -30.872  38.299 0.0000000000
127243  -23.345  -31.516  38.530 0.0000000000
48329  -38.552  -19.420  29.815 0.0000000000
48341  -38.881  -18.758  29.692 0.0000000000
49425  -38.228  -18.782  29.876 0.0000000000
45165  -24.310  -21.431  36.420 0.0000000000
133666  -25.030  -21.550  34.620 0.0000000000
47265  -25.006  -20.220  35.598 0.0000000000
49363  -27.299  -18.387  34.534 0.0000000000
111091  -28.165  -18.132  34.196 0.0000000000
48284  -29.233  -19.165  33.226 0.0000000000
49365  -29.764  -17.265  33.514 0.0000000000
125324  -34.968  -17.566  34.022 0.0000000000
125530  -33.177  -18.044  33.111 0.0000000000
49396  -32.325  -18.624  31.940 0.0000000000
48301  -32.905  -19.041  31.575 0.0000000000
47322  -33.584  -20.610  30.839 0.0000000000
117696  -33.880  -19.773  30.877 0.0000000000
48317  -37.082  -19.234  30.295 0.0000000000
47333  -36.253  -19.982  29.597 0.0000000000
47334  -37.009  -20.016  29.782 0.0000000000
47335  -38.977  -20.437  30.485 0.0000000000
54957  -41.350  -12.917  23.320 0.0000000000
54959  -43.175  -12.941  23.277 0.0000000000
55942  -42.622  -12.218  22.665 0.0000000000
58116  -43.621  -9.354  21.421 0.0000000000
58106  -44.804  -9.935  21.922 0.0000000000
63588  -42.228  -3.454  22.632 0.0000000000
62698  -41.688  -4.664  21.645 0.0000000000
62699  -42.468  -4.451  21.057 0.0000000000
62708  -46.161  -4.206  19.799 0.0000000000
61815  -45.260  -5.566  19.831 0.0000000000
61824  -46.616  -5.517  19.617 0.0000000000
60951  -47.875  -6.812  20.336 0.0000000000
67123  -48.369  0.752  17.731 0.0000000000
68041  -47.947  1.676  17.150 0.0000000000
68051  -48.807  1.940  16.580 0.0000000000
36811  -12.473  -31.911  45.627 0.0000000000
36805  -12.192  -31.459  46.483 0.0000000000
34935  -12.036  -33.228  45.904 0.0000000000
33158  -11.856  -35.523  47.405 0.0000000000
127295  -10.617  -36.572  49.144 0.0000000000
51246  -39.134  -16.611  29.402 0.0000000000
51248  -40.525  -16.593  29.416 0.0000000000
124500  -39.409  -16.063  29.124 0.0000000000
52977  -34.947  -14.607  30.001 0.0000000000
52997  -37.873  -14.535  29.322 0.0000000000
118391  -37.129  -14.245  29.565 0.0000000000
114916  -38.566  -13.518  29.677 0.0000000000
53914  -35.739  -13.620  29.490 0.0000000000
112448  -32.055  -9.828  31.063 0.0000000000
132864  -32.864  -11.140  27.943 0.0000000000
56921  -32.362  -11.260  28.703 0.0000000000
55855  -33.942  -11.997  28.058 0.0000000000
54849  -36.112  -11.667  29.409 0.0000000000
56922  -35.946  -11.068  28.766 0.0000000000
56924  -37.301  -10.866  29.692 0.0000000000
55857  -35.915  -11.128  28.322 0.0000000000
133981  -36.476  -11.476  25.484 0.0000000000
55879  -37.204  -12.222  27.228 0.0000000000
54925  -37.758  -12.667  25.748 0.0000000000
116624  -39.730  -13.272  26.691 0.0000000000
54926  -38.306  -12.959  25.319 0.0000000000
54937  -39.367  -13.168  24.400 0.0000000000
121184  -38.126  -11.971  23.792 0.0000000000
60008  -38.230  -7.412  24.851 0.0000000000
59082  -38.252  -9.009  24.102 0.0000000000
60020  -38.667  -8.003  24.439 0.0000000000
44250  -27.787  -23.662  33.608 0.0000000000
43314  -27.746  -24.882  34.590 0.0000000000
44239  -28.944  -23.762  34.961 0.0000000000
35889  -15.381  -32.759  42.117 0.0000000000
35882  -14.379  -32.703  42.874 0.0000000000
34955  -15.520  -34.100  43.032 0.0000000000
36852  -19.336  -32.473  39.497 0.0000000000
35913  -18.622  -33.083  39.898 0.0000000000
121877  -19.950  -33.281  40.992 0.0000000000
38776  -25.099  -30.151  37.896 0.0000000000
39749  -25.972  -28.885  37.909 0.0000000000
41528  -27.057  -27.644  37.862 0.0000000000
41529  -27.679  -27.028  37.751 0.0000000000
46281  -38.392  -21.810  32.402 0.0000000000
46250  -38.888  -22.596  33.900 0.0000000000
43292  -22.439  -24.318  37.925 0.0000000000
41534  -21.567  -25.975  37.014 0.0000000000
39775  -21.239  -28.298  36.429 0.0000000000
38785  -21.344  -30.120  36.737 0.0000000000
38796  -22.773  -29.434  36.015 0.0000000000
38788  -24.751  -30.160  36.869 0.0000000000
49410  -37.659  -18.925  30.925 0.0000000000
123279  -38.403  -17.769  32.141 0.0000000000
48273  -35.176  -17.756  33.563 0.0000000000
48314  -34.525  -19.199  30.863 0.0000000000
48291  -36.945  -18.426  32.511 0.0000000000
116310  -40.779  -9.899  21.908 0.0000000000
57048  -41.585  -10.591  21.992 0.0000000000
124389  -41.525  -9.729  21.735 0.0000000000
59124  -42.388  -8.412  21.411 0.0000000000
60055  -42.796  -7.679  21.200 0.0000000000
64455  -43.420  -2.721  20.966 0.0000000000
65324  -43.895  -1.904  20.628 0.0000000000
64457  -45.297  -3.127  20.144 0.0000000000
63605  -46.650  -3.504  19.961 0.0000000000
63619  -48.825  -4.324  19.478 0.0000000000
64459  -47.645  -2.662  19.893 0.0000000000
65327  -47.652  -1.736  19.969 0.0000000000
65342  -48.037  -0.987  19.648 0.0000000000
67104  -46.838  0.102  19.166 0.0000000000
68027  -46.164  1.360  18.639 0.0000000000
117864  -13.737  -34.728  45.322 0.0000000000
34034  -12.986  -34.350  45.545 0.0000000000
33174  -14.073  -35.688  46.424 0.0000000000
52964  -36.802  -15.397  31.374 0.0000000000
52081  -37.404  -15.591  29.789 0.0000000000
120823  -35.981  -15.261  31.013 0.0000000000
52962  -35.008  -15.117  30.986 0.0000000000
52960  -33.699  -14.349  31.226 0.0000000000
57996  -32.091  -9.120  30.453 0.0000000000
59048  -32.202  -7.818  29.328 0.0000000000
58034  -32.523  -9.245  27.918 0.0000000000
58045  -33.726  -10.157  26.839 0.0000000000
55877  -34.652  -11.335  26.970 0.0000000000
58049  -34.169  -9.625  26.273 0.0000000000
56994  -35.493  -10.576  25.500 0.0000000000
123784  -36.018  -9.802  24.989 0.0000000000
57011  -36.780  -10.063  24.417 0.0000000000
59074  -35.981  -8.670  25.009 0.0000000000
46246  -29.426  -21.643  33.768 0.0000000000
45187  -30.002  -23.178  35.117 0.0000000000
46230  -30.159  -22.744  34.582 0.0000000000
36839  -15.313  -31.294  41.785 0.0000000000
35902  -16.500  -32.353  41.214 0.0000000000
33996  -9.364  -34.307  48.116 0.0000000000
36778  -9.579  -31.841  49.023 0.0000000000
34909  -8.437  -33.280  48.811 0.0000000000
34905  -7.309  -33.580  49.828 0.0000000000
34903  -6.795  -33.329  50.466 0.0000000000
53876  -40.883  -12.053  31.982 0.0000000000
46263  -32.836  -22.255  32.593 0.0000000000
45203  -33.278  -23.346  34.373 0.0000000000
40638  -19.070  -27.210  40.660 0.0000000000
39714  -17.912  -28.492  39.911 0.0000000000
119700  -17.639  -30.116  39.649 0.0000000000
38762  -18.481  -29.792  39.123 0.0000000000
120127  -19.572  -31.771  38.994 0.0000000000
122485  -20.501  -32.110  38.776 0.0000000000
37837  -21.612  -31.484  37.854 0.0000000000
36865  -21.545  -32.042  38.709 0.0000000000
36842  -21.945  -32.382  40.435 0.0000000000
126874  -51.179  3.777  15.644 0.0000000000
48306  -41.002  -19.887  31.591 0.0000000000
129218  -41.828  -18.748  30.881 0.0000000000
49427  -40.417  -18.648  30.024 0.0000000000
50356  -39.487  -17.509  29.358 0.0000000000
51216  -38.262  -16.825  30.139 0.0000000000
50331  -38.339  -17.321  31.375 0.0000000000
115249  -38.046  -16.716  31.359 0.0000000000
119630  -37.318  -15.589  31.738 0.0000000000
52942  -36.215  -15.234  33.275 0.0000000000
128192  -24.433  -24.449  35.032 0.0000000000
42429  -25.289  -25.391  34.324 0.0000000000
44247  -25.228  -24.036  33.990 0.0000000000
45200  -26.161  -22.552  33.630 0.0000000000
116945  -26.657  -21.739  33.585 0.0000000000
48255  -25.786  -18.940  35.348 0.0000000000
47278  -26.527  -19.952  34.115 0.0000000000
47279  -27.263  -19.899  33.642 0.0000000000
47296  -28.729  -19.722  33.350 0.0000000000
47297  -29.488  -19.976  33.144 0.0000000000
47299  -30.967  -20.331  32.602 0.0000000000
50301  -31.158  -16.651  34.146 0.0000000000
49378  -31.226  -17.856  32.644 0.0000000000
48299  -31.206  -19.409  32.132 0.0000000000
120445  -32.227  -21.498  32.358 0.0000000000
46278  -33.306  -21.950  31.699 0.0000000000
45241  -34.841  -22.398  31.241 0.0000000000
46297  -36.323  -21.974  31.278 0.0000000000
48326  -35.154  -19.731  30.512 0.0000000000
118794  -35.911  -21.315  30.414 0.0000000000
46298  -37.749  -21.824  31.647 0.0000000000
46299  -38.540  -21.531  31.460 0.0000000000
47325  -40.294  -20.217  31.342 0.0000000000
44227  -23.748  -23.055  36.386 0.0000000000
57050  -43.528  -10.882  22.179 0.0000000000
61804  -41.502  -5.578  21.726 0.0000000000
60935  -42.206  -6.202  21.326 0.0000000000
124402  -43.914  -6.772  20.529 0.0000000000
62707  -44.214  -4.439  20.136 0.0000000000
60947  -44.483  -6.085  20.264 0.0000000000
60071  -45.777  -7.329  20.309 0.0000000000
60059  -47.084  -8.018  20.936 0.0000000000
68043  -50.051  0.779  16.910 0.0000000000
68052  -49.858  1.597  16.213 0.0000000000
69904  -49.075  3.742  16.487 0.0000000000
36792  -11.410  -31.490  47.515 0.0000000000
121185  -10.574  -32.769  47.463 0.0000000000
34021  -11.814  -34.349  46.422 0.0000000000
34010  -11.510  -34.729  47.102 0.0000000000
34008  -9.881  -34.101  47.587 0.0000000000
33140  -9.626  -35.319  48.403 0.0000000000
50332  -42.530  -17.748  30.634 0.0000000000
128495  -42.216  -16.464  30.083 0.0000000000
52084  -42.401  -15.348  30.343 0.0000000000
52093  -38.052  -15.293  29.382 0.0000000000
52999  -39.456  -14.843  29.062 0.0000000000
52981  -41.109  -14.195  30.008 0.0000000000
53898  -40.476  -13.526  30.283 0.0000000000
126026  -39.926  -12.877  30.783 0.0000000000
54839  -38.631  -11.905  30.941 0.0000000000
54828  -32.327  -12.273  31.920 0.0000000000
54848  -32.782  -13.144  30.369 0.0000000000
112160  -31.811  -11.010  29.631 0.0000000000
54847  -32.454  -12.486  29.812 0.0000000000
54872  -34.110  -13.090  29.043 0.0000000000
54873  -35.547  -12.620  29.290 0.0000000000
55812  -37.117  -11.242  30.289 0.0000000000
117526  -36.396  -11.685  27.757 0.0000000000
55859  -38.593  -11.587  28.480 0.0000000000
53969  -40.795  -13.793  25.304 0.0000000000
54939  -40.989  -13.418  23.980 0.0000000000
55939  -39.954  -12.150  23.030 0.0000000000
57013  -37.889  -10.870  23.857 0.0000000000
127944  -38.745  -10.190  23.288 0.0000000000
55957  -39.751  -10.681  22.600 0.0000000000
58086  -39.795  -9.066  22.605 0.0000000000
60028  -39.933  -7.540  23.152 0.0000000000
42420  -26.279  -25.925  34.858 0.0000000000
42412  -27.583  -25.843  35.835 0.0000000000
44229  -30.281  -23.821  36.318 0.0000000000
36818  -13.289  -31.662  44.672 0.0000000000
37782  -14.200  -30.512  43.434 0.0000000000
35875  -13.805  -32.552  43.389 0.0000000000
34945  -13.653  -33.672  44.322 0.0000000000
110889  -14.800  -34.662  44.479 0.0000000000
118097  -17.618  -31.542  40.022 0.0000000000
35903  -17.350  -32.740  40.908 0.0000000000
125008  -17.421  -33.997  41.781 0.0000000000
33109  -6.321  -35.345  51.324 0.0000000000
33972  -5.723  -34.377  51.134 0.0000000000
130750  -5.972  -33.225  50.909 0.0000000000
40717  -24.767  -27.203  35.197 0.0000000000
130372  -25.319  -27.823  35.523 0.0000000000
41549  -25.177  -26.580  34.985 0.0000000000
48292  -41.989  -19.884  32.999 0.0000000000
42418  -24.072  -25.606  35.285 0.0000000000
41547  -23.607  -26.135  35.388 0.0000000000
60903  -40.249  -6.714  22.876 0.0000000000
60904  -40.710  -6.065  23.395 0.0000000000
67087  -44.646  0.867  21.237 0.0000000000
127262  -45.656  -0.574  19.783 0.0000000000
67102  -45.537  0.754  19.719 0.0000000000
59981  -34.443  -6.391  27.260 0.0000000000
46261  -31.265  -21.504  33.359 0.0000000000
116137  -32.288  -22.863  34.407 0.0000000000
39695  -17.152  -28.086  41.514 0.0000000000
38738  -16.406  -28.959  41.241 0.0000000000
38739  -16.972  -28.916  40.566 0.0000000000
68964  -51.148  2.332  15.857 0.0000000000
69906  -50.829  3.206  15.877 0.0000000000
52057  -44.201  -14.849  31.735 0.0000000000
52967  -43.295  -14.478  31.370 0.0000000000
45232  -37.004  -22.773  32.715 0.0000000000
127711  -37.610  -22.703  33.133 0.0000000000
122616  -20.803  -27.362  36.894 0.0000000000
40667  -20.492  -26.899  37.987 0.0000000000
40666  -20.024  -27.274  38.402 0.0000000000
39747  -20.061  -28.864  37.592 0.0000000000
46227  -24.747  -21.102  35.525 0.0000000000
50286  -28.779  -16.875  35.520 0.0000000000
49348  -28.488  -17.374  34.704 0.0000000000
49364  -28.918  -17.563  33.826 0.0000000000
50299  -29.449  -16.748  34.446 0.0000000000
49369  -34.824  -17.711  33.508 0.0000000000
49368  -33.918  -17.654  33.749 0.0000000000
49381  -33.893  -18.169  33.003 0.0000000000
49380  -33.058  -18.422  32.409 0.0000000000
120102  -33.767  -19.182  31.373 0.0000000000
48328  -36.719  -19.694  29.840 0.0000000000
115929  -37.607  -19.502  29.897 0.0000000000
116116  -38.102  -20.106  30.051 0.0000000000
55940  -40.833  -12.256  22.864 0.0000000000
55941  -41.705  -12.332  22.642 0.0000000000
59126  -44.260  -8.717  21.109 0.0000000000
58117  -45.012  -9.360  21.313 0.0000000000
127849  -45.784  -8.479  20.977 0.0000000000
63594  -42.244  -3.701  21.729 0.0000000000
62715  -46.779  -4.869  19.584 0.0000000000
61825  -47.405  -5.481  19.497 0.0000000000
60960  -47.687  -6.258  19.779 0.0000000000
68954  -47.365  2.663  17.319 0.0000000000
35868  -12.981  -32.312  44.963 0.0000000000
35867  -12.419  -32.978  45.408 0.0000000000
34936  -12.826  -33.667  45.313 0.0000000000
51235  -38.628  -16.498  29.580 0.0000000000
52996  -36.312  -14.568  29.576 0.0000000000
52995  -35.494  -14.428  29.628 0.0000000000
53915  -36.571  -13.512  29.583 0.0000000000
55854  -33.531  -11.406  27.652 0.0000000000
122874  -34.773  -11.818  28.196 0.0000000000
55856  -35.254  -11.572  27.949 0.0000000000
55898  -37.063  -12.368  26.256 0.0000000000
55910  -37.118  -11.985  25.387 0.0000000000
54911  -38.480  -13.177  26.060 0.0000000000
54935  -37.846  -12.378  24.827 0.0000000000
54936  -38.559  -12.778  24.552 0.0000000000
55921  -37.519  -11.514  24.507 0.0000000000
45202  -28.297  -22.998  33.496 0.0000000000
133438  -28.526  -23.557  34.085 0.0000000000
34972  -15.769  -33.747  42.267 0.0000000000
34971  -15.038  -33.235  42.667 0.0000000000
34061  -16.140  -34.610  43.466 0.0000000000
34956  -16.427  -34.390  42.789 0.0000000000
35914  -20.248  -33.023  40.191 0.0000000000
129817  -19.472  -33.211  40.184 0.0000000000
35906  -20.810  -33.019  41.105 0.0000000000
35856  -10.600  -31.824  47.825 0.0000000000
35851  -10.010  -31.838  48.458 0.0000000000
51202  -44.214  -16.645  31.543 0.0000000000
39748  -25.536  -29.543  37.500 0.0000000000
38777  -25.916  -29.494  38.443 0.0000000000
39765  -25.873  -28.986  36.880 0.0000000000
40686  -26.602  -27.792  36.995 0.0000000000
41535  -27.140  -27.329  37.138 0.0000000000
41536  -27.556  -26.773  36.842 0.0000000000
46282  -39.362  -21.426  32.214 0.0000000000
121085  -39.629  -21.499  33.124 0.0000000000
44213  -23.284  -23.112  37.725 0.0000000000
119817  -22.228  -26.724  36.244 0.0000000000
41539  -21.369  -26.762  36.715 0.0000000000
40699  -21.668  -27.554  36.224 0.0000000000
39776  -22.024  -28.553  35.714 0.0000000000
39778  -24.926  -29.052  35.823 0.0000000000
39763  -24.019  -29.512  36.002 0.0000000000
49397  -37.463  -18.570  32.182 0.0000000000
49398  -37.848  -18.077  32.840 0.0000000000
48289  -35.345  -18.347  32.889 0.0000000000
48305  -37.091  -19.073  31.337 0.0000000000
58102  -40.394  -9.257  22.233 0.0000000000
115268  -41.037  -9.000  21.823 0.0000000000
59123  -41.538  -8.286  21.621 0.0000000000
59125  -43.298  -8.529  21.239 0.0000000000
65323  -43.513  -1.931  21.169 0.0000000000
65312  -43.814  -1.177  20.997 0.0000000000
65325  -45.031  -2.109  20.197 0.0000000000
64458  -46.145  -2.762  20.043 0.0000000000
112533  -45.948  -3.480  19.939 0.0000000000
113238  -46.979  -2.952  20.024 0.0000000000
120492  -46.889  -2.269  20.025 0.0000000000
65341  -47.086  -0.992  19.705 0.0000000000
131117  -46.785  -1.583  19.901 0.0000000000
66230  -47.416  -0.347  19.437 0.0000000000
68014  -45.717  1.174  19.314 0.0000000000
52953  -36.193  -15.239  32.207 0.0000000000
52951  -34.554  -14.957  32.042 0.0000000000
53885  -33.933  -14.540  31.884 0.0000000000
52961  -34.247  -14.757  31.402 0.0000000000
53884  -33.428  -13.778  31.961 0.0000000000
59064  -32.531  -8.289  28.441 0.0000000000
59066  -32.960  -8.630  27.465 0.0000000000
110722  -33.050  -9.688  27.383 0.0000000000
58048  -33.505  -9.135  26.768 0.0000000000
59071  -34.827  -8.087  25.601 0.0000000000
58055  -34.558  -8.968  25.584 0.0000000000
58056  -35.366  -9.472  25.372 0.0000000000
37803  -15.563  -30.653  41.564 0.0000000000
36840  -15.983  -31.294  41.108 0.0000000000
35901  -15.700  -32.115  41.641 0.0000000000
33986  -9.026  -34.786  48.899 0.0000000000
33995  -8.791  -34.007  48.615 0.0000000000
33119  -7.544  -35.134  50.584 0.0000000000
33984  -7.630  -34.046  49.616 0.0000000000
53878  -42.919  -13.458  31.965 0.0000000000
120354  -42.487  -12.545  32.489 0.0000000000
53877  -41.674  -12.270  32.325 0.0000000000
121700  -41.410  -12.804  31.717 0.0000000000
45228  -33.728  -22.532  32.341 0.0000000000
45216  -33.478  -23.005  33.256 0.0000000000
40651  -19.164  -27.396  39.566 0.0000000000
39715  -18.451  -27.872  39.714 0.0000000000
39729  -18.354  -28.833  39.270 0.0000000000
36864  -19.836  -31.240  38.444 0.0000000000
38786  -22.404  -30.288  36.447 0.0000000000
37848  -22.033  -30.960  37.098 0.0000000000
36866  -23.391  -31.919  39.147 0.0000000000
37826  -22.523  -31.794  38.604 0.0000000000
36855  -22.449  -32.227  39.572 0.0000000000
47337  -40.509  -19.618  30.819 0.0000000000
48332  -40.735  -19.151  30.465 0.0000000000
48331  -40.067  -19.238  30.142 0.0000000000
49437  -38.868  -18.076  29.611 0.0000000000
49438  -39.472  -18.399  29.477 0.0000000000
50343  -38.785  -17.226  29.616 0.0000000000
50319  -38.577  -17.194  32.813 0.0000000000
49411  -38.094  -18.167  30.925 0.0000000000
51200  -38.380  -16.948  32.246 0.0000000000
52048  -38.024  -16.045  33.494 0.0000000000
52055  -37.535  -15.858  32.569 0.0000000000
110888  -37.690  -16.107  31.553 0.0000000000
52954  -36.896  -15.410  32.466 0.0000000000
43320  -24.962  -24.675  34.321 0.0000000000
44236  -24.562  -23.868  34.795 0.0000000000
45199  -25.237  -22.345  34.201 0.0000000000
46243  -25.672  -21.584  33.924 0.0000000000
46228  -26.096  -20.749  33.959 0.0000000000
48270  -26.901  -19.197  34.225 0.0000000000
47280  -28.279  -20.494  33.442 0.0000000000
49376  -29.437  -18.246  33.236 0.0000000000
47298  -30.186  -20.111  32.866 0.0000000000
48286  -30.569  -19.517  32.435 0.0000000000
49367  -32.805  -17.438  33.563 0.0000000000
50289  -32.669  -16.540  35.296 0.0000000000
50302  -32.268  -16.577  34.213 0.0000000000
50288  -31.612  -16.401  35.123 0.0000000000
50310  -30.720  -17.235  33.378 0.0000000000
48300  -31.993  -19.359  31.691 0.0000000000
49395  -31.617  -18.615  32.162 0.0000000000
47309  -31.542  -20.065  32.001 0.0000000000
47310  -32.192  -20.476  31.810 0.0000000000
46277  -32.735  -21.376  31.839 0.0000000000
46309  -34.131  -21.063  30.594 0.0000000000
46294  -33.718  -21.511  31.034 0.0000000000
46295  -34.420  -21.697  30.837 0.0000000000
45242  -35.625  -22.215  31.208 0.0000000000
46296  -35.150  -21.642  30.696 0.0000000000
48303  -35.231  -18.654  31.595 0.0000000000
46312  -36.546  -20.606  29.953 0.0000000000
121985  -35.840  -20.297  29.842 0.0000000000
123681  -37.017  -21.568  30.764 0.0000000000
127895  -37.916  -21.532  30.835 0.0000000000
47324  -39.586  -20.509  31.273 0.0000000000
45164  -23.933  -22.238  36.553 0.0000000000
43306  -24.049  -23.768  35.629 0.0000000000
53957  -42.577  -13.675  25.577 0.0000000000
55922  -44.076  -12.665  23.624 0.0000000000
129750  -44.390  -12.840  24.691 0.0000000000
57049  -42.573  -10.750  21.997 0.0000000000
61796  -41.088  -5.525  22.455 0.0000000000
62697  -41.225  -4.906  22.009 0.0000000000
61805  -42.262  -5.351  21.233 0.0000000000
131735  -42.770  -5.942  20.895 0.0000000000
121614  -43.039  -6.775  20.939 0.0000000000
60936  -43.524  -6.031  20.584 0.0000000000
63602  -43.773  -3.594  20.449 0.0000000000
61816  -46.072  -5.935  19.789 0.0000000000
60948  -45.426  -6.496  20.052 0.0000000000
60058  -46.188  -8.007  20.690 0.0000000000
60072  -46.671  -7.358  20.426 0.0000000000
60074  -48.387  -7.465  20.531 0.0000000000
63607  -48.396  -3.275  19.628 0.0000000000
67106  -48.846  -0.011  18.998 0.0000000000
121901  -49.854  0.185  18.309 0.0000000000
68042  -49.306  1.022  16.677 0.0000000000
68962  -48.532  3.093  16.570 0.0000000000
68963  -49.412  2.725  16.237 0.0000000000
35862  -11.875  -32.515  46.140 0.0000000000
36804  -11.842  -31.953  46.916 0.0000000000
35857  -11.226  -32.483  47.031 0.0000000000
34916  -10.940  -33.430  47.131 0.0000000000
33173  -13.057  -35.545  46.515 0.0000000000
34022  -12.575  -34.727  46.098 0.0000000000
34011  -12.261  -35.102  46.824 0.0000000000
33157  -10.906  -35.286  47.500 0.0000000000
34009  -10.691  -34.288  47.344 0.0000000000
33997  -10.105  -34.864  47.787 0.0000000000
33141  -10.443  -35.622  48.108 0.0000000000
113178  -41.750  -18.069  30.501 0.0000000000
129781  -41.367  -17.467  30.028 0.0000000000
52097  -40.992  -15.947  29.425 0.0000000000
51249  -41.440  -16.663  29.750 0.0000000000
52083  -41.854  -15.737  29.787 0.0000000000
52963  -36.626  -15.433  30.218 0.0000000000
52979  -37.250  -14.889  29.633 0.0000000000
53916  -38.361  -14.193  29.295 0.0000000000
52980  -40.143  -14.315  29.511 0.0000000000
53899  -41.166  -13.669  30.691 0.0000000000
53897  -39.555  -13.482  29.931 0.0000000000
54852  -37.964  -12.708  30.386 0.0000000000
54853  -38.919  -12.949  30.717 0.0000000000
53886  -39.509  -12.077  31.172 0.0000000000
55781  -32.134  -11.351  32.345 0.0000000000
54836  -32.316  -12.404  30.852 0.0000000000
54837  -32.785  -13.044  31.423 0.0000000000
58011  -32.153  -9.278  29.579 0.0000000000
56902  -32.034  -10.047  30.088 0.0000000000
121508  -32.708  -12.266  28.967 0.0000000000
54871  -33.192  -13.074  29.417 0.0000000000
124076  -34.919  -12.666  29.120 0.0000000000
55811  -36.664  -11.299  29.817 0.0000000000
55793  -38.250  -11.130  30.767 0.0000000000
56981  -34.962  -11.315  26.011 0.0000000000
55878  -35.416  -11.737  27.087 0.0000000000
120177  -36.327  -11.965  26.691 0.0000000000
55880  -38.232  -12.322  27.634 0.0000000000
54902  -40.839  -13.091  27.464 0.0000000000
54913  -40.492  -13.386  26.883 0.0000000000
53956  -41.051  -13.558  26.206 0.0000000000
54914  -41.980  -13.618  26.418 0.0000000000
54954  -38.897  -12.537  23.853 0.0000000000
54938  -40.173  -13.368  24.118 0.0000000000
54955  -39.592  -12.771  23.543 0.0000000000
54956  -40.482  -12.903  23.407 0.0000000000
57012  -37.356  -10.667  24.304 0.0000000000
116813  -37.613  -9.933  23.852 0.0000000000
126853  -38.204  -9.613  23.714 0.0000000000
57033  -39.145  -10.803  23.046 0.0000000000
58085  -39.223  -9.787  22.813 0.0000000000
59092  -39.188  -8.741  23.053 0.0000000000
59084  -39.636  -8.012  23.626 0.0000000000
43321  -25.663  -24.849  33.792 0.0000000000
42430  -26.138  -25.465  34.065 0.0000000000
43315  -28.635  -24.541  35.224 0.0000000000
43307  -28.096  -25.265  35.484 0.0000000000
42413  -28.295  -25.600  36.208 0.0000000000
42406  -28.590  -25.643  36.964 0.0000000000
45166  -29.765  -23.553  35.565 0.0000000000
45167  -30.407  -23.657  36.028 0.0000000000
45188  -33.544  -23.559  35.331 0.0000000000
36812  -13.037  -31.310  45.293 0.0000000000
113824  -14.837  -30.248  42.821 0.0000000000
120157  -13.944  -33.312  43.784 0.0000000000
34946  -14.422  -34.020  44.045 0.0000000000
37815  -17.924  -31.072  39.577 0.0000000000
37814  -17.161  -30.732  40.046 0.0000000000
35904  -18.190  -33.302  40.672 0.0000000000
35912  -17.783  -32.428  40.226 0.0000000000
35892  -17.818  -33.582  41.334 0.0000000000
122393  -5.104  -34.398  51.717 0.0000000000
34902  -6.084  -33.595  50.865 0.0000000000
34899  -5.398  -33.708  51.353 0.0000000000
40703  -25.542  -28.424  36.033 0.0000000000
40704  -26.081  -27.873  36.089 0.0000000000
47312  -40.715  -20.643  32.669 0.0000000000
43305  -23.095  -24.119  36.449 0.0000000000
43299  -22.482  -24.603  36.851 0.0000000000
41540  -22.931  -26.335  35.775 0.0000000000
117787  -22.991  -27.155  35.667 0.0000000000
39777  -23.082  -28.668  35.635 0.0000000000
40701  -23.436  -27.937  35.420 0.0000000000
48277  -38.289  -18.729  34.282 0.0000000000
59107  -40.830  -8.149  21.862 0.0000000000
125476  -40.674  -6.847  22.178 0.0000000000
60934  -41.432  -6.605  21.755 0.0000000000
129917  -44.323  -0.594  20.739 0.0000000000
66220  -45.312  -1.182  19.918 0.0000000000
53865  -34.793  -14.268  33.609 0.0000000000
53864  -33.998  -13.540  33.546 0.0000000000
54821  -33.342  -12.699  33.374 0.0000000000
59070  -34.017  -8.552  26.214 0.0000000000
133356  -33.971  -7.936  26.536 0.0000000000
59989  -34.406  -7.738  26.148 0.0000000000
59990  -35.159  -7.219  25.877 0.0000000000
60005  -35.655  -7.792  25.454 0.0000000000
60862  -35.475  -6.394  26.352 0.0000000000
46248  -30.760  -22.139  34.035 0.0000000000
46233  -32.054  -22.964  35.256 0.0000000000
130150  -50.696  1.740  16.065 0.0000000000
68054  -51.513  1.437  16.185 0.0000000000
32216  -9.025  -36.268  50.104 0.0000000000
33132  -8.579  -35.054  49.472 0.0000000000
33120  -8.389  -35.605  50.159 0.0000000000
33111  -7.953  -35.731  51.047 0.0000000000
53887  -41.607  -13.441  31.238 0.0000000000
45218  -35.232  -22.888  32.916 0.0000000000
45219  -36.283  -22.953  33.276 0.0000000000
45207  -37.358  -23.201  34.400 0.0000000000
42397  -21.258  -25.580  37.936 0.0000000000
41527  -20.795  -26.111  38.517 0.0000000000
41519  -20.889  -26.071  39.600 0.0000000000
40665  -19.534  -27.685  38.709 0.0000000000
39746  -19.498  -28.655  38.255 0.0000000000
38763  -18.935  -29.453  38.566 0.0000000000
38773  -19.658  -29.648  37.850 0.0000000000
37836  -20.203  -30.664  37.810 0.0000000000
37839  -23.690  -31.084  38.094 0.0000000000
37838  -22.747  -31.341  37.881 0.0000000000
111971  -24.105  -31.354  38.941 0.0000000000
114405  -38.948  -19.938  29.789 0.0000000000
48330  -39.277  -19.173  29.792 0.0000000000
45185  -24.474  -22.073  35.324 0.0000000000
49346  -26.974  -17.683  35.426 0.0000000000
126733  -27.700  -17.701  34.809 0.0000000000
48272  -28.696  -18.646  33.570 0.0000000000
49377  -30.233  -18.000  32.809 0.0000000000
49379  -32.269  -17.949  32.598 0.0000000000
47321  -32.885  -20.538  31.331 0.0000000000
48313  -33.234  -19.751  31.102 0.0000000000
47323  -34.469  -20.270  30.608 0.0000000000
48316  -36.346  -19.273  30.361 0.0000000000
48327  -35.814  -19.752  29.853 0.0000000000
46314  -38.383  -20.939  30.714 0.0000000000
113560  -41.826  -13.378  23.965 0.0000000000
116692  -42.652  -13.389  23.992 0.0000000000
54958  -42.239  -13.016  23.172 0.0000000000
55943  -43.560  -11.865  22.912 0.0000000000
58105  -43.984  -10.047  21.820 0.0000000000
127976  -44.317  -9.497  21.426 0.0000000000
62690  -41.601  -4.224  22.255 0.0000000000
63604  -45.450  -3.822  19.900 0.0000000000
111518  -45.153  -4.572  19.763 0.0000000000
61823  -46.005  -5.106  19.710 0.0000000000
60959  -46.860  -6.145  19.700 0.0000000000
60950  -47.134  -6.791  20.074 0.0000000000
60961  -48.614  -6.613  20.011 0.0000000000
122644  -48.319  0.336  18.485 0.0000000000
68029  -47.574  1.207  17.715 0.0000000000
113975  -48.708  1.052  17.011 0.0000000000
68955  -48.035  2.583  16.813 0.0000000000
33134  -11.015  -36.107  48.777 0.0000000000
50357  -40.125  -17.270  29.348 0.0000000000
50358  -40.721  -17.340  29.608 0.0000000000
51247  -39.764  -16.619  29.302 0.0000000000
112640  -35.787  -15.136  29.874 0.0000000000
53896  -37.601  -13.589  29.565 0.0000000000
56884  -31.986  -10.574  31.663 0.0000000000
56946  -32.530  -10.249  28.099 0.0000000000
55832  -33.080  -11.853  28.240 0.0000000000
55833  -34.636  -12.238  28.623 0.0000000000
55834  -35.649  -11.548  28.754 0.0000000000
56923  -36.465  -11.147  29.398 0.0000000000
56947  -36.542  -11.051  28.929 0.0000000000
125470  -36.631  -11.159  28.623 0.0000000000
56982  -35.815  -11.386  25.697 0.0000000000
55909  -36.366  -11.897  25.928 0.0000000000
54899  -37.977  -12.627  26.636 0.0000000000
54900  -38.983  -12.906  26.940 0.0000000000
54912  -39.204  -13.412  26.234 0.0000000000
54927  -39.105  -13.370  25.389 0.0000000000
53968  -40.004  -13.664  24.979 0.0000000000
59076  -37.826  -8.268  24.580 0.0000000000
59083  -38.991  -8.488  23.920 0.0000000000
44249  -26.665  -23.678  33.523 0.0000000000
129882  -26.917  -25.028  34.107 0.0000000000
43323  -27.342  -24.436  33.774 0.0000000000
44238  -28.228  -24.185  34.274 0.0000000000
125437  -15.134  -31.920  42.085 0.0000000000
35888  -14.777  -32.254  42.525 0.0000000000
34046  -15.377  -34.451  43.893 0.0000000000
36851  -18.267  -32.010  39.619 0.0000000000
35905  -19.093  -33.361  40.855 0.0000000000
51218  -44.387  -15.724  31.474 0.0000000000
52066  -43.176  -15.408  30.711 0.0000000000
38764  -25.496  -30.446  38.636 0.0000000000
39750  -26.481  -28.660  38.558 0.0000000000
123676  -26.454  -28.301  37.727 0.0000000000
46264  -38.191  -22.213  33.170 0.0000000000
42404  -21.920  -25.118  37.424 0.0000000000
131537  -20.664  -28.099  36.871 0.0000000000
39762  -20.754  -28.934  36.908 0.0000000000
38795  -21.633  -29.345  36.141 0.0000000000
38787  -23.577  -30.273  36.518 0.0000000000
38775  -24.203  -30.687  37.439 0.0000000000
124736  -37.905  -18.351  31.816 0.0000000000
48288  -34.613  -18.180  32.847 0.0000000000
48302  -34.473  -18.655  31.924 0.0000000000
112013  -35.958  -18.471  32.404 0.0000000000
48304  -36.156  -18.645  31.362 0.0000000000
57047  -40.557  -10.683  22.248 0.0000000000
58103  -42.287  -9.943  21.699 0.0000000000
58114  -41.919  -9.127  21.514 0.0000000000
58115  -42.791  -9.272  21.437 0.0000000000
60056  -43.813  -7.676  20.842 0.0000000000
122363  -42.816  -3.010  21.504 0.0000000000
64450  -43.135  -2.361  21.692 0.0000000000
64456  -44.335  -2.866  20.396 0.0000000000
62709  -47.095  -4.157  19.839 0.0000000000
63618  -47.894  -4.170  19.694 0.0000000000
63606  -47.450  -3.445  19.852 0.0000000000
64460  -48.553  -2.200  19.941 0.0000000000
66231  -48.465  -0.351  19.369 0.0000000000
67105  -47.741  0.164  19.041 0.0000000000
67112  -46.817  0.599  18.616 0.0000000000
68028  -46.951  1.248  18.108 0.0000000000
34044  -13.384  -34.034  44.995 0.0000000000
34023  -13.498  -34.957  46.037 0.0000000000
52064  -37.277  -15.792  30.701 0.0000000000
53875  -34.973  -14.656  32.695 0.0000000000
52976  -34.270  -14.566  30.697 0.0000000000
53894  -33.744  -14.027  30.462 0.0000000000
59047  -32.083  -8.439  29.869 0.0000000000
59063  -32.239  -8.596  29.183 0.0000000000
59975  -32.809  -7.203  28.823 0.0000000000
58033  -32.397  -9.316  28.760 0.0000000000
56965  -33.252  -10.644  27.444 0.0000000000
56966  -33.973  -10.959  27.076 0.0000000000
56980  -34.371  -10.632  26.472 0.0000000000
58050  -34.854  -10.111  25.914 0.0000000000
56995  -36.223  -10.774  25.150 0.0000000000
58057  -36.543  -9.182  24.560 0.0000000000
59075  -36.848  -8.374  24.623 0.0000000000
60006  -36.497  -7.624  25.208 0.0000000000
60007  -37.379  -7.519  24.991 0.0000000000
60880  -37.894  -6.712  25.261 0.0000000000
46245  -28.566  -21.610  33.508 0.0000000000
46229  -29.481  -22.456  34.140 0.0000000000
46216  -30.640  -23.454  35.606 0.0000000000
46231  -30.772  -23.038  34.863 0.0000000000
46217  -31.338  -23.411  35.971 0.0000000000
37793  -15.631  -30.010  41.912 0.0000000000
37792  -15.187  -30.490  42.152 0.0000000000
35890  -16.133  -33.109  41.709 0.0000000000
35907  -21.650  -32.737  41.131 0.0000000000
34914  -9.586  -33.473  47.822 0.0000000000
35850  -9.449  -32.546  48.286 0.0000000000
34910  -9.030  -33.366  48.300 0.0000000000
35849  -8.895  -32.500  48.799 0.0000000000
35843  -8.270  -32.628  49.348 0.0000000000
33985  -8.301  -34.199  49.189 0.0000000000
34906  -7.837  -33.398  49.369 0.0000000000
35832  -7.516  -32.806  49.894 0.0000000000
113920  -7.459  -32.217  50.862 0.0000000000
61783  -41.989  -4.834  23.791 0.0000000000
63578  -42.611  -3.349  23.343 0.0000000000
64442  -42.724  -2.738  22.913 0.0000000000
54831  -40.020  -11.531  31.882 0.0000000000
116450  -32.716  -22.815  33.570 0.0000000000
45204  -34.106  -23.641  34.804 0.0000000000
45221  -37.985  -22.934  33.745 0.0000000000
119198  -18.133  -27.631  40.502 0.0000000000
38750  -17.431  -29.106  39.921 0.0000000000
38751  -18.002  -29.471  39.540 0.0000000000
37824  -18.302  -30.432  39.307 0.0000000000
37825  -18.995  -30.692  38.817 0.0000000000
36853  -20.368  -32.462  39.557 0.0000000000
37847  -21.007  -30.747  37.318 0.0000000000
129701  -20.819  -31.186  37.702 0.0000000000
36854  -21.345  -32.404  39.538 0.0000000000
127693  -50.612  3.934  15.862 0.0000000000
48307  -41.709  -19.566  31.987 0.0000000000
49399  -42.167  -18.989  31.538 0.0000000000
48318  -41.371  -19.306  31.039 0.0000000000
49428  -41.215  -18.718  30.456 0.0000000000
49426  -39.847  -18.684  29.646 0.0000000000
49439  -40.235  -18.101  29.264 0.0000000000
52065  -37.823  -16.222  30.406 0.0000000000
52932  -36.458  -14.774  34.327 0.0000000000
42428  -24.600  -25.191  34.840 0.0000000000
41564  -24.833  -25.930  34.778 0.0000000000
121148  -25.927  -24.152  33.662 0.0000000000
44237  -24.822  -23.106  34.564 0.0000000000
44248  -25.655  -23.319  33.801 0.0000000000
45201  -27.241  -22.767  33.522 0.0000000000
116496  -27.796  -22.052  33.471 0.0000000000
47257  -25.319  -19.452  35.703 0.0000000000
47266  -25.634  -19.830  34.766 0.0000000000
48256  -26.472  -18.539  34.946 0.0000000000
48269  -26.243  -19.269  34.658 0.0000000000
46244  -27.249  -20.889  33.603 0.0000000000
47281  -29.284  -20.772  33.577 0.0000000000
47282  -29.974  -20.950  33.561 0.0000000000
50287  -30.446  -16.325  34.766 0.0000000000
50300  -30.237  -16.615  33.959 0.0000000000
48298  -30.755  -18.723  32.366 0.0000000000
47300  -31.666  -20.968  32.538 0.0000000000
46293  -33.201  -21.239  31.325 0.0000000000
45240  -34.061  -22.203  31.505 0.0000000000
45229  -34.570  -22.684  32.105 0.0000000000
45230  -35.290  -22.728  31.852 0.0000000000
46279  -36.993  -22.182  31.863 0.0000000000
47332  -35.307  -20.333  30.373 0.0000000000
46311  -35.417  -20.912  30.370 0.0000000000
128848  -39.090  -20.980  31.329 0.0000000000
132587  -39.560  -20.999  31.703 0.0000000000
47311  -40.104  -20.853  31.998 0.0000000000
124796  -40.734  -20.409  31.974 0.0000000000
44214  -23.586  -22.690  37.194 0.0000000000
44226  -23.299  -23.347  36.862 0.0000000000
118070  -23.550  -23.695  36.231 0.0000000000
43313  -23.843  -24.588  35.619 0.0000000000
54940  -43.544  -13.305  24.207 0.0000000000
55960  -42.055  -11.581  22.070 0.0000000000
55961  -42.837  -11.456  22.316 0.0000000000
57051  -44.523  -10.714  22.203 0.0000000000
133388  -41.174  -6.015  21.995 0.0000000000
121065  -42.319  -6.972  21.434 0.0000000000
63595  -42.870  -3.566  20.935 0.0000000000
62706  -43.334  -4.396  20.562 0.0000000000
61813  -43.879  -5.238  20.421 0.0000000000
61814  -44.574  -5.181  19.980 0.0000000000
60070  -44.782  -7.191  20.507 0.0000000000
125094  -45.369  -7.944  20.705 0.0000000000
60073  -47.530  -7.390  20.578 0.0000000000
67131  -50.779  0.623  17.127 0.0000000000
127983  -49.498  4.384  16.451 0.0000000000
34926  -12.224  -33.842  45.760 0.0000000000
117363  -11.324  -34.042  46.913 0.0000000000
34915  -10.217  -33.470  47.509 0.0000000000
33133  -10.095  -35.950  48.893 0.0000000000
49412  -42.479  -18.418  31.041 0.0000000000
50345  -42.030  -17.205  30.264 0.0000000000
51236  -42.723  -16.004  30.214 0.0000000000
52094  -38.802  -15.833  29.240 0.0000000000
52095  -39.403  -15.418  28.969 0.0000000000
52998  -38.684  -14.942  29.085 0.0000000000
123949  -40.034  -15.081  29.013 0.0000000000
52096  -40.935  -15.076  29.349 0.0000000000
52982  -41.764  -14.845  30.147 0.0000000000
52966  -42.489  -14.656  30.734 0.0000000000
52965  -41.813  -14.055  30.614 0.0000000000
132367  -40.778  -13.042  31.226 0.0000000000
132218  -40.235  -12.357  31.385 0.0000000000
54829  -32.943  -12.895  32.434 0.0000000000
55774  -32.526  -11.089  33.384 0.0000000000
55782  -32.627  -12.053  32.894 0.0000000000
53893  -33.292  -13.633  30.934 0.0000000000
53912  -33.373  -13.518  30.151 0.0000000000
114760  -31.895  -10.779  30.634 0.0000000000
55831  -32.213  -11.788  29.441 0.0000000000
55810  -32.056  -11.678  30.274 0.0000000000
53913  -33.936  -13.592  29.741 0.0000000000
116383  -34.852  -13.593  29.479 0.0000000000
54874  -36.212  -12.492  29.570 0.0000000000
124021  -35.452  -12.063  28.989 0.0000000000
54850  -36.666  -11.769  29.947 0.0000000000
54838  -37.806  -11.625  30.644 0.0000000000
125821  -38.449  -11.126  31.143 0.0000000000
54830  -39.124  -11.063  31.678 0.0000000000
55858  -37.441  -11.564  28.320 0.0000000000
122690  -41.669  -13.722  25.478 0.0000000000
53970  -41.366  -13.752  24.657 0.0000000000
53981  -40.659  -13.735  24.602 0.0000000000
55958  -40.284  -11.472  22.601 0.0000000000
57032  -38.500  -10.977  23.438 0.0000000000
58069  -38.264  -10.152  23.581 0.0000000000
129465  -39.636  -11.405  22.891 0.0000000000
58101  -39.992  -9.906  22.272 0.0000000000
59093  -39.775  -8.350  22.945 0.0000000000
60029  -40.457  -6.970  23.851 0.0000000000
42419  -25.584  -25.942  34.703 0.0000000000
41550  -26.036  -26.539  35.152 0.0000000000
42411  -26.802  -26.179  35.545 0.0000000000
42421  -27.043  -25.528  34.930 0.0000000000
41544  -27.302  -26.381  36.203 0.0000000000
42405  -27.961  -26.143  36.574 0.0000000000
45186  -29.175  -23.149  34.368 0.0000000000
44228  -29.514  -24.165  35.844 0.0000000000
44215  -29.925  -24.455  36.711 0.0000000000
112819  -29.346  -25.100  37.319 0.0000000000
46234  -32.595  -23.204  35.291 0.0000000000
115367  -13.867  -30.383  44.298 0.0000000000
36825  -14.108  -31.703  43.026 0.0000000000
36819  -13.575  -31.389  43.937 0.0000000000
35874  -13.408  -32.588  44.210 0.0000000000
34045  -14.011  -34.495  44.617 0.0000000000
34035  -15.654  -35.119  44.773 0.0000000000
120208  -17.049  -29.724  39.947 0.0000000000
36841  -16.930  -31.684  40.515 0.0000000000
35891  -16.982  -33.308  41.460 0.0000000000
35894  -20.432  -33.321  41.846 0.0000000000
35893  -19.547  -33.455  41.729 0.0000000000
34974  -18.228  -33.952  42.105 0.0000000000
34957  -17.522  -34.393  42.650 0.0000000000
33110  -7.219  -35.539  51.325 0.0000000000
33973  -6.729  -34.772  50.934 0.0000000000
33976  -6.435  -34.097  50.663 0.0000000000
34900  -6.681  -32.813  50.949 0.0000000000
34898  -5.048  -33.591  51.842 0.0000000000
35820  -5.271  -33.101  50.880 0.0000000000
33970  -4.850  -33.981  51.866 0.0000000000
52952  -35.360  -15.203  32.034 0.0000000000
59980  -34.014  -7.300  26.983 0.0000000000
