#!ascii label  , from subject sub-003S6257 vox2ras=TkReg
902
60598  -27.597  -7.210  -26.379 0.5555555820
61473  -28.175  -6.536  -26.912 0.6666666865
61485  -28.169  -5.789  -27.477 0.7777777910
61496  -28.806  -5.522  -28.029 0.7777777910
63226  -27.727  -4.498  -28.638 0.8888888955
116168  -29.871  -4.012  -29.373 0.8888888955
61461  -26.834  -6.963  -25.930 0.5555555820
61472  -27.272  -6.481  -26.548 0.5555555820
112001  -26.920  -5.694  -26.667 0.6666666865
62327  -27.419  -5.473  -27.436 0.8888888955
62336  -29.543  -5.166  -28.324 0.8888888955
63239  -28.510  -4.272  -29.154 0.8888888955
64125  -28.617  -3.345  -29.324 1.0000000000
64127  -30.545  -3.512  -29.710 0.8888888955
126542  -30.015  -2.913  -29.932 1.0000000000
134223  -26.376  -5.109  -26.581 0.7777777910
130304  -26.391  -4.190  -28.088 1.0000000000
64111  -25.629  -3.357  -28.014 1.0000000000
64113  -27.227  -3.712  -28.769 1.0000000000
64989  -27.600  -2.028  -29.332 1.0000000000
64123  -26.786  -3.165  -28.901 1.0000000000
64990  -28.408  -2.415  -29.477 1.0000000000
65861  -26.964  -1.517  -29.010 1.0000000000
65863  -28.231  -1.564  -29.899 1.0000000000
65874  -29.787  -1.205  -30.055 1.0000000000
65862  -27.490  -1.166  -29.670 1.0000000000
65873  -28.924  -0.921  -30.191 1.0000000000
126439  -29.427  -0.004  -30.228 1.0000000000
66765  -30.294  -0.089  -30.797 0.7777777910
65851  -25.485  -1.980  -27.715 0.8888888955
64977  -26.128  -2.940  -28.620 1.0000000000
113568  -25.737  -1.317  -28.178 1.0000000000
110662  -26.903  -0.676  -29.421 1.0000000000
66762  -27.778  -0.156  -29.985 1.0000000000
66763  -28.551  -0.033  -29.944 1.0000000000
67661  -28.942  0.608  -30.505 1.0000000000
67662  -29.866  0.586  -30.670 1.0000000000
110311  -30.918  0.502  -31.063 0.8888888955
111369  -30.220  1.257  -30.720 1.0000000000
110314  -30.886  1.578  -30.866 0.7777777910
110310  -31.637  1.140  -31.186 0.7777777910
66737  -24.484  -0.593  -27.450 0.5555555820
68551  -24.335  1.277  -28.939 0.7777777910
67645  -24.867  0.517  -28.700 0.8888888955
67653  -26.633  -0.044  -29.884 1.0000000000
66756  -27.283  -0.489  -29.907 1.0000000000
129709  -26.381  0.691  -29.909 0.8888888955
67660  -27.016  0.576  -30.192 1.0000000000
111673  -28.377  1.177  -30.864 1.0000000000
68576  -29.251  1.280  -30.941 0.8888888955
110491  -29.233  1.797  -31.080 1.0000000000
110943  -29.978  2.204  -30.752 0.8888888955
110313  -31.417  2.400  -31.755 0.7777777910
69452  -31.751  2.140  -31.565 0.6666666865
68549  -23.026  1.675  -27.424 0.4444444478
67644  -24.062  0.823  -28.315 0.7777777910
69422  -23.574  2.501  -28.443 0.6666666865
69436  -25.304  2.316  -30.219 0.7777777910
68564  -25.182  1.755  -29.958 0.8888888955
69437  -25.923  1.936  -30.464 0.8888888955
68575  -27.541  1.255  -30.524 1.0000000000
110932  -27.108  1.996  -30.730 1.0000000000
69450  -27.688  2.205  -31.277 1.0000000000
69438  -28.962  2.288  -31.369 1.0000000000
70377  -29.128  2.843  -31.897 0.8888888955
125868  -30.055  2.028  -32.985 0.7777777910
125867  -30.679  2.447  -32.563 0.7777777910
110709  -32.032  2.461  -31.485 0.5555555820
110382  -30.866  2.822  -32.860 0.7777777910
126520  -31.896  3.697  -31.945 0.6666666865
70365  -23.479  3.395  -28.746 0.6666666865
70364  -22.878  2.979  -27.995 0.6666666865
69435  -24.708  2.341  -29.751 0.7777777910
126386  -24.667  3.161  -29.700 0.7777777910
69449  -25.833  2.783  -30.421 0.8888888955
127164  -26.515  2.554  -30.705 0.8888888955
70390  -26.409  3.215  -30.851 1.0000000000
69461  -27.189  2.787  -31.139 1.0000000000
125889  -28.035  3.014  -30.881 1.0000000000
125883  -28.808  2.861  -31.535 0.8888888955
110379  -29.634  2.211  -33.016 0.8888888955
110383  -30.181  2.346  -33.066 0.8888888955
125882  -29.047  3.045  -33.003 0.8888888955
125932  -29.774  3.005  -33.238 0.7777777910
125860  -30.807  3.392  -33.251 0.7777777910
110408  -31.521  3.554  -32.658 0.7777777910
71316  -22.671  3.868  -28.401 0.6666666865
70354  -22.086  3.307  -27.576 0.5555555820
70375  -24.126  3.816  -29.534 0.7777777910
70388  -24.885  3.724  -30.140 0.8888888955
70389  -25.640  3.530  -30.515 0.8888888955
70402  -26.128  4.043  -31.225 1.0000000000
70403  -26.885  3.514  -31.377 1.0000000000
125863  -28.179  3.702  -32.374 1.0000000000
125927  -28.560  3.236  -31.836 0.8888888955
126178  -31.122  4.132  -33.919 0.7777777910
110403  -32.032  4.982  -32.501 0.6666666865
110493  -32.036  4.907  -31.501 0.5555555820
71317  -23.311  4.313  -29.096 0.7777777910
72263  -22.597  4.871  -28.697 0.6666666865
71327  -24.465  4.552  -30.250 0.8888888955
71345  -25.389  4.763  -31.377 1.0000000000
110438  -27.138  4.161  -31.881 1.0000000000
71375  -28.841  4.212  -33.952 0.8888888955
125904  -29.168  3.568  -33.683 0.8888888955
71376  -29.497  4.377  -34.094 0.8888888955
125881  -30.134  3.958  -33.567 0.8888888955
72315  -31.297  4.765  -34.107 0.7777777910
73175  -31.260  5.750  -33.952 0.7777777910
110483  -31.769  5.251  -33.307 0.7777777910
73189  -30.708  5.593  -34.789 0.7777777910
113128  -31.514  6.324  -32.845 0.5555555820
110316  -31.674  5.881  -32.157 0.5555555820
74036  -31.293  6.746  -33.624 0.6666666865
73130  -21.045  6.800  -27.515 0.4444444478
131055  -22.631  5.525  -29.062 0.5555555820
128394  -24.603  5.932  -30.946 0.7777777910
72281  -24.472  5.342  -30.641 0.8888888955
110474  -26.256  5.438  -32.308 1.0000000000
110504  -27.725  5.136  -33.133 0.8888888955
72314  -28.519  5.156  -33.718 0.8888888955
132111  -28.334  4.555  -33.321 0.8888888955
126432  -29.118  4.959  -34.165 0.8888888955
73188  -29.871  5.303  -34.587 0.8888888955
128301  -31.051  6.173  -34.884 0.6666666865
74028  -31.078  7.329  -32.354 0.5555555820
110318  -24.558  7.855  -31.726 0.6666666865
73161  -24.299  6.577  -31.029 0.6666666865
125916  -26.658  6.809  -32.964 0.7777777910
110437  -26.989  5.898  -32.860 0.8888888955
73186  -27.194  6.450  -33.666 0.7777777910
122484  -27.824  6.403  -34.492 0.7777777910
72313  -27.791  5.797  -33.750 0.8888888955
74047  -29.058  5.855  -35.632 0.7777777910
73187  -28.818  5.627  -34.594 0.8888888955
74057  -30.221  6.384  -36.400 0.7777777910
73201  -30.041  5.542  -36.049 0.7777777910
73202  -30.695  5.879  -36.011 0.6666666865
74070  -30.077  7.141  -36.532 0.6666666865
74058  -30.431  6.553  -36.260 0.6666666865
74048  -30.676  6.912  -35.300 0.6666666865
112182  -30.492  9.029  -35.033 0.6666666865
75009  -30.259  7.712  -35.841 0.5555555820
74996  -30.647  8.118  -34.315 0.5555555820
74984  -30.965  7.819  -33.222 0.4444444478
121237  -30.747  9.267  -33.877 0.5555555820
110323  -25.079  9.698  -32.182 0.3333333433
110325  -24.529  9.289  -32.154 0.3333333433
125928  -25.868  8.299  -32.708 0.5555555820
110381  -25.897  7.479  -32.521 0.6666666865
125861  -26.406  8.665  -33.177 0.5555555820
125917  -26.615  7.606  -33.196 0.7777777910
74045  -27.210  7.161  -34.137 0.7777777910
75008  -28.334  8.139  -35.474 0.6666666865
74046  -28.332  6.983  -35.176 0.6666666865
132311  -28.969  7.285  -36.044 0.6666666865
75019  -29.629  8.118  -36.532 0.6666666865
75923  -29.704  8.816  -37.122 0.6666666865
75020  -29.853  9.197  -35.942 0.6666666865
75899  -30.858  10.293  -34.329 0.5555555820
75911  -30.327  10.011  -35.793 0.6666666865
110320  -25.857  9.602  -32.655 0.4444444478
110324  -24.845  9.839  -31.643 0.4444444478
76747  -26.429  10.175  -32.778 0.5555555820
75897  -26.798  9.411  -33.431 0.5555555820
75898  -27.744  9.323  -34.565 0.6666666865
74995  -27.639  8.217  -33.924 0.6666666865
75018  -29.002  8.091  -36.482 0.6666666865
75028  -29.129  8.757  -37.419 0.6666666865
75924  -30.105  9.803  -37.181 0.6666666865
76768  -30.363  10.877  -36.935 0.6666666865
76758  -30.787  11.120  -35.494 0.5555555820
131144  -28.293  9.807  -35.096 0.6666666865
123961  -28.858  9.616  -37.201 0.6666666865
128357  -28.851  8.855  -37.410 0.6666666865
75017  -28.583  9.081  -36.098 0.6666666865
76777  -29.840  10.867  -37.561 0.6666666865
62335  -27.914  -5.288  -28.165 0.8888888955
62326  -26.742  -5.030  -27.217 1.0000000000
63225  -26.851  -4.292  -28.314 1.0000000000
63238  -27.864  -3.829  -29.236 1.0000000000
119130  -29.260  -2.651  -29.518 1.0000000000
69421  -22.947  2.213  -27.739 0.5555555820
110395  -29.279  2.730  -32.506 0.8888888955
71305  -22.058  4.278  -28.060 0.5555555820
73142  -22.149  6.894  -28.675 0.5555555820
133080  -23.793  4.652  -29.684 0.7777777910
110495  -26.189  4.772  -31.872 1.0000000000
72302  -30.645  4.641  -34.275 0.8888888955
73141  -21.585  7.146  -28.088 0.2222222239
76757  -27.852  10.447  -34.400 0.6666666865
118439  -22.265  2.478  -27.513 0.4444444478
71286  -21.695  4.017  -27.326 0.4444444478
76748  -30.926  11.370  -34.263 0.5555555820
76749  -31.144  11.076  -33.318 0.5555555820
133623  -25.524  10.238  -31.961 0.2222222239
110413  -25.488  10.249  -32.076 0.3333333433
60586  -28.018  -7.973  -26.122 0.5555555820
59727  -28.995  -8.106  -26.376 0.5555555820
61486  -29.026  -6.138  -27.389 0.5555555820
62343  -30.256  -4.810  -28.657 0.7777777910
63241  -30.704  -4.333  -29.267 0.8888888955
59713  -27.458  -8.482  -25.563 0.5555555820
61497  -29.719  -6.045  -28.090 0.6666666865
126852  -30.894  -2.578  -29.886 0.8888888955
60584  -26.248  -7.305  -25.235 0.4444444478
62306  -26.060  -5.972  -25.166 0.5555555820
65864  -29.998  -1.991  -29.582 1.0000000000
62315  -25.868  -4.859  -26.178 0.2222222239
120452  -25.934  -4.530  -27.067 0.6666666865
65875  -30.549  -0.605  -30.373 0.8888888955
125920  -31.261  -0.220  -31.079 0.6666666865
110423  -31.988  0.235  -31.117 0.6666666865
64094  -24.546  -3.078  -26.595 0.5555555820
125919  -32.106  0.915  -31.226 0.6666666865
65842  -24.069  -2.202  -26.581 0.4444444478
110482  -31.940  1.795  -31.396 0.5555555820
111357  -32.670  2.849  -30.643 0.5555555820
67632  -23.673  0.473  -26.966 0.2222222239
125866  -32.213  3.322  -31.379 0.5555555820
69410  -22.067  1.926  -27.326 0.4444444478
125873  -32.151  4.157  -31.294 0.5555555820
70337  -20.752  3.673  -26.108 0.3333333433
72282  -32.237  4.873  -30.735 0.5555555820
115370  -21.227  5.726  -27.523 0.4444444478
110420  -31.710  6.331  -31.166 0.4444444478
129474  -20.424  6.860  -26.742 0.3333333433
74029  -31.320  6.784  -31.723 0.5555555820
75874  -24.108  9.260  -31.730 0.3333333433
74971  -23.853  8.758  -31.464 0.3333333433
74027  -24.265  7.969  -31.328 0.4444444478
75886  -30.711  8.990  -32.958 0.4444444478
75900  -31.323  9.996  -33.139 0.4444444478
75910  -28.665  10.376  -35.718 0.6666666865
76776  -29.176  10.463  -37.473 0.6666666865
76787  -29.002  11.248  -38.098 0.6666666865
120106  -29.370  12.057  -38.256 0.6666666865
77645  -29.841  11.688  -37.731 0.6666666865
77619  -30.859  12.011  -35.173 0.6666666865
77620  -31.262  11.876  -33.991 0.3333333433
115887  -28.406  11.185  -34.976 0.5555555820
60612  -29.267  -6.779  -26.804 0.6666666865
130105  -27.571  -6.009  -27.061 0.6666666865
63227  -28.571  -4.935  -28.655 0.8888888955
63240  -29.358  -4.505  -28.999 0.8888888955
60585  -27.113  -7.685  -25.715 0.5555555820
61460  -26.235  -6.657  -25.439 0.5555555820
61471  -26.607  -6.235  -25.948 0.5555555820
110840  -27.068  -5.025  -28.112 0.8888888955
133062  -29.130  -4.001  -29.432 1.0000000000
64126  -29.569  -3.398  -29.489 1.0000000000
62305  -25.813  -5.295  -25.524 0.5555555820
62316  -26.299  -5.529  -25.945 0.6666666865
63217  -26.500  -4.495  -27.709 1.0000000000
64104  -25.916  -4.045  -27.786 0.8888888955
64112  -26.451  -3.593  -28.271 1.0000000000
131971  -25.673  -2.698  -28.120 1.0000000000
64124  -27.566  -3.035  -29.295 1.0000000000
64988  -26.811  -2.504  -29.048 1.0000000000
65852  -26.214  -2.050  -28.449 1.0000000000
64996  -29.016  -1.936  -30.164 1.0000000000
65865  -30.909  -1.445  -30.101 0.8888888955
65872  -27.979  -0.784  -30.085 1.0000000000
66764  -29.748  -0.541  -30.312 1.0000000000
65843  -24.632  -2.042  -27.248 0.5555555820
64969  -25.186  -2.706  -27.273 0.6666666865
66748  -26.465  -0.894  -28.569 1.0000000000
66755  -26.284  -0.274  -29.253 1.0000000000
67654  -27.231  0.035  -30.067 1.0000000000
111504  -27.953  0.556  -30.168 1.0000000000
110312  -30.126  1.977  -30.762 0.8888888955
110501  -31.460  1.866  -31.303 0.7777777910
66736  -24.164  -0.505  -26.766 0.5555555820
65841  -24.358  -1.368  -27.001 0.5555555820
67633  -24.149  0.237  -27.615 0.6666666865
132653  -24.418  0.370  -28.209 0.6666666865
66738  -24.961  -1.162  -27.741 0.7777777910
66746  -24.651  -0.228  -28.143 0.7777777910
69423  -24.170  2.005  -29.034 0.6666666865
68563  -24.667  1.710  -29.463 0.8888888955
68552  -25.096  1.150  -29.417 0.8888888955
66747  -25.581  -0.375  -28.523 0.8888888955
67652  -25.776  0.366  -29.455 1.0000000000
68565  -25.859  1.247  -29.817 0.8888888955
68574  -26.662  1.298  -30.246 1.0000000000
110499  -27.909  1.733  -31.251 1.0000000000
69439  -29.531  2.686  -31.165 0.8888888955
110452  -30.599  2.543  -32.120 0.8888888955
110441  -30.945  2.428  -31.059 0.7777777910
110315  -31.510  2.947  -32.120 0.6666666865
69453  -32.565  1.997  -30.877 0.5555555820
68550  -23.588  1.585  -28.283 0.5555555820
68541  -22.527  1.562  -26.832 0.3333333433
67631  -23.244  1.205  -26.961 0.3333333433
67643  -23.510  0.971  -27.716 0.4444444478
70366  -24.315  2.912  -29.001 0.6666666865
70376  -25.186  2.980  -30.126 0.8888888955
110400  -27.687  3.452  -31.570 1.0000000000
125865  -31.581  4.299  -33.327 0.7777777910
110380  -31.953  4.274  -32.271 0.6666666865
70339  -21.391  3.250  -26.995 0.4444444478
71335  -25.200  4.239  -30.756 0.8888888955
110434  -28.610  3.829  -33.254 0.8888888955
131766  -31.886  5.554  -31.578 0.5555555820
72251  -22.094  5.083  -28.119 0.5555555820
71326  -23.767  5.252  -30.221 0.6666666865
128775  -24.916  4.856  -30.855 0.8888888955
129773  -27.826  4.399  -32.708 1.0000000000
72271  -22.719  6.217  -29.332 0.5555555820
72272  -23.407  6.069  -29.966 0.5555555820
72292  -25.562  5.483  -31.803 1.0000000000
73168  -24.943  6.265  -31.596 0.7777777910
72280  -24.031  5.980  -30.549 0.7777777910
74974  -31.481  7.794  -31.360 0.5555555820
74021  -24.043  7.415  -31.118 0.5555555820
110534  -24.953  8.393  -32.360 0.4444444478
110650  -24.599  7.089  -31.480 0.6666666865
73152  -22.950  6.883  -30.027 0.6666666865
73185  -26.969  6.882  -33.870 0.7777777910
129885  -25.931  6.384  -32.264 0.7777777910
74056  -29.420  6.385  -36.221 0.6666666865
127831  -29.749  8.064  -36.476 0.6666666865
130778  -31.150  7.116  -34.323 0.5555555820
74972  -24.271  8.738  -31.956 0.4444444478
110319  -25.274  9.088  -32.673 0.5555555820
133761  -27.095  7.930  -33.495 0.6666666865
123867  -27.106  10.076  -33.663 0.6666666865
75933  -28.925  9.269  -37.515 0.6666666865
75934  -29.383  10.041  -37.321 0.6666666865
72227  -21.494  4.844  -27.597 0.4444444478
73151  -22.591  7.130  -29.325 0.3333333433
69395  -21.442  2.249  -27.193 0.4444444478
71285  -21.043  4.292  -26.898 0.4444444478
62344  -31.129  -5.239  -29.029 0.6666666865
59712  -26.548  -8.091  -24.921 0.4444444478
131098  -26.041  -8.103  -24.320 0.3333333433
64103  -25.419  -3.569  -27.094 0.7777777910
133500  -24.087  0.123  -26.214 0.1111111119
67618  -23.155  0.768  -26.234 0.1111111119
118977  -21.285  2.452  -26.504 0.4444444478
72226  -20.127  4.989  -26.953 0.3333333433
128457  -20.543  5.018  -27.213 0.3333333433
74019  -23.057  8.226  -30.563 0.3333333433
77633  -30.381  11.859  -36.772 0.6666666865
78425  -30.936  12.563  -35.300 0.4444444478
59728  -31.000  -8.597  -26.588 0.4444444478
59716  -32.322  -8.547  -25.735 0.2222222239
59714  -28.525  -8.904  -26.070 0.4444444478
58693  -29.581  -8.837  -26.581 0.4444444478
132847  -29.344  -7.486  -26.612 0.4444444478
60600  -29.861  -8.052  -26.699 0.4444444478
113844  -30.855  -7.750  -26.829 0.4444444478
60614  -31.589  -7.397  -27.554 0.4444444478
60616  -32.506  -7.343  -28.240 0.2222222239
61487  -29.929  -6.642  -27.527 0.4444444478
61488  -30.840  -7.047  -27.506 0.4444444478
60623  -31.695  -7.002  -28.227 0.4444444478
118292  -32.689  -7.049  -27.646 0.1111111119
61462  -32.578  -6.667  -26.222 0.1111111119
61500  -33.086  -7.593  -29.088 0.3333333433
61498  -30.767  -6.524  -28.122 0.4444444478
61499  -32.417  -7.298  -29.000 0.3333333433
61508  -32.938  -7.132  -29.364 0.3333333433
61475  -33.222  -6.518  -28.362 0.2222222239
113390  -31.678  -6.615  -28.659 0.4444444478
61507  -32.261  -6.654  -29.166 0.3333333433
63244  -33.167  -5.787  -29.208 0.2222222239
63229  -33.447  -5.129  -29.001 0.1111111119
112658  -33.632  -3.613  -27.775 0.1111111119
63243  -32.598  -5.234  -29.376 0.3333333433
63228  -33.178  -4.668  -29.239 0.3333333433
123409  -31.350  -4.039  -29.727 0.4444444478
64128  -31.472  -3.381  -29.689 0.5555555820
64991  -31.905  -2.666  -29.722 0.6666666865
64992  -32.744  -2.458  -29.494 0.4444444478
121165  -31.717  -2.100  -30.168 0.6666666865
65868  -33.798  -1.342  -30.199 0.3333333433
66757  -33.383  -0.893  -30.780 0.5555555820
125895  -32.374  -0.410  -30.901 0.5555555820
110412  -33.286  -0.344  -30.614 0.3333333433
133922  -31.475  -0.686  -30.417 0.5555555820
125907  -32.632  0.523  -30.746 0.4444444478
68577  -32.404  1.282  -30.903 0.5555555820
76767  -28.795  11.013  -37.056 0.5555555820
113397  -28.551  11.635  -36.194 0.5555555820
78470  -28.774  11.953  -38.280 0.5555555820
78446  -28.856  12.523  -37.754 0.5555555820
78447  -29.301  12.364  -38.160 0.5555555820
122385  -30.081  12.541  -37.317 0.5555555820
133338  -30.328  -8.594  -26.666 0.4444444478
59730  -31.930  -8.294  -26.431 0.2222222239
60599  -28.540  -7.343  -26.507 0.4444444478
61489  -33.330  -7.570  -28.793 0.2222222239
62338  -33.371  -6.239  -29.238 0.2222222239
62328  -33.417  -5.536  -28.481 0.1111111119
64114  -32.899  -3.586  -29.144 0.4444444478
64115  -33.548  -3.922  -28.875 0.3333333433
64129  -32.275  -4.160  -29.502 0.4444444478
110531  -32.442  -2.114  -30.195 0.6666666865
127211  -33.260  0.524  -30.210 0.3333333433
68566  -33.112  1.398  -30.328 0.4444444478
70392  -32.432  3.730  -30.563 0.4444444478
77632  -28.659  12.379  -36.645 0.5555555820
78434  -28.870  12.523  -35.531 0.5555555820
130637  -33.482  -2.245  -28.745 0.2222222239
123433  -30.581  12.317  -36.465 0.5555555820
134147  -30.052  -10.772  -26.234 0.4444444478
58681  -30.943  -10.047  -26.186 0.4444444478
59715  -31.758  -9.022  -26.127 0.2222222239
58683  -32.174  -9.369  -25.598 0.2222222239
59703  -32.693  -8.812  -24.901 0.1111111119
58680  -29.466  -9.628  -26.259 0.4444444478
60602  -32.297  -7.722  -27.091 0.1111111119
61474  -33.185  -6.252  -27.125 0.1111111119
62317  -33.556  -5.433  -27.361 0.1111111119
113837  -33.565  -4.855  -26.429 0.1111111119
110708  -33.508  -2.852  -28.265 0.1111111119
66758  -33.883  -0.889  -30.094 0.1111111119
133976  -33.740  -1.807  -28.963 0.2222222239
67655  -33.491  0.025  -29.707 0.2222222239
68553  -33.616  1.074  -29.389 0.2222222239
70379  -32.752  3.458  -29.771 0.3333333433
71328  -32.633  4.278  -29.746 0.3333333433
71336  -32.363  4.436  -30.434 0.3333333433
74020  -23.342  7.538  -30.516 0.4444444478
75887  -31.053  9.865  -32.088 0.3333333433
120562  -27.137  10.855  -33.108 0.4444444478
77631  -28.697  11.858  -35.135 0.5555555820
78435  -28.947  12.739  -37.191 0.5555555820
113342  -29.102  12.930  -37.254 0.5555555820
79256  -29.350  12.825  -37.689 0.5555555820
62337  -30.681  -5.844  -28.453 0.5555555820
63242  -31.726  -4.729  -29.361 0.6666666865
62345  -32.027  -5.743  -29.305 0.3333333433
61506  -31.575  -6.072  -28.931 0.3333333433
59729  -31.486  -8.456  -26.493 0.4444444478
59737  -31.685  -7.845  -27.112 0.4444444478
58695  -31.221  -9.300  -26.299 0.4444444478
58694  -30.417  -9.372  -26.486 0.4444444478
60613  -30.076  -7.203  -26.841 0.4444444478
60601  -32.053  -7.864  -27.322 0.4444444478
60615  -32.337  -7.300  -28.146 0.4444444478
61509  -33.261  -6.788  -29.455 0.3333333433
62346  -32.745  -6.302  -29.320 0.3333333433
61501  -33.243  -7.252  -29.382 0.2222222239
63218  -33.588  -4.631  -28.150 0.1111111119
63211  -33.671  -4.340  -27.073 0.1111111119
115136  -32.216  -3.202  -29.353 0.4444444478
64979  -33.580  -1.929  -29.608 0.3333333433
64978  -33.043  -2.751  -28.824 0.3333333433
65853  -34.006  -1.388  -29.627 0.1111111119
65867  -33.234  -1.650  -30.236 0.4444444478
65866  -32.284  -1.270  -30.421 0.5555555820
128856  -32.865  -0.286  -30.995 0.5555555820
69440  -33.073  2.200  -30.284 0.4444444478
78423  -28.774  12.666  -33.963 0.5555555820
57623  -30.605  -10.916  -26.116 0.4444444478
128852  -30.169  -10.236  -26.262 0.4444444478
58682  -31.600  -9.795  -26.057 0.4444444478
58679  -28.670  -9.802  -25.695 0.4444444478
60587  -32.364  -7.659  -26.001 0.1111111119
62307  -33.209  -5.615  -26.121 0.1111111119
52607  -32.102  -16.183  -23.382 0.1111111119
53566  -29.033  -14.675  -24.143 0.3333333433
53568  -30.641  -15.752  -24.272 0.2222222239
52606  -31.309  -16.214  -23.645 0.2222222239
53553  -32.616  -15.767  -23.521 0.1111111119
55478  -27.005  -12.570  -24.318 0.3333333433
54519  -27.501  -13.376  -24.260 0.3333333433
117013  -27.957  -13.998  -23.705 0.3333333433
54533  -29.584  -13.634  -25.068 0.3333333433
54534  -30.391  -13.920  -25.064 0.3333333433
125698  -31.100  -15.280  -24.314 0.2222222239
54523  -30.919  -14.185  -24.515 0.2222222239
53569  -31.974  -15.173  -23.867 0.1111111119
132742  -31.517  -14.394  -23.976 0.2222222239
57598  -26.864  -10.908  -24.098 0.2222222239
56530  -26.652  -11.583  -23.876 0.2222222239
55479  -28.072  -12.564  -24.735 0.3333333433
54532  -28.684  -13.180  -24.601 0.3333333433
57608  -26.573  -10.171  -24.061 0.2222222239
57609  -27.376  -10.550  -24.543 0.3333333433
57610  -28.495  -10.960  -24.893 0.3333333433
58667  -27.907  -10.133  -25.188 0.3333333433
56543  -28.776  -11.947  -25.375 0.3333333433
56558  -29.302  -11.311  -25.874 0.3333333433
56545  -30.542  -12.131  -25.659 0.3333333433
56544  -30.101  -12.091  -25.971 0.3333333433
56546  -30.975  -11.752  -24.958 0.3333333433
55469  -31.616  -13.296  -23.871 0.1111111119
56531  -31.549  -12.188  -24.107 0.2222222239
126696  -26.244  -8.702  -24.309 0.2222222239
58666  -26.905  -9.594  -24.666 0.2222222239
56559  -30.052  -11.281  -26.194 0.3333333433
56560  -30.670  -11.748  -26.138 0.3333333433
56547  -31.862  -11.257  -24.348 0.1111111119
57622  -29.480  -10.533  -26.081 0.3333333433
56561  -30.863  -11.474  -25.945 0.3333333433
57624  -31.184  -10.528  -25.857 0.3333333433
69441  -33.405  1.960  -29.561 0.2222222239
69425  -33.003  2.703  -29.666 0.2222222239
125902  -32.047  5.707  -30.608 0.3333333433
72273  -32.511  5.191  -29.803 0.2222222239
53567  -29.996  -15.149  -24.235 0.3333333433
54522  -30.423  -14.899  -24.575 0.3333333433
53552  -31.471  -16.021  -24.009 0.2222222239
56542  -27.584  -11.609  -24.536 0.3333333433
55480  -29.312  -12.714  -25.246 0.3333333433
55481  -30.455  -12.962  -25.557 0.3333333433
55482  -31.082  -13.049  -25.201 0.3333333433
58678  -27.686  -9.304  -25.401 0.3333333433
57611  -31.362  -10.877  -25.186 0.3333333433
52586  -31.497  -16.246  -22.588 0.1111111119
54502  -26.912  -13.660  -23.470 0.3333333433
53550  -28.690  -14.575  -23.028 0.3333333433
117688  -29.497  -15.153  -23.757 0.3333333433
53551  -30.063  -15.781  -23.889 0.3333333433
52605  -30.765  -16.217  -23.945 0.3333333433
52587  -32.421  -16.390  -22.436 0.1111111119
120785  -32.994  -16.170  -22.974 0.1111111119
57597  -26.303  -10.617  -23.395 0.2222222239
53570  -32.814  -14.630  -23.414 0.1111111119
133031  -26.250  -9.885  -23.468 0.2222222239
133384  -32.056  -12.390  -23.355 0.1111111119
58654  -26.196  -9.436  -23.923 0.2222222239
58668  -31.821  -10.069  -25.407 0.1111111119
111910  -25.757  -8.189  -23.976 0.1111111119
74012  -31.780  6.924  -30.161 0.2222222239
73153  -32.209  6.264  -29.410 0.2222222239
61445  -25.531  -6.826  -25.030 0.2222222239
126223  -26.933  -8.844  -24.976 0.4444444478
54520  -28.767  -13.867  -24.316 0.3333333433
126969  -26.803  -13.072  -23.822 0.2222222239
54521  -29.662  -14.516  -24.729 0.3333333433
54524  -32.217  -13.978  -23.534 0.1111111119
129766  -28.800  -10.520  -25.527 0.3333333433
59692  -25.981  -8.846  -23.634 0.2222222239
52585  -30.635  -15.733  -22.212 0.1111111119
132743  -30.913  -16.205  -23.315 0.2222222239
53535  -29.375  -15.302  -22.783 0.3333333433
52604  -30.206  -15.802  -23.008 0.3333333433
55468  -26.555  -12.328  -23.435 0.2222222239
70367  -32.948  3.238  -29.014 0.1111111119
69426  -33.258  2.585  -28.631 0.1111111119
124856  -33.262  3.556  -28.169 0.1111111119
71319  -33.191  4.495  -28.177 0.1111111119
72265  -33.087  5.317  -28.112 0.1111111119
72264  -32.551  5.735  -28.683 0.1111111119
75875  -31.555  9.616  -31.403 0.1111111119
74973  -31.100  8.617  -32.002 0.2222222239
117078  -31.701  8.762  -31.113 0.1111111119
76716  -31.994  10.204  -31.086 0.1111111119
76737  -31.265  10.847  -32.284 0.1111111119
78422  -27.587  12.247  -32.906 0.4444444478
77618  -28.292  12.051  -34.057 0.4444444478
77607  -31.630  11.359  -32.886 0.1111111119
78424  -29.088  13.036  -35.776 0.4444444478
78436  -31.029  12.914  -35.756 0.3333333433
78426  -31.614  12.625  -34.437 0.1111111119
78427  -32.523  12.205  -33.576 0.1111111119
79248  -29.189  13.392  -34.311 0.4444444478
80082  -28.807  13.974  -35.397 0.4444444478
79255  -28.988  13.459  -35.932 0.4444444478
80083  -28.840  13.415  -36.745 0.4444444478
80084  -29.590  12.960  -37.741 0.4444444478
79257  -30.396  12.703  -37.139 0.2222222239
79265  -30.845  13.259  -37.162 0.2222222239
79258  -31.574  13.244  -35.615 0.2222222239
81898  -31.868  16.116  -39.928 0.1111111119
80113  -32.747  13.802  -41.087 0.1111111119
79267  -32.764  13.477  -36.545 0.1111111119
78416  -27.758  12.824  -32.593 0.4444444478
79247  -28.606  13.208  -33.192 0.4444444478
80074  -28.732  13.846  -33.178 0.3333333433
80075  -29.184  14.017  -34.255 0.4444444478
80994  -29.345  14.801  -35.192 0.4444444478
80995  -28.779  14.128  -36.585 0.4444444478
123609  -28.948  13.919  -36.237 0.4444444478
80090  -28.875  13.429  -37.273 0.4444444478
81871  -28.780  15.340  -35.950 0.3333333433
81012  -28.889  13.782  -38.156 0.3333333433
80098  -29.460  13.598  -38.294 0.1111111119
80099  -31.184  14.215  -38.245 0.1111111119
79266  -31.907  13.516  -36.429 0.2222222239
80092  -31.029  13.949  -37.562 0.1111111119
79240  -27.861  13.515  -32.358 0.2222222239
80988  -29.378  14.741  -34.087 0.3333333433
81002  -28.620  14.553  -37.344 0.4444444478
81878  -28.941  15.894  -36.996 0.2222222239
127837  -28.513  15.288  -37.998 0.2222222239
81020  -29.066  13.702  -38.888 0.2222222239
80106  -29.782  13.932  -39.327 0.1111111119
110430  -29.424  17.211  -37.006 0.1111111119
81884  -29.000  16.342  -38.040 0.1111111119
81010  -29.014  15.334  -38.420 0.1111111119
80112  -31.615  14.274  -39.884 0.1111111119
81883  -29.726  16.671  -38.658 0.1111111119
81896  -30.395  15.870  -39.203 0.1111111119
81025  -30.868  15.165  -39.702 0.1111111119
80067  -29.061  14.574  -33.066 0.3333333433
80978  -29.298  15.390  -32.919 0.3333333433
124337  -29.452  15.628  -33.895 0.3333333433
81870  -29.628  15.997  -34.748 0.3333333433
82708  -29.770  16.568  -35.683 0.2222222239
110398  -29.874  17.679  -38.077 0.1111111119
82727  -30.563  16.578  -39.039 0.1111111119
110355  -31.178  19.693  -38.278 0.1111111119
81835  -28.328  16.322  -30.779 0.1111111119
81836  -28.710  16.709  -31.339 0.1111111119
126537  -29.139  16.751  -32.152 0.2222222239
82695  -29.458  17.288  -32.897 0.2222222239
81859  -29.541  16.528  -33.686 0.3333333433
82707  -29.788  17.291  -34.263 0.3333333433
121509  -29.694  18.269  -33.346 0.2222222239
83486  -29.687  18.474  -34.453 0.1111111119
131557  -29.566  19.119  -34.615 0.1111111119
83496  -29.643  19.043  -35.597 0.1111111119
84317  -29.590  19.570  -36.925 0.1111111119
110354  -30.086  19.091  -38.374 0.1111111119
83525  -30.098  19.670  -38.123 0.1111111119
110353  -30.755  18.081  -38.900 0.1111111119
81892  -31.774  16.614  -39.277 0.1111111119
82671  -28.749  17.483  -30.777 0.1111111119
83457  -28.952  18.319  -31.395 0.1111111119
84289  -28.757  19.193  -31.609 0.1111111119
84290  -29.092  19.087  -32.222 0.1111111119
84297  -29.119  19.694  -32.984 0.1111111119
84303  -29.526  19.275  -33.766 0.1111111119
85075  -28.299  20.972  -33.749 0.1111111119
115804  -29.302  19.756  -34.946 0.1111111119
85084  -28.506  21.399  -34.878 0.1111111119
119948  -29.632  20.108  -36.123 0.1111111119
83456  -28.320  18.075  -30.514 0.1111111119
83447  -27.459  17.883  -29.973 0.1111111119
117340  -27.789  18.655  -30.247 0.1111111119
123793  -28.274  19.670  -31.286 0.1111111119
84296  -28.694  19.959  -32.195 0.1111111119
85060  -28.152  20.509  -31.714 0.1111111119
85066  -28.119  20.947  -32.934 0.1111111119
123493  -27.670  19.531  -29.241 0.1111111119
85051  -27.624  19.926  -30.082 0.1111111119
116647  -33.298  2.850  -27.642 0.1111111119
71318  -32.909  3.977  -28.952 0.1111111119
71310  -33.597  4.262  -27.474 0.1111111119
74013  -32.405  7.318  -29.252 0.1111111119
74955  -32.240  8.028  -29.856 0.1111111119
76727  -31.575  10.496  -31.638 0.1111111119
112702  -30.224  12.589  -37.183 0.4444444478
77608  -32.444  11.681  -32.707 0.1111111119
80107  -30.505  13.919  -39.352 0.1111111119
79275  -32.173  14.290  -38.478 0.1111111119
81897  -31.300  15.859  -39.762 0.1111111119
118566  -29.228  18.202  -32.398 0.2222222239
83467  -28.421  18.877  -30.926 0.1111111119
133455  -27.589  20.402  -30.523 0.1111111119
85041  -27.571  20.182  -29.358 0.1111111119
71295  -34.215  4.086  -26.838 0.1111111119
70346  -33.508  3.380  -27.211 0.1111111119
77598  -31.807  11.231  -31.993 0.1111111119
77617  -27.353  11.727  -33.035 0.4444444478
81003  -28.906  13.643  -37.677 0.4444444478
81011  -28.729  14.324  -38.499 0.2222222239
82670  -27.645  17.391  -29.992 0.1111111119
126070  -27.603  17.370  -29.730 0.1111111119
110938  -27.775  18.620  -29.251 0.1111111119
84281  -27.897  19.393  -30.549 0.1111111119
128229  -27.733  20.103  -30.890 0.1111111119
71296  -34.755  4.662  -26.277 0.1111111119
70347  -34.022  3.279  -26.454 0.1111111119
72238  -34.106  5.042  -26.933 0.1111111119
120430  -33.725  5.840  -27.480 0.1111111119
117224  -33.086  6.073  -28.050 0.1111111119
74946  -32.568  8.347  -29.026 0.1111111119
74004  -32.792  7.701  -28.586 0.1111111119
73143  -32.755  6.768  -28.471 0.1111111119
75864  -32.513  9.569  -30.108 0.1111111119
76717  -32.647  10.286  -30.658 0.1111111119
77630  -28.094  11.341  -34.018 0.4444444478
76728  -32.344  10.694  -31.438 0.1111111119
77599  -32.767  11.288  -31.897 0.1111111119
129788  -33.011  12.154  -32.942 0.1111111119
78439  -33.848  12.399  -34.983 0.1111111119
80066  -28.039  14.249  -32.155 0.2222222239
80977  -28.657  15.202  -32.050 0.2222222239
79285  -33.653  14.748  -39.318 0.1111111119
115446  -27.824  14.993  -31.030 0.1111111119
80965  -29.256  15.958  -31.956 0.2222222239
81899  -32.467  15.660  -39.750 0.1111111119
81893  -32.632  16.250  -38.349 0.1111111119
80952  -28.257  15.652  -30.313 0.1111111119
123007  -27.938  15.656  -29.610 0.1111111119
82645  -27.606  16.864  -29.402 0.1111111119
126918  -31.588  18.162  -38.244 0.1111111119
81802  -28.478  17.111  -28.731 0.1111111119
82636  -29.319  17.596  -27.999 0.1111111119
85802  -28.387  22.491  -35.337 0.1111111119
85810  -29.936  22.517  -37.141 0.1111111119
85108  -30.444  20.599  -37.518 0.1111111119
125396  -31.109  20.752  -36.550 0.1111111119
84259  -27.646  19.180  -28.326 0.1111111119
85786  -28.388  21.614  -31.957 0.1111111119
86417  -28.200  22.605  -32.239 0.1111111119
85763  -27.545  20.790  -29.977 0.1111111119
110447  -31.569  7.107  -30.970 0.1111111119
77621  -31.891  11.951  -33.446 0.1111111119
116796  -32.770  4.832  -28.873 0.1111111119
119826  -33.406  4.990  -27.527 0.1111111119
132972  -31.804  8.261  -30.850 0.1111111119
75863  -32.022  9.577  -30.708 0.1111111119
74965  -32.084  8.736  -30.373 0.1111111119
80091  -29.799  13.548  -38.065 0.2222222239
131773  -32.497  13.219  -35.634 0.2222222239
81026  -32.170  15.048  -40.892 0.1111111119
81891  -31.574  16.694  -39.114 0.1111111119
80108  -31.999  14.311  -39.252 0.1111111119
80115  -32.574  14.689  -40.764 0.1111111119
81027  -33.073  14.587  -40.706 0.1111111119
115197  -33.116  13.739  -40.600 0.1111111119
78448  -33.267  12.915  -35.716 0.1111111119
114905  -32.179  13.781  -37.278 0.2222222239
80105  -29.819  15.031  -38.666 0.1111111119
81847  -29.400  16.272  -32.851 0.3333333433
82718  -29.729  17.872  -35.634 0.1111111119
110470  -29.786  18.636  -37.184 0.1111111119
110356  -30.843  19.504  -38.420 0.1111111119
110385  -31.284  18.945  -38.548 0.1111111119
110357  -30.958  20.074  -38.182 0.1111111119
80964  -28.339  15.881  -31.306 0.1111111119
82685  -28.843  17.473  -31.917 0.1111111119
85076  -29.120  20.423  -34.034 0.1111111119
85118  -30.303  20.285  -37.886 0.1111111119
129328  -29.629  20.191  -37.502 0.1111111119
81824  -28.389  16.842  -30.545 0.1111111119
83476  -29.379  18.916  -32.901 0.1111111119
85067  -28.551  20.422  -33.135 0.1111111119
85796  -27.907  21.651  -34.103 0.1111111119
85085  -29.038  20.813  -35.575 0.1111111119
85803  -29.161  22.055  -36.166 0.1111111119
85096  -29.767  21.225  -36.797 0.1111111119
84273  -27.674  19.227  -29.892 0.1111111119
85775  -27.505  20.937  -31.041 0.1111111119
85791  -27.862  21.910  -33.318 0.1111111119
116516  -31.860  7.808  -30.603 0.1111111119
78437  -32.751  12.670  -34.616 0.1111111119
79276  -32.881  13.982  -38.074 0.1111111119
85774  -27.342  21.848  -30.461 0.1111111119
83437  -28.469  17.764  -29.013 0.1111111119
81022  -33.638  15.123  -40.028 0.1111111119
81823  -28.288  16.296  -29.874 0.1111111119
85107  -29.985  20.666  -37.408 0.1111111119
111900  -27.904  22.805  -34.387 0.1111111119
53534  -28.461  -14.799  -22.092 0.2222222239
64961  -23.740  -2.983  -26.164 0.2222222239
65829  -23.588  -2.335  -26.259 0.2222222239
64968  -24.446  -2.510  -26.692 0.4444444478
130202  -26.878  11.439  -32.280 0.2222222239
78410  -26.405  12.466  -31.523 0.1111111119
79239  -26.894  13.217  -31.779 0.1111111119
78415  -27.134  12.652  -32.008 0.2222222239
74964  -23.500  8.601  -30.953 0.2222222239
74003  -22.208  7.833  -29.028 0.1111111119
63210  -25.538  -4.123  -26.423 0.2222222239
74954  -22.491  8.281  -29.835 0.1111111119
125864  -24.980  9.733  -31.129 0.1111111119
110321  -26.700  10.816  -32.159 0.1111111119
79231  -26.518  13.278  -31.425 0.1111111119
63200  -25.662  -4.554  -25.664 0.2222222239
122405  -21.600  1.872  -27.164 0.2222222239
128641  -26.326  10.616  -32.176 0.1111111119
128470  -22.797  1.335  -26.439 0.1111111119
69394  -21.232  2.158  -26.964 0.3333333433
126492  -26.880  12.108  -32.183 0.3333333433
64095  -25.094  -3.443  -26.325 0.2222222239
132239  -26.755  11.994  -31.940 0.1111111119
110384  -25.593  9.891  -31.669 0.1111111119
125922  -26.877  10.432  -31.842 0.1111111119
127999  -26.844  11.509  -32.030 0.1111111119
110406  -26.217  10.368  -31.887 0.1111111119
64970  -33.957  -2.729  -27.532 0.1111111119
52584  -29.722  -15.679  -22.106 0.1111111119
53533  -26.722  -14.468  -21.829 0.1111111119
53549  -27.525  -14.311  -22.549 0.1111111119
55453  -26.440  -13.059  -23.019 0.1111111119
62292  -25.682  -6.194  -24.632 0.1111111119
64068  -23.726  -2.717  -26.212 0.1111111119
72225  -19.903  5.948  -26.268 0.2222222239
73113  -20.547  5.856  -27.036 0.2222222239
73100  -19.432  6.388  -25.612 0.2222222239
73974  -20.010  7.906  -26.312 0.2222222239
112857  -23.703  -1.633  -26.189 0.1111111119
65828  -23.906  -1.552  -26.435 0.1111111119
52581  -25.966  -14.606  -21.412 0.1111111119
52582  -27.989  -15.434  -21.562 0.1111111119
52583  -28.879  -15.591  -21.815 0.1111111119
123766  -26.281  -12.706  -21.917 0.1111111119
55452  -26.401  -12.041  -22.218 0.1111111119
56529  -26.150  -11.375  -22.987 0.1111111119
61438  -25.610  -6.855  -24.325 0.1111111119
62283  -25.698  -5.690  -24.758 0.1111111119
64083  -25.330  -3.669  -25.887 0.1111111119
122178  -19.495  5.948  -25.184 0.2222222239
131741  -19.843  8.974  -25.508 0.2222222239
74923  -20.699  8.766  -27.217 0.1111111119
73975  -20.532  8.404  -26.846 0.2222222239
73992  -21.268  7.965  -27.739 0.1111111119
133947  -19.699  5.122  -25.422 0.2222222239
66722  -23.821  -0.860  -26.109 0.1111111119
54501  -26.484  -13.635  -22.121 0.1111111119
64082  -24.043  -3.157  -26.265 0.1111111119
62291  -25.696  -5.432  -25.001 0.1111111119
129486  -27.584  -14.805  -21.818 0.1111111119
120027  -26.922  -15.272  -21.469 0.1111111119
53532  -25.831  -13.808  -21.512 0.1111111119
62284  -25.602  -6.239  -24.498 0.1111111119
120009  -19.305  6.572  -25.367 0.1111111119
54492  -25.587  -13.034  -21.591 0.1111111119
61424  -26.213  -6.442  -23.066 0.1111111119
74905  -20.767  8.774  -27.169 0.1111111119
113309  -20.963  8.666  -27.661 0.1111111119
75861  -23.714  8.648  -31.021 0.1111111119
70316  -19.982  3.171  -24.909 0.1111111119
75850  -22.553  8.249  -29.839 0.1111111119
110589  -24.366  9.566  -31.509 0.1111111119
68495  -20.080  2.181  -24.577 0.1111111119
69362  -20.084  2.591  -24.818 0.1111111119
69424  -29.529  1.882  -30.783 1.0000000000
69451  -28.247  2.137  -31.476 1.0000000000
70315  -19.881  3.599  -24.610 0.1111111119
70338  -21.007  3.405  -26.539 0.4444444478
70378  -29.857  2.723  -31.867 0.7777777910
70391  -28.891  2.717  -31.547 0.8888888955
71266  -20.344  4.516  -25.735 0.2222222239
71284  -20.622  4.322  -26.221 0.3333333433
72202  -19.507  5.413  -25.256 0.2222222239
72212  -19.608  5.534  -25.453 0.2222222239
72250  -21.634  6.290  -28.109 0.4444444478
72262  -22.103  5.735  -28.712 0.5555555820
72291  -24.888  5.389  -31.303 1.0000000000
73073  -18.843  7.083  -24.433 0.1111111119
73111  -19.678  7.068  -26.220 0.2222222239
73112  -20.714  7.767  -27.165 0.2222222239
73160  -23.680  6.762  -30.519 0.6666666865
73957  -19.360  7.102  -25.810 0.2222222239
73991  -20.709  8.597  -27.392 0.1111111119
74002  -21.816  7.715  -28.340 0.1111111119
74011  -22.665  7.675  -29.916 0.4444444478
74069  -29.741  7.145  -36.567 0.6666666865
74889  -20.489  8.486  -26.832 0.2222222239
74924  -20.929  8.533  -27.561 0.1111111119
74925  -21.627  8.414  -28.241 0.1111111119
74963  -22.961  8.245  -30.408 0.1111111119
75791  -20.379  9.113  -25.443 0.1111111119
75800  -19.838  9.298  -25.068 0.2222222239
75873  -23.831  8.876  -31.418 0.3333333433
76715  -23.986  9.117  -31.526 0.3333333433
76788  -29.380  11.103  -37.891 0.6666666865
77644  -28.570  12.005  -37.450 0.5555555820
77654  -28.683  11.593  -38.114 0.5555555820
77655  -29.477  11.700  -38.118 0.6666666865
77662  -28.870  11.753  -38.279 0.5555555820
77663  -29.005  11.698  -38.361 0.6666666865
77664  -29.191  11.587  -38.238 0.6666666865
78428  -33.075  12.175  -33.587 0.1111111119
78445  -28.708  12.131  -38.187 0.5555555820
78458  -28.954  12.228  -38.285 0.5555555820
78459  -29.174  12.215  -38.316 0.6666666865
78471  -28.923  11.899  -38.368 0.5555555820
78472  -29.155  11.921  -38.369 0.5555555820
79274  -28.855  12.157  -38.277 0.5555555820
79284  -28.956  12.208  -38.344 0.5555555820
80111  -30.690  14.434  -39.578 0.1111111119
80114  -31.443  14.716  -40.210 0.1111111119
80116  -32.799  14.182  -41.232 0.1111111119
81019  -28.756  14.028  -39.007 0.1111111119
81021  -33.603  15.333  -39.351 0.1111111119
81028  -33.278  13.905  -41.125 0.1111111119
81029  -31.703  15.073  -40.629 0.1111111119
81890  -29.720  16.030  -38.847 0.1111111119
84326  -29.635  19.676  -37.947 0.1111111119
84334  -29.780  20.022  -37.919 0.1111111119
85098  -30.848  20.437  -37.569 0.1111111119
85109  -30.784  20.294  -38.017 0.1111111119
110317  -26.907  4.923  -32.546 1.0000000000
110481  -30.266  2.843  -31.041 0.8888888955
110502  -30.503  19.996  -38.155 0.1111111119
112492  -22.087  8.374  -29.200 0.1111111119
113516  -23.768  8.088  -31.034 0.4444444478
115236  -29.277  2.779  -31.695 0.8888888955
115471  -32.226  13.998  -40.290 0.1111111119
119715  -23.284  5.307  -29.325 0.6666666865
124890  -30.036  -4.351  -29.021 0.8888888955
125862  -29.596  2.482  -32.682 0.8888888955
125884  -31.352  17.790  -38.754 0.1111111119
125906  -25.164  7.266  -31.967 0.6666666865
125933  -29.124  2.938  -32.182 0.8888888955
126056  -29.991  21.565  -37.168 0.1111111119
126655  -28.581  1.719  -31.297 1.0000000000
128585  -33.987  15.187  -39.072 0.1111111119
128975  -20.144  5.085  -25.876 0.2222222239
130886  -21.751  5.543  -27.966 0.5555555820
132730  -20.315  7.660  -26.586 0.3333333433
133958  -25.458  -3.858  -26.056 0.1111111119
