#!ascii label  , from subject sub-003S6257 vox2ras=TkReg
1471
30203  -32.609  -39.957  -21.945 0.5000000000
116925  -32.636  -39.266  -21.881 0.4000000060
30193  -32.947  -39.540  -21.471 0.6000000238
31160  -32.743  -38.610  -21.561 0.6000000238
32145  -33.017  -37.934  -22.516 0.6000000238
31168  -32.556  -38.674  -21.987 0.5000000000
33068  -33.343  -36.565  -22.852 0.6000000238
30194  -33.634  -39.544  -20.631 0.6999999881
32124  -32.567  -37.892  -21.747 0.6999999881
121940  -32.606  -38.117  -22.077 0.6999999881
32134  -32.889  -37.153  -22.511 0.6999999881
33076  -34.310  -36.234  -23.271 0.5000000000
33945  -33.443  -35.635  -23.000 0.6999999881
120888  -34.325  -37.145  -23.439 0.5000000000
25239  -29.564  -44.432  -10.740 0.5000000000
31161  -33.248  -38.645  -21.008 0.6999999881
117335  -32.812  -37.719  -21.118 0.6999999881
120726  -32.380  -37.281  -22.078 0.6999999881
123565  -32.577  -36.992  -20.948 0.6999999881
33067  -32.449  -36.521  -22.269 0.6999999881
122641  -32.395  -37.118  -21.490 0.6999999881
33057  -32.206  -36.503  -21.862 0.6999999881
33946  -34.385  -35.373  -23.409 0.6000000238
29137  -36.607  -40.563  -17.510 0.6999999881
119077  -36.735  -39.288  -18.588 0.6999999881
31162  -33.866  -38.683  -20.501 0.6999999881
31151  -34.447  -38.267  -20.135 0.6999999881
25238  -28.817  -44.714  -10.714 0.6000000238
24344  -27.003  -46.022  -10.714 0.4000000060
33935  -32.631  -35.810  -22.519 0.6999999881
111950  -33.591  -34.782  -23.152 0.6999999881
34866  -32.668  -34.251  -22.861 0.6999999881
34867  -34.571  -34.564  -23.620 0.6000000238
29138  -37.271  -40.061  -17.085 0.6999999881
30184  -36.175  -39.204  -19.102 0.6999999881
30161  -37.057  -39.869  -18.045 0.6999999881
31139  -37.337  -38.947  -18.239 0.6999999881
27094  -30.505  -42.798  -10.659 0.6000000238
31153  -35.836  -38.492  -19.413 0.6999999881
32110  -34.387  -37.508  -20.152 0.6999999881
116090  -35.596  -39.199  -19.499 0.6999999881
31138  -36.650  -38.449  -18.830 0.6999999881
25264  -27.401  -44.391  -11.181 0.5000000000
24372  -27.255  -45.220  -11.005 0.5000000000
33051  -32.441  -36.452  -21.272 0.6999999881
128205  -32.993  -37.179  -20.672 0.6999999881
133736  -36.313  -37.117  -19.061 0.6999999881
23479  -26.274  -46.331  -11.196 0.4000000060
123436  -32.489  -35.173  -22.192 0.6999999881
32108  -32.903  -36.486  -20.716 0.6999999881
32111  -35.159  -37.663  -19.607 0.6999999881
32112  -36.121  -37.650  -19.217 0.6999999881
23478  -25.434  -46.737  -11.432 0.4000000060
131100  -35.207  -36.890  -19.604 0.6999999881
33046  -35.792  -36.846  -19.333 0.6999999881
34853  -32.800  -35.027  -22.606 0.6999999881
34841  -32.319  -34.859  -21.985 0.6999999881
33911  -33.865  -35.505  -20.253 0.6999999881
33044  -34.337  -36.146  -20.089 0.6999999881
34825  -33.224  -35.004  -20.615 0.6999999881
113455  -34.811  -33.751  -23.846 0.6000000238
35730  -32.394  -33.504  -23.085 0.6999999881
37622  -35.468  -31.400  -24.615 0.5000000000
36643  -35.595  -32.131  -24.486 0.5000000000
36645  -37.267  -31.939  -24.640 0.4000000060
36644  -36.481  -32.027  -24.710 0.5000000000
31128  -37.821  -38.315  -17.664 0.6999999881
116278  -29.936  -42.118  -11.019 0.6000000238
25265  -28.133  -44.109  -10.849 0.5000000000
32092  -36.782  -37.475  -18.646 0.6999999881
33923  -32.350  -35.760  -21.683 0.6999999881
33910  -33.208  -35.785  -20.611 0.6999999881
34852  -32.287  -34.489  -22.372 0.6999999881
35692  -32.055  -34.038  -21.631 0.6999999881
37604  -33.998  -31.178  -23.841 0.6999999881
112192  -33.685  -33.828  -23.360 0.6999999881
36626  -33.814  -32.135  -23.762 0.6999999881
116189  -33.153  -32.953  -23.444 0.6999999881
37605  -34.800  -31.699  -24.173 0.6999999881
29061  -34.831  -39.964  -12.201 0.6999999881
112366  -35.450  -39.911  -12.779 0.6999999881
30096  -36.549  -39.358  -13.786 0.8000000119
31102  -37.965  -38.586  -14.694 0.8000000119
120371  -33.670  -40.976  -11.504 0.6000000238
29042  -34.031  -40.001  -11.464 0.6000000238
30095  -35.806  -39.194  -13.079 0.6000000238
30126  -37.827  -39.209  -15.154 0.8000000119
30062  -33.060  -39.718  -11.617 0.6000000238
31129  -38.409  -38.036  -17.091 0.6999999881
28057  -32.266  -41.530  -11.191 0.6000000238
29040  -32.303  -40.700  -11.402 0.6000000238
27119  -29.167  -42.336  -11.180 0.6000000238
28055  -30.238  -41.474  -11.434 0.6000000238
32093  -37.513  -37.531  -18.075 0.6999999881
26180  -27.586  -43.579  -11.330 0.5000000000
27118  -28.505  -42.688  -11.390 0.6000000238
32081  -38.122  -37.486  -17.484 0.6999999881
34834  -32.636  -34.915  -21.387 0.6999999881
33045  -35.077  -36.197  -19.481 0.6999999881
36625  -32.526  -32.268  -23.440 0.8000000119
33912  -34.532  -35.428  -19.665 0.6999999881
37603  -32.875  -31.433  -23.624 0.8000000119
35717  -31.950  -33.763  -22.692 0.6999999881
37623  -36.158  -31.419  -25.011 0.5000000000
37624  -37.059  -31.332  -25.393 0.5000000000
38563  -37.372  -30.535  -25.491 0.5000000000
37625  -37.857  -31.534  -25.247 0.4000000060
30083  -35.145  -39.194  -12.528 0.6000000238
31062  -37.068  -38.459  -13.800 0.8000000119
31078  -37.630  -38.340  -14.319 0.8999999762
30082  -34.328  -39.217  -12.184 0.6000000238
31079  -38.137  -37.802  -14.616 0.8000000119
31103  -38.349  -38.412  -15.228 0.8000000119
32082  -38.482  -37.374  -16.859 0.8000000119
29039  -31.488  -40.883  -11.537 0.6000000238
29038  -30.604  -40.897  -11.792 0.6000000238
26179  -26.792  -43.788  -11.624 0.6000000238
27143  -28.720  -42.044  -11.940 0.6000000238
27144  -29.458  -41.689  -11.736 0.6000000238
33015  -37.696  -36.817  -17.851 0.6999999881
25263  -26.647  -44.684  -11.516 0.5000000000
33902  -36.551  -35.683  -18.598 0.6999999881
33030  -37.205  -36.225  -18.267 0.6999999881
25262  -25.820  -44.934  -11.693 0.5000000000
25285  -26.136  -44.202  -12.137 0.5000000000
33028  -35.839  -35.925  -19.042 0.6999999881
33913  -35.246  -35.274  -19.263 0.6999999881
37602  -31.834  -31.648  -23.340 0.8000000119
35729  -31.607  -33.131  -23.049 0.8000000119
35704  -31.875  -33.993  -22.223 0.6999999881
35691  -31.827  -33.195  -21.679 0.6999999881
131097  -33.468  -34.422  -20.380 0.6999999881
35716  -31.654  -33.324  -22.631 0.6999999881
31046  -34.711  -38.445  -12.529 0.6999999881
32016  -35.083  -37.864  -12.853 0.6999999881
31047  -35.484  -38.475  -12.857 0.6999999881
32028  -36.545  -37.625  -13.574 0.8000000119
32029  -37.357  -37.673  -14.099 0.8000000119
30081  -33.399  -39.158  -12.010 0.6999999881
32027  -35.735  -37.790  -13.203 0.8000000119
32983  -38.340  -36.864  -14.842 0.8000000119
30061  -32.303  -39.913  -11.581 0.6000000238
32064  -38.503  -37.510  -15.346 0.8000000119
29060  -31.015  -40.329  -12.093 0.6000000238
33006  -38.520  -36.624  -16.595 0.6999999881
27142  -27.990  -42.418  -12.008 0.6000000238
33887  -37.870  -35.960  -17.642 0.8000000119
123546  -38.375  -36.098  -17.048 0.6999999881
26203  -27.204  -42.941  -11.987 0.6000000238
132415  -37.198  -34.713  -18.096 0.8000000119
24393  -25.120  -45.250  -12.097 0.4000000060
116091  -34.749  -34.782  -19.502 0.6999999881
22619  -23.745  -46.977  -12.074 0.4000000060
34827  -34.681  -34.135  -19.743 0.6999999881
33901  -35.933  -35.058  -18.840 0.6999999881
36624  -31.638  -32.450  -23.156 0.8000000119
36601  -31.520  -32.842  -22.259 0.8000000119
34835  -33.793  -33.935  -20.227 0.6999999881
112774  -32.575  -33.455  -21.206 0.6999999881
113106  -34.128  -30.370  -23.896 0.8000000119
37621  -34.898  -30.891  -24.296 0.6999999881
38561  -35.705  -30.771  -24.834 0.5000000000
38564  -38.107  -30.197  -25.599 0.5000000000
38562  -36.532  -30.739  -25.246 0.5000000000
38577  -38.648  -30.166  -25.737 0.4000000060
115181  -35.801  -37.170  -13.396 0.6999999881
114976  -37.079  -36.910  -13.768 0.8000000119
32982  -37.750  -36.930  -14.325 0.8000000119
30080  -32.432  -39.159  -11.944 0.6999999881
30079  -31.546  -39.542  -12.174 0.6999999881
29059  -30.352  -40.539  -12.617 0.6000000238
122157  -38.395  -36.124  -15.009 0.8000000119
33878  -38.544  -35.788  -16.350 0.8000000119
33888  -38.248  -35.399  -17.057 0.8000000119
27141  -27.426  -42.165  -12.637 0.6000000238
28074  -28.185  -41.754  -12.601 0.6000000238
33903  -37.239  -35.417  -18.162 0.8999999762
34802  -37.656  -35.014  -17.574 0.8000000119
34814  -36.218  -34.280  -18.756 0.8000000119
25284  -25.397  -44.467  -12.431 0.5000000000
36590  -34.881  -32.448  -20.273 0.8000000119
124929  -35.429  -34.400  -19.238 0.6999999881
25283  -24.596  -44.756  -12.681 0.4000000060
38548  -32.028  -30.798  -23.500 0.8000000119
129091  -31.463  -32.517  -22.940 0.8000000119
125490  -31.486  -31.935  -22.446 0.8000000119
111931  -34.026  -33.069  -20.498 0.6999999881
38549  -33.093  -30.607  -23.758 0.8000000119
35693  -33.261  -33.528  -20.682 0.6999999881
36587  -31.770  -32.307  -21.800 0.8000000119
129365  -33.284  -30.007  -23.747 0.8000000119
37580  -31.294  -31.115  -22.591 0.8000000119
39487  -36.056  -30.075  -24.757 0.6000000238
38550  -35.034  -30.014  -24.468 0.6000000238
39489  -37.747  -29.803  -25.152 0.5000000000
32015  -34.178  -37.604  -12.882 0.6000000238
32966  -36.281  -36.768  -13.549 0.6999999881
31044  -32.774  -38.437  -12.360 0.6000000238
129250  -36.723  -36.291  -13.659 0.6999999881
116483  -38.089  -36.164  -14.516 0.6999999881
31043  -31.927  -38.666  -12.552 0.6000000238
32014  -33.146  -37.678  -12.709 0.6000000238
32025  -33.499  -37.077  -13.286 0.6000000238
30094  -31.200  -39.070  -13.042 0.6000000238
33869  -38.545  -35.637  -15.467 0.8000000119
132120  -29.449  -41.054  -12.891 0.6000000238
30078  -30.773  -39.816  -12.800 0.6000000238
33851  -38.373  -35.398  -14.774 0.6999999881
128667  -26.639  -42.523  -12.792 0.5000000000
115195  -38.436  -35.073  -16.509 0.8000000119
26212  -25.869  -42.831  -13.135 0.3000000119
34815  -36.870  -34.149  -18.354 0.8000000119
34828  -35.820  -33.723  -19.035 0.8000000119
35666  -36.424  -33.521  -18.644 0.8000000119
117750  -33.999  -32.208  -20.757 0.8000000119
37591  -31.310  -31.474  -22.927 0.8000000119
36588  -32.473  -32.627  -21.399 0.8000000119
35680  -34.734  -33.383  -20.086 0.6999999881
37566  -31.644  -31.308  -21.993 0.8000000119
39468  -37.082  -29.261  -24.565 0.6000000238
39491  -39.167  -29.439  -25.416 0.3000000119
124881  -34.170  -36.886  -13.323 0.6000000238
32965  -35.442  -36.546  -13.507 0.6999999881
121785  -36.018  -36.027  -13.548 0.6999999881
33830  -37.457  -35.210  -13.887 0.6999999881
28110  -29.194  -40.908  -16.127 0.5000000000
123733  -32.392  -37.987  -12.976 0.6000000238
33850  -37.893  -35.531  -14.312 0.6999999881
28090  -29.159  -41.015  -13.405 0.5000000000
29074  -30.317  -40.207  -13.457 0.5000000000
31059  -31.693  -38.442  -13.533 0.6000000238
34770  -38.416  -34.762  -14.792 0.6999999881
28087  -27.050  -41.667  -14.219 0.3000000119
28088  -27.671  -41.617  -13.361 0.5000000000
34784  -38.561  -34.796  -15.273 0.8000000119
35654  -37.855  -33.562  -17.078 0.8000000119
34803  -38.129  -34.484  -16.951 0.8000000119
35682  -35.887  -32.965  -19.092 0.8999999762
36554  -36.676  -32.800  -18.594 0.8999999762
35667  -37.068  -33.397  -18.186 0.8000000119
36533  -37.505  -33.253  -17.651 0.8000000119
26201  -25.613  -43.659  -12.769 0.4000000060
36573  -35.318  -32.929  -19.753 0.8999999762
36574  -36.517  -32.349  -19.292 0.8999999762
39463  -31.574  -29.404  -23.364 0.8000000119
117913  -31.271  -30.118  -23.306 0.8000000119
123298  -33.195  -32.058  -21.180 0.8000000119
36589  -33.271  -32.841  -20.934 0.8000000119
39464  -32.260  -30.081  -23.727 0.8000000119
39465  -34.009  -29.493  -23.758 0.6999999881
130674  -35.646  -29.546  -24.429 0.6000000238
39469  -37.962  -29.246  -24.094 0.6000000238
125828  -38.462  -29.526  -25.028 0.6000000238
32964  -34.588  -36.395  -13.545 0.6000000238
33828  -35.988  -35.237  -13.469 0.6999999881
32024  -32.767  -37.316  -13.394 0.6000000238
34752  -36.849  -34.812  -13.538 0.6999999881
34753  -37.527  -34.406  -13.832 0.8000000119
29087  -29.761  -40.220  -14.747 0.6000000238
29088  -30.238  -39.908  -14.279 0.5000000000
30107  -31.093  -38.901  -13.932 0.6000000238
34769  -38.042  -34.774  -14.397 0.6999999881
35630  -38.417  -33.961  -15.502 0.8000000119
28099  -28.054  -41.330  -14.304 0.4000000060
133706  -26.966  -41.930  -13.285 0.4000000060
34794  -38.433  -34.538  -16.092 0.8000000119
36555  -37.491  -32.595  -18.150 0.8000000119
37569  -34.699  -31.535  -20.662 0.8999999762
37549  -35.763  -32.322  -19.847 0.8000000119
38523  -31.271  -30.342  -22.478 0.8000000119
38505  -32.002  -30.678  -21.738 0.8000000119
39462  -30.411  -29.363  -23.089 0.8000000119
130978  -33.109  -31.541  -21.335 0.8000000119
37567  -32.402  -31.672  -21.544 0.8000000119
39454  -30.747  -29.777  -23.005 0.8000000119
122910  -35.766  -29.060  -23.927 0.6999999881
40439  -36.476  -28.852  -23.938 0.6999999881
113769  -38.026  -27.470  -22.963 0.6000000238
41355  -38.690  -27.896  -22.982 0.6000000238
41357  -40.496  -27.789  -23.369 0.6000000238
32045  -33.063  -36.784  -13.849 0.6000000238
116177  -35.299  -34.902  -13.345 0.8000000119
30124  -29.844  -39.839  -16.241 0.5000000000
31077  -31.361  -38.361  -14.652 0.5000000000
35619  -38.034  -34.039  -14.220 0.8000000119
35620  -38.463  -34.136  -14.743 0.6999999881
120503  -29.805  -40.169  -15.661 0.5000000000
30106  -30.615  -39.218  -14.664 0.5000000000
117767  -37.971  -33.419  -14.581 0.8000000119
127427  -29.507  -40.601  -15.928 0.5000000000
116196  -38.354  -33.425  -15.069 0.8000000119
120621  -38.230  -33.069  -15.798 0.8000000119
36517  -38.342  -32.317  -16.447 0.8000000119
35639  -38.217  -33.776  -16.352 0.8000000119
36534  -37.965  -32.680  -17.292 0.8000000119
124630  -38.084  -33.090  -16.605 0.8000000119
36575  -37.126  -32.264  -18.827 0.8000000119
37570  -35.463  -31.718  -20.333 0.8000000119
39442  -30.979  -29.347  -22.681 0.8000000119
38507  -33.789  -30.417  -21.474 0.8000000119
38506  -32.749  -30.063  -21.610 0.8999999762
112386  -32.769  -29.410  -23.534 0.8000000119
40435  -30.998  -28.528  -23.181 0.8000000119
40438  -35.138  -28.523  -23.547 0.6999999881
40437  -34.241  -28.642  -23.661 0.6999999881
40440  -37.159  -28.676  -23.714 0.6999999881
41352  -35.301  -27.812  -23.270 0.6999999881
128921  -35.882  -28.357  -23.364 0.6999999881
41353  -36.032  -27.361  -23.047 0.6999999881
41354  -37.154  -27.604  -23.080 0.6999999881
34749  -33.690  -34.632  -13.648 0.8000000119
33826  -34.172  -35.754  -13.738 0.6000000238
119433  -34.486  -34.967  -13.511 0.6000000238
34750  -35.023  -34.204  -13.084 0.8000000119
33005  -28.340  -36.954  -15.741 0.6000000238
131326  -29.274  -38.015  -15.929 0.5000000000
32044  -32.452  -37.065  -14.259 0.6000000238
32981  -32.805  -36.364  -14.369 0.6000000238
34751  -36.027  -34.297  -13.374 0.8000000119
33014  -27.367  -36.907  -18.199 0.6000000238
33004  -27.533  -36.861  -16.737 0.6000000238
32995  -28.941  -36.500  -15.252 0.6000000238
32062  -30.823  -37.485  -15.482 0.5000000000
32043  -31.780  -37.438  -14.883 0.5000000000
33885  -26.576  -35.201  -19.205 0.5000000000
33886  -26.827  -35.667  -18.388 0.5000000000
33877  -27.215  -35.956  -16.882 0.6000000238
32994  -27.990  -36.235  -15.861 0.6000000238
30147  -30.136  -39.014  -15.814 0.5000000000
32063  -31.337  -37.266  -15.294 0.5000000000
35606  -37.408  -33.543  -13.896 0.8000000119
36502  -38.061  -32.602  -15.031 0.8000000119
33876  -26.581  -34.743  -17.917 0.5000000000
31076  -30.655  -38.689  -15.310 0.5000000000
118791  -26.130  -34.900  -19.441 0.4000000060
114558  -38.275  -32.277  -15.686 0.6999999881
37532  -37.790  -31.821  -18.666 0.8000000119
36556  -38.271  -32.007  -17.944 0.8000000119
124671  -38.393  -31.922  -17.232 0.6999999881
38509  -35.410  -30.907  -20.677 0.8000000119
37550  -36.374  -31.807  -19.882 0.8000000119
37533  -38.590  -31.362  -18.485 0.8000000119
37551  -37.177  -31.681  -19.445 0.8000000119
38490  -37.416  -30.967  -19.941 0.8000000119
40436  -32.004  -27.932  -23.589 0.8999999762
40424  -30.839  -28.592  -23.074 0.8999999762
38508  -34.636  -30.697  -21.129 0.8000000119
39425  -31.745  -29.721  -22.033 1.0000000000
39427  -33.593  -29.502  -21.551 0.8000000119
113425  -33.131  -28.710  -23.490 0.8000000119
41351  -34.465  -27.815  -23.481 0.6999999881
34768  -33.165  -35.169  -13.989 0.8000000119
112537  -34.259  -34.185  -13.263 0.8000000119
33865  -28.568  -35.660  -15.247 0.6000000238
33848  -32.717  -35.732  -14.450 0.6000000238
35604  -35.666  -33.390  -13.078 0.8000000119
123622  -26.904  -35.163  -16.871 0.5000000000
33866  -29.589  -35.837  -15.121 0.6000000238
33847  -31.999  -35.522  -14.710 0.6000000238
35605  -36.572  -33.443  -13.413 0.8000000119
36488  -36.929  -32.833  -13.669 0.8000000119
36501  -37.458  -32.558  -14.283 0.6999999881
33867  -30.633  -35.920  -15.305 0.6000000238
32980  -32.158  -36.244  -14.852 0.6000000238
34813  -26.259  -34.716  -19.301 0.4000000060
34793  -26.868  -34.246  -16.762 0.4000000060
121881  -27.933  -34.105  -15.375 0.4000000060
35637  -26.513  -33.950  -17.583 0.4000000060
35627  -27.450  -33.726  -15.974 0.4000000060
34764  -29.610  -34.420  -14.563 0.4000000060
37500  -38.671  -31.393  -16.713 0.6999999881
36508  -27.434  -32.932  -15.941 0.4000000060
35629  -28.969  -33.249  -14.875 0.5000000000
37515  -38.860  -31.299  -17.649 0.6999999881
35652  -26.867  -32.519  -17.403 0.3000000119
36510  -28.816  -32.471  -15.202 0.5000000000
37571  -36.120  -31.244  -20.343 0.8000000119
38489  -36.795  -31.308  -20.039 0.8000000119
38480  -38.965  -30.725  -18.884 0.8000000119
37552  -38.177  -31.134  -19.354 0.8000000119
121328  -30.869  -28.223  -22.916 0.8000000119
40416  -31.014  -28.459  -22.874 1.0000000000
39426  -32.557  -29.133  -21.709 0.8000000119
40404  -33.470  -28.540  -21.543 0.8000000119
39429  -35.283  -30.046  -21.041 0.8000000119
111736  -36.099  -30.211  -20.625 0.8000000119
120052  -30.967  -28.264  -22.949 1.0000000000
40406  -35.157  -29.092  -21.380 0.8000000119
134165  -32.075  -28.817  -23.367 0.8000000119
41316  -31.584  -27.881  -22.272 0.8000000119
40405  -34.268  -29.042  -21.497 0.8000000119
111567  -33.348  -27.862  -23.539 0.8999999762
113770  -34.881  -26.920  -23.380 0.6999999881
42204  -36.752  -26.468  -23.290 0.6999999881
42205  -37.718  -26.563  -23.174 0.6999999881
114255  -38.721  -26.693  -22.956 0.6999999881
130487  -40.281  -26.736  -23.266 0.6000000238
43069  -39.194  -25.787  -23.403 0.6999999881
43067  -37.371  -25.725  -23.603 0.6999999881
43071  -40.844  -26.170  -23.516 0.6000000238
43070  -40.031  -25.859  -23.459 0.6000000238
35603  -34.605  -33.315  -13.103 0.8000000119
117113  -32.066  -34.152  -14.092 0.8000000119
35601  -32.663  -33.530  -13.657 0.8000000119
35602  -33.561  -33.703  -13.386 0.8000000119
33864  -27.572  -35.454  -15.897 0.5000000000
33845  -30.057  -35.167  -14.785 0.6000000238
34765  -30.471  -34.402  -14.512 0.5000000000
34748  -32.934  -34.376  -13.819 0.8000000119
34763  -28.763  -34.081  -14.903 0.5000000000
34766  -31.291  -34.353  -14.461 0.6999999881
130837  -31.823  -34.828  -14.519 0.6999999881
36487  -36.283  -32.626  -13.218 0.6999999881
37484  -37.809  -31.779  -14.667 0.6999999881
35638  -26.866  -33.243  -16.781 0.3000000119
37485  -38.182  -31.688  -15.271 0.6999999881
38456  -39.133  -30.922  -16.107 0.6999999881
38467  -39.412  -30.503  -17.707 0.6999999881
36516  -28.094  -31.740  -16.356 0.4000000060
37490  -28.685  -31.704  -15.774 0.4000000060
38511  -37.493  -30.266  -20.326 0.8000000119
37516  -39.168  -30.916  -18.266 0.6999999881
121728  -36.871  -29.954  -20.546 0.8000000119
39430  -36.574  -29.263  -20.958 0.8000000119
40407  -37.154  -28.595  -20.834 0.6999999881
40403  -32.989  -27.838  -21.511 0.8000000119
131990  -35.800  -29.511  -21.100 0.8000000119
41349  -31.750  -27.130  -23.270 0.8999999762
41350  -32.501  -27.016  -23.490 0.8999999762
42195  -31.554  -26.938  -22.915 0.8999999762
41331  -31.379  -27.744  -22.573 0.8000000119
42174  -31.508  -27.105  -22.079 0.8000000119
41318  -33.140  -27.249  -21.529 0.8000000119
113399  -33.666  -27.015  -23.535 0.8999999762
131216  -41.256  -27.689  -23.332 0.4000000060
42203  -35.727  -26.245  -23.376 0.8000000119
43066  -36.398  -25.622  -23.659 0.6999999881
43068  -38.296  -25.760  -23.445 0.6999999881
44006  -41.089  -24.709  -24.503 0.5000000000
116098  -33.859  -32.888  -13.239 0.6999999881
114276  -32.329  -32.745  -13.754 0.6999999881
37465  -35.049  -31.639  -13.067 0.6999999881
119970  -31.622  -32.730  -14.183 0.6000000238
36485  -33.572  -32.175  -13.202 0.6999999881
123345  -36.806  -32.084  -13.724 0.6999999881
126213  -37.367  -31.619  -14.183 0.6999999881
131566  -37.728  -31.283  -14.458 0.6999999881
119812  -38.122  -30.993  -14.761 0.6999999881
37481  -30.383  -31.939  -14.652 0.5000000000
113850  -38.576  -30.986  -15.517 0.6999999881
37491  -29.520  -31.648  -15.168 0.4000000060
131819  -39.482  -30.305  -17.106 0.6999999881
126019  -29.433  -30.561  -16.593 0.3000000119
37499  -29.246  -31.168  -15.967 0.3000000119
37482  -30.364  -31.135  -14.984 0.5000000000
38491  -38.652  -30.328  -19.547 0.6999999881
39431  -37.496  -29.347  -20.516 0.6999999881
38512  -38.259  -29.904  -20.227 0.6999999881
118683  -36.466  -28.297  -21.204 0.6999999881
41317  -32.225  -27.462  -21.765 0.8000000119
118685  -34.543  -28.271  -21.473 0.8000000119
41319  -33.862  -27.708  -21.489 0.8000000119
42196  -31.735  -25.922  -23.211 0.8000000119
42202  -32.755  -26.113  -23.710 0.8000000119
113796  -31.797  -26.149  -23.350 0.8999999762
132831  -33.951  -26.312  -23.652 0.8999999762
43065  -34.707  -25.917  -23.592 0.8000000119
43084  -39.662  -25.212  -23.976 0.6999999881
43085  -40.532  -25.302  -23.964 0.6000000238
43082  -37.896  -25.163  -24.162 0.6999999881
44024  -37.029  -24.146  -25.392 0.6999999881
118852  -34.442  -32.334  -13.077 0.6999999881
37462  -32.508  -31.185  -13.982 0.6000000238
37463  -33.337  -31.409  -13.498 0.6000000238
37464  -34.147  -31.517  -13.200 0.6999999881
133399  -35.446  -31.069  -13.297 0.6999999881
37466  -36.047  -31.663  -13.191 0.6999999881
36499  -31.190  -32.034  -14.327 0.5000000000
38413  -36.062  -30.769  -13.540 0.6999999881
38414  -36.766  -31.208  -13.788 0.6999999881
36500  -31.911  -31.983  -13.813 0.6000000238
37498  -28.693  -31.150  -16.740 0.3000000119
127581  -30.932  -31.455  -14.628 0.5000000000
38410  -33.252  -30.781  -13.927 0.6000000238
38437  -38.443  -30.405  -15.196 0.6999999881
38444  -31.568  -30.088  -15.421 0.4000000060
38430  -31.164  -30.829  -14.858 0.5000000000
38432  -32.815  -30.234  -14.431 0.6000000238
38446  -39.021  -30.295  -15.728 0.6999999881
39405  -39.568  -29.811  -18.092 0.6999999881
39394  -39.682  -29.816  -17.257 0.6999999881
38492  -39.348  -29.907  -18.964 0.6999999881
39360  -31.101  -30.055  -16.237 0.3000000119
39432  -38.327  -29.034  -20.157 0.6999999881
41320  -34.733  -27.308  -21.387 0.8000000119
118684  -35.554  -28.043  -21.400 0.8000000119
40408  -37.847  -28.422  -20.485 0.6999999881
42175  -32.381  -26.818  -21.791 0.8000000119
119552  -31.446  -25.279  -23.819 0.8000000119
42189  -31.540  -26.887  -22.422 0.8000000119
111041  -31.860  -26.497  -22.257 0.8000000119
42176  -33.409  -26.611  -21.579 0.8000000119
43064  -33.509  -25.590  -23.912 0.8000000119
43980  -31.764  -24.562  -23.696 0.8000000119
116346  -32.548  -24.966  -22.748 0.8000000119
43967  -32.953  -24.292  -23.021 0.8000000119
43981  -33.386  -23.680  -23.305 0.8000000119
43080  -36.104  -24.978  -24.292 0.8000000119
126374  -37.712  -24.310  -25.418 0.6000000238
44003  -38.392  -24.591  -24.833 0.6000000238
38411  -33.888  -30.772  -13.495 0.6000000238
38436  -36.758  -30.298  -13.826 0.6999999881
38434  -34.419  -30.194  -13.677 0.6000000238
39350  -37.335  -29.795  -14.267 0.6999999881
39351  -38.012  -30.131  -14.690 0.6999999881
38445  -32.235  -29.930  -14.947 0.4000000060
39347  -34.176  -29.584  -14.272 0.5000000000
39349  -36.528  -29.448  -14.120 0.6999999881
39365  -38.534  -29.583  -15.341 0.6999999881
39346  -33.414  -29.648  -14.704 0.5000000000
39366  -39.281  -29.518  -15.959 0.6999999881
39380  -39.520  -29.480  -16.652 0.6999999881
39361  -31.699  -29.613  -16.102 0.3000000119
39362  -32.358  -29.525  -15.771 0.3000000119
128435  -39.712  -29.136  -17.060 0.6999999881
39379  -32.067  -29.133  -16.358 0.3000000119
39413  -39.326  -29.106  -19.145 0.6999999881
40381  -39.616  -29.097  -18.537 0.6999999881
40409  -38.512  -28.320  -20.114 0.6999999881
40391  -39.602  -28.273  -19.064 0.6999999881
42177  -34.324  -26.575  -21.463 0.8000000119
122747  -36.833  -26.950  -20.687 0.6999999881
41322  -37.245  -27.728  -20.763 0.6999999881
41304  -39.515  -27.290  -19.288 0.6999999881
122241  -37.595  -26.928  -20.444 0.6999999881
42162  -38.458  -26.732  -20.139 0.6999999881
118788  -31.682  -26.092  -22.795 0.8000000119
43028  -32.718  -26.128  -21.837 0.8000000119
41321  -36.298  -27.419  -21.149 0.6999999881
42181  -37.877  -26.369  -20.427 0.6999999881
43044  -32.230  -25.720  -22.476 0.8000000119
43029  -33.777  -25.989  -21.659 0.8000000119
43030  -34.707  -25.896  -21.497 0.8000000119
42178  -35.185  -26.558  -21.310 0.8000000119
42180  -37.014  -26.323  -20.670 0.8000000119
43033  -37.747  -25.825  -20.631 0.6999999881
43063  -31.214  -24.957  -24.032 0.8000000119
43045  -33.200  -25.487  -22.146 0.8000000119
43969  -34.509  -24.555  -22.240 0.8000000119
43048  -36.060  -25.143  -21.324 0.8000000119
126701  -32.054  -25.187  -24.182 0.8000000119
43997  -31.785  -24.545  -24.183 0.8000000119
44932  -32.388  -23.905  -23.692 0.8000000119
43968  -33.621  -24.750  -22.383 0.8000000119
122008  -35.485  -24.391  -21.893 0.8000000119
43079  -34.335  -25.190  -24.168 0.8000000119
44955  -32.130  -23.817  -23.982 0.8000000119
43982  -34.074  -24.101  -22.700 0.8000000119
44920  -35.582  -23.633  -22.066 0.8000000119
43999  -33.953  -24.258  -24.760 0.8000000119
45971  -33.552  -23.052  -23.478 0.8000000119
129260  -35.132  -24.833  -24.648 0.8000000119
116555  -40.869  -24.275  -25.556 0.5000000000
44004  -39.240  -24.764  -24.567 0.6000000238
126405  -34.967  -24.220  -25.168 0.8000000119
44000  -35.873  -24.259  -24.833 0.8000000119
44005  -40.089  -24.647  -24.784 0.6000000238
127319  -39.942  -24.117  -25.804 0.6000000238
44025  -38.339  -24.165  -25.815 0.6000000238
44026  -39.202  -24.390  -25.349 0.6000000238
124978  -35.262  -30.409  -13.560 0.6999999881
38433  -33.635  -30.147  -13.983 0.6000000238
38435  -35.899  -29.942  -13.819 0.6999999881
40318  -37.107  -28.976  -14.462 0.6999999881
40319  -37.813  -29.250  -14.763 0.6999999881
40315  -34.744  -28.989  -14.552 0.5000000000
39363  -33.142  -29.246  -15.485 0.4000000060
40329  -33.535  -28.596  -15.689 0.4000000060
39364  -33.908  -29.062  -15.001 0.5000000000
40351  -39.436  -28.774  -16.458 0.6999999881
40350  -33.132  -28.157  -16.275 0.3000000119
41248  -33.881  -27.864  -15.844 0.3000000119
40330  -34.487  -28.392  -15.358 0.5000000000
41254  -39.188  -28.090  -16.098 0.6999999881
40367  -39.748  -28.480  -17.199 0.6999999881
40349  -32.344  -28.401  -16.370 0.3000000119
41270  -34.106  -27.230  -15.953 0.3000000119
41269  -33.374  -27.315  -16.127 0.3000000119
42155  -39.844  -26.549  -18.820 0.6999999881
42179  -36.126  -26.579  -21.129 0.8000000119
133212  -38.960  -27.181  -19.813 0.6999999881
112986  -38.401  -25.205  -20.504 0.6999999881
122788  -31.961  -25.237  -23.101 0.8000000119
43046  -34.184  -25.300  -21.881 0.8000000119
130306  -36.332  -25.924  -21.089 0.6999999881
43032  -36.936  -25.622  -21.042 0.8000000119
43057  -31.344  -25.151  -23.846 0.8000000119
43972  -37.045  -24.822  -21.327 0.8000000119
43990  -31.573  -24.502  -24.027 0.8000000119
131346  -34.990  -24.462  -22.195 0.8000000119
43971  -36.285  -24.222  -21.645 0.8000000119
133434  -31.972  -24.042  -24.125 0.8000000119
43998  -32.657  -23.984  -24.427 0.8000000119
44933  -34.322  -23.390  -22.783 0.8000000119
45972  -34.420  -22.904  -22.912 0.8000000119
44935  -35.711  -23.027  -22.184 0.8000000119
44021  -34.336  -23.525  -25.365 0.8000000119
44969  -33.362  -23.401  -24.893 0.8000000119
44942  -32.532  -23.301  -23.967 0.8000000119
45988  -33.772  -22.663  -23.805 0.8000000119
45974  -36.083  -22.521  -22.514 0.8000000119
44971  -36.436  -23.586  -25.954 0.8000000119
119251  -35.008  -29.666  -13.973 0.6000000238
39348  -35.642  -29.177  -14.287 0.6000000238
40328  -32.797  -28.893  -16.149 0.3000000119
40317  -36.266  -28.743  -14.596 0.6000000238
116439  -36.765  -28.402  -14.881 0.6999999881
40333  -38.256  -28.700  -15.281 0.6999999881
40316  -35.420  -28.537  -14.908 0.6000000238
41251  -36.877  -27.776  -15.350 0.6999999881
40332  -37.465  -28.473  -14.966 0.6999999881
127920  -38.606  -28.225  -15.739 0.6999999881
41268  -32.555  -27.521  -16.307 0.3000000119
42108  -37.549  -27.162  -15.748 0.6999999881
42126  -35.438  -26.012  -16.082 0.3000000119
41271  -39.338  -27.399  -16.559 0.6999999881
42974  -32.958  -25.090  -16.300 0.3000000119
118523  -33.814  -25.006  -16.382 0.3000000119
42975  -35.245  -25.323  -16.245 0.3000000119
44855  -32.378  -23.896  -16.621 0.3000000119
42163  -39.272  -26.377  -19.602 0.6999999881
131723  -37.650  -25.237  -20.955 0.8000000119
44921  -36.381  -23.425  -21.826 0.8000000119
44956  -32.638  -23.483  -24.338 0.8000000119
46002  -32.757  -23.059  -24.157 0.8000000119
46010  -33.202  -22.916  -24.807 0.8000000119
46003  -33.385  -22.640  -24.524 0.8000000119
47051  -34.258  -22.348  -24.311 0.8000000119
45989  -34.738  -22.525  -23.401 0.8000000119
45973  -35.209  -22.692  -22.598 0.8000000119
44022  -35.518  -23.609  -25.429 0.8000000119
44978  -36.083  -22.881  -26.439 0.6999999881
44979  -37.095  -23.282  -26.587 0.6000000238
116930  -36.105  -28.116  -15.091 0.6000000238
41252  -37.854  -27.982  -15.564 0.6999999881
42105  -34.783  -26.774  -15.927 0.4000000060
42107  -36.601  -26.954  -15.827 0.6000000238
121646  -38.126  -26.674  -16.170 0.6999999881
41253  -38.529  -27.456  -16.071 0.6999999881
42977  -37.029  -25.655  -16.407 0.4000000060
42129  -39.030  -26.534  -16.478 0.6999999881
41284  -39.764  -27.573  -17.403 0.6999999881
113532  -35.794  -23.904  -16.539 0.3000000119
119374  -39.715  -25.641  -17.563 0.6999999881
42144  -39.984  -26.576  -17.835 0.6999999881
43017  -39.714  -25.684  -19.059 0.6999999881
43007  -39.847  -25.189  -18.348 0.6999999881
43016  -39.213  -25.230  -19.848 0.6999999881
111309  -37.162  -23.967  -21.482 0.8000000119
45961  -36.614  -22.848  -22.088 0.8000000119
45990  -35.648  -22.273  -23.097 0.8000000119
46012  -34.597  -22.393  -25.600 0.8000000119
47052  -35.285  -22.179  -24.020 0.8000000119
47065  -34.134  -22.244  -24.985 0.8000000119
44972  -38.175  -23.576  -26.692 0.6000000238
122012  -35.616  -23.003  -25.906 0.8000000119
46021  -37.653  -23.003  -27.241 0.6000000238
46020  -36.710  -22.552  -26.814 0.6999999881
41250  -35.975  -27.459  -15.491 0.6000000238
42976  -36.103  -25.327  -16.276 0.3000000119
43901  -35.527  -24.669  -16.392 0.3000000119
43903  -36.850  -24.976  -16.408 0.3000000119
42978  -38.107  -25.862  -16.460 0.5000000000
113633  -37.192  -24.333  -16.479 0.3000000119
119416  -37.634  -25.029  -16.462 0.5000000000
132806  -39.429  -25.196  -17.162 0.6999999881
44858  -35.199  -23.276  -16.579 0.3000000119
121521  -36.033  -23.068  -16.475 0.3000000119
43904  -39.128  -24.668  -16.843 0.4000000060
128000  -34.626  -22.591  -16.926 0.3000000119
43954  -39.376  -24.081  -19.894 0.6000000238
112732  -39.760  -23.919  -19.087 0.6000000238
44906  -38.693  -23.665  -20.718 0.8000000119
43953  -38.784  -24.531  -20.400 0.6999999881
43952  -38.031  -24.495  -21.101 0.8000000119
44907  -39.320  -23.228  -20.269 0.6999999881
113860  -37.279  -23.201  -21.622 0.8000000119
44922  -37.941  -23.688  -21.330 0.8000000119
44923  -38.190  -22.980  -21.300 0.6999999881
45950  -39.022  -22.761  -20.851 0.6999999881
45962  -37.545  -22.591  -21.836 0.8000000119
45963  -38.585  -22.257  -21.603 0.6999999881
47033  -36.493  -21.997  -22.926 0.8000000119
45975  -36.952  -22.260  -22.397 0.8000000119
45976  -37.894  -22.126  -22.371 0.6999999881
47035  -38.721  -21.731  -22.393 0.6999999881
44970  -33.829  -22.889  -25.503 0.8000000119
46011  -33.839  -22.526  -25.229 0.8000000119
47034  -37.296  -21.782  -22.903 0.8000000119
47071  -34.773  -22.068  -25.695 0.8000000119
119888  -34.926  -21.923  -24.929 0.8000000119
47053  -36.223  -22.060  -23.735 0.8000000119
128957  -34.885  -21.796  -25.669 0.8000000119
47066  -35.948  -21.822  -24.692 0.8000000119
114751  -34.944  -22.916  -25.685 0.8000000119
46018  -35.234  -22.373  -26.159 0.8000000119
47077  -35.327  -21.734  -26.664 0.6999999881
46022  -38.500  -23.088  -27.238 0.6000000238
46019  -35.748  -22.129  -26.657 0.6999999881
46026  -36.312  -21.780  -27.045 0.6999999881
119707  -38.481  -25.077  -16.565 0.5000000000
42979  -39.215  -25.561  -16.708 0.5000000000
43902  -36.352  -24.497  -16.440 0.3000000119
113475  -38.157  -24.270  -16.607 0.4000000060
42995  -39.594  -24.857  -17.635 0.6000000238
45897  -36.924  -22.761  -16.482 0.3000000119
43917  -39.365  -24.115  -17.533 0.5000000000
43932  -39.790  -24.248  -18.308 0.6000000238
133569  -36.863  -22.132  -16.499 0.3000000119
45898  -37.786  -22.750  -16.761 0.3000000119
44875  -39.693  -23.449  -17.881 0.6000000238
46953  -34.528  -21.751  -17.286 0.3000000119
46970  -36.012  -21.331  -17.175 0.3000000119
45899  -38.470  -22.789  -17.130 0.3000000119
44896  -39.668  -23.142  -19.465 0.6000000238
120468  -34.414  -21.007  -17.519 0.3000000119
47067  -36.953  -21.962  -24.380 0.8000000119
47054  -37.823  -22.013  -23.866 0.6999999881
110828  -38.185  -21.764  -23.043 0.6999999881
48011  -36.668  -21.253  -25.210 0.6999999881
48021  -35.031  -21.374  -26.207 0.8000000119
134039  -35.265  -21.137  -25.917 0.6999999881
123744  -35.452  -21.338  -25.520 0.8000000119
46030  -40.318  -22.572  -27.614 0.6000000238
133353  -34.976  -22.090  -26.106 0.6999999881
130151  -34.960  -21.208  -26.976 0.6999999881
47076  -35.050  -21.372  -26.476 0.6999999881
46027  -37.316  -22.128  -27.215 0.6999999881
118201  -37.782  -21.747  -27.622 0.6999999881
128977  -35.357  -21.481  -27.062 0.6999999881
50077  -36.082  -18.249  -28.476 0.5000000000
49038  -36.957  -18.755  -28.289 0.5000000000
120092  -39.793  -22.729  -18.212 0.6000000238
44888  -39.782  -23.356  -18.567 0.6000000238
115009  -39.937  -22.706  -18.784 0.6000000238
45939  -40.046  -22.324  -19.322 0.6000000238
45964  -39.487  -22.055  -21.026 0.6999999881
114617  -39.974  -21.633  -20.534 0.6999999881
47019  -39.339  -21.558  -21.707 0.6999999881
48931  -32.759  -19.616  -18.560 0.3000000119
47036  -39.485  -21.211  -22.461 0.6999999881
49006  -35.782  -20.356  -25.686 0.6999999881
121719  -38.420  -21.722  -23.641 0.6000000238
48012  -37.677  -21.495  -24.671 0.6999999881
48028  -34.929  -20.944  -26.592 0.6999999881
48022  -35.127  -20.779  -26.207 0.6999999881
47080  -34.891  -20.871  -26.946 0.6999999881
132866  -38.995  -22.110  -27.398 0.6000000238
117179  -39.585  -21.898  -27.541 0.5000000000
47082  -35.753  -21.189  -27.606 0.6999999881
48032  -36.339  -20.714  -27.900 0.6999999881
48033  -37.229  -20.601  -28.030 0.6999999881
49033  -37.808  -19.928  -27.817 0.6000000238
46986  -39.737  -21.404  -18.089 0.4000000060
45928  -40.149  -21.965  -18.597 0.5000000000
134236  -40.187  -21.855  -19.219 0.6000000238
46999  -40.147  -21.297  -19.277 0.5000000000
48932  -33.625  -19.521  -18.373 0.3000000119
47990  -40.041  -20.720  -22.601 0.6000000238
47055  -38.994  -21.455  -23.282 0.6000000238
49007  -36.850  -20.195  -25.604 0.6000000238
48001  -38.578  -21.350  -24.115 0.6000000238
48029  -35.036  -20.455  -26.758 0.6999999881
129429  -37.486  -20.784  -25.179 0.6000000238
49018  -35.459  -19.944  -26.383 0.6999999881
50063  -35.900  -19.127  -26.778 0.6000000238
132722  -35.520  -20.670  -27.551 0.6999999881
112940  -37.766  -21.179  -27.872 0.6999999881
112741  -38.729  -21.416  -27.588 0.6000000238
119365  -39.719  -21.032  -27.764 0.5000000000
48034  -38.236  -20.592  -27.848 0.6000000238
127188  -39.109  -20.476  -27.926 0.6000000238
48036  -39.958  -20.201  -28.287 0.5000000000
49031  -36.090  -19.863  -27.648 0.6000000238
133805  -38.561  -19.871  -27.919 0.5000000000
49032  -36.930  -19.743  -28.233 0.5000000000
49039  -37.877  -19.270  -27.788 0.5000000000
111123  -38.833  -19.162  -28.148 0.5000000000
50079  -38.101  -18.351  -28.297 0.5000000000
47947  -39.654  -20.526  -18.219 0.4000000060
46987  -39.993  -21.174  -18.629 0.4000000060
47948  -40.033  -20.546  -18.958 0.4000000060
48917  -37.706  -19.855  -17.561 0.4000000060
123967  -40.192  -21.094  -20.121 0.6000000238
49967  -33.991  -18.770  -18.566 0.3000000119
49968  -34.840  -18.787  -18.509 0.3000000119
129731  -35.949  -19.346  -17.968 0.3000000119
47976  -40.097  -20.891  -21.801 0.6000000238
50923  -34.899  -17.825  -19.718 0.3000000119
48013  -39.134  -20.376  -24.455 0.5000000000
47056  -39.677  -20.900  -23.077 0.6000000238
124174  -37.838  -20.003  -25.402 0.6000000238
49008  -38.710  -19.824  -25.068 0.6000000238
49019  -36.195  -19.534  -26.135 0.6000000238
123266  -37.272  -19.373  -26.030 0.6000000238
50078  -36.914  -17.918  -28.322 0.5000000000
48919  -39.158  -20.324  -17.719 0.4000000060
49971  -39.470  -19.074  -18.685 0.4000000060
47960  -40.204  -20.484  -19.663 0.4000000060
47969  -40.373  -20.297  -20.448 0.4000000060
47021  -40.397  -20.972  -20.932 0.5000000000
49992  -35.331  -18.335  -19.093 0.3000000119
49993  -36.323  -18.323  -18.964 0.3000000119
48935  -36.518  -18.859  -18.108 0.4000000060
47977  -40.499  -20.066  -21.364 0.4000000060
50924  -35.800  -17.726  -19.541 0.3000000119
50905  -37.123  -18.078  -19.144 0.4000000060
48003  -40.117  -20.273  -23.173 0.5000000000
47991  -40.375  -20.197  -22.317 0.6000000238
48014  -39.826  -19.940  -24.022 0.5000000000
49021  -39.105  -19.239  -25.390 0.5000000000
49020  -38.313  -19.310  -25.742 0.6000000238
50054  -39.818  -18.715  -25.178 0.5000000000
50064  -36.575  -18.555  -26.551 0.6000000238
50071  -35.767  -18.776  -27.284 0.6000000238
50072  -35.969  -18.060  -26.940 0.6000000238
49036  -35.836  -19.012  -28.064 0.5000000000
49037  -36.261  -18.905  -28.195 0.5000000000
50076  -35.848  -18.268  -28.347 0.5000000000
51012  -35.892  -17.763  -28.443 0.5000000000
51013  -36.684  -17.140  -28.371 0.5000000000
51014  -37.778  -17.393  -28.594 0.5000000000
48938  -39.225  -19.660  -18.009 0.4000000060
133713  -40.089  -19.943  -19.269 0.4000000060
48953  -40.266  -19.665  -19.843 0.4000000060
49972  -40.028  -19.224  -19.188 0.4000000060
48965  -40.509  -19.421  -20.611 0.4000000060
112641  -40.378  -19.464  -23.477 0.4000000060
50949  -35.349  -17.261  -20.179 0.3000000119
49010  -40.247  -19.181  -24.343 0.4000000060
50065  -37.878  -18.628  -26.285 0.6000000238
51002  -39.418  -17.911  -25.684 0.5000000000
51000  -37.389  -17.755  -26.559 0.5000000000
51001  -38.534  -17.932  -26.244 0.5000000000
133960  -35.692  -18.062  -28.231 0.5000000000
127710  -35.662  -18.096  -27.571 0.6000000238
50999  -36.309  -17.527  -26.930 0.6000000238
51007  -35.767  -17.496  -27.620 0.6000000238
51011  -35.775  -17.930  -28.395 0.5000000000
127471  -36.513  -16.467  -28.355 0.5000000000
51870  -38.346  -16.662  -28.727 0.5000000000
51009  -35.642  -17.916  -28.035 0.5000000000
52589  -34.687  -15.810  -22.198 0.3000000119
52610  -35.444  -15.313  -22.449 0.4000000060
52611  -36.271  -15.075  -22.301 0.4000000060
121483  -34.105  -14.710  -23.051 0.4000000060
51863  -36.354  -16.678  -27.403 0.5000000000
52642  -38.168  -16.277  -26.649 0.5000000000
51857  -39.228  -16.628  -26.337 0.5000000000
116766  -36.245  -15.622  -27.769 0.5000000000
51864  -36.941  -15.931  -26.905 0.5000000000
51010  -35.800  -17.555  -28.192 0.5000000000
51866  -36.083  -16.565  -28.062 0.6000000238
125606  -37.686  -15.951  -28.714 0.5000000000
51869  -36.772  -15.952  -28.575 0.6000000238
52655  -37.769  -15.236  -29.258 0.4000000060
53556  -35.852  -14.567  -22.509 0.4000000060
53536  -37.054  -15.031  -21.914 0.4000000060
113435  -36.144  -15.322  -28.432 0.5000000000
52651  -35.932  -14.999  -28.291 0.5000000000
53600  -36.331  -14.807  -27.796 0.5000000000
51868  -36.259  -15.967  -28.214 0.5000000000
51875  -36.084  -15.228  -28.964 0.5000000000
53615  -37.459  -14.350  -29.476 0.4000000060
52660  -35.859  -14.694  -29.115 0.5000000000
52661  -36.817  -15.098  -29.355 0.5000000000
53557  -36.663  -14.473  -22.263 0.4000000060
54506  -35.456  -13.809  -22.563 0.4000000060
123008  -36.809  -15.228  -27.215 0.5000000000
116744  -39.220  -15.695  -26.396 0.4000000060
52654  -35.860  -14.670  -28.993 0.4000000060
53613  -35.997  -14.429  -29.175 0.4000000060
128053  -36.970  -13.903  -29.387 0.5000000000
54574  -37.508  -13.564  -29.374 0.3000000119
53601  -37.246  -14.537  -27.271 0.4000000060
53609  -35.886  -14.094  -29.059 0.4000000060
54573  -36.747  -13.466  -29.141 0.5000000000
55520  -37.288  -12.487  -29.187 0.4000000060
54561  -36.285  -13.972  -28.847 0.4000000060
56577  -39.353  -11.602  -29.222 0.4000000060
54567  -36.216  -14.040  -29.092 0.4000000060
115464  -37.085  -11.070  -29.391 0.4000000060
55502  -37.342  -12.624  -28.221 0.4000000060
56584  -37.212  -10.255  -30.077 0.4000000060
55521  -38.066  -11.614  -29.197 0.4000000060
56586  -39.740  -10.647  -29.391 0.4000000060
55511  -36.872  -12.384  -28.934 0.4000000060
55519  -36.930  -12.058  -29.140 0.3000000119
57638  -36.913  -10.811  -28.922 0.4000000060
56573  -37.692  -11.336  -28.274 0.4000000060
57650  -36.619  -9.786  -29.989 0.3000000119
56585  -38.341  -10.529  -29.563 0.4000000060
57653  -40.126  -9.900  -29.469 0.4000000060
128267  -36.819  -10.623  -29.358 0.3000000119
57651  -37.239  -9.724  -30.008 0.4000000060
57652  -38.770  -9.836  -29.646 0.5000000000
57643  -36.524  -10.078  -29.444 0.4000000060
57644  -36.763  -9.687  -29.534 0.4000000060
32117  -33.655  -37.841  -20.593 0.6999999881
30127  -38.188  -38.989  -15.926 0.6999999881
26181  -28.329  -43.370  -11.078 0.6000000238
31061  -36.218  -38.487  -13.379 0.6999999881
33016  -38.273  -36.734  -17.296 0.8000000119
32026  -34.994  -37.177  -13.321 0.6000000238
35653  -37.421  -34.084  -17.673 0.8000000119
28108  -27.653  -41.459  -15.278 0.4000000060
38536  -30.998  -30.604  -22.942 0.8000000119
125170  -29.690  -39.136  -16.254 0.5000000000
119011  -36.963  -34.102  -13.493 0.8000000119
34782  -28.215  -34.825  -15.278 0.5000000000
131955  -30.874  -33.986  -14.392 0.6000000238
36486  -35.389  -32.480  -12.988 0.6999999881
117024  -35.958  -28.853  -21.399 0.6999999881
38415  -37.500  -30.763  -14.236 0.6999999881
44934  -34.963  -23.162  -22.329 0.8000000119
43940  -39.703  -24.742  -19.137 0.6000000238
45914  -39.705  -22.161  -17.872 0.4000000060
48002  -39.435  -20.738  -23.716 0.6000000238
48939  -39.778  -19.813  -18.699 0.4000000060
113279  -37.338  -16.583  -28.530 0.5000000000
53606  -36.132  -14.453  -28.569 0.4000000060
31178  -32.749  -38.734  -22.303 0.5000000000
32146  -33.562  -37.474  -23.049 0.5000000000
29160  -33.868  -40.562  -20.414 0.6999999881
25240  -30.281  -44.098  -10.663 0.5000000000
30162  -37.616  -39.262  -17.440 0.6999999881
126993  -37.301  -38.156  -18.340 0.6999999881
32109  -33.836  -36.884  -20.416 0.6999999881
115609  -34.695  -36.883  -19.891 0.6999999881
115107  -32.858  -34.188  -20.768 0.6999999881
33043  -33.638  -36.161  -20.437 0.6999999881
35731  -34.285  -33.013  -23.816 0.6999999881
36627  -34.790  -32.391  -24.036 0.6000000238
28056  -31.190  -41.502  -11.285 0.6000000238
33029  -36.495  -36.588  -18.751 0.6999999881
116614  -32.947  -41.067  -11.231 0.6000000238
31120  -38.402  -38.052  -16.187 0.8000000119
122763  -37.149  -36.918  -18.342 0.6999999881
37641  -37.891  -30.832  -25.691 0.4000000060
29058  -29.816  -41.085  -12.310 0.6000000238
28075  -29.045  -41.427  -12.613 0.6000000238
37601  -31.462  -31.836  -23.043 0.8000000119
31045  -33.739  -38.396  -12.402 0.6999999881
32998  -38.540  -36.542  -15.641 0.6999999881
39488  -36.879  -29.979  -24.998 0.5000000000
130053  -37.413  -36.099  -14.005 0.6999999881
29073  -29.752  -40.710  -13.244 0.6000000238
122288  -38.590  -35.165  -15.933 0.8000000119
35681  -35.324  -33.595  -19.526 0.8000000119
39466  -34.982  -29.242  -24.033 0.6999999881
30093  -30.654  -39.483  -13.662 0.6000000238
37568  -33.852  -31.372  -21.277 0.8999999762
39471  -39.602  -29.085  -24.375 0.4000000060
28109  -28.313  -41.466  -16.354 0.3000000119
28101  -29.400  -40.647  -14.135 0.5000000000
28100  -28.781  -40.947  -14.277 0.5000000000
129926  -26.888  -41.795  -15.202 0.4000000060
32963  -33.687  -36.359  -13.746 0.6000000238
33827  -35.115  -35.702  -13.516 0.6000000238
31060  -32.132  -37.811  -14.037 0.5000000000
112314  -28.559  -41.061  -15.312 0.4000000060
29086  -29.238  -40.581  -15.174 0.5000000000
29103  -30.149  -39.807  -15.020 0.5000000000
113760  -36.544  -28.221  -23.275 0.6999999881
129363  -41.145  -27.133  -23.204 0.4000000060
30125  -30.180  -39.471  -15.488 0.5000000000
33849  -33.422  -35.808  -14.121 0.6000000238
32060  -29.118  -37.349  -15.511 0.5000000000
130517  -30.021  -36.839  -15.249 0.6000000238
32061  -29.989  -37.752  -15.611 0.5000000000
31100  -29.801  -38.485  -15.933 0.5000000000
122437  -32.169  -36.780  -14.799 0.5000000000
130450  -27.222  -36.295  -17.945 0.6000000238
124203  -30.492  -38.220  -15.597 0.5000000000
32996  -31.070  -36.726  -15.357 0.6000000238
31101  -31.151  -37.897  -15.323 0.5000000000
32997  -31.717  -36.761  -15.197 0.5000000000
34801  -26.322  -34.267  -18.617 0.4000000060
37492  -38.646  -31.626  -15.932 0.6999999881
39428  -34.493  -29.807  -21.397 0.8000000119
40402  -31.611  -28.751  -22.288 0.8999999762
34783  -29.090  -35.050  -14.780 0.5000000000
33868  -31.492  -36.048  -15.202 0.6000000238
35628  -28.160  -33.261  -15.343 0.4000000060
35616  -30.368  -33.580  -14.429 0.5000000000
35615  -29.531  -33.692  -14.550 0.5000000000
38466  -39.071  -30.718  -16.965 0.6999999881
36509  -28.063  -32.366  -15.803 0.4000000060
36497  -29.706  -32.735  -14.644 0.5000000000
120980  -38.006  -30.545  -19.917 0.6999999881
43083  -38.797  -25.198  -24.053 0.6999999881
120391  -33.051  -32.857  -13.251 0.6999999881
35618  -32.028  -33.335  -14.084 0.6000000238
124169  -39.403  -30.157  -16.494 0.6999999881
38481  -39.357  -30.403  -18.402 0.6999999881
36484  -32.746  -32.068  -13.482 0.6000000238
35617  -31.317  -33.552  -14.288 0.6000000238
36498  -30.768  -32.753  -14.397 0.5000000000
38442  -29.898  -30.876  -15.715 0.3000000119
39412  -38.829  -29.495  -19.625 0.6999999881
118402  -39.778  -29.117  -17.698 0.6999999881
38443  -30.726  -30.523  -15.600 0.3000000119
129195  -35.433  -25.468  -23.842 0.8000000119
44002  -37.437  -24.692  -24.892 0.6000000238
44023  -36.352  -23.920  -25.163 0.8000000119
38412  -34.698  -30.913  -13.345 0.6999999881
37483  -31.569  -31.317  -14.290 0.5000000000
39345  -32.792  -29.667  -15.076 0.4000000060
40390  -38.947  -28.688  -19.635 0.6999999881
121799  -35.574  -27.142  -21.295 0.8000000119
41323  -38.282  -27.597  -20.270 0.6999999881
43078  -33.017  -24.726  -24.262 0.8000000119
40334  -38.957  -28.797  -15.731 0.6999999881
41303  -39.010  -27.891  -19.707 0.6999999881
114326  -39.781  -28.329  -18.090 0.6999999881
43034  -38.566  -25.951  -20.176 0.6999999881
43031  -35.587  -25.877  -21.318 0.8000000119
43047  -35.103  -25.121  -21.838 0.8000000119
118074  -39.595  -28.034  -16.649 0.6999999881
40331  -35.341  -27.993  -15.507 0.5000000000
41249  -34.651  -27.625  -15.748 0.4000000060
41295  -39.871  -27.434  -18.472 0.6999999881
42123  -32.820  -26.561  -16.298 0.3000000119
129007  -39.604  -26.818  -17.074 0.6999999881
119958  -34.692  -24.849  -16.373 0.3000000119
42127  -36.346  -26.175  -16.101 0.6000000238
42128  -37.269  -26.412  -16.213 0.6000000238
42130  -39.596  -26.202  -17.109 0.6999999881
123371  -39.922  -25.930  -18.340 0.6999999881
120067  -36.914  -21.830  -23.429 0.8000000119
45896  -35.458  -22.599  -16.639 0.3000000119
47083  -36.921  -21.357  -27.685 0.6999999881
44860  -37.492  -23.531  -16.564 0.3000000119
125671  -36.197  -22.193  -16.649 0.3000000119
46969  -35.167  -21.253  -17.463 0.3000000119
125622  -36.773  -21.082  -17.218 0.3000000119
45951  -39.659  -22.431  -20.203 0.6000000238
47081  -35.074  -20.958  -27.281 0.6999999881
47010  -40.106  -21.793  -19.790 0.6000000238
47020  -39.949  -21.432  -21.182 0.6999999881
118704  -38.268  -20.614  -24.816 0.6000000238
48031  -35.182  -20.312  -27.188 0.6999999881
49027  -35.419  -19.688  -26.965 0.6000000238
47932  -39.317  -20.929  -17.801 0.4000000060
48936  -37.389  -19.097  -17.944 0.4000000060
124951  -35.695  -18.840  -18.451 0.3000000119
49991  -34.431  -18.306  -19.158 0.3000000119
128178  -40.420  -19.641  -22.756 0.5000000000
49009  -39.526  -19.558  -24.775 0.5000000000
49030  -35.745  -19.316  -27.357 0.5000000000
50925  -36.680  -17.573  -19.451 0.4000000060
48977  -40.684  -19.221  -21.298 0.4000000060
50046  -40.791  -18.686  -23.687 0.4000000060
50066  -38.930  -18.708  -25.925 0.5000000000
54568  -36.704  -13.382  -28.986 0.4000000060
54562  -36.941  -13.334  -28.543 0.4000000060
57639  -37.078  -10.098  -28.796 0.4000000060
58716  -40.574  -9.178  -29.190 0.3000000119
25316  -36.355  -44.328  -16.427 0.5000000000
26246  -35.210  -43.292  -17.359 0.5000000000
24413  -35.528  -45.362  -13.107 0.4000000060
25295  -36.223  -44.563  -14.027 0.5000000000
24424  -36.364  -45.365  -14.468 0.5000000000
133224  -36.464  -44.818  -15.765 0.5000000000
26237  -35.499  -42.962  -16.633 0.6000000238
27200  -35.160  -42.541  -17.298 0.6000000238
127074  -35.787  -44.785  -13.411 0.5000000000
25287  -35.251  -44.586  -12.848 0.5000000000
132873  -36.298  -44.133  -14.466 0.5000000000
26230  -36.073  -43.176  -15.511 0.5000000000
25286  -34.847  -44.062  -12.235 0.5000000000
27185  -35.690  -42.058  -16.630 0.6000000238
28144  -35.500  -41.782  -17.542 0.6000000238
28154  -35.399  -41.476  -18.412 0.6000000238
29149  -35.799  -40.646  -18.654 0.6000000238
29162  -35.277  -41.116  -19.070 0.6000000238
30182  -34.306  -39.954  -20.095 0.6000000238
110769  -35.286  -40.465  -19.231 0.6000000238
26213  -35.705  -43.198  -13.462 0.5000000000
26222  -35.932  -42.967  -14.736 0.5000000000
27186  -35.902  -42.631  -16.056 0.6000000238
25269  -34.289  -44.363  -11.627 0.5000000000
118583  -35.359  -43.657  -12.814 0.5000000000
25267  -32.764  -44.074  -10.842 0.5000000000
26185  -34.445  -43.553  -11.687 0.5000000000
29150  -36.131  -41.155  -17.999 0.6000000238
27175  -35.781  -42.307  -15.305 0.5000000000
26204  -35.059  -43.217  -12.155 0.5000000000
27156  -35.523  -42.282  -13.616 0.5000000000
27166  -35.672  -42.231  -14.474 0.5000000000
110884  -35.884  -41.969  -15.915 0.6000000238
132098  -33.878  -43.127  -11.457 0.5000000000
123584  -35.025  -42.530  -12.331 0.5000000000
28125  -36.131  -41.260  -17.074 0.6000000238
25242  -31.903  -44.033  -10.586 0.5000000000
26183  -33.152  -43.146  -11.074 0.5000000000
112687  -36.406  -40.452  -18.163 0.6000000238
30183  -35.675  -39.854  -19.123 0.6000000238
30195  -34.407  -39.147  -20.152 0.6000000238
114648  -34.998  -39.738  -19.669 0.6000000238
28103  -35.760  -41.599  -14.839 0.5000000000
28111  -36.122  -41.467  -15.474 0.6000000238
29104  -36.694  -40.729  -15.746 0.6000000238
27123  -34.442  -42.666  -11.803 0.5000000000
28126  -36.275  -41.404  -16.205 0.6000000238
29120  -36.700  -40.677  -16.611 0.6000000238
26158  -32.148  -43.156  -10.558 0.5000000000
26156  -30.247  -43.412  -10.622 0.5000000000
31152  -35.122  -38.758  -19.799 0.6000000238
28077  -35.224  -41.275  -12.630 0.5000000000
28091  -35.379  -41.568  -13.359 0.5000000000
29089  -35.697  -41.038  -14.375 0.5000000000
118729  -36.468  -40.773  -14.917 0.6000000238
27122  -33.566  -42.471  -11.407 0.5000000000
111493  -32.714  -42.369  -11.001 0.6000000238
29075  -35.486  -40.791  -13.528 0.6000000238
29090  -37.267  -40.037  -15.318 0.5000000000
28059  -34.023  -41.782  -11.695 0.6000000238
29062  -35.209  -40.557  -12.538 0.6000000238
29121  -37.368  -40.194  -16.176 0.6000000238
27120  -30.800  -42.097  -10.905 0.5000000000
27121  -31.758  -42.232  -10.842 0.5000000000
28058  -33.207  -41.711  -11.298 0.6000000238
26154  -28.885  -43.861  -10.755 0.4000000060
28076  -34.621  -40.915  -11.931 0.6000000238
124285  -35.874  -39.911  -13.449 0.6000000238
29076  -36.169  -40.322  -14.129 0.5000000000
131449  -37.386  -39.561  -14.864 0.6000000238
30148  -37.751  -39.497  -16.536 0.6000000238
30109  -37.425  -39.083  -14.385 0.6999999881
113759  -37.907  -28.400  -23.246 0.5000000000
128859  -37.435  -23.914  -26.059 0.5000000000
112434  -39.151  -23.394  -26.955 0.5000000000
58715  -39.242  -9.270  -29.397 0.4000000060
59747  -41.147  -8.326  -29.457 0.3000000119
60630  -42.319  -7.117  -30.014 0.3000000119
23508  -35.302  -45.972  -12.809 0.4000000060
23524  -36.166  -46.148  -14.099 0.5000000000
24431  -36.513  -45.341  -15.270 0.5000000000
27216  -34.652  -42.933  -17.880 0.5000000000
24395  -34.959  -45.392  -12.575 0.4000000060
114909  -34.864  -42.222  -18.054 0.6000000238
28153  -34.722  -41.781  -18.994 0.5000000000
29161  -34.614  -40.840  -19.642 0.5000000000
23485  -33.997  -45.879  -11.754 0.4000000060
24377  -34.127  -45.129  -11.621 0.5000000000
25266  -32.014  -44.849  -10.745 0.5000000000
25268  -33.546  -44.599  -11.296 0.5000000000
24349  -31.147  -44.984  -10.838 0.3000000119
24347  -29.490  -45.313  -10.696 0.4000000060
24345  -27.867  -45.814  -10.625 0.4000000060
39470  -38.852  -29.256  -24.247 0.4000000060
40442  -39.457  -28.507  -23.489 0.4000000060
42106  -35.719  -26.794  -15.864 0.4000000060
44973  -39.129  -23.863  -26.205 0.5000000000
44984  -39.952  -23.354  -27.307 0.5000000000
46029  -39.260  -22.745  -27.351 0.5000000000
121002  -40.608  -7.511  -29.425 0.3000000119
61511  -42.053  -6.129  -29.850 0.3000000119
119398  -34.644  -46.153  -12.392 0.4000000060
27093  -29.718  -42.857  -10.750 0.5000000000
26157  -31.084  -43.649  -10.527 0.5000000000
27095  -31.281  -42.779  -10.612 0.6000000238
122482  -39.856  -23.719  -26.653 0.5000000000
134133  -30.852  -44.443  -10.670 0.4000000060
26247  -35.984  -43.813  -16.957 0.6000000238
23523  -35.762  -46.113  -13.335 0.4000000060
25303  -36.454  -44.577  -14.920 0.5000000000
26238  -36.147  -43.448  -16.249 0.6000000238
26214  -36.131  -43.601  -14.106 0.5000000000
24394  -34.700  -44.854  -12.108 0.5000000000
28102  -35.435  -41.545  -14.136 0.5000000000
27145  -34.666  -41.884  -12.307 0.5000000000
124806  -39.794  -8.495  -29.079 0.4000000060
24376  -33.339  -45.366  -11.458 0.4000000060
133093  -34.342  -41.564  -19.515 0.4000000060
24375  -32.407  -45.531  -11.303 0.4000000060
30146  -29.297  -39.562  -16.768 0.4000000060
30160  -29.297  -40.342  -16.915 0.3000000119
29119  -29.466  -40.511  -16.341 0.4000000060
31127  -28.469  -39.161  -17.236 0.4000000060
31118  -29.027  -38.651  -16.438 0.4000000060
32107  -27.161  -37.511  -20.315 0.4000000060
32080  -27.519  -37.664  -18.659 0.4000000060
31126  -27.528  -38.607  -17.787 0.4000000060
31117  -28.061  -38.399  -16.841 0.4000000060
32090  -25.797  -37.728  -19.375 0.3000000119
32106  -26.921  -37.466  -20.433 0.3000000119
33025  -25.845  -36.190  -19.635 0.4000000060
122495  -25.884  -36.986  -19.846 0.4000000060
33042  -27.208  -36.696  -19.992 0.5000000000
33909  -26.482  -35.829  -19.611 0.4000000060
33899  -26.581  -35.689  -19.435 0.4000000060
33027  -27.081  -36.307  -19.328 0.5000000000
126653  -38.742  -23.953  -17.056 0.3000000119
44861  -38.269  -23.418  -16.898 0.3000000119
44874  -39.070  -23.296  -17.365 0.3000000119
129013  -39.532  -22.814  -17.743 0.3000000119
51855  -37.112  -16.853  -26.767 0.4000000060
47931  -38.764  -20.782  -17.516 0.3000000119
48918  -38.594  -20.040  -17.572 0.3000000119
51856  -38.326  -17.149  -26.509 0.4000000060
48937  -38.324  -19.390  -17.962 0.3000000119
49969  -37.198  -18.528  -18.592 0.3000000119
54553  -36.750  -14.017  -27.982 0.3000000119
121325  -38.849  -19.047  -18.389 0.3000000119
49970  -38.090  -18.778  -18.492 0.3000000119
50907  -38.890  -18.426  -18.886 0.3000000119
49994  -39.696  -18.480  -19.223 0.3000000119
49995  -40.197  -18.714  -19.946 0.3000000119
120273  -38.516  -17.737  -19.393 0.3000000119
129535  -39.296  -17.924  -19.329 0.3000000119
50928  -39.840  -17.885  -19.749 0.3000000119
50009  -40.575  -18.575  -20.813 0.3000000119
48990  -40.600  -19.438  -22.023 0.3000000119
50906  -37.896  -18.219  -19.043 0.3000000119
51765  -37.089  -16.882  -19.808 0.3000000119
51786  -36.543  -16.501  -20.487 0.3000000119
50055  -40.588  -18.360  -24.491 0.3000000119
50990  -40.349  -17.823  -25.178 0.3000000119
51846  -39.903  -16.997  -25.582 0.3000000119
54505  -34.492  -13.758  -22.795 0.3000000119
52643  -37.997  -15.256  -26.816 0.3000000119
50929  -40.305  -17.975  -20.355 0.3000000119
50927  -39.140  -17.412  -19.818 0.3000000119
50953  -40.504  -17.682  -21.150 0.3000000119
50023  -40.707  -18.588  -21.685 0.3000000119
50036  -40.630  -18.831  -22.694 0.3000000119
50926  -37.571  -17.565  -19.440 0.3000000119
50951  -39.012  -16.867  -20.321 0.3000000119
50952  -39.854  -17.258  -20.434 0.3000000119
50966  -40.789  -17.886  -22.140 0.3000000119
50976  -41.179  -17.994  -23.132 0.3000000119
51787  -37.426  -16.400  -20.488 0.3000000119
51788  -38.392  -16.337  -20.735 0.3000000119
51789  -39.411  -16.528  -20.853 0.3000000119
51817  -36.011  -16.132  -21.177 0.3000000119
50991  -40.791  -17.536  -24.363 0.3000000119
113385  -40.508  -17.029  -24.839 0.3000000119
52591  -36.302  -15.605  -21.911 0.3000000119
52630  -40.127  -16.047  -26.007 0.3000000119
54507  -36.271  -13.820  -22.383 0.3000000119
54508  -37.091  -13.750  -22.194 0.3000000119
53602  -38.364  -14.278  -26.968 0.3000000119
54554  -37.354  -13.242  -27.676 0.3000000119
126415  -37.616  -13.869  -27.409 0.3000000119
51790  -40.163  -16.798  -21.177 0.3000000119
124490  -40.633  -17.028  -21.831 0.3000000119
123159  -41.071  -17.201  -22.698 0.3000000119
51819  -39.729  -16.196  -21.462 0.3000000119
51820  -40.275  -16.446  -21.755 0.3000000119
52565  -36.795  -15.944  -21.077 0.3000000119
52592  -37.752  -15.392  -21.478 0.3000000119
130876  -38.236  -15.825  -21.230 0.3000000119
128323  -40.860  -16.694  -24.149 0.3000000119
52631  -40.750  -15.284  -24.840 0.3000000119
53558  -37.505  -14.352  -22.104 0.3000000119
132893  -40.537  -15.495  -25.571 0.3000000119
120995  -36.695  -13.026  -22.176 0.3000000119
52644  -40.209  -15.175  -26.194 0.3000000119
53589  -39.269  -14.764  -26.484 0.3000000119
51831  -40.623  -16.442  -22.377 0.3000000119
52593  -38.567  -15.398  -21.504 0.3000000119
52594  -39.376  -15.552  -21.724 0.3000000119
52595  -40.029  -15.909  -22.100 0.3000000119
124286  -41.122  -17.343  -23.536 0.3000000119
52613  -40.549  -15.703  -22.770 0.3000000119
53537  -38.050  -14.842  -21.812 0.3000000119
53538  -39.026  -14.815  -21.814 0.3000000119
122082  -37.707  -12.949  -22.227 0.3000000119
55459  -38.118  -12.027  -22.144 0.3000000119
52645  -40.531  -14.748  -25.413 0.3000000119
55458  -37.153  -12.131  -22.006 0.3000000119
53590  -40.073  -14.309  -26.021 0.3000000119
54544  -39.352  -13.837  -26.503 0.3000000119
54555  -38.482  -13.314  -27.107 0.3000000119
132703  -37.725  -12.114  -27.957 0.3000000119
121590  -39.412  -14.376  -22.317 0.3000000119
53561  -40.482  -14.886  -23.099 0.3000000119
52622  -40.756  -15.717  -23.880 0.3000000119
53559  -38.508  -14.173  -22.216 0.3000000119
53560  -40.068  -14.188  -22.711 0.3000000119
54509  -38.554  -13.339  -22.422 0.3000000119
128300  -38.528  -12.649  -22.447 0.3000000119
133180  -40.629  -14.746  -24.719 0.3000000119
57589  -37.043  -10.698  -22.810 0.3000000119
55460  -38.927  -12.128  -22.692 0.3000000119
123730  -36.424  -11.411  -22.403 0.3000000119
56518  -37.542  -11.346  -22.449 0.3000000119
56519  -38.508  -11.392  -22.766 0.3000000119
54545  -39.998  -13.279  -25.726 0.3000000119
55503  -38.846  -12.375  -26.747 0.3000000119
130437  -37.947  -12.605  -27.454 0.3000000119
56569  -38.316  -11.866  -27.310 0.3000000119
117877  -40.589  -14.805  -24.049 0.3000000119
53571  -40.346  -14.098  -23.435 0.3000000119
122798  -39.280  -12.875  -22.676 0.3000000119
54525  -40.137  -13.246  -22.966 0.3000000119
53579  -40.422  -14.166  -24.480 0.3000000119
55495  -40.175  -12.480  -24.960 0.3000000119
57590  -38.016  -10.701  -22.854 0.3000000119
56520  -39.271  -11.609  -23.302 0.3000000119
55471  -39.633  -12.427  -23.186 0.3000000119
131072  -39.355  -13.016  -26.422 0.3000000119
129661  -37.359  -9.516  -28.959 0.3000000119
58696  -38.374  -9.824  -28.057 0.3000000119
54526  -40.349  -13.365  -23.803 0.3000000119
55472  -40.122  -12.739  -23.552 0.3000000119
55484  -40.255  -12.754  -24.180 0.3000000119
54535  -40.351  -13.321  -24.750 0.3000000119
58645  -38.333  -10.148  -23.152 0.3000000119
55483  -39.889  -11.972  -24.049 0.3000000119
112041  -39.746  -11.707  -25.083 0.3000000119
55494  -39.659  -12.302  -25.863 0.3000000119
55504  -39.255  -11.436  -26.194 0.3000000119
132878  -38.928  -10.472  -27.272 0.3000000119
57634  -39.177  -10.791  -26.636 0.3000000119
57633  -38.529  -10.912  -27.564 0.3000000119
58644  -37.577  -10.129  -23.000 0.3000000119
56535  -39.547  -11.038  -23.856 0.3000000119
56548  -39.666  -11.265  -24.476 0.3000000119
58662  -39.547  -9.724  -24.249 0.3000000119
56562  -39.573  -11.076  -25.124 0.3000000119
58684  -39.591  -9.526  -26.201 0.3000000119
57625  -39.568  -10.500  -25.723 0.3000000119
122252  -39.290  -10.104  -26.902 0.3000000119
58701  -38.331  -9.028  -28.577 0.3000000119
58697  -39.134  -9.184  -27.459 0.3000000119
58706  -37.494  -9.491  -29.201 0.3000000119
58714  -38.157  -9.507  -29.382 0.3000000119
120630  -38.111  -9.483  -23.029 0.3000000119
58661  -38.936  -9.708  -23.528 0.3000000119
59698  -39.404  -8.891  -23.939 0.3000000119
57613  -39.629  -10.516  -24.573 0.3000000119
58671  -39.862  -9.735  -25.095 0.3000000119
115494  -38.966  -8.455  -27.879 0.3000000119
58707  -38.623  -8.821  -28.972 0.3000000119
32072  -27.577  -37.736  -17.223 0.4000000060
124684  -27.323  -36.950  -19.320 0.4000000060
33900  -26.831  -36.026  -19.593 0.4000000060
115237  -35.292  -27.338  -15.697 0.3000000119
45913  -39.075  -22.435  -17.408 0.3000000119
53555  -34.995  -14.614  -22.785 0.3000000119
119578  -37.069  -15.543  -21.482 0.3000000119
119611  -26.382  -38.157  -20.205 0.4000000060
31148  -27.081  -38.128  -20.418 0.4000000060
31137  -27.527  -38.535  -19.314 0.4000000060
33013  -25.473  -36.836  -18.574 0.3000000119
33026  -27.064  -36.306  -19.807 0.4000000060
119268  -40.646  -16.196  -25.057 0.3000000119
51766  -38.161  -16.975  -19.934 0.3000000119
52566  -37.600  -15.897  -21.071 0.3000000119
51818  -38.925  -16.058  -21.345 0.3000000119
120606  -35.945  -13.169  -22.431 0.3000000119
55456  -35.186  -12.782  -22.436 0.3000000119
128956  -37.850  -13.742  -22.267 0.3000000119
52612  -39.900  -15.040  -22.308 0.3000000119
114882  -40.897  -16.498  -23.214 0.3000000119
53591  -40.299  -13.977  -25.326 0.3000000119
54510  -39.410  -13.689  -22.549 0.3000000119
56534  -38.893  -10.701  -23.356 0.3000000119
57602  -39.379  -10.313  -23.867 0.3000000119
120853  -39.706  -9.125  -24.700 0.3000000119
31125  -25.894  -38.771  -18.565 0.4000000060
23502  -24.173  -46.304  -12.307 0.3000000119
23477  -24.518  -46.848  -11.736 0.3000000119
24392  -24.438  -45.571  -12.455 0.3000000119
24370  -25.661  -45.806  -11.589 0.3000000119
33884  -25.230  -35.827  -19.007 0.3000000119
33898  -25.552  -35.157  -19.333 0.3000000119
29147  -27.663  -40.151  -19.818 0.3000000119
31150  -27.267  -38.513  -20.051 0.3000000119
30170  -27.656  -39.452  -19.701 0.3000000119
32091  -27.383  -37.551  -19.857 0.3000000119
30159  -28.756  -40.017  -17.615 0.3000000119
30158  -27.769  -39.439  -18.317 0.3000000119
29146  -26.954  -39.870  -20.119 0.3000000119
39490  -38.610  -29.722  -25.606 0.3000000119
24369  -24.958  -46.136  -12.038 0.5000000000
24371  -26.438  -45.502  -11.264 0.5000000000
24414  -36.062  -45.413  -13.697 0.4000000060
25237  -28.054  -44.976  -10.802 0.5000000000
25241  -31.404  -44.416  -10.630 0.4000000060
25294  -35.726  -44.065  -13.456 0.5000000000
25309  -36.401  -44.002  -15.655 0.5000000000
26155  -29.618  -43.614  -10.708 0.5000000000
26182  -28.972  -43.056  -10.760 0.6000000238
26184  -33.719  -43.808  -11.300 0.5000000000
26202  -26.365  -43.340  -12.403 0.6000000238
26205  -35.412  -42.827  -12.794 0.5000000000
27117  -27.918  -42.997  -11.547 0.6000000238
27146  -35.243  -42.059  -12.834 0.5000000000
27157  -35.931  -42.810  -14.036 0.5000000000
28089  -28.487  -41.325  -13.383 0.5000000000
29041  -33.073  -40.396  -11.391 0.6000000238
30060  -31.692  -40.235  -11.646 0.6000000238
30108  -36.893  -39.864  -14.586 0.6000000238
30172  -36.304  -39.894  -18.600 0.6000000238
31119  -38.123  -38.715  -16.831 0.6999999881
31149  -27.460  -39.108  -19.644 0.3000000119
32073  -28.125  -37.877  -15.971 0.4000000060
32074  -38.524  -37.216  -16.115 0.8000000119
32105  -26.319  -37.480  -20.252 0.3000000119
33040  -26.619  -36.729  -20.081 0.4000000060
33041  -27.084  -36.879  -20.187 0.5000000000
33829  -36.779  -35.619  -13.613 0.6999999881
33846  -31.106  -35.193  -14.787 0.6000000238
33918  -32.666  -35.751  -21.011 0.6999999881
33934  -32.284  -35.798  -22.079 0.6999999881
34767  -32.479  -34.981  -14.292 0.8000000119
34781  -27.431  -34.621  -15.966 0.4000000060
34826  -34.014  -34.710  -19.978 0.6999999881
38431  -31.926  -30.524  -14.563 0.5000000000
38510  -36.804  -30.694  -20.366 0.8000000119
38547  -31.213  -30.956  -23.110 0.8000000119
39467  -36.336  -29.410  -24.535 0.6000000238
40441  -38.551  -28.699  -23.557 0.4000000060
41341  -31.329  -27.713  -22.704 0.8999999762
41348  -31.368  -27.809  -23.054 0.8000000119
41356  -39.555  -27.319  -23.121 0.6000000238
42206  -39.567  -26.419  -23.201 0.6000000238
43081  -36.992  -25.209  -24.355 0.6000000238
43970  -34.880  -23.926  -22.390 0.8000000119
44001  -36.691  -24.582  -24.857 0.8000000119
44941  -31.894  -24.012  -24.003 0.8000000119
45987  -32.956  -22.738  -24.028 0.8000000119
46028  -38.295  -22.420  -27.450 0.6000000238
50074  -35.682  -18.451  -27.927 0.5000000000
50083  -35.823  -18.034  -28.492 0.5000000000
50982  -41.173  -18.015  -23.869 0.3000000119
53614  -36.408  -14.233  -29.243 0.4000000060
56572  -37.208  -11.763  -28.631 0.4000000060
56576  -36.870  -11.133  -29.036 0.4000000060
56583  -36.632  -10.110  -30.034 0.3000000119
56588  -36.867  -9.979  -29.940 0.3000000119
110996  -36.061  -16.974  -28.224 0.5000000000
113696  -30.829  -30.091  -23.065 0.8000000119
114570  -33.771  -35.294  -13.775 0.6000000238
114829  -36.264  -43.749  -14.904 0.5000000000
114859  -37.731  -39.616  -15.814 0.6000000238
115682  -30.720  -29.038  -23.137 0.8999999762
117071  -32.784  -44.889  -11.121 0.5000000000
118567  -24.921  -47.531  -11.456 0.4000000060
120443  -27.456  -39.463  -19.778 0.3000000119
120526  -32.306  -28.225  -21.720 0.8000000119
121362  -32.132  -32.907  -23.247 0.8000000119
122200  -36.666  -34.887  -18.469 0.8999999762
123239  -33.945  -27.060  -21.488 0.8000000119
123530  -32.956  -30.955  -21.433 0.8000000119
126825  -39.284  -19.794  -28.145 0.6000000238
127246  -34.519  -45.532  -11.993 0.4000000060
127638  -36.930  -15.462  -28.978 0.5000000000
127773  -31.968  -25.369  -24.105 0.8000000119
131505  -35.936  -31.810  -20.166 0.8000000119
131701  -29.880  -40.355  -13.981 0.5000000000
132452  -26.693  -37.805  -20.492 0.4000000060
132474  -31.654  -33.519  -22.081 0.6999999881
132589  -36.698  -20.306  -28.029 0.5000000000
133321  -39.154  -17.356  -26.242 0.3000000119
133651  -27.083  -36.345  -19.768 0.4000000060
133939  -29.986  -34.034  -14.436 0.5000000000
