#!ascii label  , from subject sub-003S6257 vox2ras=TkReg
493
128477  -33.009  -51.764  -20.531 0.6999999881
19823  -31.866  -50.122  -21.510 0.6000000238
19835  -31.652  -50.592  -21.924 0.6000000238
19861  -31.883  -49.957  -22.778 0.4000000060
19765  -34.227  -50.529  -14.746 0.6999999881
20761  -35.170  -49.541  -14.718 0.6999999881
19780  -35.356  -50.106  -15.328 0.6000000238
19779  -34.934  -50.872  -15.298 0.6999999881
20785  -35.777  -49.804  -16.196 0.6000000238
120007  -35.216  -51.318  -15.910 0.6000000238
19795  -35.669  -50.501  -16.882 0.6000000238
18884  -35.148  -51.787  -17.823 0.6000000238
128223  -35.509  -50.211  -17.887 0.6000000238
20797  -35.132  -49.640  -18.742 0.5000000000
19803  -34.669  -50.540  -18.753 0.5000000000
20809  -34.843  -49.134  -19.437 0.5000000000
20807  -33.502  -49.735  -20.328 0.6000000238
19815  -33.226  -50.578  -20.296 0.6000000238
20821  -32.662  -49.195  -21.078 0.6000000238
19824  -32.469  -50.143  -20.898 0.6000000238
20820  -31.913  -49.512  -21.521 0.6000000238
20760  -34.512  -49.667  -14.535 0.6000000238
21755  -35.978  -48.607  -15.342 0.6000000238
20778  -36.170  -48.851  -16.086 0.6000000238
20792  -35.884  -49.227  -16.743 0.6000000238
21771  -36.037  -48.547  -17.838 0.6000000238
20791  -35.822  -49.152  -17.386 0.6000000238
129574  -35.700  -49.598  -17.640 0.6000000238
21782  -35.352  -48.733  -18.886 0.6000000238
21781  -34.770  -48.364  -19.659 0.6000000238
113989  -34.379  -49.786  -19.502 0.6000000238
127860  -34.056  -48.032  -20.336 0.6999999881
20822  -33.494  -48.724  -20.643 0.6000000238
21796  -32.838  -48.189  -21.178 0.6000000238
115933  -31.580  -49.739  -21.887 0.5000000000
20854  -31.672  -49.291  -22.545 0.5000000000
21736  -34.006  -48.969  -14.267 0.6000000238
111454  -35.511  -48.701  -14.657 0.6000000238
21756  -36.316  -48.081  -15.669 0.6000000238
21762  -36.441  -48.059  -16.508 0.6000000238
120749  -36.405  -47.967  -17.340 0.6000000238
126190  -36.384  -47.329  -17.587 0.6000000238
21772  -36.203  -47.726  -18.086 0.6000000238
22681  -35.738  -47.330  -18.681 0.6000000238
132238  -35.715  -48.704  -18.306 0.6000000238
22694  -35.329  -47.819  -19.217 0.6000000238
22693  -34.709  -47.427  -19.852 0.6999999881
21803  -31.567  -48.190  -21.974 0.6000000238
20855  -31.999  -49.156  -23.007 0.4000000060
21720  -34.233  -48.201  -13.703 0.6000000238
21721  -35.091  -48.209  -13.954 0.6000000238
21739  -36.082  -48.091  -14.901 0.6000000238
22675  -36.458  -47.306  -16.896 0.6000000238
24454  -36.080  -46.067  -18.032 0.5000000000
23553  -36.243  -46.939  -18.146 0.6000000238
23563  -35.323  -46.894  -19.383 0.6999999881
23574  -33.192  -46.686  -20.687 0.6000000238
22710  -33.402  -47.540  -20.772 0.6000000238
22709  -32.611  -47.253  -21.209 0.6000000238
21795  -31.988  -47.776  -21.657 0.6000000238
22730  -31.517  -47.524  -22.089 0.6000000238
127465  -31.600  -48.104  -22.219 0.6000000238
22742  -32.959  -47.633  -23.373 0.4000000060
21826  -31.767  -48.426  -22.642 0.5000000000
22643  -33.208  -47.724  -13.309 0.5000000000
22644  -34.932  -47.488  -13.381 0.6000000238
22656  -35.838  -47.486  -14.514 0.6000000238
22657  -36.230  -47.417  -15.228 0.6000000238
22668  -36.430  -47.331  -16.061 0.5000000000
23541  -36.533  -46.431  -16.496 0.5000000000
23547  -36.398  -46.644  -17.417 0.5000000000
24453  -35.463  -45.558  -18.539 0.6000000238
24452  -34.716  -45.133  -18.890 0.6000000238
24463  -33.391  -45.271  -19.801 0.6999999881
23562  -34.565  -46.483  -19.818 0.6999999881
24462  -32.716  -45.049  -20.261 0.6000000238
22692  -34.025  -47.014  -20.385 0.6999999881
23560  -32.897  -45.828  -20.459 0.6000000238
24472  -32.157  -45.633  -20.889 0.6000000238
23573  -32.294  -46.424  -21.008 0.6000000238
23572  -31.760  -46.280  -21.492 0.6000000238
23587  -31.516  -46.911  -21.904 0.6000000238
123333  -31.901  -47.032  -22.659 0.5000000000
119975  -32.618  -47.095  -23.194 0.4000000060
124416  -34.044  -47.461  -13.228 0.6000000238
22645  -35.660  -46.939  -13.787 0.6000000238
124011  -36.101  -46.804  -14.717 0.5000000000
130335  -36.392  -46.666  -15.547 0.6000000238
25326  -36.267  -44.718  -17.170 0.5000000000
24442  -36.373  -45.700  -17.278 0.6000000238
25325  -35.667  -44.194  -17.673 0.5000000000
24441  -35.847  -45.146  -17.844 0.5000000000
25341  -35.276  -44.631  -18.367 0.5000000000
26275  -33.745  -44.035  -19.041 0.5000000000
25353  -33.898  -44.775  -19.221 0.6000000238
27225  -33.403  -42.885  -20.017 0.5000000000
26274  -33.274  -43.771  -19.688 0.5000000000
25352  -33.251  -44.548  -19.636 0.6000000238
27234  -32.693  -42.578  -20.738 0.4000000060
26273  -32.729  -43.465  -20.402 0.4000000060
133749  -31.982  -43.709  -21.533 0.5000000000
25361  -32.114  -44.787  -20.974 0.6000000238
26289  -31.650  -43.972  -21.997 0.5000000000
25367  -31.680  -44.817  -21.874 0.6000000238
124378  -31.859  -43.810  -22.173 0.5000000000
122275  -31.558  -45.596  -21.990 0.6000000238
114680  -33.099  -46.586  -23.244 0.5000000000
26302  -31.843  -44.536  -22.372 0.6000000238
25394  -32.108  -45.242  -22.720 0.6000000238
23615  -32.329  -46.515  -22.795 0.6000000238
23522  -35.165  -46.609  -13.042 0.5000000000
111045  -36.365  -46.039  -14.973 0.5000000000
24437  -36.485  -45.303  -16.425 0.5000000000
26262  -34.955  -43.749  -18.106 0.4000000060
26261  -34.332  -43.452  -18.572 0.5000000000
25340  -34.430  -44.274  -18.641 0.5000000000
27226  -33.879  -43.177  -19.230 0.5000000000
29179  -32.392  -40.644  -21.904 0.4000000060
28170  -32.636  -41.685  -21.058 0.4000000060
124129  -32.346  -41.376  -21.742 0.4000000060
27243  -32.320  -42.302  -21.615 0.5000000000
118264  -32.303  -43.193  -21.188 0.5000000000
121870  -32.390  -41.809  -22.085 0.5000000000
26290  -31.982  -43.239  -21.951 0.5000000000
132867  -32.733  -42.816  -22.491 0.5000000000
111094  -33.994  -44.238  -23.051 0.5000000000
25396  -33.854  -45.222  -23.302 0.5000000000
26316  -32.344  -44.716  -22.784 0.6000000238
25395  -32.864  -45.252  -23.052 0.5000000000
27215  -34.401  -42.629  -18.667 0.4000000060
114845  -33.981  -42.184  -19.478 0.5000000000
28160  -33.185  -41.137  -20.707 0.5000000000
122279  -32.861  -42.010  -22.555 0.5000000000
110839  -34.782  -44.808  -23.241 0.3000000119
28192  -33.379  -41.251  -22.910 0.5000000000
26304  -33.145  -43.588  -22.686 0.5000000000
28161  -34.046  -41.425  -20.161 0.4000000060
115901  -32.659  -40.908  -21.389 0.4000000060
29171  -33.136  -40.329  -21.070 0.4000000060
30215  -32.640  -39.481  -22.119 0.4000000060
30203  -32.609  -39.957  -21.945 0.4000000060
29204  -32.848  -39.923  -22.356 0.4000000060
30226  -33.101  -39.365  -22.566 0.4000000060
29205  -33.515  -39.960  -22.819 0.5000000000
27258  -35.486  -42.594  -22.588 0.4000000060
26305  -34.713  -43.859  -22.939 0.4000000060
125422  -34.317  -41.211  -23.214 0.5000000000
27257  -34.573  -42.865  -22.815 0.5000000000
119671  -33.907  -42.014  -23.015 0.5000000000
27256  -33.563  -42.790  -22.790 0.5000000000
31189  -33.371  -38.694  -22.872 0.4000000060
30227  -33.776  -39.310  -23.194 0.4000000060
28194  -35.665  -41.751  -22.458 0.4000000060
28193  -34.831  -41.880  -22.828 0.5000000000
29193  -33.887  -40.605  -23.181 0.5000000000
31190  -34.046  -38.636  -23.409 0.4000000060
115751  -35.533  -40.199  -22.599 0.4000000060
29194  -35.923  -40.956  -22.241 0.3000000119
30228  -34.528  -39.191  -23.382 0.5000000000
125283  -34.658  -40.487  -23.242 0.5000000000
127375  -35.142  -40.984  -22.883 0.5000000000
120888  -34.325  -37.145  -23.439 0.4000000060
29180  -36.163  -40.180  -21.860 0.3000000119
31191  -34.846  -38.483  -23.494 0.4000000060
128648  -35.135  -40.223  -23.118 0.5000000000
31192  -35.509  -38.337  -23.337 0.4000000060
30229  -35.217  -38.999  -23.307 0.5000000000
31179  -35.710  -38.780  -22.956 0.5000000000
30217  -35.878  -39.429  -22.427 0.3000000119
30204  -36.529  -39.402  -21.665 0.3000000119
32147  -34.274  -37.945  -23.430 0.4000000060
32148  -35.132  -37.762  -23.564 0.4000000060
31193  -35.994  -38.108  -23.014 0.4000000060
121323  -34.961  -35.887  -23.545 0.5000000000
32135  -36.544  -37.986  -22.216 0.3000000119
32125  -37.347  -37.843  -21.345 0.4000000060
126242  -37.923  -36.897  -21.181 0.4000000060
33077  -35.141  -36.757  -23.537 0.4000000060
120745  -36.276  -37.341  -22.747 0.5000000000
32136  -36.872  -37.109  -21.856 0.4000000060
33078  -35.914  -36.647  -23.143 0.5000000000
114216  -35.701  -37.483  -23.267 0.5000000000
33069  -36.595  -36.465  -22.575 0.5000000000
33070  -37.279  -36.238  -21.757 0.4000000060
122966  -37.918  -35.995  -20.931 0.4000000060
32126  -38.499  -37.860  -20.985 0.3000000119
122088  -35.548  -35.892  -23.450 0.5000000000
34842  -38.108  -34.650  -21.585 0.4000000060
34843  -38.964  -34.643  -21.014 0.3000000119
34868  -35.350  -34.437  -23.804 0.5000000000
34855  -37.261  -34.728  -22.320 0.4000000060
33924  -37.657  -35.420  -21.619 0.4000000060
33925  -38.483  -35.374  -20.963 0.4000000060
33926  -39.307  -35.467  -20.837 0.3000000119
33947  -35.171  -35.229  -23.786 0.5000000000
33936  -36.299  -35.799  -23.186 0.5000000000
33937  -36.959  -35.614  -22.520 0.5000000000
33948  -35.875  -35.124  -23.642 0.5000000000
34856  -37.638  -33.880  -22.232 0.4000000060
119584  -38.552  -33.967  -21.644 0.4000000060
113455  -34.811  -33.751  -23.846 0.5000000000
35705  -39.318  -34.143  -21.411 0.3000000119
34869  -36.102  -34.230  -23.482 0.5000000000
34870  -36.936  -34.063  -23.057 0.5000000000
34854  -36.579  -34.961  -23.134 0.5000000000
36610  -38.986  -32.604  -22.513 0.4000000060
116370  -35.222  -32.923  -23.941 0.5000000000
36629  -36.803  -32.620  -24.071 0.5000000000
36611  -39.746  -32.430  -22.650 0.3000000119
122116  -39.164  -33.453  -21.855 0.3000000119
36628  -36.016  -32.781  -24.158 0.5000000000
35733  -36.418  -33.389  -23.597 0.5000000000
122483  -32.710  -51.038  -20.633 0.6000000238
20840  -31.660  -50.029  -22.358 0.5000000000
18885  -35.457  -51.113  -17.447 0.6000000238
23551  -35.116  -45.986  -19.273 0.6999999881
22717  -31.555  -47.469  -21.924 0.6000000238
24464  -34.227  -45.598  -19.517 0.6999999881
23614  -31.791  -46.501  -22.447 0.6000000238
23561  -33.734  -46.124  -20.135 0.6999999881
25351  -32.687  -44.290  -20.227 0.5000000000
24471  -31.743  -45.568  -21.525 0.6000000238
27224  -33.381  -42.001  -20.383 0.5000000000
26303  -32.348  -44.064  -22.542 0.5000000000
25380  -33.096  -44.512  -22.936 0.5000000000
29191  -32.574  -40.267  -22.123 0.4000000060
28191  -32.519  -41.100  -22.252 0.5000000000
117693  -32.704  -40.294  -21.649 0.4000000060
31180  -36.266  -38.685  -22.400 0.4000000060
33058  -38.704  -36.156  -20.769 0.3000000119
35732  -35.600  -33.584  -23.768 0.5000000000
13741  -29.448  -57.517  -14.651 0.5000000000
12948  -30.390  -58.541  -15.362 0.5000000000
12926  -29.952  -58.017  -14.923 0.5000000000
13789  -32.409  -57.382  -17.886 0.5000000000
12175  -31.758  -58.843  -16.711 0.5000000000
12164  -30.748  -59.068  -15.670 0.4000000060
14627  -29.805  -56.850  -14.588 0.5000000000
13762  -30.599  -57.664  -15.243 0.6000000238
13742  -30.117  -57.408  -14.694 0.6000000238
13788  -31.798  -57.468  -17.377 0.5000000000
13776  -31.540  -57.611  -16.691 0.5000000000
13814  -32.456  -56.905  -19.552 0.4000000060
16291  -28.748  -54.433  -14.984 0.6999999881
16292  -29.582  -54.646  -14.569 0.6999999881
14629  -30.817  -56.066  -14.813 0.6999999881
14645  -31.022  -56.777  -15.420 0.5000000000
14687  -31.903  -56.798  -18.543 0.5000000000
14671  -31.756  -56.809  -17.842 0.5000000000
14670  -31.600  -56.883  -17.052 0.5000000000
14704  -31.882  -56.364  -19.850 0.5000000000
121494  -31.999  -56.704  -19.165 0.5000000000
131683  -28.643  -52.093  -16.794 0.5000000000
17154  -29.012  -53.072  -15.307 0.6999999881
17975  -29.761  -52.885  -14.871 0.6999999881
17153  -28.632  -53.748  -15.249 0.6999999881
17138  -30.205  -53.502  -14.577 0.6999999881
15465  -29.881  -55.451  -14.566 0.6000000238
15493  -31.580  -56.259  -16.320 0.6999999881
15478  -31.340  -55.755  -15.237 0.6000000238
14703  -31.660  -56.273  -19.112 0.5000000000
15529  -31.663  -55.840  -18.515 0.6000000238
15509  -31.687  -56.178  -17.591 0.6000000238
113297  -31.646  -56.026  -19.845 0.5000000000
15558  -31.663  -55.222  -22.273 0.5000000000
18006  -29.211  -51.853  -16.325 0.5000000000
17990  -29.496  -52.358  -15.567 0.6999999881
16294  -31.397  -54.383  -14.739 0.6999999881
16295  -32.283  -54.085  -14.976 0.6999999881
17139  -31.044  -53.524  -14.727 0.6999999881
15467  -31.196  -55.284  -14.590 0.8000000119
16305  -32.302  -54.489  -15.769 0.6999999881
15510  -32.081  -55.474  -17.815 0.6000000238
15494  -32.064  -55.580  -16.859 0.6999999881
15545  -31.760  -55.635  -19.435 0.6999999881
15530  -32.086  -55.256  -18.701 0.6000000238
15554  -31.692  -55.397  -21.213 0.6000000238
15552  -31.776  -55.622  -20.336 0.6000000238
16378  -31.539  -54.228  -22.545 0.6000000238
18883  -28.836  -50.682  -17.150 0.5000000000
18872  -30.090  -50.775  -16.097 0.6000000238
18870  -28.766  -51.368  -16.979 0.5000000000
18861  -29.843  -51.574  -15.844 0.6000000238
17991  -30.197  -52.154  -15.244 0.6000000238
17976  -30.578  -52.792  -14.878 0.6999999881
17141  -32.773  -53.307  -15.184 0.6999999881
17978  -32.354  -52.645  -15.023 0.6000000238
17155  -33.006  -53.858  -15.649 0.6999999881
114768  -32.366  -54.945  -16.458 0.6999999881
127993  -32.191  -55.038  -19.416 0.6999999881
16375  -31.587  -54.493  -21.795 0.6999999881
16372  -31.746  -54.861  -20.949 0.6999999881
19785  -29.133  -50.231  -16.958 0.5000000000
18863  -31.293  -50.974  -15.501 0.6000000238
18851  -31.858  -51.866  -15.088 0.6000000238
16323  -33.111  -54.432  -16.485 0.8000000119
17189  -34.397  -53.683  -17.305 0.5000000000
17156  -33.720  -53.233  -15.482 0.6000000238
16357  -33.492  -54.376  -18.460 0.6999999881
17200  -34.113  -53.749  -18.692 0.6999999881
17216  -32.471  -53.380  -21.024 0.6999999881
128986  -32.851  -53.888  -20.253 0.6999999881
17219  -31.456  -53.462  -22.164 0.5000000000
17215  -31.752  -53.943  -21.452 0.6999999881
18054  -31.745  -52.243  -22.441 0.5000000000
20790  -28.742  -49.901  -17.154 0.5000000000
20784  -30.013  -49.510  -16.535 0.5000000000
19778  -31.686  -50.157  -15.395 0.6000000238
125201  -30.619  -50.598  -15.796 0.6000000238
18864  -32.234  -51.065  -15.319 0.6000000238
121964  -33.729  -51.078  -14.924 0.6000000238
121422  -32.729  -51.838  -14.948 0.6000000238
18853  -33.619  -51.795  -15.099 0.6000000238
18029  -34.458  -52.890  -18.701 0.6000000238
118511  -34.818  -52.628  -17.854 0.5000000000
18865  -34.299  -52.063  -15.487 0.5000000000
17213  -33.809  -53.094  -19.396 0.6000000238
18049  -32.840  -52.483  -20.816 0.6000000238
17212  -33.204  -53.231  -20.174 0.6000000238
18910  -31.743  -51.409  -22.267 0.5000000000
21761  -29.953  -48.847  -16.492 0.5000000000
20774  -30.507  -49.210  -16.259 0.6000000238
19763  -32.519  -50.374  -15.053 0.6000000238
18007  -34.777  -52.812  -16.370 0.5000000000
18008  -35.176  -51.976  -16.311 0.5000000000
18041  -33.966  -52.136  -19.251 0.4000000060
18042  -34.518  -51.968  -18.502 0.5000000000
18895  -34.698  -51.316  -18.445 0.5000000000
18907  -32.337  -51.647  -21.118 0.6000000238
21760  -29.157  -48.878  -16.221 0.5000000000
20775  -31.253  -49.110  -15.667 0.6000000238
20776  -32.056  -49.606  -15.242 0.6000000238
19816  -33.881  -50.544  -19.625 0.5000000000
21750  -28.844  -48.485  -15.529 0.5000000000
21751  -29.803  -48.203  -15.869 0.5000000000
21754  -31.970  -48.763  -15.020 0.6000000238
20759  -33.684  -49.777  -14.458 0.6000000238
21731  -28.033  -48.772  -15.175 0.5000000000
21753  -31.147  -48.080  -15.544 0.6000000238
110703  -33.017  -48.931  -14.550 0.6000000238
20745  -27.660  -49.449  -14.157 0.5000000000
21732  -28.699  -48.338  -14.847 0.5000000000
22667  -31.021  -47.367  -15.314 0.5000000000
21734  -31.579  -47.742  -14.923 0.6000000238
21735  -32.317  -48.221  -14.341 0.6000000238
21716  -28.878  -48.362  -14.061 0.5000000000
21733  -29.302  -47.854  -14.645 0.5000000000
20746  -28.687  -49.267  -13.464 0.5000000000
21719  -33.218  -48.421  -13.916 0.5000000000
115110  -29.716  -47.331  -14.525 0.5000000000
22654  -31.239  -46.957  -14.744 0.5000000000
19740  -28.771  -50.245  -12.604 0.5000000000
21697  -29.272  -48.468  -13.118 0.5000000000
117350  -30.170  -46.984  -14.666 0.5000000000
21718  -32.562  -47.859  -13.766 0.4000000060
20724  -29.242  -49.265  -12.397 0.5000000000
22640  -30.727  -46.591  -14.160 0.5000000000
22641  -31.600  -46.650  -14.022 0.4000000060
22642  -32.278  -47.184  -13.556 0.4000000060
21698  -29.651  -47.721  -12.933 0.4000000060
23520  -31.256  -46.487  -13.520 0.4000000060
23521  -31.990  -46.740  -13.057 0.4000000060
18903  -33.448  -51.367  -19.879 0.6000000238
18906  -31.780  -51.539  -21.748 0.5000000000
18914  -31.888  -51.599  -22.547 0.4000000060
17994  -34.357  -52.757  -15.694 0.6000000238
22622  -32.743  -47.157  -12.975 0.4000000060
22624  -34.340  -46.848  -12.913 0.4000000060
16293  -30.519  -54.808  -14.486 0.6999999881
16343  -33.356  -54.513  -17.485 0.6999999881
16369  -32.631  -54.516  -19.865 0.6999999881
16342  -32.659  -54.826  -18.083 0.6999999881
130669  -34.393  -53.523  -16.612 0.6000000238
17979  -33.202  -52.565  -15.113 0.6000000238
17211  -32.233  -54.315  -20.657 0.6999999881
17188  -34.117  -54.103  -17.836 0.6999999881
16370  -33.400  -54.000  -19.472 0.6999999881
18048  -32.001  -52.422  -21.504 0.6000000238
18052  -31.552  -52.434  -22.098 0.6000000238
12174  -31.260  -59.137  -16.245 0.5000000000
12924  -28.557  -57.740  -14.826 0.5000000000
12925  -29.283  -58.183  -14.793 0.5000000000
12949  -31.035  -58.448  -15.686 0.5000000000
12959  -31.507  -58.340  -16.331 0.4000000060
12960  -31.790  -58.196  -17.043 0.5000000000
12974  -32.253  -58.010  -17.434 0.5000000000
13763  -31.260  -57.697  -15.826 0.6000000238
13802  -32.483  -57.164  -18.747 0.5000000000
13836  -32.401  -56.616  -20.274 0.4000000060
14628  -30.484  -56.868  -14.742 0.5000000000
14660  -31.343  -57.038  -16.270 0.5000000000
14686  -31.664  -56.366  -18.366 0.5000000000
14723  -31.679  -55.977  -20.540 0.5000000000
15466  -30.559  -55.569  -14.573 0.6000000238
15479  -31.847  -55.309  -15.909 0.6999999881
16304  -31.691  -54.848  -15.041 0.6999999881
16306  -33.858  -53.827  -16.103 0.6999999881
16322  -32.598  -54.947  -17.176 0.6999999881
16324  -33.938  -54.093  -16.940 0.5000000000
16356  -32.713  -54.672  -18.997 0.6999999881
16368  -32.076  -55.083  -20.145 0.6999999881
17137  -29.381  -53.732  -14.697 0.6999999881
17140  -31.962  -53.536  -14.897 0.6999999881
17157  -34.344  -53.342  -15.929 0.6000000238
17201  -34.531  -53.418  -17.938 0.6000000238
17977  -31.467  -52.742  -14.971 0.6999999881
17989  -28.802  -52.587  -16.160 0.6999999881
17992  -30.990  -51.989  -15.207 0.6000000238
17993  -33.871  -52.496  -15.339 0.6000000238
18020  -35.160  -52.425  -17.103 0.5000000000
18021  -35.356  -51.741  -17.058 0.5000000000
18040  -33.403  -52.342  -20.003 0.6000000238
18852  -33.040  -51.118  -14.939 0.6000000238
18854  -34.287  -51.345  -15.189 0.6999999881
18862  -30.509  -51.335  -15.581 0.6000000238
18866  -34.827  -51.665  -15.650 0.6000000238
18867  -35.453  -50.673  -16.000 0.6000000238
18871  -29.449  -50.979  -16.631 0.6000000238
18873  -35.406  -51.231  -16.592 0.6000000238
18896  -35.321  -51.041  -18.213 0.5000000000
18904  -34.204  -51.294  -19.099 0.5000000000
19764  -33.349  -50.466  -14.728 0.6000000238
19766  -34.864  -50.180  -14.847 0.6000000238
19776  -30.341  -50.011  -16.242 0.5000000000
19777  -30.920  -49.972  -15.746 0.6000000238
19786  -29.772  -50.205  -16.570 0.5000000000
19794  -28.580  -50.240  -17.470 0.5000000000
19846  -31.897  -50.786  -22.575 0.4000000060
20756  -27.240  -49.192  -14.919 0.5000000000
20757  -28.127  -48.808  -14.471 0.5000000000
20758  -32.775  -49.678  -14.768 0.6000000238
20773  -28.266  -48.951  -15.900 0.5000000000
20777  -35.711  -49.299  -15.356 0.6000000238
20783  -29.362  -49.574  -16.653 0.5000000000
20798  -35.685  -49.258  -18.132 0.6000000238
20808  -34.308  -49.020  -20.144 0.6999999881
20833  -31.522  -49.041  -21.868 0.6000000238
21717  -29.365  -47.717  -13.848 0.5000000000
21737  -34.808  -48.905  -14.273 0.6000000238
21738  -35.566  -48.029  -14.403 0.6000000238
21752  -30.535  -48.449  -15.999 0.5000000000
21766  -36.131  -48.648  -16.976 0.6000000238
21815  -31.516  -48.747  -22.220 0.5000000000
21827  -32.417  -48.319  -23.127 0.4000000060
22623  -33.471  -47.033  -12.919 0.4000000060
22639  -30.008  -47.102  -13.808 0.5000000000
22652  -29.914  -47.456  -15.215 0.5000000000
22653  -30.587  -47.086  -15.027 0.5000000000
22655  -31.931  -47.265  -14.302 0.5000000000
22666  -30.508  -47.695  -15.565 0.5000000000
22708  -31.812  -46.983  -21.582 0.6000000238
22740  -31.670  -47.594  -22.405 0.6000000238
22741  -32.131  -47.668  -22.943 0.5000000000
23552  -35.680  -46.453  -18.702 0.6000000238
23603  -31.532  -46.857  -22.185 0.6000000238
24484  -31.538  -46.245  -21.897 0.6000000238
24496  -31.625  -46.091  -22.202 0.6000000238
24511  -31.975  -45.937  -22.548 0.6000000238
24512  -32.666  -45.951  -22.807 0.5000000000
24513  -33.434  -45.962  -23.178 0.5000000000
25360  -31.876  -44.223  -21.467 0.5000000000
25379  -31.750  -45.344  -22.332 0.6000000238
27255  -32.305  -42.541  -22.159 0.5000000000
29192  -33.040  -40.511  -22.596 0.5000000000
29206  -34.299  -39.922  -23.208 0.5000000000
29207  -34.955  -39.763  -23.303 0.5000000000
30216  -35.385  -39.530  -23.022 0.5000000000
31169  -36.900  -38.644  -21.483 0.3000000119
35718  -38.227  -33.207  -22.348 0.4000000060
112790  -31.925  -48.689  -21.603 0.6000000238
113800  -34.040  -43.449  -22.934 0.5000000000
115358  -36.551  -45.855  -15.753 0.5000000000
115493  -35.690  -48.141  -18.485 0.6000000238
116589  -31.591  -52.876  -22.442 0.5000000000
116814  -33.612  -38.134  -23.178 0.4000000060
117326  -34.849  -53.160  -17.200 0.5000000000
118117  -30.192  -56.172  -14.631 0.6999999881
119400  -32.217  -43.942  -20.891 0.5000000000
119853  -32.259  -43.327  -22.278 0.5000000000
120499  -29.330  -48.069  -15.231 0.5000000000
120768  -31.679  -53.117  -21.716 0.6000000238
121976  -35.784  -49.765  -17.130 0.6000000238
121999  -32.117  -50.822  -21.336 0.6000000238
126060  -35.411  -47.659  -13.924 0.6000000238
126437  -30.050  -54.133  -14.397 0.6999999881
126658  -31.512  -49.356  -22.176 0.5000000000
127780  -33.482  -48.123  -20.741 0.6000000238
130163  -34.750  -52.285  -15.866 0.5000000000
131591  -35.646  -37.965  -23.358 0.5000000000
131919  -30.637  -54.083  -14.528 0.6999999881
133192  -31.754  -50.683  -22.323 0.5000000000
133479  -36.505  -45.328  -15.807 0.5000000000
133821  -28.227  -50.311  -17.777 0.5000000000
