#!ascii label  , from subject sub-003S6257 vox2ras=TkReg
1854
128213  -37.457  -32.367  -23.840 0.5000000000
35735  -38.058  -32.380  -23.055 0.5000000000
36646  -38.071  -31.840  -24.067 0.4000000060
128128  -38.525  -31.638  -24.859 0.5000000000
37643  -39.227  -30.804  -25.520 0.5000000000
111712  -38.575  -15.868  -28.852 0.5000000000
52656  -38.669  -15.240  -29.137 0.4000000060
53611  -39.177  -14.724  -29.149 0.4000000060
53610  -38.348  -14.693  -29.410 0.4000000060
54569  -38.590  -13.950  -29.430 0.6000000238
54570  -39.434  -13.218  -28.854 0.5000000000
55512  -38.314  -12.916  -29.161 0.5000000000
55513  -39.091  -12.412  -29.033 0.4000000060
55514  -40.085  -12.483  -28.839 0.4000000060
55521  -38.066  -11.614  -29.197 0.5000000000
56578  -40.553  -11.632  -28.939 0.4000000060
34856  -37.638  -33.880  -22.232 0.5000000000
36630  -38.651  -32.009  -23.237 0.5000000000
123203  -39.245  -32.008  -23.029 0.5000000000
37607  -39.991  -31.721  -24.350 0.5000000000
123353  -39.938  -31.329  -25.267 0.5000000000
133392  -39.806  -30.663  -25.630 0.5000000000
38579  -40.094  -30.115  -25.756 0.5000000000
51870  -38.346  -16.662  -28.727 0.5000000000
113438  -39.001  -17.545  -28.532 0.5000000000
51871  -39.241  -16.565  -28.787 0.5000000000
114820  -39.538  -15.617  -28.944 0.5000000000
122937  -39.771  -14.060  -28.955 0.6000000238
115239  -43.031  -9.189  -28.393 0.3000000119
57645  -41.099  -10.744  -29.046 0.4000000060
129644  -41.942  -10.387  -28.940 0.4000000060
35734  -37.297  -33.073  -23.098 0.5000000000
37626  -39.200  -31.529  -24.995 0.5000000000
37606  -39.052  -31.746  -23.927 0.5000000000
39506  -39.020  -29.557  -25.791 0.5000000000
121207  -40.234  -14.834  -28.874 0.6000000238
59742  -43.043  -8.526  -29.076 0.3000000119
58709  -42.793  -9.229  -28.833 0.3000000119
23576  -42.834  -45.962  -20.433 0.3000000119
24474  -43.497  -45.525  -20.900 0.3000000119
24490  -44.008  -45.151  -21.264 0.4000000060
133568  -44.365  -45.148  -21.662 0.4000000060
24502  -43.000  -45.704  -22.114 0.4000000060
25385  -43.789  -45.011  -22.514 0.4000000060
25386  -44.303  -44.664  -22.762 0.4000000060
24503  -43.331  -45.379  -22.737 0.4000000060
25399  -44.602  -44.431  -23.702 0.4000000060
25400  -45.459  -44.280  -23.797 0.4000000060
24476  -44.669  -45.950  -20.611 0.3000000119
24492  -45.813  -45.708  -21.701 0.3000000119
24491  -44.782  -45.389  -21.378 0.4000000060
24504  -45.350  -44.953  -22.253 0.4000000060
25371  -44.634  -44.903  -22.146 0.4000000060
25388  -45.786  -44.461  -23.036 0.4000000060
25387  -44.947  -44.303  -22.869 0.4000000060
25401  -46.316  -44.256  -23.921 0.4000000060
26324  -46.553  -44.264  -25.969 0.4000000060
25410  -46.084  -44.080  -24.835 0.4000000060
22738  -48.410  -47.753  -22.798 0.3000000119
23610  -47.681  -46.805  -22.586 0.3000000119
23611  -48.527  -47.147  -23.570 0.3000000119
24506  -47.060  -45.801  -22.944 0.4000000060
24505  -46.220  -45.261  -22.507 0.4000000060
24518  -46.672  -44.780  -23.295 0.4000000060
25402  -47.197  -44.333  -24.107 0.4000000060
128860  -46.916  -43.992  -24.804 0.4000000060
25417  -48.330  -44.248  -26.090 0.4000000060
26342  -50.113  -43.210  -27.242 0.4000000060
26333  -48.916  -43.815  -26.932 0.4000000060
26325  -47.369  -44.165  -25.897 0.4000000060
113620  -48.723  -48.761  -23.194 0.3000000119
22737  -47.798  -47.696  -21.948 0.3000000119
22748  -49.107  -48.142  -23.936 0.3000000119
23622  -47.992  -46.228  -23.441 0.3000000119
24519  -47.534  -45.278  -23.673 0.3000000119
24526  -48.088  -44.869  -24.485 0.4000000060
25418  -49.535  -44.315  -26.464 0.4000000060
25412  -48.778  -44.666  -25.473 0.4000000060
25411  -47.721  -44.278  -25.006 0.4000000060
25425  -49.972  -43.763  -27.036 0.4000000060
27281  -50.262  -42.731  -26.785 0.4000000060
22754  -49.448  -47.499  -24.852 0.3000000119
23627  -49.340  -46.414  -24.939 0.4000000060
24528  -50.212  -46.042  -25.713 0.4000000060
24527  -49.117  -45.433  -25.078 0.4000000060
26327  -51.295  -44.373  -25.798 0.3000000119
25420  -51.124  -44.754  -26.286 0.4000000060
24534  -50.013  -45.051  -25.884 0.4000000060
26326  -50.669  -43.566  -25.436 0.3000000119
25426  -50.432  -43.688  -26.758 0.4000000060
25419  -50.546  -44.425  -26.531 0.4000000060
26334  -50.747  -43.570  -26.416 0.4000000060
134217  -50.761  -50.811  -23.651 0.3000000119
20862  -50.426  -50.347  -24.112 0.3000000119
20863  -51.024  -50.476  -23.939 0.3000000119
21835  -50.150  -49.603  -24.985 0.3000000119
21834  -49.498  -49.156  -24.148 0.3000000119
21841  -50.590  -48.756  -25.391 0.3000000119
22756  -51.118  -47.945  -25.818 0.3000000119
22755  -50.586  -47.987  -25.638 0.3000000119
23637  -51.292  -46.489  -26.219 0.3000000119
22760  -51.155  -47.257  -26.236 0.3000000119
25413  -51.498  -45.106  -25.731 0.3000000119
23636  -50.919  -46.611  -26.338 0.3000000119
128293  -51.488  -44.936  -25.962 0.3000000119
24536  -51.448  -45.783  -26.071 0.4000000060
27270  -49.738  -43.102  -24.853 0.4000000060
27269  -48.892  -42.476  -24.234 0.4000000060
27275  -49.486  -42.479  -25.357 0.4000000060
21836  -50.709  -49.523  -24.979 0.3000000119
21837  -51.198  -49.637  -24.327 0.3000000119
133026  -50.886  -48.649  -25.423 0.3000000119
120239  -51.165  -46.506  -24.327 0.3000000119
23624  -51.318  -47.447  -25.481 0.3000000119
25404  -51.179  -44.760  -24.832 0.3000000119
24521  -51.482  -45.708  -25.217 0.3000000119
23629  -51.398  -46.980  -26.165 0.3000000119
25403  -50.335  -44.276  -23.947 0.3000000119
26320  -50.983  -43.995  -24.891 0.3000000119
26318  -49.303  -43.207  -23.729 0.3000000119
28206  -48.229  -41.885  -24.271 0.4000000060
21824  -51.677  -50.103  -23.325 0.3000000119
22750  -51.126  -48.631  -25.017 0.3000000119
22739  -51.651  -48.789  -23.278 0.3000000119
21811  -52.287  -49.192  -22.492 0.3000000119
22725  -52.662  -48.201  -21.810 0.3000000119
23613  -51.485  -47.577  -22.283 0.3000000119
121825  -50.099  -45.104  -22.287 0.3000000119
24507  -50.734  -45.816  -22.949 0.3000000119
25390  -50.383  -45.034  -23.511 0.3000000119
113028  -51.003  -45.522  -24.227 0.3000000119
25389  -49.704  -44.524  -22.843 0.3000000119
129190  -49.570  -43.825  -23.290 0.3000000119
116917  -48.569  -42.937  -23.278 0.3000000119
28205  -47.541  -41.633  -23.814 0.4000000060
29211  -47.125  -40.948  -24.262 0.5000000000
22724  -51.847  -47.999  -21.887 0.3000000119
23612  -51.231  -47.576  -23.612 0.3000000119
23596  -51.112  -46.575  -22.220 0.3000000119
22714  -53.222  -47.232  -21.412 0.3000000119
132162  -51.048  -46.600  -23.108 0.3000000119
23583  -53.231  -46.359  -20.811 0.3000000119
25372  -49.664  -44.478  -21.714 0.3000000119
23584  -54.083  -46.731  -21.303 0.3000000119
26295  -48.602  -43.487  -21.761 0.3000000119
26311  -49.203  -43.969  -22.241 0.3000000119
25374  -53.948  -44.359  -21.068 0.3000000119
26310  -48.847  -43.439  -22.764 0.3000000119
27263  -48.167  -43.009  -22.467 0.3000000119
27262  -47.584  -42.556  -22.342 0.3000000119
27268  -48.005  -42.341  -23.293 0.3000000119
28204  -46.923  -41.363  -23.481 0.4000000060
23597  -51.733  -46.888  -21.655 0.3000000119
23598  -52.305  -47.253  -21.478 0.3000000119
24493  -50.717  -45.542  -21.722 0.3000000119
23581  -51.483  -45.922  -21.323 0.3000000119
23582  -52.405  -46.354  -20.992 0.3000000119
26296  -49.211  -43.902  -21.220 0.3000000119
24479  -52.905  -45.634  -20.599 0.3000000119
117387  -53.210  -43.964  -20.558 0.3000000119
116092  -53.565  -44.987  -20.706 0.3000000119
28176  -52.544  -41.752  -20.732 0.3000000119
27240  -52.878  -42.508  -20.684 0.3000000119
27249  -47.963  -42.821  -21.448 0.3000000119
27248  -47.000  -42.283  -21.690 0.3000000119
28198  -47.090  -41.964  -22.842 0.3000000119
24477  -51.126  -45.092  -20.874 0.3000000119
25362  -49.991  -44.146  -20.813 0.3000000119
25373  -50.376  -44.775  -21.275 0.3000000119
25363  -50.776  -44.346  -20.559 0.3000000119
121280  -51.154  -43.843  -20.241 0.3000000119
25364  -51.673  -44.401  -20.514 0.3000000119
24478  -51.986  -45.408  -20.631 0.3000000119
26281  -48.763  -43.267  -20.845 0.3000000119
26282  -49.649  -43.451  -20.451 0.3000000119
26283  -50.502  -43.643  -20.254 0.3000000119
26277  -50.283  -42.853  -19.858 0.3000000119
26284  -51.728  -43.581  -20.243 0.3000000119
118753  -52.355  -43.957  -20.409 0.3000000119
27237  -48.384  -42.605  -20.396 0.3000000119
28167  -51.042  -41.908  -19.848 0.3000000119
26279  -51.643  -42.888  -20.105 0.3000000119
29174  -50.758  -40.620  -20.122 0.3000000119
28175  -51.722  -41.644  -20.321 0.3000000119
27239  -52.117  -42.390  -20.364 0.3000000119
30200  -51.079  -39.871  -20.631 0.3000000119
29175  -51.555  -40.694  -20.574 0.3000000119
27235  -46.848  -41.990  -20.876 0.4000000060
29186  -51.674  -39.959  -21.067 0.3000000119
28185  -46.384  -41.628  -21.376 0.4000000060
31175  -51.475  -38.454  -21.869 0.3000000119
120620  -46.438  -41.629  -22.236 0.3000000119
29198  -46.059  -41.024  -22.684 0.4000000060
32140  -51.468  -37.203  -22.491 0.3000000119
29210  -46.492  -40.743  -23.492 0.5000000000
121105  -46.260  -40.058  -23.657 0.5000000000
27238  -49.315  -42.750  -20.115 0.3000000119
27229  -49.749  -42.259  -19.691 0.3000000119
27230  -50.387  -42.097  -19.691 0.3000000119
28166  -50.494  -41.368  -19.768 0.3000000119
27236  -47.516  -42.332  -20.714 0.4000000060
30199  -50.266  -39.771  -20.138 0.3000000119
30210  -50.675  -39.059  -20.758 0.3000000119
28172  -46.435  -41.502  -20.523 0.4000000060
28171  -45.814  -41.093  -20.999 0.5000000000
31174  -50.840  -38.397  -21.386 0.4000000060
32131  -50.476  -37.593  -21.318 0.4000000060
29185  -45.380  -40.527  -21.584 0.5000000000
29197  -45.629  -40.618  -22.345 0.6000000238
32132  -51.147  -37.712  -21.840 0.3000000119
30220  -45.325  -39.826  -22.408 0.6000000238
30231  -45.805  -39.581  -23.321 0.6000000238
28164  -48.552  -41.246  -19.305 0.3000000119
29166  -48.407  -40.218  -19.006 0.3000000119
27227  -47.995  -42.018  -19.790 0.3000000119
29167  -49.248  -40.587  -19.323 0.3000000119
29168  -50.028  -40.669  -19.675 0.3000000119
30198  -49.567  -39.172  -19.818 0.4000000060
28162  -46.664  -41.261  -19.747 0.4000000060
31164  -49.714  -38.302  -20.283 0.4000000060
29173  -45.893  -40.973  -20.125 0.5000000000
121424  -50.121  -38.905  -20.337 0.4000000060
32121  -49.890  -37.518  -20.711 0.4000000060
29172  -45.297  -40.461  -20.612 0.5000000000
30209  -44.852  -39.684  -21.241 0.6000000238
31165  -50.263  -38.296  -20.816 0.4000000060
33054  -50.224  -36.746  -21.072 0.4000000060
124467  -50.085  -35.863  -20.742 0.4000000060
33063  -50.878  -36.827  -21.758 0.3000000119
124466  -50.566  -36.003  -21.427 0.4000000060
30219  -44.757  -38.976  -22.185 0.6000000238
114338  -45.467  -38.908  -22.908 0.6000000238
31196  -45.686  -38.128  -23.369 0.6999999881
119745  -47.865  -40.771  -19.059 0.3000000119
30187  -48.463  -39.342  -19.046 0.3000000119
28173  -47.105  -41.866  -20.101 0.3000000119
29165  -47.092  -40.753  -19.167 0.3000000119
30188  -49.081  -39.748  -19.275 0.3000000119
31156  -48.490  -38.434  -19.267 0.4000000060
29164  -46.266  -40.595  -19.432 0.5000000000
31157  -49.169  -38.367  -19.754 0.4000000060
32120  -49.374  -37.574  -20.088 0.4000000060
29151  -45.889  -39.922  -19.049 0.5000000000
33053  -49.542  -36.644  -20.383 0.4000000060
30186  -45.155  -39.602  -19.322 0.5000000000
30197  -44.812  -39.815  -20.121 0.6000000238
33920  -49.876  -35.081  -20.612 0.4000000060
132804  -44.583  -38.766  -21.313 0.6000000238
33930  -50.422  -35.090  -21.187 0.4000000060
35697  -50.371  -33.475  -20.873 0.4000000060
31183  -45.208  -38.109  -22.602 0.6999999881
32151  -45.477  -37.350  -23.150 0.6999999881
31197  -46.165  -38.148  -23.908 0.6999999881
30175  -47.166  -39.631  -18.708 0.4000000060
30176  -47.849  -39.545  -18.758 0.4000000060
31144  -48.017  -38.910  -18.777 0.4000000060
116037  -47.813  -38.206  -18.828 0.4000000060
29152  -46.715  -40.116  -18.888 0.4000000060
30174  -46.343  -39.320  -18.588 0.4000000060
32114  -48.280  -37.421  -19.230 0.4000000060
30173  -45.530  -39.308  -18.766 0.4000000060
124427  -48.851  -37.743  -19.636 0.4000000060
33048  -48.511  -36.445  -19.342 0.4000000060
124954  -48.948  -37.002  -19.756 0.4000000060
33915  -48.782  -35.640  -19.508 0.4000000060
33919  -49.406  -35.570  -20.149 0.4000000060
34831  -49.063  -34.983  -19.664 0.4000000060
31163  -43.962  -38.452  -19.905 0.6000000238
34837  -49.504  -34.529  -20.102 0.4000000060
34838  -50.128  -34.349  -20.699 0.4000000060
32119  -44.161  -38.078  -20.907 0.6000000238
32130  -44.357  -37.281  -21.673 0.6999999881
36594  -50.426  -32.566  -20.707 0.4000000060
32139  -44.966  -37.313  -22.381 0.6999999881
32152  -46.111  -37.484  -23.790 0.6999999881
120389  -47.183  -38.129  -18.535 0.4000000060
30185  -44.873  -38.959  -18.794 0.4000000060
31142  -46.483  -38.401  -18.431 0.4000000060
33034  -47.906  -36.662  -18.779 0.4000000060
30196  -44.517  -39.115  -19.575 0.6000000238
31140  -44.745  -38.196  -18.586 0.5000000000
31154  -43.961  -37.769  -19.402 0.6999999881
34830  -48.491  -34.893  -19.199 0.4000000060
32118  -43.754  -37.611  -20.186 0.6999999881
35684  -48.894  -34.260  -19.524 0.4000000060
32129  -43.825  -37.148  -20.958 0.6999999881
36593  -49.949  -33.001  -20.397 0.4000000060
36577  -49.536  -33.005  -19.740 0.4000000060
33071  -44.729  -36.555  -22.227 0.6999999881
37556  -50.475  -31.709  -20.412 0.4000000060
33072  -45.389  -36.552  -22.844 0.6999999881
33081  -46.013  -36.645  -23.601 0.6999999881
38514  -50.878  -30.943  -20.824 0.4000000060
38515  -51.245  -30.256  -20.849 0.4000000060
32096  -45.148  -37.685  -18.253 0.4000000060
32097  -45.937  -37.700  -18.239 0.4000000060
32098  -46.766  -37.560  -18.345 0.4000000060
32099  -47.541  -37.467  -18.672 0.4000000060
31155  -44.358  -38.419  -19.134 0.6999999881
32095  -44.512  -37.437  -18.449 0.5000000000
32113  -43.715  -37.010  -19.646 0.6999999881
33907  -48.131  -35.712  -18.807 0.4000000060
112090  -48.360  -34.074  -18.865 0.4000000060
33052  -43.558  -36.290  -20.065 0.6999999881
132583  -48.744  -32.931  -18.712 0.4000000060
114534  -44.097  -35.703  -21.378 0.6999999881
35671  -48.879  -33.399  -19.173 0.4000000060
33062  -44.209  -36.482  -21.534 0.6999999881
126758  -49.658  -32.228  -19.464 0.4000000060
36578  -50.011  -32.339  -20.070 0.4000000060
37555  -50.050  -31.473  -19.634 0.4000000060
124293  -45.177  -35.922  -22.583 0.6999999881
130495  -50.479  -30.939  -20.138 0.4000000060
33941  -45.896  -35.616  -23.246 0.6999999881
38496  -50.829  -30.197  -20.163 0.4000000060
39434  -51.436  -29.722  -20.493 0.4000000060
33018  -45.532  -36.406  -17.747 0.4000000060
33032  -46.302  -36.804  -17.880 0.4000000060
118195  -47.539  -36.120  -18.413 0.4000000060
33031  -44.324  -36.166  -18.044 0.6000000238
33017  -44.886  -36.100  -17.747 0.5000000000
33892  -46.790  -35.226  -17.746 0.5000000000
33906  -47.452  -35.408  -18.205 0.4000000060
39493  -41.098  -29.006  -25.122 0.4000000060
39494  -41.939  -28.953  -25.165 0.5000000000
130226  -43.779  -36.266  -18.491 0.6000000238
35669  -47.743  -33.935  -18.223 0.4000000060
33914  -43.474  -35.493  -19.714 0.6000000238
35670  -48.308  -33.245  -18.378 0.4000000060
114038  -43.636  -35.579  -20.637 0.6000000238
36559  -48.669  -32.522  -18.281 0.4000000060
33928  -43.948  -34.938  -21.229 0.6999999881
36560  -49.180  -32.558  -18.938 0.4000000060
33929  -44.508  -35.069  -21.894 0.6999999881
37536  -49.537  -31.742  -18.894 0.4000000060
34860  -45.767  -34.838  -22.983 0.6999999881
38495  -50.294  -30.543  -19.528 0.4000000060
39414  -50.522  -29.772  -19.384 0.4000000060
40393  -51.478  -28.801  -19.314 0.4000000060
40394  -52.280  -28.515  -19.530 0.4000000060
33891  -45.373  -35.605  -17.587 0.5000000000
33905  -43.940  -35.629  -18.149 0.6000000238
33890  -44.496  -35.390  -17.718 0.5000000000
34807  -46.636  -34.421  -17.574 0.5000000000
40443  -40.360  -28.719  -23.870 0.3000000119
40459  -41.852  -28.790  -24.114 0.4000000060
40460  -42.491  -28.512  -24.192 0.5000000000
34836  -43.561  -34.667  -20.408 0.6000000238
33904  -43.632  -35.398  -18.709 0.6000000238
35658  -47.159  -33.821  -17.636 0.4000000060
35659  -47.666  -33.228  -17.714 0.5000000000
36614  -44.797  -32.959  -21.837 0.6999999881
34845  -43.961  -34.288  -21.079 0.6000000238
36539  -48.126  -32.596  -17.683 0.4000000060
36615  -45.243  -33.104  -22.486 0.8000000119
34846  -44.404  -34.337  -21.665 0.6999999881
37519  -49.361  -31.234  -18.103 0.4000000060
37535  -49.078  -31.984  -18.366 0.4000000060
38484  -50.058  -30.122  -18.869 0.4000000060
39409  -50.749  -29.053  -19.087 0.4000000060
40385  -52.043  -28.241  -18.717 0.4000000060
41306  -52.704  -27.781  -19.093 0.4000000060
34816  -43.674  -34.422  -18.595 0.6000000238
35655  -44.015  -34.032  -18.095 0.6000000238
126107  -45.107  -34.046  -17.484 0.5000000000
34806  -45.818  -34.216  -17.412 0.5000000000
40444  -41.335  -28.289  -23.600 0.4000000060
35707  -43.734  -33.919  -20.638 0.6000000238
113212  -43.526  -33.803  -19.120 0.6000000238
120767  -46.411  -33.640  -17.328 0.5000000000
40461  -43.166  -28.181  -24.850 0.5000000000
35695  -44.269  -33.572  -21.311 0.6999999881
36537  -46.992  -33.060  -17.300 0.5000000000
40465  -43.601  -28.558  -25.791 0.5000000000
37592  -45.288  -31.711  -22.310 0.6999999881
133546  -45.165  -32.472  -22.252 0.6999999881
36521  -46.933  -32.262  -16.833 0.5000000000
118931  -45.212  -28.095  -26.519 0.6999999881
40466  -44.374  -27.909  -25.848 0.6000000238
37609  -46.155  -31.872  -23.646 0.6999999881
129742  -45.746  -31.563  -22.972 0.6999999881
37608  -45.651  -32.384  -22.906 0.6999999881
37505  -48.194  -31.290  -16.893 0.5000000000
42233  -46.851  -26.536  -28.384 0.6999999881
132701  -45.579  -27.768  -27.269 0.6999999881
37518  -48.605  -31.825  -17.644 0.4000000060
123488  -46.508  -31.052  -24.189 0.6999999881
134230  -46.440  -32.387  -23.981 0.8000000119
38469  -49.463  -30.419  -17.549 0.4000000060
38483  -49.734  -30.499  -18.335 0.4000000060
39408  -50.336  -29.474  -18.640 0.4000000060
40383  -50.603  -28.832  -18.269 0.4000000060
40384  -51.184  -28.485  -18.586 0.4000000060
41297  -52.353  -27.323  -18.403 0.4000000060
36535  -44.004  -33.157  -18.207 0.6000000238
35656  -44.604  -33.456  -17.616 0.6000000238
35657  -45.555  -33.373  -17.205 0.5000000000
41358  -41.898  -27.681  -23.202 0.4000000060
41359  -42.429  -28.022  -23.602 0.4000000060
134122  -43.406  -27.392  -24.707 0.6999999881
37572  -43.864  -31.783  -20.073 0.6999999881
35683  -43.556  -33.133  -19.571 0.6000000238
35668  -43.515  -33.013  -18.786 0.6000000238
36519  -45.040  -32.654  -17.150 0.5000000000
41367  -43.788  -27.679  -25.245 0.6999999881
37582  -45.182  -30.911  -21.951 0.6999999881
119972  -44.732  -30.945  -21.256 0.6999999881
37581  -44.362  -31.783  -21.036 0.6999999881
35694  -43.871  -33.163  -20.479 0.6999999881
128062  -45.690  -32.652  -16.808 0.5000000000
36520  -46.293  -32.888  -16.911 0.5000000000
126210  -44.332  -27.197  -25.484 0.6999999881
36603  -44.766  -32.184  -21.754 0.6999999881
116231  -47.296  -31.358  -16.601 0.5000000000
41371  -44.958  -27.262  -26.077 0.6999999881
38551  -45.820  -30.164  -23.066 0.6999999881
119420  -45.531  -30.907  -22.699 0.6999999881
38459  -47.803  -30.777  -16.510 0.4000000060
41372  -45.634  -27.042  -27.166 0.6999999881
38552  -46.423  -30.034  -23.789 0.6999999881
40447  -46.076  -28.401  -23.833 0.6000000238
39495  -46.800  -29.371  -24.478 0.6000000238
38565  -46.909  -30.228  -24.695 0.6999999881
133083  -49.102  -30.555  -16.985 0.4000000060
121943  -49.692  -29.603  -17.361 0.4000000060
43106  -47.648  -25.639  -29.046 0.6999999881
40463  -46.588  -28.611  -24.429 0.6000000238
39407  -49.926  -29.864  -18.123 0.4000000060
127760  -46.863  -27.967  -25.043 0.6000000238
40370  -50.389  -28.567  -17.492 0.4000000060
40371  -50.956  -28.189  -17.827 0.4000000060
41296  -51.571  -27.804  -18.137 0.4000000060
42157  -52.764  -26.480  -18.544 0.4000000060
36536  -44.407  -32.502  -17.704 0.6000000238
42207  -41.672  -26.635  -23.512 0.6000000238
42208  -42.412  -27.143  -23.755 0.6000000238
42215  -43.044  -26.595  -24.445 0.6999999881
38524  -44.583  -30.258  -20.868 0.6000000238
112952  -44.056  -30.970  -19.698 0.6999999881
37554  -44.035  -30.908  -18.951 0.6999999881
36557  -43.958  -32.240  -18.422 0.6000000238
38537  -45.384  -30.175  -22.358 0.6000000238
38525  -44.920  -30.199  -21.654 0.6000000238
112789  -44.311  -31.007  -20.498 0.6999999881
42216  -43.848  -26.650  -25.043 0.6999999881
39455  -45.590  -29.462  -22.761 0.6000000238
37503  -46.558  -31.631  -16.510 0.5000000000
42228  -45.400  -26.333  -26.511 0.6999999881
42223  -44.516  -26.492  -25.773 0.6999999881
39472  -45.796  -28.866  -23.265 0.6000000238
132939  -46.014  -29.492  -23.343 0.6000000238
127117  -47.242  -30.650  -16.259 0.4000000060
42229  -46.440  -26.029  -27.708 0.6999999881
39473  -46.413  -29.096  -23.768 0.6999999881
43103  -46.963  -25.093  -28.899 0.6999999881
39384  -48.623  -29.655  -16.380 0.4000000060
39385  -49.319  -29.273  -16.695 0.4000000060
40354  -48.805  -28.829  -16.216 0.4000000060
43107  -48.375  -25.631  -29.045 0.6999999881
43105  -48.414  -25.482  -28.662 0.6999999881
42230  -47.607  -26.341  -26.708 0.6999999881
41370  -46.940  -27.202  -25.974 0.6000000238
41286  -50.589  -27.835  -17.186 0.4000000060
41287  -51.203  -27.360  -17.461 0.4000000060
41288  -51.810  -27.121  -17.867 0.4000000060
42146  -51.517  -26.507  -17.477 0.4000000060
42147  -52.207  -26.500  -18.029 0.4000000060
42999  -51.943  -25.858  -17.777 0.3000000119
124008  -41.380  -25.609  -23.972 0.5000000000
128006  -44.606  -28.829  -20.859 0.6000000238
39433  -44.502  -29.581  -20.472 0.6000000238
38513  -44.271  -30.293  -20.124 0.6000000238
37534  -44.058  -31.305  -18.352 0.6000000238
129659  -44.232  -30.976  -17.802 0.6000000238
37517  -44.600  -31.112  -17.296 0.6000000238
42214  -42.218  -26.094  -24.128 0.6000000238
43087  -43.539  -25.800  -24.886 0.5000000000
40418  -44.753  -28.771  -21.748 0.6000000238
39443  -45.053  -29.434  -22.097 0.6000000238
128180  -44.724  -29.511  -21.298 0.6000000238
38457  -44.908  -30.527  -16.850 0.5000000000
37501  -45.161  -31.285  -16.766 0.4000000060
37502  -45.895  -31.467  -16.460 0.5000000000
43095  -44.073  -25.723  -25.506 0.6999999881
38458  -45.634  -30.687  -16.441 0.5000000000
118104  -46.512  -30.861  -16.302 0.4000000060
41343  -44.917  -27.825  -22.648 0.6000000238
38447  -46.891  -30.175  -15.845 0.4000000060
39370  -48.038  -29.143  -15.923 0.4000000060
43102  -45.771  -25.527  -27.367 0.6999999881
40462  -45.739  -27.608  -24.035 0.6000000238
115120  -47.806  -24.951  -29.095 0.6999999881
126362  -46.422  -27.174  -24.756 0.6000000238
127611  -49.081  -28.267  -15.895 0.4000000060
41275  -50.242  -27.641  -16.563 0.4000000060
44037  -48.173  -24.914  -28.877 0.6999999881
43104  -47.988  -24.891  -27.758 0.6999999881
124725  -48.038  -25.644  -27.555 0.6999999881
42224  -46.842  -26.345  -25.536 0.6999999881
42132  -50.124  -27.105  -16.056 0.4000000060
41276  -50.685  -27.036  -16.795 0.4000000060
43097  -47.405  -24.919  -26.399 0.6999999881
42133  -50.353  -26.218  -16.273 0.4000000060
42984  -50.720  -25.643  -16.704 0.3000000119
42134  -51.006  -26.286  -16.877 0.4000000060
43920  -51.200  -24.621  -17.628 0.4000000060
43009  -51.801  -25.134  -18.016 0.3000000119
111580  -44.388  -28.878  -19.912 0.6000000238
39406  -44.317  -29.423  -18.943 0.6000000238
39395  -44.285  -29.539  -17.821 0.6000000238
44007  -41.846  -25.252  -24.708 0.6000000238
43086  -42.787  -25.532  -24.759 0.6000000238
40417  -44.574  -28.119  -21.334 0.6000000238
40410  -44.410  -28.088  -20.461 0.6000000238
39381  -44.686  -29.783  -17.046 0.5000000000
40425  -44.851  -28.157  -22.027 0.6000000238
39367  -45.761  -29.180  -15.986 0.5000000000
39382  -45.334  -29.907  -16.485 0.4000000060
39383  -46.098  -30.090  -16.054 0.4000000060
43096  -44.805  -25.679  -26.316 0.6999999881
44028  -44.300  -25.096  -26.098 0.6999999881
41360  -45.100  -27.380  -23.381 0.6000000238
40336  -46.598  -28.827  -15.616 0.5000000000
44035  -46.220  -24.750  -28.149 0.8000000119
44034  -45.067  -24.847  -27.183 0.8000000119
41256  -46.878  -27.956  -15.462 0.4000000060
40337  -47.500  -28.578  -15.591 0.4000000060
116417  -45.298  -26.847  -24.083 0.6000000238
41257  -47.806  -27.762  -15.393 0.4000000060
44041  -47.096  -24.324  -29.115 0.6999999881
42218  -45.985  -26.327  -24.634 0.6999999881
118200  -47.222  -22.991  -15.296 0.5000000000
44848  -47.611  -23.701  -15.160 0.5000000000
43892  -47.994  -24.358  -15.050 0.5000000000
42111  -48.421  -26.308  -15.032 0.4000000060
123549  -48.801  -26.866  -15.270 0.4000000060
131727  -47.708  -24.514  -28.956 0.6999999881
44036  -47.864  -24.301  -28.340 0.6999999881
124411  -47.458  -25.585  -26.477 0.6999999881
43089  -46.650  -25.479  -25.354 0.6999999881
45889  -47.637  -22.367  -15.552 0.5000000000
44849  -48.450  -23.758  -15.399 0.5000000000
43893  -48.866  -24.544  -15.352 0.4000000060
42965  -48.848  -25.514  -15.235 0.4000000060
42112  -49.179  -26.342  -15.401 0.4000000060
46960  -48.517  -21.471  -15.985 0.4000000060
119327  -48.057  -23.021  -15.434 0.5000000000
45891  -48.885  -23.117  -15.908 0.4000000060
44864  -49.571  -23.715  -16.283 0.4000000060
43908  -50.161  -24.334  -16.591 0.4000000060
42983  -50.173  -25.195  -16.191 0.4000000060
46961  -49.133  -21.472  -16.595 0.4000000060
45902  -48.997  -22.218  -16.257 0.4000000060
45903  -49.553  -22.883  -16.698 0.4000000060
44865  -50.132  -23.567  -16.949 0.4000000060
42997  -50.640  -24.938  -17.004 0.4000000060
122231  -44.249  -28.072  -19.704 0.6000000238
40392  -44.083  -28.477  -19.076 0.6000000238
132197  -41.563  -24.523  -25.142 0.5000000000
41332  -44.285  -27.422  -21.000 0.6000000238
41324  -44.126  -27.320  -19.959 0.6000000238
123338  -43.644  -27.057  -19.073 0.6000000238
126354  -44.061  -27.981  -18.274 0.5000000000
123785  -44.427  -28.073  -17.448 0.5000000000
128513  -44.583  -29.176  -17.235 0.5000000000
126100  -42.336  -24.752  -25.374 0.6000000238
43094  -43.453  -24.951  -25.576 0.6999999881
42190  -44.345  -26.757  -21.596 0.6000000238
41342  -44.668  -27.520  -21.849 0.6000000238
41285  -44.194  -27.540  -17.569 0.5000000000
117056  -45.281  -27.571  -16.093 0.5000000000
133073  -43.388  -24.471  -26.279 0.6000000238
42210  -44.891  -26.674  -23.546 0.6000000238
124197  -44.691  -26.916  -22.605 0.6000000238
131175  -45.777  -27.479  -15.691 0.5000000000
40335  -45.893  -28.139  -15.653 0.5000000000
44039  -44.476  -24.079  -27.828 0.8000000119
43891  -46.364  -24.540  -15.072 0.5000000000
42964  -45.949  -25.998  -15.360 0.5000000000
130133  -46.300  -27.371  -15.482 0.5000000000
44040  -45.881  -24.076  -28.481 0.8000000119
42217  -44.834  -26.030  -24.321 0.6000000238
45887  -46.101  -22.304  -15.557 0.5000000000
44863  -45.347  -23.094  -16.029 0.5000000000
44847  -46.745  -23.670  -15.118 0.5000000000
42951  -46.514  -25.451  -14.950 0.5000000000
42109  -46.384  -26.730  -15.310 0.5000000000
42097  -47.587  -26.353  -14.809 0.4000000060
43088  -45.730  -25.610  -24.579 0.6999999881
121031  -45.752  -22.845  -15.493 0.5000000000
123328  -46.408  -22.969  -15.401 0.5000000000
44834  -47.219  -24.342  -14.904 0.5000000000
42952  -47.220  -25.615  -14.712 0.5000000000
44042  -47.271  -23.821  -28.800 0.8000000119
44010  -46.919  -24.551  -25.675 0.6999999881
120628  -46.178  -25.008  -24.837 0.6999999881
46959  -46.224  -21.057  -15.989 0.5000000000
47909  -47.031  -21.037  -15.696 0.4000000060
44029  -47.652  -24.232  -26.958 0.6999999881
47910  -47.812  -21.137  -15.662 0.4000000060
116555  -40.869  -24.275  -25.556 0.5000000000
42182  -44.052  -26.627  -20.656 0.6000000238
42164  -43.843  -26.427  -19.719 0.6000000238
44027  -41.761  -24.172  -25.895 0.5000000000
118221  -43.687  -27.040  -18.179 0.5000000000
42131  -44.502  -26.155  -16.755 0.5000000000
131234  -40.466  -23.906  -26.338 0.5000000000
44032  -41.132  -23.881  -26.562 0.5000000000
44033  -42.713  -24.278  -26.249 0.5000000000
42197  -44.344  -26.019  -22.201 0.6000000238
112761  -44.085  -25.940  -21.277 0.6000000238
42980  -44.487  -24.738  -16.829 0.5000000000
42963  -45.326  -25.376  -15.701 0.5000000000
125092  -45.139  -26.129  -15.999 0.5000000000
42209  -44.710  -26.058  -23.119 0.6000000238
43049  -43.920  -25.184  -21.947 0.6000000238
44862  -44.750  -23.195  -16.656 0.5000000000
43906  -45.005  -24.000  -16.177 0.5000000000
117600  -44.942  -24.851  -16.062 0.5000000000
122999  -45.898  -25.184  -15.243 0.5000000000
43072  -44.614  -25.466  -23.834 0.6000000238
118585  -45.812  -23.643  -15.412 0.5000000000
43890  -45.516  -24.589  -15.522 0.5000000000
44989  -45.442  -23.469  -28.741 0.6999999881
44008  -45.220  -25.128  -24.319 0.6999999881
45901  -45.521  -22.373  -15.884 0.5000000000
44990  -46.527  -23.522  -28.891 0.6999999881
47917  -46.686  -20.287  -15.895 0.4000000060
44958  -46.950  -23.693  -25.961 0.6999999881
47918  -47.541  -20.387  -15.796 0.5000000000
118472  -47.256  -19.660  -16.113 0.5000000000
46035  -46.585  -23.074  -28.735 0.6999999881
44983  -47.401  -23.688  -27.640 0.8000000119
112053  -48.729  -20.171  -16.537 0.5000000000
114329  -49.727  -18.325  -18.216 0.4000000060
49976  -50.257  -18.823  -18.898 0.5000000000
50909  -50.284  -17.920  -18.988 0.5000000000
48955  -50.571  -19.364  -19.542 0.5000000000
49997  -50.344  -18.533  -19.776 0.5000000000
50932  -50.121  -17.574  -19.999 0.5000000000
42156  -43.729  -26.267  -18.770 0.6000000238
43035  -43.883  -25.789  -20.319 0.6000000238
43018  -43.817  -25.625  -19.403 0.6000000238
42145  -43.903  -26.055  -17.718 0.5000000000
42981  -44.740  -25.462  -16.379 0.5000000000
44986  -41.374  -23.445  -27.388 0.5000000000
128796  -42.011  -23.748  -26.741 0.5000000000
44980  -42.749  -23.899  -27.119 0.6999999881
114432  -43.826  -25.138  -20.939 0.6000000238
43941  -43.749  -24.886  -19.982 0.6000000238
44876  -44.378  -23.019  -17.428 0.5000000000
42996  -43.972  -25.126  -17.644 0.5000000000
113724  -40.542  -23.677  -27.064 0.5000000000
44987  -42.373  -23.475  -27.619 0.6000000238
43058  -44.291  -25.245  -22.892 0.6000000238
43918  -44.181  -24.416  -17.557 0.5000000000
44988  -43.444  -23.612  -27.862 0.6999999881
43983  -44.447  -24.352  -22.457 0.6000000238
45900  -44.923  -22.426  -16.474 0.5000000000
116048  -44.474  -23.440  -28.492 0.6999999881
46958  -45.458  -21.232  -16.336 0.5000000000
47916  -45.750  -20.299  -16.358 0.6000000238
47915  -45.103  -20.854  -16.954 0.4000000060
48908  -46.450  -19.571  -16.317 0.5000000000
44009  -46.261  -24.266  -24.848 0.6999999881
43992  -45.573  -23.970  -23.988 0.6999999881
115739  -48.211  -17.326  -17.082 0.4000000060
51744  -48.758  -16.885  -17.654 0.4000000060
50899  -49.315  -17.551  -17.816 0.4000000060
46014  -45.830  -22.525  -26.366 0.6999999881
127217  -49.701  -17.577  -18.512 0.4000000060
46034  -46.647  -22.347  -28.589 0.6999999881
48967  -50.709  -19.074  -20.382 0.5000000000
50012  -50.502  -18.260  -20.654 0.5000000000
111529  -43.861  -24.976  -19.105 0.5000000000
43008  -43.785  -25.437  -18.492 0.5000000000
43955  -43.882  -24.460  -20.691 0.6000000238
120965  -43.873  -24.287  -19.252 0.5000000000
43933  -43.897  -24.582  -18.352 0.5000000000
46031  -41.191  -22.893  -27.841 0.6000000238
46032  -41.981  -23.097  -28.093 0.6000000238
43973  -43.979  -24.398  -21.494 0.6000000238
114400  -44.149  -23.797  -17.925 0.5000000000
46033  -42.953  -23.114  -28.319 0.6000000238
44924  -44.535  -23.607  -21.765 0.5000000000
112490  -44.230  -23.831  -20.951 0.5000000000
45915  -44.510  -22.223  -17.081 0.5000000000
46973  -44.688  -21.485  -17.551 0.5000000000
44936  -45.153  -23.422  -22.506 0.6000000238
46957  -44.830  -21.638  -16.700 0.5000000000
47934  -45.170  -19.944  -17.074 0.5000000000
44991  -44.013  -23.113  -28.748 0.6999999881
50896  -46.601  -17.038  -17.063 0.5000000000
51743  -47.184  -16.446  -17.365 0.4000000060
44992  -45.176  -23.006  -29.290 0.6999999881
44957  -45.996  -23.523  -24.838 0.6999999881
44974  -46.072  -23.033  -25.564 0.6999999881
120370  -46.347  -18.975  -16.638 0.5000000000
50884  -46.946  -17.657  -16.706 0.5000000000
50897  -47.436  -17.091  -16.989 0.4000000060
114790  -47.989  -16.604  -17.367 0.4000000060
132515  -48.416  -16.205  -17.825 0.4000000060
44993  -45.986  -22.960  -29.065 0.6999999881
52550  -49.078  -15.635  -18.694 0.4000000060
51768  -49.474  -16.285  -19.035 0.4000000060
46039  -45.605  -22.234  -29.283 0.6999999881
46023  -45.872  -21.790  -27.140 0.6999999881
51756  -49.393  -16.902  -18.327 0.4000000060
51793  -49.753  -16.071  -19.980 0.4000000060
47091  -46.208  -21.629  -28.855 0.6999999881
132034  -46.515  -21.745  -28.166 0.6999999881
50931  -49.752  -17.168  -19.124 0.4000000060
51769  -49.861  -16.769  -19.736 0.4000000060
51794  -49.937  -16.813  -20.549 0.4000000060
50025  -50.721  -18.066  -21.490 0.5000000000
50956  -50.252  -17.515  -21.039 0.5000000000
44897  -44.057  -23.444  -19.333 0.5000000000
112245  -44.039  -23.848  -18.673 0.5000000000
125988  -43.895  -23.925  -20.139 0.5000000000
45940  -44.350  -22.543  -19.315 0.5000000000
44889  -44.146  -22.991  -18.444 0.5000000000
133402  -44.615  -21.758  -18.147 0.5000000000
46036  -41.773  -22.447  -28.192 0.6000000238
46037  -42.618  -22.419  -28.470 0.6000000238
126130  -44.427  -23.008  -21.128 0.5000000000
126968  -44.505  -22.263  -17.889 0.5000000000
46038  -43.695  -22.460  -28.797 0.6999999881
111372  -45.132  -22.795  -21.934 0.5000000000
47933  -44.809  -20.576  -17.705 0.6000000238
44943  -45.554  -23.250  -23.290 0.6999999881
48921  -45.268  -19.062  -17.284 0.5000000000
51742  -46.394  -16.364  -17.534 0.4000000060
45992  -45.698  -22.521  -23.670 0.8000000119
49956  -45.504  -18.169  -17.413 0.5000000000
128269  -45.748  -17.136  -17.471 0.5000000000
52531  -47.757  -15.939  -17.757 0.4000000060
52549  -48.443  -15.503  -18.234 0.4000000060
53494  -48.877  -14.963  -18.834 0.4000000060
129641  -44.661  -22.574  -29.176 0.6999999881
47057  -45.011  -21.500  -24.076 0.6000000238
52559  -49.348  -15.448  -19.392 0.4000000060
44982  -46.788  -23.029  -26.873 0.6999999881
46004  -44.709  -21.925  -25.035 0.6000000238
48005  -44.117  -20.814  -23.866 0.6000000238
52569  -49.520  -15.230  -20.380 0.4000000060
47079  -46.094  -21.098  -27.997 0.6000000238
47072  -44.741  -21.230  -25.693 0.6000000238
48016  -44.667  -20.933  -24.842 0.6000000238
51822  -49.655  -16.109  -21.000 0.4000000060
47090  -45.598  -21.145  -29.146 0.6999999881
48024  -44.396  -20.426  -26.015 0.6000000238
48015  -43.888  -20.264  -24.850 0.6000000238
51823  -50.013  -16.824  -21.507 0.5000000000
48023  -43.983  -19.547  -25.580 0.6000000238
49011  -43.620  -19.441  -24.622 0.6000000238
50968  -50.436  -17.460  -21.908 0.5000000000
128655  -50.908  -17.901  -22.118 0.5000000000
45929  -44.556  -22.085  -18.605 0.6000000238
47084  -40.382  -21.566  -27.841 0.5000000000
44908  -44.311  -22.972  -20.184 0.5000000000
47000  -44.585  -21.676  -19.293 0.6000000238
46988  -44.647  -21.248  -18.447 0.6000000238
47088  -42.103  -21.533  -28.453 0.6000000238
119618  -43.532  -21.407  -28.777 0.6000000238
45952  -44.561  -22.285  -20.798 0.6000000238
47011  -44.524  -22.059  -20.044 0.6000000238
48920  -44.754  -19.621  -17.767 0.5000000000
121130  -42.886  -20.730  -28.690 0.6000000238
112840  -44.745  -22.337  -21.471 0.6000000238
115914  -44.681  -21.730  -21.292 0.6000000238
49955  -44.889  -18.705  -17.908 0.5000000000
51741  -45.676  -16.228  -17.888 0.5000000000
52530  -46.978  -15.694  -17.635 0.4000000060
47089  -44.831  -20.670  -29.213 0.6999999881
48038  -43.939  -20.251  -29.046 0.6000000238
44937  -45.404  -22.627  -22.824 0.6999999881
45977  -45.097  -22.035  -22.192 0.6000000238
49974  -45.095  -17.789  -18.087 0.5000000000
120193  -48.205  -14.634  -18.469 0.4000000060
53510  -49.184  -14.651  -19.584 0.4000000060
47058  -45.588  -22.058  -24.203 0.6999999881
129181  -44.540  -21.386  -23.317 0.6999999881
132511  -44.095  -19.962  -22.534 0.6999999881
49973  -44.590  -18.381  -18.692 0.5000000000
133437  -49.372  -14.377  -20.296 0.4000000060
122739  -45.427  -20.375  -28.919 0.6000000238
47992  -43.926  -20.043  -23.277 0.6000000238
48991  -43.636  -19.334  -22.830 0.6999999881
114631  -45.649  -20.448  -27.903 0.6000000238
47078  -45.109  -21.060  -26.845 0.6000000238
48004  -43.855  -19.965  -24.036 0.6000000238
50037  -43.554  -18.631  -22.341 0.6000000238
52597  -49.607  -15.396  -21.437 0.4000000060
48030  -45.308  -19.854  -27.291 0.6000000238
50056  -43.549  -18.519  -24.222 0.6000000238
129504  -43.419  -17.938  -23.531 0.6000000238
52615  -49.727  -15.483  -22.320 0.4000000060
51833  -50.263  -16.839  -22.512 0.5000000000
52598  -49.692  -16.175  -21.968 0.4000000060
50977  -50.763  -17.502  -22.598 0.5000000000
50984  -50.732  -17.108  -23.126 0.5000000000
47961  -44.549  -20.835  -19.285 0.6000000238
128008  -44.627  -21.657  -20.625 0.6000000238
112270  -44.666  -21.286  -20.049 0.6000000238
48940  -44.566  -19.316  -18.582 0.5000000000
47087  -41.126  -21.110  -28.253 0.6000000238
111304  -44.641  -21.008  -20.883 0.6000000238
48954  -44.458  -19.967  -19.345 0.5000000000
53473  -46.825  -14.979  -18.002 0.4000000060
115233  -43.077  -20.021  -28.742 0.6000000238
49044  -43.971  -19.356  -28.928 0.6000000238
133835  -44.559  -20.622  -21.340 0.6000000238
127703  -44.386  -20.224  -21.791 0.6000000238
48966  -44.342  -19.345  -20.490 0.5000000000
50955  -43.887  -17.638  -20.252 0.5000000000
50930  -44.220  -17.103  -19.501 0.5000000000
50908  -44.620  -17.487  -18.793 0.5000000000
52548  -47.615  -15.147  -17.998 0.4000000060
53509  -48.671  -14.179  -19.018 0.4000000060
47022  -44.600  -21.177  -21.829 0.6999999881
48979  -44.237  -19.481  -21.245 0.5000000000
49996  -44.216  -18.024  -19.496 0.5000000000
49035  -44.849  -19.178  -28.462 0.6000000238
125261  -43.546  -17.256  -21.936 0.6000000238
53521  -49.656  -14.535  -21.015 0.4000000060
49029  -45.033  -19.288  -27.729 0.6000000238
49028  -44.061  -19.114  -27.185 0.6000000238
51832  -43.562  -16.710  -22.565 0.6000000238
53540  -49.551  -14.729  -21.911 0.4000000060
125405  -44.703  -21.725  -29.149 0.6999999881
49022  -44.374  -18.794  -26.130 0.6000000238
53563  -49.894  -14.848  -22.744 0.4000000060
111574  -43.569  -18.741  -25.265 0.6000000238
124185  -43.332  -17.986  -25.115 0.6000000238
51840  -50.515  -16.615  -23.429 0.5000000000
52616  -50.073  -16.129  -22.860 0.4000000060
51848  -50.728  -16.474  -24.227 0.5000000000
51849  -51.321  -16.550  -24.396 0.4000000060
47970  -44.616  -20.501  -20.114 0.6000000238
128338  -44.482  -19.812  -20.110 0.5000000000
51767  -44.364  -16.021  -19.423 0.5000000000
52545  -44.970  -15.359  -18.758 0.5000000000
52546  -45.575  -15.501  -18.236 0.5000000000
53492  -46.612  -14.280  -18.308 0.4000000060
110612  -43.359  -18.864  -28.523 0.6000000238
120473  -44.120  -18.779  -28.319 0.6000000238
47978  -44.626  -20.115  -20.878 0.6000000238
51792  -43.882  -16.735  -20.265 0.5000000000
116086  -44.666  -16.733  -18.894 0.5000000000
126875  -45.050  -16.123  -18.552 0.5000000000
53493  -47.442  -14.381  -18.283 0.4000000060
54446  -48.055  -13.753  -18.538 0.4000000060
54465  -48.455  -13.413  -19.274 0.4000000060
50010  -43.728  -18.175  -20.928 0.5000000000
54466  -49.064  -13.864  -19.779 0.4000000060
49034  -44.339  -18.716  -27.940 0.6000000238
50073  -43.832  -18.548  -27.061 0.6000000238
120911  -49.528  -14.065  -22.388 0.4000000060
50992  -43.520  -17.269  -24.912 0.6000000238
117409  -43.546  -16.304  -23.491 0.6000000238
50983  -43.464  -17.616  -24.231 0.6000000238
53573  -50.097  -15.222  -23.650 0.4000000060
53574  -50.436  -15.667  -24.428 0.4000000060
53582  -50.671  -15.212  -25.155 0.3000000119
52625  -50.307  -16.046  -23.808 0.5000000000
130568  -50.545  -16.089  -24.343 0.4000000060
53583  -51.329  -15.206  -25.442 0.3000000119
53490  -45.080  -14.582  -18.751 0.5000000000
53491  -45.811  -14.329  -18.492 0.5000000000
54445  -47.194  -13.634  -18.542 0.5000000000
54464  -47.713  -13.077  -18.971 0.5000000000
52568  -44.019  -15.228  -19.844 0.6000000238
55417  -48.197  -12.703  -19.601 0.5000000000
54480  -48.805  -13.123  -20.076 0.4000000060
50075  -43.979  -17.958  -28.016 0.6000000238
127874  -43.927  -17.867  -27.805 0.6000000238
51791  -43.613  -16.456  -20.921 0.6000000238
54481  -49.382  -13.681  -20.744 0.4000000060
51008  -43.811  -17.533  -26.901 0.6000000238
51821  -43.505  -16.585  -21.632 0.6999999881
54513  -49.538  -13.339  -23.065 0.3000000119
51865  -43.754  -16.679  -26.280 0.6000000238
117934  -43.523  -15.331  -22.039 0.6000000238
51003  -43.736  -17.340  -25.740 0.6000000238
51858  -43.566  -16.548  -25.226 0.6000000238
117872  -43.495  -15.799  -22.741 0.6000000238
119842  -49.788  -14.354  -23.382 0.4000000060
51847  -43.503  -16.801  -24.268 0.6000000238
52623  -43.434  -15.396  -23.514 0.6000000238
53581  -50.171  -14.837  -24.397 0.3000000119
53594  -50.672  -14.589  -26.029 0.3000000119
53595  -50.894  -14.568  -26.242 0.3000000119
117791  -51.383  -14.646  -25.800 0.3000000119
53508  -44.580  -14.183  -18.992 0.6000000238
54443  -45.277  -13.703  -18.766 0.5000000000
55394  -46.804  -12.925  -18.872 0.5000000000
52567  -43.767  -15.873  -20.363 0.6000000238
53520  -44.105  -14.331  -19.765 0.6000000238
56479  -48.107  -12.050  -19.839 0.4000000060
55432  -49.069  -12.779  -20.867 0.4000000060
121935  -43.797  -16.574  -27.305 0.6000000238
116367  -43.685  -14.919  -20.572 0.6000000238
54494  -49.422  -13.200  -21.779 0.3000000119
113967  -43.575  -15.979  -26.659 0.6000000238
127285  -43.506  -16.055  -25.862 0.6000000238
52632  -43.411  -15.274  -25.051 0.6000000238
53562  -43.317  -14.968  -22.748 0.6000000238
112885  -43.494  -15.795  -25.285 0.6000000238
54529  -49.780  -13.934  -24.198 0.3000000119
118469  -43.481  -15.855  -24.426 0.6000000238
53580  -43.403  -14.814  -24.305 0.6000000238
53593  -50.271  -14.390  -25.389 0.3000000119
53604  -50.347  -14.597  -26.975 0.3000000119
53605  -50.636  -14.348  -27.214 0.3000000119
54549  -51.204  -14.303  -26.431 0.3000000119
54462  -44.553  -13.536  -19.319 0.6000000238
54463  -45.126  -12.982  -19.119 0.6000000238
55393  -45.854  -12.893  -18.848 0.5000000000
55415  -46.402  -12.215  -19.175 0.5000000000
55416  -47.395  -12.312  -19.435 0.4000000060
126317  -43.682  -14.069  -20.462 0.6000000238
54479  -44.034  -13.467  -20.065 0.6000000238
56498  -48.303  -11.638  -20.484 0.4000000060
55443  -48.753  -12.119  -20.898 0.4000000060
53519  -43.478  -14.260  -21.158 0.6000000238
55444  -49.057  -12.309  -21.578 0.3000000119
54493  -43.194  -13.695  -21.779 0.6000000238
55463  -49.277  -12.463  -22.464 0.3000000119
52646  -43.506  -15.255  -25.987 0.6000000238
55486  -49.501  -12.542  -24.544 0.3000000119
53572  -43.347  -14.638  -23.434 0.6000000238
54538  -49.832  -13.486  -25.058 0.3000000119
54537  -43.115  -14.037  -24.738 0.6000000238
54528  -43.362  -14.015  -23.799 0.6000000238
117959  -49.792  -14.124  -26.319 0.3000000119
55413  -44.547  -12.717  -19.640 0.6000000238
55414  -45.441  -12.216  -19.302 0.5000000000
56477  -46.861  -11.555  -19.534 0.5000000000
56478  -47.639  -11.560  -19.912 0.4000000060
115043  -43.933  -12.829  -20.228 0.6000000238
57565  -48.278  -10.882  -20.934 0.4000000060
56506  -48.669  -11.513  -21.412 0.4000000060
54478  -43.552  -13.345  -20.860 0.6000000238
56523  -49.030  -11.767  -22.929 0.3000000119
52650  -43.437  -15.401  -26.932 0.6000000238
56538  -49.295  -11.637  -23.896 0.3000000119
53603  -43.347  -14.745  -26.753 0.6000000238
133842  -43.527  -14.427  -26.058 0.6000000238
55462  -42.940  -13.190  -22.483 0.6000000238
56549  -49.254  -11.714  -24.997 0.3000000119
53592  -43.345  -14.619  -25.299 0.6000000238
54527  -42.922  -13.369  -24.220 0.6000000238
124430  -44.716  -11.938  -19.639 0.6000000238
57538  -45.815  -10.857  -19.619 0.4000000060
57539  -46.441  -11.018  -19.632 0.4000000060
57540  -47.111  -10.869  -20.069 0.4000000060
56497  -47.793  -11.098  -20.437 0.4000000060
55429  -43.568  -12.381  -20.624 0.5000000000
55430  -44.028  -12.095  -19.946 0.5000000000
56522  -48.715  -11.214  -22.346 0.4000000060
114601  -43.276  -11.856  -21.005 0.5000000000
56537  -48.733  -11.029  -23.288 0.3000000119
55442  -43.172  -12.651  -21.566 0.5000000000
57605  -48.846  -10.737  -24.353 0.3000000119
54557  -43.242  -13.925  -26.621 0.6000000238
131529  -42.610  -12.782  -22.987 0.5000000000
54547  -43.354  -13.901  -25.694 0.6000000238
129827  -42.660  -12.728  -23.690 0.6000000238
54536  -42.764  -13.312  -25.194 0.6000000238
55496  -42.678  -12.572  -25.665 0.5000000000
55485  -42.584  -12.548  -24.626 0.5000000000
57561  -44.665  -10.308  -20.178 0.4000000060
57562  -45.594  -10.263  -20.036 0.3000000119
58620  -46.908  -10.044  -20.549 0.4000000060
57564  -47.629  -10.484  -20.763 0.3000000119
56495  -43.679  -11.578  -20.429 0.5000000000
58632  -47.560  -9.718  -21.336 0.3000000119
58633  -48.188  -10.009  -21.986 0.3000000119
57577  -48.412  -10.715  -21.740 0.3000000119
55441  -42.958  -11.702  -21.713 0.5000000000
58648  -48.399  -9.727  -22.810 0.3000000119
56521  -42.614  -11.475  -22.510 0.5000000000
57604  -48.593  -10.225  -23.508 0.3000000119
55473  -42.436  -12.134  -23.112 0.5000000000
114749  -49.163  -10.822  -25.384 0.3000000119
129198  -42.557  -11.984  -23.933 0.5000000000
58617  -44.448  -9.397  -20.503 0.3000000119
58618  -45.316  -9.508  -20.288 0.3000000119
58619  -46.137  -9.659  -20.300 0.3000000119
58616  -43.693  -9.372  -21.027 0.3000000119
113227  -43.899  -10.850  -20.372 0.4000000060
127406  -47.465  -8.872  -21.551 0.3000000119
57575  -43.188  -10.124  -21.410 0.3000000119
59678  -48.115  -9.143  -22.114 0.3000000119
56536  -42.537  -11.331  -23.376 0.5000000000
58674  -48.887  -9.531  -25.545 0.3000000119
121396  -49.175  -10.201  -25.887 0.3000000119
56563  -42.486  -11.786  -25.205 0.4000000060
129975  -42.531  -11.276  -24.328 0.5000000000
59657  -45.065  -8.687  -20.606 0.3000000119
59658  -45.858  -8.851  -20.567 0.3000000119
58631  -46.716  -9.092  -20.982 0.3000000119
58630  -43.159  -9.378  -21.752 0.3000000119
59687  -48.313  -8.375  -22.641 0.3000000119
113233  -48.408  -9.036  -22.939 0.3000000119
112014  -42.449  -9.727  -22.989 0.3000000119
126461  -42.762  -9.339  -22.401 0.3000000119
58663  -48.515  -9.382  -23.677 0.3000000119
57603  -42.560  -10.530  -23.665 0.4000000060
59707  -48.765  -8.501  -24.359 0.3000000119
59708  -49.029  -8.727  -25.197 0.3000000119
118751  -49.504  -8.946  -26.190 0.3000000119
122744  -42.447  -10.999  -25.124 0.4000000060
57614  -42.473  -10.432  -24.587 0.4000000060
58686  -49.417  -9.663  -26.581 0.3000000119
58699  -48.761  -9.964  -27.651 0.3000000119
59656  -44.238  -8.540  -20.895 0.3000000119
60516  -44.893  -7.922  -20.903 0.3000000119
59676  -46.278  -8.360  -21.068 0.3000000119
59677  -47.046  -8.110  -21.442 0.3000000119
116456  -43.766  -8.124  -21.505 0.3000000119
132138  -47.572  -7.575  -21.814 0.3000000119
60549  -48.132  -7.556  -22.398 0.3000000119
58646  -42.599  -8.883  -22.885 0.3000000119
58647  -43.178  -8.655  -22.152 0.3000000119
60579  -49.381  -7.761  -24.814 0.3000000119
119151  -42.566  -9.751  -23.986 0.4000000060
59719  -49.398  -8.212  -25.696 0.3000000119
58672  -42.499  -9.660  -24.922 0.4000000060
117268  -49.406  -8.178  -26.600 0.3000000119
60605  -49.398  -8.239  -27.649 0.3000000119
59740  -48.996  -8.808  -28.547 0.3000000119
60627  -49.878  -8.269  -29.022 0.3000000119
60537  -45.476  -7.401  -21.282 0.3000000119
60538  -46.279  -7.635  -21.329 0.3000000119
59674  -44.345  -7.837  -21.211 0.3000000119
61418  -47.110  -7.001  -21.482 0.3000000119
60539  -47.701  -7.049  -22.059 0.3000000119
59685  -42.855  -8.249  -22.749 0.3000000119
60548  -43.401  -7.733  -22.240 0.3000000119
128876  -48.559  -7.126  -22.826 0.3000000119
60578  -48.910  -7.738  -23.877 0.3000000119
60547  -42.897  -7.731  -22.927 0.3000000119
60564  -48.959  -7.045  -23.340 0.3000000119
60565  -49.358  -6.918  -24.091 0.3000000119
123005  -42.579  -8.961  -24.279 0.4000000060
60591  -49.670  -7.398  -25.883 0.3000000119
111704  -42.733  -8.824  -25.286 0.4000000060
58685  -42.580  -9.619  -25.908 0.4000000060
60620  -49.491  -8.295  -28.384 0.3000000119
112933  -50.544  -7.564  -29.238 0.3000000119
61417  -46.167  -6.778  -21.570 0.3000000119
61415  -44.421  -6.713  -21.760 0.3000000119
61416  -45.290  -6.676  -21.619 0.3000000119
61433  -47.526  -6.416  -22.197 0.3000000119
61414  -43.673  -6.844  -22.056 0.3000000119
61441  -48.714  -6.508  -22.922 0.3000000119
60562  -42.854  -7.340  -23.440 0.3000000119
110514  -49.779  -6.701  -24.939 0.3000000119
61467  -49.885  -6.378  -25.884 0.3000000119
61478  -49.883  -6.916  -26.768 0.3000000119
127154  -49.419  -7.598  -26.909 0.3000000119
61493  -49.638  -7.504  -27.688 0.3000000119
59732  -42.734  -8.321  -27.221 0.3000000119
60621  -49.932  -7.434  -28.520 0.3000000119
61514  -51.294  -7.489  -29.889 0.3000000119
61515  -51.954  -7.393  -30.395 0.3000000119
62259  -44.980  -6.067  -22.093 0.3000000119
62260  -45.929  -5.817  -21.800 0.3000000119
62261  -46.822  -6.099  -21.818 0.3000000119
62277  -47.502  -5.528  -22.438 0.3000000119
61434  -48.200  -6.064  -22.613 0.3000000119
61431  -43.566  -6.478  -22.733 0.3000000119
61432  -44.167  -6.232  -22.330 0.3000000119
116954  -48.778  -5.760  -23.074 0.3000000119
61442  -49.191  -6.272  -23.500 0.3000000119
62287  -49.257  -5.435  -23.653 0.3000000119
61455  -49.561  -5.994  -24.250 0.3000000119
62311  -49.874  -5.626  -25.129 0.3000000119
61494  -50.148  -6.515  -27.737 0.3000000119
62341  -50.422  -5.823  -28.197 0.3000000119
126029  -50.603  -6.587  -29.077 0.3000000119
62352  -51.435  -6.616  -30.168 0.3000000119
62354  -51.639  -6.519  -31.083 0.3000000119
62276  -44.539  -5.496  -22.523 0.3000000119
63169  -46.634  -5.234  -22.171 0.3000000119
62275  -43.843  -5.777  -22.917 0.3000000119
128482  -45.371  -5.258  -22.291 0.3000000119
63151  -46.016  -4.972  -22.155 0.3000000119
63170  -47.243  -4.648  -22.494 0.3000000119
62278  -48.275  -5.399  -22.772 0.3000000119
61440  -43.366  -6.195  -23.428 0.3000000119
62301  -49.564  -5.049  -24.348 0.3000000119
61454  -43.189  -6.006  -24.193 0.3000000119
61468  -50.004  -5.628  -25.964 0.3000000119
61479  -50.450  -6.099  -26.638 0.3000000119
62331  -50.453  -5.602  -27.350 0.3000000119
62351  -50.720  -5.542  -28.939 0.3000000119
129838  -50.862  -5.983  -29.863 0.3000000119
63167  -44.898  -4.672  -22.678 0.3000000119
119243  -43.801  -4.682  -23.846 0.3000000119
116661  -44.492  -4.167  -23.460 0.3000000119
62285  -43.583  -5.419  -23.716 0.3000000119
62286  -44.212  -5.035  -23.200 0.3000000119
62300  -43.534  -5.365  -24.533 0.3000000119
113387  -44.432  -19.047  -19.565 0.5000000000
50011  -44.098  -18.506  -20.276 0.5000000000
50967  -43.639  -17.958  -21.738 0.6000000238
48039  -44.872  -19.854  -28.931 0.6000000238
21797  -41.414  -47.465  -20.388 0.3000000119
23575  -42.151  -46.413  -20.030 0.3000000119
23592  -42.416  -46.282  -20.939 0.3000000119
115797  -42.641  -46.226  -21.915 0.4000000060
125278  -42.797  -45.933  -22.879 0.4000000060
23620  -43.239  -46.629  -23.604 0.4000000060
24517  -43.478  -45.599  -23.792 0.4000000060
25408  -44.159  -44.922  -24.311 0.4000000060
132820  -44.678  -44.586  -24.615 0.4000000060
25409  -45.237  -44.384  -24.988 0.4000000060
26332  -47.747  -43.862  -26.772 0.4000000060
25416  -45.865  -44.425  -26.067 0.4000000060
28214  -48.779  -41.786  -25.406 0.4000000060
21825  -52.721  -50.714  -22.824 0.3000000119
21812  -53.258  -49.577  -22.307 0.3000000119
22726  -53.841  -48.557  -22.060 0.3000000119
28213  -47.872  -41.284  -24.884 0.5000000000
24481  -54.739  -46.008  -21.595 0.3000000119
25375  -54.409  -45.048  -21.349 0.3000000119
29219  -47.508  -40.452  -25.407 0.5000000000
33073  -51.662  -36.481  -22.894 0.3000000119
33064  -51.265  -36.461  -22.310 0.3000000119
33942  -51.384  -35.711  -22.456 0.3000000119
123705  -45.911  -38.824  -23.692 0.6000000238
128002  -50.811  -34.726  -21.726 0.4000000060
35708  -50.801  -33.578  -21.504 0.4000000060
36605  -51.264  -32.424  -21.679 0.4000000060
37583  -50.899  -31.915  -21.159 0.4000000060
132633  -51.197  -31.269  -21.278 0.4000000060
39444  -51.722  -29.936  -21.240 0.4000000060
39507  -39.571  -29.565  -25.573 0.4000000060
39508  -40.504  -29.555  -25.577 0.5000000000
39509  -41.306  -29.527  -25.857 0.5000000000
124208  -46.611  -36.025  -24.205 0.6999999881
40411  -52.568  -28.779  -20.303 0.4000000060
33951  -46.614  -35.136  -24.096 0.6999999881
40395  -53.103  -28.146  -19.726 0.4000000060
40464  -42.684  -28.702  -25.465 0.5000000000
111436  -44.276  -28.548  -26.426 0.6000000238
40471  -45.545  -28.312  -27.782 0.8000000119
35738  -46.413  -33.500  -23.727 0.8000000119
131165  -45.386  -34.483  -22.759 0.6999999881
36650  -46.717  -32.926  -24.233 0.8000000119
34872  -46.571  -34.299  -23.937 0.6999999881
41307  -53.437  -27.252  -19.390 0.4000000060
36635  -46.240  -32.714  -23.533 0.8000000119
41375  -46.270  -27.478  -27.913 0.8000000119
37629  -46.931  -31.187  -25.171 0.8000000119
126684  -46.753  -32.089  -24.581 0.8000000119
42158  -53.339  -26.467  -18.974 0.4000000060
42234  -48.033  -26.313  -29.280 0.6999999881
38582  -47.323  -30.402  -25.609 0.8000000119
42236  -48.433  -26.295  -29.112 0.6999999881
41374  -48.396  -27.039  -28.443 0.6999999881
39513  -47.638  -29.817  -26.195 0.8000000119
41373  -47.956  -27.073  -27.121 0.6999999881
40467  -47.366  -28.071  -26.286 0.6000000238
43936  -52.207  -24.817  -18.697 0.3000000119
121955  -49.380  -22.111  -16.882 0.4000000060
43934  -50.858  -23.905  -18.073 0.4000000060
43935  -51.518  -24.348  -18.374 0.4000000060
46974  -49.622  -21.533  -17.426 0.4000000060
45916  -49.769  -22.437  -17.440 0.4000000060
45917  -50.156  -22.858  -18.001 0.4000000060
43919  -50.580  -24.133  -17.324 0.4000000060
47920  -49.335  -20.697  -16.854 0.4000000060
120803  -50.166  -21.274  -18.334 0.4000000060
47950  -50.177  -20.370  -18.277 0.5000000000
48910  -48.588  -19.302  -16.648 0.5000000000
49957  -49.231  -18.214  -17.341 0.4000000060
49975  -49.976  -19.114  -18.257 0.5000000000
118491  -50.834  -20.056  -19.323 0.5000000000
48956  -51.028  -19.942  -20.142 0.4000000060
48909  -47.783  -19.042  -16.448 0.5000000000
50885  -47.693  -17.694  -16.774 0.5000000000
50013  -50.934  -18.794  -21.174 0.5000000000
50978  -51.239  -18.085  -22.638 0.5000000000
50985  -51.249  -17.593  -23.187 0.5000000000
51841  -51.185  -16.999  -23.764 0.5000000000
52634  -51.462  -15.969  -24.811 0.4000000060
127249  -40.417  -20.827  -28.094 0.6000000238
48037  -40.932  -20.247  -28.213 0.6000000238
116284  -42.012  -20.367  -28.451 0.6000000238
49043  -42.714  -19.443  -28.578 0.6000000238
113307  -51.801  -14.276  -24.803 0.3000000119
50081  -42.468  -18.688  -28.534 0.6000000238
115168  -51.544  -13.461  -25.193 0.3000000119
50082  -43.375  -18.235  -28.343 0.6000000238
128532  -43.872  -17.118  -27.879 0.6000000238
122330  -43.555  -15.844  -27.488 0.6000000238
121680  -43.290  -15.134  -27.616 0.6000000238
53608  -43.049  -14.368  -27.285 0.6000000238
54546  -43.096  -13.218  -26.213 0.6000000238
54564  -43.102  -13.674  -27.247 0.6000000238
113980  -42.688  -11.958  -26.111 0.5000000000
57626  -42.492  -10.353  -25.494 0.4000000060
58698  -42.925  -9.686  -26.874 0.4000000060
117269  -50.336  -4.837  -27.234 0.3000000119
111682  -50.590  -5.108  -27.995 0.3000000119
63248  -50.823  -5.297  -29.949 0.3000000119
63251  -51.237  -5.124  -30.906 0.3000000119
119751  -51.915  -6.055  -31.547 0.3000000119
63195  -43.725  -4.658  -24.680 0.3000000119
118075  -43.839  -4.687  -26.479 0.3000000119
39435  -52.091  -29.382  -20.806 0.4000000060
48968  -51.222  -19.525  -20.914 0.5000000000
25398  -43.814  -44.824  -23.305 0.4000000060
23595  -47.111  -47.063  -21.624 0.3000000119
23609  -46.681  -46.188  -22.107 0.3000000119
23623  -48.712  -46.608  -24.150 0.3000000119
27276  -50.368  -42.806  -25.949 0.4000000060
20850  -49.953  -50.866  -23.326 0.3000000119
24535  -50.994  -45.701  -26.298 0.4000000060
24480  -53.698  -45.862  -20.884 0.3000000119
25365  -52.619  -44.684  -20.589 0.3000000119
29176  -52.201  -41.102  -20.818 0.3000000119
30211  -51.371  -39.204  -21.344 0.3000000119
26278  -51.070  -43.245  -19.945 0.3000000119
27231  -51.005  -42.572  -19.778 0.3000000119
32141  -51.879  -37.859  -22.957 0.3000000119
27228  -48.954  -42.119  -19.643 0.3000000119
28165  -49.637  -41.504  -19.530 0.3000000119
30208  -44.416  -39.048  -20.465 0.6000000238
33931  -50.858  -35.397  -21.857 0.4000000060
31182  -44.579  -38.098  -21.883 0.6000000238
36604  -50.786  -32.867  -21.357 0.4000000060
31143  -47.271  -38.907  -18.605 0.4000000060
31141  -45.525  -38.568  -18.445 0.4000000060
32094  -43.979  -37.063  -18.883 0.6000000238
33061  -43.708  -36.370  -20.866 0.6999999881
124086  -44.601  -35.813  -22.083 0.6999999881
33047  -43.529  -36.307  -19.150 0.6000000238
33940  -45.185  -35.160  -22.545 0.6999999881
39415  -51.128  -29.468  -19.753 0.4000000060
39416  -51.856  -29.173  -20.004 0.4000000060
39492  -40.170  -29.193  -24.919 0.3000000119
115499  -43.482  -34.615  -19.406 0.6000000238
34859  -44.846  -34.432  -22.346 0.6999999881
131667  -46.182  -34.798  -23.448 0.6999999881
34829  -43.403  -33.872  -19.966 0.6000000238
36538  -47.501  -32.620  -17.328 0.5000000000
35723  -45.254  -33.854  -22.727 0.6999999881
36602  -44.331  -32.679  -21.199 0.6999999881
36634  -45.718  -33.276  -23.160 0.6999999881
115373  -46.068  -30.928  -23.359 0.6999999881
39396  -50.175  -29.226  -17.835 0.4000000060
36576  -43.688  -32.384  -19.295 0.6999999881
40446  -45.430  -28.151  -23.300 0.6000000238
111626  -47.045  -28.778  -25.180 0.6999999881
39512  -47.251  -29.582  -25.264 0.6999999881
40468  -47.473  -29.038  -26.072 0.8000000119
43011  -53.095  -25.918  -18.734 0.4000000060
43010  -52.456  -25.690  -18.381 0.3000000119
126523  -44.324  -29.685  -19.780 0.6000000238
38493  -44.203  -30.266  -19.315 0.6000000238
38482  -44.168  -30.394  -18.353 0.6999999881
40426  -45.197  -28.655  -22.559 0.6000000238
42231  -48.356  -26.200  -28.018 0.6999999881
40472  -48.207  -27.783  -27.488 0.8000000119
38468  -44.428  -30.385  -17.502 0.4000000060
40338  -48.383  -28.365  -15.711 0.3000000119
110832  -49.472  -27.057  -15.541 0.3000000119
42998  -51.296  -25.565  -17.309 0.3000000119
40382  -44.200  -28.837  -18.342 0.5000000000
114181  -45.001  -29.181  -16.656 0.5000000000
110538  -44.028  -24.566  -26.555 0.6999999881
42110  -47.113  -27.100  -15.091 0.4000000060
111024  -48.087  -27.019  -15.112 0.4000000060
45890  -48.377  -22.321  -15.755 0.4000000060
44850  -49.166  -23.875  -15.645 0.4000000060
42953  -47.992  -25.627  -14.780 0.4000000060
45888  -46.862  -22.336  -15.495 0.5000000000
43907  -49.603  -24.447  -15.903 0.4000000060
42982  -49.498  -25.073  -15.600 0.4000000060
45904  -49.949  -23.070  -17.402 0.4000000060
132946  -43.712  -27.433  -18.701 0.5000000000
41273  -44.827  -26.893  -16.393 0.5000000000
44981  -43.406  -24.191  -27.001 0.6999999881
46025  -46.949  -23.075  -28.215 0.8000000119
43991  -44.927  -24.719  -23.405 0.6999999881
121409  -48.047  -19.831  -16.163 0.5000000000
46024  -46.559  -22.378  -27.576 0.6999999881
48942  -50.401  -19.712  -18.688 0.5000000000
44984  -39.952  -23.354  -27.307 0.5000000000
117003  -46.974  -18.953  -16.392 0.5000000000
127528  -45.335  -23.979  -23.029 0.6999999881
131807  -48.417  -18.251  -16.799 0.4000000060
50898  -48.830  -17.608  -17.258 0.4000000060
119935  -45.602  -22.873  -24.527 0.8000000119
47085  -41.142  -22.028  -27.998 0.5000000000
50883  -46.165  -17.780  -16.929 0.5000000000
46005  -45.110  -22.578  -25.278 0.6000000238
46013  -44.995  -21.993  -25.981 0.6000000238
45991  -45.415  -21.927  -23.352 0.6999999881
47086  -45.812  -20.696  -28.632 0.6000000238
49023  -44.505  -19.543  -26.667 0.6000000238
47949  -44.557  -20.267  -18.497 0.6000000238
51754  -45.218  -16.927  -18.320 0.5000000000
52529  -46.216  -15.557  -17.768 0.4000000060
47037  -44.708  -21.564  -22.670 0.6999999881
126145  -44.295  -20.808  -22.764 0.6999999881
48978  -43.900  -19.403  -22.034 0.6999999881
48035  -45.481  -19.812  -28.317 0.6000000238
50047  -43.438  -18.573  -23.192 0.6000000238
124822  -43.459  -17.759  -22.687 0.6000000238
51839  -43.554  -17.182  -23.447 0.6000000238
52547  -46.085  -14.902  -18.165 0.4000000060
127595  -43.960  -18.859  -20.874 0.5000000000
50024  -43.754  -18.768  -21.502 0.6000000238
115229  -49.550  -14.014  -21.548 0.4000000060
50954  -43.644  -17.265  -21.088 0.6999999881
52614  -43.389  -16.037  -22.032 0.6000000238
50067  -43.913  -18.099  -26.020 0.6000000238
52633  -50.862  -16.070  -24.828 0.4000000060
125480  -44.549  -14.959  -19.297 0.6000000238
52647  -51.028  -15.255  -25.464 0.3000000119
54444  -46.260  -13.604  -18.587 0.5000000000
55431  -48.526  -12.411  -20.286 0.4000000060
52596  -43.517  -15.733  -21.270 0.6000000238
55474  -49.377  -12.454  -23.463 0.3000000119
115985  -49.455  -13.175  -24.059 0.3000000119
124417  -43.586  -14.958  -21.408 0.6000000238
53539  -43.422  -14.536  -21.980 0.6000000238
54512  -43.310  -14.040  -22.808 0.6000000238
132856  -50.152  -14.529  -26.591 0.3000000119
56507  -48.961  -11.841  -22.133 0.4000000060
120798  -49.632  -12.876  -25.873 0.3000000119
54511  -43.008  -13.391  -23.334 0.6000000238
56475  -45.279  -11.417  -19.574 0.5000000000
56476  -46.050  -11.493  -19.352 0.5000000000
57576  -48.001  -10.351  -21.364 0.4000000060
55461  -42.763  -12.336  -22.402 0.5000000000
57537  -45.169  -10.818  -19.844 0.4000000060
56496  -44.455  -11.282  -19.958 0.4000000060
57563  -46.339  -10.445  -20.009 0.4000000060
57592  -48.512  -10.481  -22.614 0.3000000119
122853  -48.450  -10.104  -25.083 0.3000000119
57615  -48.602  -9.944  -24.234 0.3000000119
56505  -43.251  -11.008  -20.996 0.4000000060
57574  -42.700  -10.810  -21.831 0.4000000060
59686  -47.840  -8.257  -21.925 0.3000000119
58629  -42.686  -9.998  -22.152 0.3000000119
57591  -42.567  -10.627  -22.722 0.3000000119
58673  -48.610  -9.300  -24.609 0.3000000119
59743  -48.899  -8.927  -29.072 0.3000000119
59675  -45.611  -8.133  -20.948 0.3000000119
59700  -48.537  -8.514  -23.533 0.3000000119
122983  -42.503  -9.098  -23.498 0.3000000119
59733  -49.532  -9.074  -27.386 0.3000000119
60535  -43.982  -7.346  -21.551 0.3000000119
110743  -48.594  -7.730  -23.090 0.3000000119
60632  -50.971  -8.306  -29.554 0.3000000119
60563  -43.267  -7.152  -22.761 0.3000000119
118755  -43.193  -6.783  -23.241 0.3000000119
63171  -48.056  -4.785  -22.698 0.3000000119
63183  -48.685  -4.928  -23.260 0.3000000119
122150  -50.023  -5.043  -25.680 0.3000000119
62320  -50.208  -5.086  -26.489 0.3000000119
123886  -51.164  -5.945  -30.697 0.3000000119
129798  -53.202  -5.643  -31.513 0.3000000119
124964  -46.457  -4.411  -22.325 0.3000000119
62310  -43.670  -5.143  -25.442 0.3000000119
61477  -43.484  -5.655  -26.360 0.3000000119
63235  -51.101  -4.348  -29.772 0.3000000119
120597  -45.811  -34.129  -23.313 0.6999999881
37648  -47.369  -31.284  -26.167 0.8000000119
39518  -48.355  -29.240  -27.785 0.8000000119
47962  -50.623  -20.608  -18.884 0.4000000060
55505  -43.108  -12.501  -26.684 0.5000000000
48922  -49.324  -19.741  -17.124 0.4000000060
48941  -49.891  -19.735  -17.912 0.4000000060
48007  -53.293  -20.499  -23.536 0.3000000119
48993  -52.245  -19.717  -22.772 0.4000000060
49012  -53.825  -19.571  -24.419 0.3000000119
48980  -51.700  -19.996  -21.523 0.4000000060
48992  -51.722  -19.350  -22.289 0.4000000060
123703  -51.364  -19.240  -21.581 0.4000000060
50059  -53.902  -18.772  -24.351 0.3000000119
50049  -52.393  -18.873  -23.462 0.4000000060
50050  -53.154  -18.980  -23.911 0.3000000119
117675  -49.521  -18.996  -17.639 0.3000000119
50038  -51.557  -18.693  -22.664 0.4000000060
50039  -52.016  -19.101  -22.988 0.4000000060
50993  -52.572  -17.662  -24.132 0.3000000119
50048  -51.783  -18.341  -23.238 0.4000000060
111103  -53.640  -16.785  -24.288 0.3000000119
50986  -51.860  -17.657  -23.742 0.4000000060
111995  -52.990  -16.301  -24.249 0.3000000119
51850  -52.077  -16.570  -24.383 0.3000000119
49042  -41.520  -19.386  -28.406 0.5000000000
52635  -52.376  -15.933  -24.381 0.3000000119
49041  -40.575  -19.612  -28.305 0.5000000000
111204  -40.147  -18.178  -28.330 0.5000000000
112213  -40.689  -18.945  -28.391 0.5000000000
51016  -40.822  -17.605  -28.579 0.5000000000
114844  -42.497  -17.861  -28.507 0.5000000000
126280  -53.244  -14.708  -24.205 0.3000000119
53584  -52.236  -15.130  -24.479 0.3000000119
51017  -41.649  -17.392  -28.536 0.5000000000
120507  -43.337  -16.725  -28.150 0.5000000000
133462  -41.104  -16.203  -28.540 0.5000000000
52658  -41.837  -15.723  -28.420 0.5000000000
128708  -42.222  -15.057  -28.022 0.4000000060
52657  -40.736  -15.581  -28.622 0.5000000000
125628  -40.213  -16.355  -28.613 0.5000000000
52652  -43.007  -14.842  -27.981 0.5000000000
120734  -41.363  -14.794  -28.390 0.4000000060
130438  -42.095  -14.326  -27.778 0.5000000000
53612  -41.541  -13.864  -28.281 0.4000000060
54563  -43.054  -13.151  -27.746 0.5000000000
124518  -40.697  -13.354  -28.703 0.4000000060
54571  -41.855  -13.029  -28.383 0.5000000000
129871  -42.062  -12.364  -28.430 0.5000000000
114521  -42.712  -12.730  -28.206 0.4000000060
55515  -41.197  -12.442  -28.635 0.3000000119
56580  -42.470  -11.887  -28.228 0.4000000060
116654  -42.833  -11.746  -26.908 0.4000000060
127546  -42.764  -11.623  -27.671 0.3000000119
56574  -42.630  -10.901  -27.147 0.3000000119
113992  -42.568  -11.040  -28.063 0.3000000119
119650  -42.087  -11.056  -28.644 0.3000000119
56570  -42.704  -11.137  -26.049 0.3000000119
57640  -42.984  -10.317  -27.876 0.3000000119
57635  -43.032  -10.201  -27.237 0.3000000119
128695  -42.768  -10.310  -26.433 0.3000000119
57646  -42.441  -10.391  -28.459 0.3000000119
118426  -42.896  -9.846  -28.395 0.3000000119
58702  -43.123  -9.807  -27.745 0.3000000119
50080  -39.205  -18.491  -28.311 0.5000000000
114087  -53.603  -21.457  -23.887 0.3000000119
51015  -40.032  -17.190  -28.504 0.5000000000
123191  -40.703  -14.190  -28.634 0.5000000000
51867  -43.614  -16.335  -27.849 0.5000000000
49951  -49.084  -18.856  -17.015 0.3000000119
134190  -51.420  -20.176  -20.806 0.4000000060
50026  -51.218  -18.572  -21.998 0.4000000060
51842  -51.940  -17.117  -24.205 0.3000000119
114278  -43.406  -17.456  -28.204 0.5000000000
52653  -43.326  -15.627  -27.998 0.5000000000
53607  -42.613  -13.954  -27.448 0.5000000000
55508  -43.041  -12.415  -27.646 0.4000000060
48017  -53.850  -20.557  -24.469 0.3000000119
48006  -52.621  -20.403  -22.950 0.4000000060
49002  -53.456  -19.809  -23.848 0.3000000119
48981  -52.185  -20.205  -22.279 0.4000000060
49001  -52.741  -19.611  -23.326 0.3000000119
47979  -51.662  -20.813  -21.105 0.4000000060
50058  -53.185  -18.218  -24.188 0.3000000119
50057  -52.483  -18.290  -23.761 0.4000000060
110856  -52.748  -17.038  -24.313 0.3000000119
52636  -53.136  -15.493  -24.173 0.3000000119
49040  -39.817  -19.209  -28.295 0.5000000000
111203  -41.391  -18.302  -28.597 0.5000000000
51018  -42.558  -17.058  -28.364 0.5000000000
51872  -41.776  -16.594  -28.448 0.5000000000
51873  -42.630  -16.295  -28.316 0.5000000000
52659  -42.807  -15.600  -28.172 0.5000000000
112207  -40.882  -16.883  -28.522 0.5000000000
54572  -42.501  -13.432  -28.085 0.5000000000
56579  -41.635  -11.701  -28.614 0.3000000119
47980  -52.136  -20.907  -21.729 0.4000000060
39520  -45.799  -29.616  -28.198 0.6999999881
38583  -47.597  -30.598  -26.739 0.6999999881
130656  -48.109  -30.009  -27.298 0.6999999881
116465  -48.261  -29.849  -28.602 0.6999999881
39523  -48.006  -29.403  -28.932 0.6999999881
122830  -47.548  -28.913  -28.939 0.6999999881
40475  -46.397  -28.842  -28.490 0.6999999881
39521  -48.367  -29.097  -28.539 0.6999999881
40476  -47.481  -28.031  -29.021 0.6999999881
122384  -46.572  -27.980  -28.478 0.6999999881
44890  -50.531  -23.273  -18.453 0.3000000119
45930  -50.669  -23.052  -19.159 0.3000000119
117515  -50.366  -22.652  -18.634 0.3000000119
45942  -50.859  -22.593  -19.849 0.3000000119
47001  -50.640  -21.626  -19.267 0.3000000119
45941  -50.557  -22.409  -19.157 0.3000000119
39522  -48.451  -28.406  -28.912 0.6999999881
40478  -48.274  -28.321  -29.128 0.6999999881
46975  -50.043  -22.144  -18.117 0.3000000119
46989  -50.351  -22.032  -18.716 0.3000000119
47012  -50.982  -21.660  -20.181 0.3000000119
45965  -51.992  -22.363  -21.192 0.3000000119
47038  -52.524  -22.008  -21.818 0.3000000119
41377  -48.202  -27.082  -29.196 0.6000000238
41376  -47.303  -27.193  -29.053 0.6999999881
47023  -51.607  -21.593  -20.752 0.3000000119
47024  -52.063  -21.509  -21.265 0.3000000119
47963  -50.902  -20.778  -19.720 0.3000000119
47993  -52.600  -21.137  -22.425 0.3000000119
47935  -49.726  -20.555  -17.658 0.3000000119
37630  -47.401  -32.159  -25.701 0.6999999881
36651  -47.453  -33.128  -25.248 0.6999999881
37649  -47.703  -32.132  -26.840 0.6999999881
38602  -44.932  -30.779  -27.852 0.6999999881
37662  -48.258  -31.829  -27.879 0.6999999881
38605  -48.469  -30.988  -28.368 0.6999999881
120805  -46.975  -29.898  -28.860 0.6999999881
39519  -44.777  -29.847  -27.789 0.6999999881
38595  -48.387  -30.860  -27.780 0.6999999881
40474  -45.239  -29.040  -27.977 0.6999999881
44898  -51.222  -23.450  -19.582 0.3000000119
118988  -51.361  -22.511  -20.622 0.3000000119
45953  -51.703  -23.232  -21.176 0.3000000119
45978  -52.455  -22.918  -22.411 0.3000000119
47039  -52.847  -22.175  -22.690 0.3000000119
47994  -53.038  -21.326  -23.145 0.3000000119
44891  -51.084  -23.657  -18.805 0.3000000119
47971  -51.294  -20.801  -20.439 0.3000000119
29236  -47.586  -40.624  -27.424 0.4000000060
29233  -46.757  -39.968  -27.306 0.4000000060
29234  -47.626  -40.494  -27.254 0.4000000060
29227  -48.419  -40.767  -27.080 0.4000000060
30232  -46.361  -39.409  -24.067 0.5000000000
30241  -46.985  -39.797  -25.834 0.4000000060
29226  -47.667  -40.304  -26.584 0.4000000060
30240  -46.536  -39.331  -25.048 0.5000000000
30249  -46.990  -39.795  -26.891 0.4000000060
30256  -46.237  -39.408  -26.830 0.4000000060
29218  -46.697  -40.166  -24.555 0.4000000060
30248  -46.450  -39.271  -26.104 0.5000000000
30255  -45.834  -39.471  -26.995 0.5000000000
31202  -46.279  -38.612  -24.448 0.5000000000
31211  -46.203  -38.645  -25.398 0.5000000000
31219  -45.413  -38.915  -26.552 0.5000000000
31218  -44.614  -38.664  -26.575 0.5000000000
31217  -43.801  -38.618  -26.545 0.5000000000
131324  -46.285  -38.218  -24.829 0.6000000238
32167  -46.040  -37.828  -25.278 0.5000000000
32172  -44.839  -38.160  -26.378 0.5000000000
32165  -44.465  -37.492  -26.219 0.6000000238
32171  -44.098  -38.074  -26.411 0.5000000000
33096  -44.011  -36.977  -25.898 0.5000000000
32159  -46.342  -37.749  -24.463 0.6000000238
32166  -45.293  -37.567  -26.035 0.5000000000
121832  -45.095  -36.747  -26.031 0.6000000238
123745  -44.325  -36.308  -25.714 0.5000000000
34880  -43.686  -34.932  -24.803 0.5000000000
33961  -44.039  -35.667  -25.315 0.5000000000
34889  -44.405  -34.610  -25.588 0.5000000000
37628  -41.887  -31.552  -24.796 0.4000000060
37659  -42.410  -31.105  -26.610 0.5000000000
117100  -46.670  -36.991  -25.002 0.6000000238
37646  -42.150  -31.341  -25.839 0.5000000000
33097  -46.070  -36.890  -25.639 0.6000000238
37647  -42.921  -31.793  -26.205 0.5000000000
33101  -46.233  -36.040  -26.125 0.6000000238
125240  -43.854  -34.089  -24.891 0.5000000000
33962  -45.035  -35.642  -25.989 0.5000000000
34890  -45.338  -34.635  -26.257 0.5000000000
37627  -40.967  -31.418  -24.669 0.4000000060
37658  -41.711  -30.615  -26.337 0.5000000000
36632  -40.742  -32.067  -23.707 0.4000000060
38592  -42.172  -30.495  -26.709 0.5000000000
33082  -46.530  -36.884  -24.379 0.6000000238
37660  -43.104  -31.436  -26.802 0.5000000000
33089  -47.019  -36.253  -24.907 0.6000000238
37661  -43.770  -31.452  -27.198 0.5000000000
33963  -46.958  -36.187  -25.541 0.6000000238
131279  -47.001  -35.644  -26.025 0.6000000238
33966  -45.988  -35.273  -26.328 0.6000000238
35757  -44.988  -33.627  -26.183 0.5000000000
37645  -41.307  -31.031  -25.644 0.4000000060
39516  -43.167  -29.878  -27.171 0.5000000000
38594  -43.946  -30.574  -27.464 0.5000000000
37673  -44.728  -31.415  -27.586 0.5000000000
34881  -47.177  -34.584  -24.734 0.6000000238
33952  -47.220  -35.502  -24.949 0.6000000238
36676  -43.831  -32.136  -26.703 0.5000000000
34882  -47.515  -34.723  -25.583 0.6000000238
33964  -47.305  -35.124  -26.151 0.6000000238
35756  -44.153  -33.439  -25.479 0.5000000000
34895  -46.308  -34.631  -26.541 0.5000000000
36663  -44.434  -32.757  -25.991 0.5000000000
36677  -45.076  -32.644  -26.599 0.5000000000
35766  -45.850  -33.367  -26.893 0.5000000000
39515  -42.390  -29.941  -26.805 0.5000000000
38603  -45.818  -30.468  -28.215 0.6000000238
37674  -45.766  -31.491  -28.158 0.5000000000
36688  -45.426  -32.068  -27.788 0.5000000000
118142  -44.809  -32.023  -27.223 0.5000000000
35758  -47.933  -34.094  -26.095 0.6000000238
33968  -47.243  -34.473  -26.531 0.5000000000
35767  -46.598  -33.459  -27.671 0.5000000000
38580  -40.921  -30.248  -26.037 0.4000000060
37644  -40.470  -30.888  -25.635 0.4000000060
38604  -46.923  -31.062  -28.563 0.6000000238
37675  -46.831  -31.886  -28.476 0.6000000238
123596  -47.972  -33.665  -26.014 0.6000000238
36689  -46.229  -32.369  -28.234 0.5000000000
36678  -45.825  -32.736  -27.597 0.5000000000
36679  -48.025  -32.818  -27.156 0.6000000238
126982  -46.652  -32.963  -28.126 0.5000000000
38581  -41.654  -29.977  -26.496 0.5000000000
40469  -43.743  -29.205  -26.713 0.4000000060
40470  -44.535  -28.928  -27.323 0.5000000000
39511  -42.888  -29.302  -26.437 0.4000000060
39510  -42.040  -29.375  -26.226 0.4000000060
38606  -48.008  -30.652  -28.758 0.6000000238
37685  -47.812  -31.655  -28.516 0.6000000238
36690  -47.354  -32.423  -28.287 0.5000000000
36691  -47.948  -32.353  -27.859 0.5000000000
36662  -43.613  -32.536  -25.671 0.5000000000
35746  -43.396  -33.253  -24.913 0.5000000000
28220  -48.321  -40.843  -26.111 0.4000000060
35747  -47.068  -33.740  -24.480 0.6000000238
36664  -47.958  -33.101  -26.311 0.6000000238
35748  -47.609  -34.016  -25.393 0.6000000238
37676  -48.254  -31.703  -28.284 0.6000000238
39517  -43.958  -29.685  -27.322 0.5000000000
31220  -45.941  -38.891  -26.228 0.5000000000
31210  -45.565  -38.347  -25.986 0.5000000000
38593  -42.861  -30.755  -27.118 0.5000000000
131654  -47.216  -35.853  -25.255 0.6000000238
33958  -47.312  -35.401  -25.693 0.6000000238
120949  -46.552  -33.985  -26.962 0.5000000000
35769  -47.811  -33.909  -26.564 0.6000000238
117412  -47.951  -33.497  -26.499 0.6000000238
35768  -47.359  -33.748  -27.234 0.6000000238
35776  -47.383  -33.116  -27.857 0.5000000000
34848  -51.024  -34.107  -21.940 0.3000000119
113738  -51.213  -34.826  -22.265 0.3000000119
34861  -51.566  -34.058  -22.714 0.3000000119
36616  -51.732  -32.357  -22.279 0.3000000119
35739  -52.239  -33.699  -23.428 0.3000000119
36617  -52.247  -32.210  -22.993 0.3000000119
37610  -52.546  -31.380  -23.300 0.3000000119
37584  -51.575  -31.619  -21.702 0.3000000119
37593  -52.064  -31.533  -22.481 0.3000000119
38539  -52.364  -30.785  -22.615 0.3000000119
38538  -51.892  -30.928  -22.061 0.3000000119
41326  -54.584  -27.258  -20.355 0.3000000119
41308  -54.085  -27.066  -19.781 0.3000000119
42166  -54.380  -26.403  -20.050 0.3000000119
42165  -53.813  -26.415  -19.529 0.3000000119
43021  -53.958  -25.695  -19.853 0.3000000119
43020  -53.493  -25.779  -19.212 0.3000000119
120859  -45.153  -39.145  -26.704 0.4000000060
30254  -44.464  -39.125  -26.677 0.4000000060
37631  -52.798  -31.651  -24.057 0.3000000119
38526  -52.121  -30.233  -22.006 0.3000000119
39445  -52.383  -29.628  -21.552 0.3000000119
40412  -53.374  -28.443  -20.505 0.3000000119
40413  -54.195  -28.119  -20.719 0.3000000119
41333  -54.976  -27.822  -20.985 0.3000000119
41327  -55.347  -27.159  -20.672 0.3000000119
42183  -55.108  -26.462  -20.453 0.3000000119
43036  -54.705  -25.570  -20.374 0.3000000119
36636  -52.525  -32.067  -23.682 0.3000000119
38553  -52.832  -30.608  -23.204 0.3000000119
27258  -35.486  -42.594  -22.588 0.4000000060
28194  -35.665  -41.751  -22.458 0.3000000119
28180  -36.681  -40.955  -21.555 0.3000000119
29180  -36.163  -40.180  -21.860 0.3000000119
33086  -42.158  -36.950  -24.150 0.4000000060
33087  -42.524  -36.416  -24.278 0.4000000060
32157  -41.773  -37.589  -24.729 0.4000000060
130728  -42.679  -35.028  -24.203 0.4000000060
117330  -43.125  -35.151  -24.437 0.4000000060
33956  -42.821  -35.794  -24.347 0.4000000060
33957  -43.353  -35.796  -24.774 0.4000000060
33088  -42.795  -36.471  -24.835 0.4000000060
33094  -42.694  -37.105  -25.286 0.4000000060
129583  -43.270  -37.222  -25.620 0.4000000060
32158  -42.011  -37.642  -25.257 0.4000000060
32163  -42.673  -37.735  -25.659 0.4000000060
35719  -39.896  -33.060  -22.135 0.3000000119
34879  -43.103  -34.211  -24.319 0.4000000060
33095  -43.483  -36.516  -25.311 0.4000000060
36612  -40.537  -32.744  -22.795 0.3000000119
36631  -39.906  -32.032  -23.351 0.3000000119
36649  -42.704  -32.246  -25.149 0.4000000060
31195  -41.219  -38.117  -24.481 0.4000000060
33950  -42.403  -35.533  -23.789 0.4000000060
120769  -42.324  -37.084  -24.808 0.4000000060
24524  -44.117  -45.819  -25.169 0.3000000119
24525  -44.711  -45.271  -25.664 0.3000000119
25415  -44.940  -44.894  -26.167 0.3000000119
26331  -46.824  -44.092  -26.741 0.3000000119
26339  -47.288  -43.672  -27.027 0.3000000119
27285  -46.123  -42.695  -26.661 0.3000000119
115834  -44.537  -42.965  -26.271 0.3000000119
26336  -43.668  -42.932  -26.232 0.3000000119
28225  -45.875  -41.495  -26.891 0.3000000119
27284  -45.142  -42.343  -26.500 0.3000000119
27283  -44.163  -42.062  -26.322 0.3000000119
28229  -46.615  -40.669  -27.315 0.3000000119
112073  -44.892  -41.167  -26.634 0.3000000119
29231  -45.149  -40.190  -26.796 0.3000000119
26340  -48.257  -43.434  -27.167 0.3000000119
111044  -45.706  -40.617  -27.090 0.3000000119
25424  -45.767  -44.372  -26.355 0.3000000119
22749  -49.814  -48.778  -25.209 0.3000000119
23577  -43.366  -45.899  -20.380 0.3000000119
23593  -45.470  -46.130  -20.889 0.3000000119
23608  -42.761  -46.819  -22.650 0.4000000060
23628  -50.359  -47.038  -25.749 0.3000000119
23630  -51.550  -46.011  -26.036 0.3000000119
24473  -42.983  -45.756  -21.281 0.4000000060
24475  -43.981  -45.495  -20.724 0.3000000119
24489  -43.575  -45.376  -21.785 0.4000000060
24520  -48.414  -45.796  -24.210 0.3000000119
24537  -51.525  -45.327  -25.996 0.3000000119
25370  -44.113  -45.073  -22.009 0.4000000060
26319  -50.171  -43.627  -24.339 0.3000000119
26330  -46.288  -44.216  -26.512 0.3000000119
26341  -49.351  -43.306  -27.266 0.4000000060
26343  -50.412  -43.167  -26.996 0.4000000060
28163  -47.535  -41.374  -19.447 0.3000000119
28174  -51.117  -41.264  -20.080 0.3000000119
28184  -45.839  -41.174  -21.878 0.5000000000
28197  -46.560  -41.379  -22.962 0.4000000060
29153  -47.554  -40.182  -18.860 0.4000000060
29163  -45.471  -40.308  -19.744 0.5000000000
29209  -45.808  -40.356  -23.062 0.5000000000
29232  -45.891  -39.945  -27.328 0.3000000119
30189  -49.665  -40.007  -19.564 0.3000000119
32083  -44.861  -36.857  -18.034 0.5000000000
32084  -45.534  -37.128  -17.973 0.4000000060
33019  -46.889  -36.049  -17.956 0.4000000060
33033  -47.167  -36.783  -18.358 0.4000000060
33049  -49.076  -36.257  -19.818 0.4000000060
33889  -43.861  -34.910  -18.008 0.6000000238
33967  -46.776  -35.218  -26.253 0.6000000238
34804  -44.470  -34.441  -17.668 0.5000000000
34805  -45.180  -34.796  -17.508 0.5000000000
34817  -47.327  -34.604  -17.915 0.4000000060
34818  -47.913  -34.765  -18.541 0.4000000060
34847  -50.598  -34.222  -21.299 0.4000000060
34891  -47.648  -34.643  -26.118 0.6000000238
35685  -49.323  -33.777  -19.775 0.4000000060
35696  -49.779  -33.683  -20.286 0.4000000060
35709  -51.244  -33.216  -22.065 0.3000000119
35722  -44.743  -33.712  -22.128 0.6999999881
35724  -52.010  -33.096  -22.753 0.3000000119
35740  -52.416  -32.810  -23.563 0.3000000119
35777  -47.889  -33.255  -27.212 0.6000000238
36518  -44.790  -31.870  -17.215 0.6000000238
36558  -44.277  -31.665  -17.754 0.6000000238
36591  -43.779  -32.572  -19.987 0.6999999881
36592  -43.997  -32.393  -20.585 0.6999999881
36611  -39.746  -32.430  -22.650 0.3000000119
36648  -42.180  -32.407  -24.440 0.4000000060
36652  -52.829  -32.380  -24.382 0.3000000119
36699  -47.987  -32.063  -28.307 0.5000000000
37504  -47.796  -32.009  -17.111 0.5000000000
37553  -43.902  -31.595  -19.122 0.6000000238
37573  -51.490  -30.698  -21.437 0.4000000060
37642  -38.531  -31.133  -25.472 0.5000000000
38448  -47.758  -30.066  -16.126 0.4000000060
38460  -48.551  -30.519  -16.667 0.4000000060
38461  -49.213  -30.071  -16.826 0.4000000060
38494  -49.832  -30.917  -18.909 0.4000000060
38578  -39.355  -29.966  -25.820 0.5000000000
39368  -46.508  -29.571  -15.750 0.4000000060
39369  -47.207  -29.437  -15.687 0.4000000060
39524  -48.209  -28.913  -28.780 0.6999999881
40352  -44.648  -28.574  -16.983 0.5000000000
40353  -45.168  -28.399  -16.321 0.5000000000
40355  -49.466  -28.550  -16.478 0.4000000060
40356  -50.082  -28.265  -16.780 0.4000000060
40368  -44.354  -28.727  -17.652 0.5000000000
40369  -49.864  -28.907  -17.111 0.4000000060
40445  -42.082  -28.326  -23.627 0.4000000060
40458  -40.989  -28.793  -24.328 0.4000000060
40473  -47.917  -28.637  -27.159 0.8000000119
40477  -48.443  -28.259  -28.391 0.6999999881
41255  -45.646  -26.872  -15.712 0.5000000000
41258  -48.796  -27.601  -15.485 0.3000000119
41272  -44.594  -27.708  -16.795 0.5000000000
41274  -49.661  -27.827  -16.054 0.4000000060
41298  -52.997  -27.070  -18.810 0.4000000060
41305  -43.790  -27.718  -19.147 0.6000000238
41325  -53.925  -27.809  -19.922 0.3000000119
41366  -42.950  -27.761  -24.134 0.6999999881
41378  -48.474  -27.611  -29.047 0.6999999881
42096  -46.771  -26.248  -14.884 0.5000000000
42113  -49.682  -25.802  -15.714 0.4000000060
42235  -48.655  -26.061  -28.989 0.6999999881
43876  -46.959  -24.981  -14.770 0.5000000000
43877  -47.603  -24.951  -14.828 0.5000000000
43878  -48.240  -24.961  -15.010 0.4000000060
43905  -44.479  -23.874  -17.101 0.5000000000
43945  -53.941  -25.094  -20.253 0.3000000119
44877  -50.383  -23.465  -17.718 0.4000000060
44985  -40.673  -23.244  -27.468 0.6000000238
46040  -46.161  -22.510  -29.015 0.6999999881
46947  -45.793  -21.720  -15.840 0.5000000000
46948  -46.546  -21.689  -15.666 0.5000000000
46949  -47.310  -21.737  -15.640 0.5000000000
46950  -47.961  -21.797  -15.680 0.5000000000
47919  -48.271  -20.609  -15.982 0.5000000000
48907  -45.755  -19.391  -16.736 0.5000000000
49000  -43.741  -19.297  -23.696 0.6000000238
49948  -45.905  -18.610  -16.937 0.5000000000
49949  -46.602  -18.348  -16.635 0.5000000000
49950  -47.401  -18.299  -16.583 0.5000000000
51755  -49.032  -16.171  -18.188 0.4000000060
51874  -43.228  -16.108  -28.164 0.5000000000
52624  -50.115  -15.513  -23.054 0.4000000060
54556  -43.367  -13.097  -27.150 0.6000000238
57560  -43.824  -10.172  -20.711 0.3000000119
58703  -48.770  -9.413  -28.510 0.3000000119
58708  -42.280  -9.855  -28.828 0.3000000119
60536  -44.735  -7.306  -21.364 0.3000000119
61517  -52.076  -6.968  -30.596 0.3000000119
112947  -48.390  -30.042  -28.124 0.6999999881
113534  -45.761  -23.175  -23.992 0.8000000119
113703  -44.218  -26.891  -17.211 0.5000000000
114158  -45.502  -14.935  -18.483 0.5000000000
114301  -47.678  -31.375  -27.168 0.6999999881
119135  -48.163  -6.784  -22.492 0.3000000119
119647  -48.443  -26.659  -29.099 0.6000000238
120678  -45.440  -32.034  -16.757 0.5000000000
121011  -49.800  -26.504  -15.753 0.4000000060
122488  -46.134  -32.199  -16.552 0.5000000000
122502  -46.010  -35.029  -17.527 0.5000000000
122789  -46.178  -35.880  -17.613 0.5000000000
123116  -48.808  -20.874  -16.389 0.4000000060
124064  -44.267  -36.752  -18.357 0.6000000238
124698  -51.499  -42.301  -20.042 0.3000000119
124748  -50.954  -36.079  -21.980 0.4000000060
125376  -45.264  -21.867  -16.222 0.5000000000
126136  -48.932  -31.022  -17.243 0.4000000060
126483  -43.588  -8.795  -21.409 0.3000000119
127192  -43.725  -33.697  -18.547 0.6000000238
127753  -51.494  -46.534  -25.672 0.3000000119
127988  -43.628  -5.028  -24.167 0.3000000119
129167  -48.259  -31.294  -28.468 0.6999999881
129406  -44.254  -37.834  -18.807 0.6999999881
130269  -43.666  -36.896  -20.357 0.6999999881
130498  -48.934  -39.029  -19.458 0.4000000060
131061  -45.873  -27.024  -24.408 0.6000000238
131231  -44.239  -23.445  -20.593 0.5000000000
131331  -44.344  -25.513  -17.091 0.5000000000
131380  -54.040  -45.449  -21.090 0.3000000119
131596  -45.760  -34.046  -26.571 0.5000000000
131903  -48.547  -8.915  -24.071 0.3000000119
131920  -42.504  -11.903  -24.513 0.5000000000
132808  -44.862  -31.506  -21.675 0.6999999881
133034  -46.322  -27.979  -24.402 0.6000000238
133219  -44.562  -22.708  -16.881 0.5000000000
133818  -47.683  -29.367  -26.933 0.8000000119
134185  -45.753  -22.699  -29.237 0.6999999881
134279  -51.105  -26.809  -17.149 0.4000000060
