#!ascii label  , from subject sub-003S6257 vox2ras=TkReg
698
122862  -40.824  -51.849  -25.349 0.5000000000
129221  -40.008  -51.702  -25.183 0.8000000119
18926  -38.457  -51.300  -24.279 0.8000000119
18927  -38.885  -51.218  -24.635 0.8000000119
18929  -39.541  -51.199  -25.009 0.8000000119
18075  -42.381  -52.686  -25.298 0.5000000000
18073  -40.261  -52.353  -25.253 0.5000000000
18930  -40.327  -51.211  -25.222 0.6000000238
19863  -38.411  -50.736  -23.998 0.6999999881
19866  -38.750  -50.579  -24.461 0.6999999881
19867  -39.330  -50.555  -24.860 0.8000000119
19869  -39.916  -50.684  -25.127 0.6999999881
122487  -42.785  -52.251  -25.167 0.6000000238
118688  -41.885  -52.012  -25.331 0.5000000000
19871  -41.736  -50.660  -25.292 0.6000000238
20846  -38.106  -49.903  -22.225 0.6999999881
18931  -41.273  -51.300  -25.307 0.6000000238
20847  -38.434  -49.290  -22.721 0.6999999881
19862  -38.191  -50.951  -23.159 0.6999999881
20864  -39.191  -49.720  -24.685 0.6999999881
19870  -40.678  -50.575  -25.275 0.6000000238
119470  -41.822  -49.187  -25.552 0.6000000238
20867  -40.017  -49.904  -25.158 0.8000000119
121405  -40.691  -49.062  -25.248 0.6999999881
114658  -43.053  -51.758  -24.942 0.4000000060
19872  -42.700  -50.850  -25.030 0.6000000238
21819  -37.811  -49.120  -21.898 0.6999999881
21843  -42.551  -48.634  -25.781 0.6000000238
21806  -38.292  -48.412  -22.243 0.6999999881
127089  -38.622  -49.408  -23.600 0.6999999881
20858  -38.546  -49.913  -24.170 0.6999999881
121936  -39.303  -48.933  -24.590 0.6999999881
20865  -39.792  -49.032  -24.995 0.6000000238
22758  -41.620  -47.482  -25.638 0.5000000000
21838  -39.677  -48.364  -24.653 0.6000000238
21839  -40.303  -48.297  -25.084 0.6000000238
22757  -40.604  -47.505  -25.263 0.6000000238
23631  -40.787  -46.684  -25.372 0.5000000000
20866  -43.386  -49.652  -24.629 0.4000000060
19873  -43.054  -50.012  -24.948 0.5000000000
22719  -37.353  -47.627  -21.355 0.6999999881
20870  -43.208  -49.249  -25.245 0.6000000238
21844  -43.258  -48.571  -25.618 0.6000000238
21830  -38.735  -48.640  -23.440 0.6999999881
22745  -39.134  -47.884  -23.735 0.6999999881
121516  -42.373  -48.084  -25.873 0.5000000000
119729  -42.968  -47.640  -26.122 0.6000000238
121612  -39.522  -47.901  -24.287 0.6999999881
22752  -39.969  -47.664  -24.689 0.6000000238
23632  -41.865  -46.747  -25.625 0.5000000000
23633  -42.859  -46.680  -26.080 0.5000000000
114833  -35.396  -46.868  -22.288 0.6000000238
23588  -36.249  -46.318  -21.869 0.6000000238
21833  -43.441  -48.907  -24.519 0.5000000000
129494  -37.138  -46.893  -21.408 0.6999999881
21804  -36.584  -48.139  -21.555 0.6999999881
21840  -43.371  -48.926  -25.174 0.5000000000
22753  -43.454  -48.156  -25.547 0.5000000000
23626  -44.483  -46.936  -25.912 0.4000000060
22720  -38.009  -47.822  -21.460 0.6999999881
113904  -44.135  -47.368  -26.117 0.5000000000
22734  -38.523  -47.552  -22.116 0.6999999881
22735  -39.137  -47.219  -22.999 0.6999999881
22759  -43.713  -47.960  -26.053 0.5000000000
22751  -39.534  -47.170  -24.140 0.6000000238
22761  -44.026  -47.183  -26.303 0.5000000000
23625  -40.138  -46.861  -24.823 0.6000000238
23638  -43.532  -46.406  -26.287 0.5000000000
116161  -40.242  -45.923  -25.115 0.5000000000
24523  -40.988  -45.402  -25.037 0.5000000000
24529  -41.129  -45.984  -25.370 0.5000000000
24531  -42.580  -45.739  -25.917 0.5000000000
116788  -41.938  -46.043  -25.684 0.5000000000
25421  -43.347  -44.785  -26.279 0.3000000119
23621  -43.766  -46.612  -24.739 0.3000000119
129106  -34.681  -46.623  -22.945 0.6000000238
23605  -35.287  -46.147  -22.604 0.6000000238
122925  -43.851  -47.490  -25.400 0.4000000060
115854  -38.167  -46.106  -21.490 0.6000000238
23590  -38.138  -46.991  -21.342 0.6999999881
23606  -38.830  -46.893  -22.026 0.6999999881
23618  -39.577  -46.597  -23.494 0.5000000000
23639  -44.307  -46.478  -26.330 0.5000000000
23619  -39.881  -46.316  -24.342 0.5000000000
24539  -44.225  -45.671  -26.385 0.4000000060
24538  -43.428  -45.652  -26.258 0.3000000119
25422  -44.230  -44.826  -26.402 0.4000000060
116968  -42.366  -44.734  -25.803 0.5000000000
24498  -35.105  -45.522  -22.983 0.6000000238
24499  -35.886  -45.479  -22.407 0.6000000238
24485  -36.755  -45.456  -21.718 0.6000000238
24486  -37.702  -45.460  -21.493 0.6000000238
24532  -44.660  -46.342  -25.987 0.3000000119
23634  -44.414  -46.770  -26.163 0.4000000060
23591  -38.750  -46.272  -21.695 0.6000000238
24533  -44.615  -45.859  -26.170 0.3000000119
24500  -39.602  -45.427  -22.288 0.6000000238
25424  -45.767  -44.372  -26.355 0.3000000119
23635  -44.494  -46.262  -26.216 0.3000000119
23607  -39.337  -46.304  -22.451 0.6000000238
25423  -44.962  -44.675  -26.294 0.3000000119
24540  -44.591  -45.518  -26.316 0.3000000119
24501  -39.968  -45.070  -22.939 0.5000000000
24515  -39.917  -45.818  -23.392 0.5000000000
129883  -40.204  -45.708  -24.322 0.5000000000
119996  -44.376  -43.894  -26.387 0.3000000119
24522  -40.699  -45.242  -24.525 0.5000000000
25407  -41.149  -44.629  -24.819 0.5000000000
25406  -40.715  -44.629  -24.253 0.5000000000
116750  -42.528  -43.883  -25.999 0.4000000060
118739  -43.433  -43.894  -26.259 0.3000000119
25381  -35.541  -44.811  -22.795 0.5000000000
25382  -36.321  -44.742  -22.232 0.6000000238
112566  -37.147  -44.714  -21.635 0.5000000000
25369  -39.162  -44.924  -21.546 0.6000000238
26294  -39.431  -43.991  -21.696 0.5000000000
26338  -46.452  -44.012  -26.793 0.3000000119
24488  -39.160  -45.711  -21.757 0.6000000238
27286  -47.011  -42.838  -26.994 0.3000000119
26337  -45.375  -43.673  -26.484 0.3000000119
24516  -40.391  -45.037  -23.725 0.5000000000
26323  -41.098  -43.630  -24.993 0.5000000000
116962  -41.854  -43.842  -25.675 0.4000000060
26329  -41.889  -43.157  -25.811 0.4000000060
26291  -36.971  -43.078  -21.822 0.5000000000
116475  -36.679  -43.968  -22.125 0.5000000000
26292  -37.543  -43.957  -21.642 0.5000000000
128480  -38.990  -43.231  -21.403 0.5000000000
27287  -47.792  -42.795  -27.330 0.3000000119
26308  -40.111  -43.881  -22.230 0.6000000238
25383  -39.788  -44.627  -22.172 0.6000000238
25384  -40.279  -44.432  -22.872 0.5000000000
116928  -40.740  -43.881  -24.400 0.5000000000
26336  -43.668  -42.932  -26.232 0.4000000060
27282  -42.992  -41.908  -26.289 0.4000000060
27245  -37.612  -42.406  -21.542 0.5000000000
27246  -38.499  -42.466  -21.400 0.5000000000
26340  -48.257  -43.434  -27.167 0.4000000060
27291  -48.793  -41.861  -27.368 0.4000000060
27247  -39.722  -43.215  -21.852 0.5000000000
27290  -47.905  -42.091  -27.431 0.4000000060
27289  -47.581  -41.865  -27.404 0.3000000119
27260  -39.985  -42.461  -22.260 0.4000000060
28226  -46.806  -41.728  -27.029 0.3000000119
119051  -40.381  -43.199  -22.524 0.5000000000
26309  -40.517  -43.803  -22.870 0.4000000060
26317  -40.608  -43.274  -23.570 0.4000000060
27279  -42.082  -42.261  -25.790 0.4000000060
28181  -38.064  -41.735  -21.162 0.5000000000
28182  -38.783  -41.776  -21.314 0.5000000000
27288  -50.020  -42.629  -27.208 0.4000000060
115923  -39.264  -42.489  -21.574 0.5000000000
28183  -39.551  -41.722  -21.904 0.4000000060
28232  -48.706  -41.329  -27.359 0.4000000060
28231  -48.026  -41.151  -27.634 0.4000000060
27261  -40.518  -42.563  -22.987 0.4000000060
28230  -47.389  -41.103  -27.481 0.4000000060
116694  -40.363  -42.259  -24.013 0.4000000060
129794  -40.708  -42.247  -24.645 0.4000000060
27274  -41.126  -42.758  -24.973 0.4000000060
28212  -40.936  -41.773  -25.042 0.4000000060
28219  -42.196  -41.083  -25.638 0.4000000060
28224  -43.842  -41.118  -26.355 0.4000000060
28223  -43.067  -40.887  -26.109 0.4000000060
122457  -37.609  -41.006  -21.064 0.5000000000
29182  -38.465  -41.064  -20.888 0.4000000060
27280  -49.633  -42.212  -26.294 0.4000000060
28222  -49.556  -42.043  -26.969 0.4000000060
122026  -39.192  -41.065  -21.413 0.5000000000
28196  -40.387  -41.750  -22.874 0.4000000060
29237  -48.319  -40.921  -27.483 0.4000000060
28203  -40.477  -41.464  -23.863 0.4000000060
28211  -40.562  -41.552  -24.543 0.4000000060
28218  -41.522  -41.709  -25.386 0.4000000060
119764  -38.036  -40.268  -20.908 0.4000000060
29183  -38.943  -40.323  -21.007 0.5000000000
29184  -39.783  -40.333  -21.672 0.4000000060
28221  -48.977  -41.448  -26.647 0.4000000060
113017  -40.370  -40.242  -22.526 0.4000000060
29195  -39.881  -41.016  -22.307 0.4000000060
29196  -40.471  -40.889  -23.204 0.4000000060
112487  -40.587  -40.745  -24.189 0.4000000060
114553  -41.093  -40.856  -25.381 0.4000000060
29230  -43.627  -40.267  -26.385 0.4000000060
30206  -39.498  -39.552  -21.266 0.4000000060
30207  -40.340  -39.584  -21.815 0.4000000060
30218  -40.555  -39.460  -22.808 0.4000000060
29208  -40.466  -40.037  -23.568 0.4000000060
29217  -40.587  -39.753  -24.607 0.4000000060
131996  -44.389  -40.488  -26.541 0.4000000060
30239  -40.950  -39.262  -25.099 0.4000000060
29224  -41.008  -39.893  -25.204 0.4000000060
30246  -41.255  -39.192  -25.618 0.4000000060
29225  -41.634  -39.981  -25.634 0.4000000060
32128  -40.320  -38.123  -21.545 0.4000000060
121248  -40.705  -38.224  -22.413 0.4000000060
31181  -40.719  -38.734  -23.175 0.4000000060
31194  -40.598  -38.623  -24.279 0.4000000060
30230  -40.275  -39.120  -24.032 0.4000000060
30238  -40.644  -38.990  -24.756 0.4000000060
31200  -41.165  -38.709  -25.307 0.4000000060
30247  -42.159  -39.126  -26.156 0.4000000060
130286  -42.662  -40.085  -26.096 0.4000000060
32137  -40.554  -37.437  -22.132 0.4000000060
32138  -41.046  -36.818  -22.697 0.4000000060
32149  -41.040  -37.983  -23.344 0.4000000060
32150  -41.548  -37.378  -23.852 0.4000000060
118485  -41.049  -38.593  -24.871 0.4000000060
31201  -41.694  -38.108  -25.593 0.4000000060
112880  -45.244  -39.532  -26.791 0.4000000060
114119  -44.419  -39.786  -26.582 0.3000000119
31207  -41.532  -38.636  -25.848 0.4000000060
31216  -42.976  -38.657  -26.377 0.5000000000
30253  -43.422  -39.318  -26.523 0.4000000060
31208  -42.314  -38.334  -26.037 0.5000000000
125407  -40.689  -36.015  -21.923 0.4000000060
33949  -41.721  -35.622  -23.294 0.4000000060
33079  -41.701  -36.508  -23.441 0.4000000060
115638  -41.226  -34.954  -22.510 0.4000000060
119748  -41.818  -34.728  -23.219 0.4000000060
31209  -43.265  -38.150  -26.097 0.5000000000
34858  -41.410  -34.109  -22.466 0.4000000060
34871  -42.467  -34.457  -23.700 0.4000000060
32164  -43.601  -37.604  -25.993 0.5000000000
36648  -42.180  -32.407  -24.440 0.4000000060
35721  -41.208  -33.429  -22.748 0.4000000060
36633  -42.120  -33.002  -23.799 0.4000000060
35736  -41.932  -33.755  -23.215 0.4000000060
35745  -42.729  -33.128  -24.340 0.4000000060
35746  -43.396  -33.253  -24.913 0.5000000000
36613  -41.345  -32.876  -23.397 0.4000000060
26328  -41.445  -43.364  -25.400 0.5000000000
26335  -42.680  -42.997  -26.089 0.4000000060
18074  -41.300  -52.547  -25.367 0.5000000000
18070  -38.449  -51.950  -24.489 0.8000000119
18066  -37.929  -51.936  -24.167 0.8000000119
123765  -37.687  -51.923  -23.619 0.6999999881
18076  -43.220  -52.957  -25.061 0.5000000000
19852  -37.534  -50.978  -22.438 0.6999999881
122468  -43.308  -52.456  -24.846 0.5000000000
20834  -37.338  -49.646  -21.778 0.6999999881
19868  -43.321  -50.457  -24.395 0.4000000060
116227  -36.891  -48.981  -21.626 0.6999999881
22733  -35.561  -47.722  -22.060 0.6999999881
20860  -43.425  -49.619  -24.023 0.4000000060
131042  -43.547  -47.327  -24.350 0.4000000060
24497  -34.479  -45.752  -23.245 0.6000000238
128402  -35.269  -44.234  -22.899 0.5000000000
26307  -36.145  -43.268  -22.433 0.5000000000
27244  -36.890  -42.258  -21.804 0.5000000000
120741  -37.218  -41.679  -21.481 0.4000000060
31170  -37.875  -38.639  -20.992 0.4000000060
119532  -38.489  -39.489  -20.933 0.4000000060
31171  -39.062  -38.741  -20.995 0.4000000060
124103  -39.943  -37.258  -21.290 0.4000000060
33060  -40.322  -36.572  -21.592 0.4000000060
33938  -40.611  -35.247  -21.811 0.4000000060
34857  -40.648  -34.399  -21.906 0.4000000060
35720  -40.672  -33.590  -22.189 0.4000000060
36647  -41.520  -32.205  -24.127 0.4000000060
17239  -38.702  -52.819  -24.773 0.8000000119
21831  -39.126  -48.441  -24.231 0.6999999881
20868  -42.288  -49.971  -25.286 0.6000000238
21842  -41.377  -48.298  -25.527 0.6000000238
122329  -43.168  -48.271  -25.986 0.5000000000
23589  -37.378  -46.193  -21.471 0.6000000238
22747  -43.431  -48.023  -24.588 0.5000000000
25414  -41.524  -44.194  -25.379 0.5000000000
25368  -38.131  -44.776  -21.467 0.6000000238
25397  -40.592  -44.196  -23.641 0.5000000000
27278  -41.480  -42.524  -25.370 0.4000000060
117122  -40.832  -42.996  -24.455 0.4000000060
28217  -40.663  -40.740  -24.963 0.4000000060
123356  -39.656  -38.014  -21.066 0.4000000060
35737  -42.554  -33.695  -23.773 0.4000000060
9953  -35.358  -62.824  -22.047 0.4000000060
121510  -36.266  -62.831  -22.133 0.4000000060
9954  -37.030  -62.510  -22.423 0.4000000060
10736  -37.454  -62.133  -23.046 0.4000000060
9939  -35.915  -62.374  -21.609 0.4000000060
10735  -37.148  -61.635  -22.391 0.4000000060
11491  -37.285  -61.382  -23.375 0.4000000060
11510  -36.540  -60.619  -24.033 0.4000000060
12279  -36.014  -60.158  -25.853 0.5000000000
131641  -36.947  -61.094  -22.077 0.4000000060
11490  -37.064  -60.607  -22.744 0.4000000060
132798  -35.638  -60.310  -24.836 0.5000000000
113715  -35.777  -59.493  -25.699 0.6000000238
11477  -36.500  -60.298  -20.960 0.4000000060
134299  -36.755  -59.960  -22.311 0.4000000060
12253  -35.681  -59.389  -23.309 0.4000000060
121732  -43.573  -51.227  -24.087 0.3000000119
19865  -43.450  -50.334  -23.976 0.4000000060
22746  -43.132  -47.597  -23.475 0.3000000119
12280  -36.611  -59.489  -26.084 0.5000000000
16404  -43.164  -54.596  -25.505 0.5000000000
18072  -43.575  -52.865  -24.621 0.4000000060
134020  -35.176  -58.342  -22.037 0.4000000060
12271  -35.604  -59.978  -24.234 0.5000000000
12274  -34.962  -59.870  -24.958 0.5000000000
13032  -36.201  -59.032  -21.485 0.4000000060
13053  -36.361  -59.403  -22.321 0.4000000060
13069  -37.246  -58.514  -25.664 0.6000000238
13887  -38.831  -57.512  -25.671 0.6999999881
129982  -42.435  -53.895  -25.385 0.5000000000
13070  -38.331  -58.303  -25.818 0.6999999881
13888  -40.500  -56.997  -26.256 0.6999999881
16403  -42.056  -54.622  -25.546 0.6999999881
117484  -39.421  -56.831  -25.703 0.6999999881
113147  -40.114  -56.132  -25.823 0.6999999881
129128  -34.573  -59.349  -24.808 0.5000000000
13063  -34.709  -59.328  -25.148 0.6000000238
115184  -35.638  -58.316  -25.423 0.6000000238
13885  -36.645  -57.761  -25.267 0.6000000238
125167  -34.197  -58.477  -23.671 0.4000000060
12269  -34.415  -58.876  -24.292 0.5000000000
13066  -34.796  -58.415  -25.189 0.6000000238
14752  -37.399  -56.754  -25.165 0.6000000238
14753  -38.434  -56.746  -25.421 0.6000000238
23620  -43.239  -46.629  -23.604 0.3000000119
13886  -37.844  -57.608  -25.413 0.6000000238
113651  -39.049  -55.977  -25.552 0.6999999881
121063  -41.260  -53.931  -25.403 0.6000000238
13871  -33.742  -57.946  -23.325 0.6000000238
13878  -33.596  -57.405  -24.281 0.6000000238
14744  -34.609  -56.772  -24.910 0.6999999881
13880  -34.867  -57.458  -25.061 0.6000000238
14751  -36.362  -56.760  -25.079 0.6000000238
111876  -38.003  -55.758  -25.204 0.6000000238
13051  -34.592  -58.299  -22.718 0.5000000000
13062  -34.395  -58.718  -24.805 0.6000000238
15575  -38.771  -55.119  -25.314 0.6000000238
121920  -40.091  -53.853  -25.259 0.6999999881
15576  -39.762  -55.354  -25.478 0.6999999881
118669  -41.805  -53.239  -25.376 0.6000000238
16402  -40.683  -54.748  -25.495 0.6999999881
14743  -33.799  -56.723  -24.533 0.6000000238
15567  -34.389  -55.987  -24.766 0.6999999881
119744  -35.207  -56.031  -24.912 0.6999999881
14745  -35.439  -56.730  -25.050 0.6999999881
15574  -36.929  -55.853  -25.138 0.6000000238
121836  -40.683  -53.151  -25.316 0.5000000000
16401  -39.441  -54.525  -25.262 0.6999999881
17236  -36.639  -53.960  -24.310 0.6999999881
18069  -37.871  -52.853  -24.364 0.6999999881
118877  -35.045  -55.520  -24.554 0.6999999881
16396  -36.925  -54.399  -24.772 0.6000000238
16397  -37.696  -54.279  -24.864 0.5000000000
15569  -36.536  -55.185  -24.889 0.6999999881
16400  -38.509  -54.338  -25.048 0.6999999881
17242  -39.629  -52.966  -25.163 0.5000000000
130088  -38.055  -54.885  -25.051 0.6000000238
17241  -39.055  -53.689  -25.044 0.6999999881
17233  -37.166  -53.330  -23.838 0.6999999881
115305  -37.468  -52.559  -23.656 0.6999999881
17243  -43.241  -53.771  -25.137 0.5000000000
17238  -38.177  -53.591  -24.776 0.6000000238
9940  -36.635  -62.261  -21.913 0.4000000060
11512  -36.235  -60.831  -25.028 0.4000000060
12234  -36.587  -59.750  -21.562 0.4000000060
12254  -36.565  -59.877  -23.150 0.4000000060
13052  -35.601  -58.754  -22.379 0.4000000060
15577  -40.706  -55.553  -25.750 0.6999999881
13875  -33.810  -58.161  -24.243 0.6999999881
13879  -34.199  -57.737  -24.732 0.6000000238
14746  -36.035  -55.949  -25.016 0.6000000238
16395  -36.191  -54.668  -24.522 0.6999999881
17237  -37.404  -53.708  -24.564 0.6000000238
16394  -35.373  -54.923  -24.270 0.5000000000
13859  -34.020  -57.685  -22.313 0.4000000060
14739  -33.143  -56.778  -24.149 0.5000000000
16387  -34.861  -54.382  -23.822 0.6000000238
113687  -34.225  -57.555  -21.288 0.4000000060
13869  -32.711  -56.819  -22.449 0.5000000000
13870  -33.198  -57.403  -22.865 0.5000000000
15566  -32.800  -56.001  -24.151 0.5000000000
17230  -34.339  -53.758  -23.267 0.5000000000
130439  -33.598  -55.892  -24.470 0.5000000000
16388  -35.835  -54.237  -23.918 0.6000000238
17232  -36.336  -53.574  -23.467 0.5000000000
17231  -35.364  -53.674  -23.322 0.5000000000
18065  -36.800  -52.867  -23.130 0.6999999881
17223  -35.846  -52.982  -22.815 0.6000000238
18059  -36.376  -52.263  -22.457 0.6000000238
13857  -32.636  -56.675  -21.253 0.5000000000
14735  -32.177  -56.345  -23.050 0.5000000000
123307  -32.357  -55.223  -23.956 0.5000000000
16385  -32.778  -54.490  -23.787 0.5000000000
15563  -33.194  -55.169  -24.275 0.5000000000
17222  -34.801  -53.033  -22.808 0.6000000238
18058  -35.166  -52.173  -22.452 0.5000000000
19851  -36.575  -50.750  -21.953 0.6000000238
14732  -32.259  -56.295  -22.156 0.5000000000
15559  -31.798  -55.624  -23.107 0.5000000000
16384  -32.020  -54.494  -23.433 0.5000000000
17229  -33.352  -53.814  -23.213 0.5000000000
17221  -33.838  -53.146  -22.824 0.5000000000
18060  -37.333  -52.244  -22.836 0.6000000238
18918  -35.877  -51.433  -22.057 0.6000000238
14724  -31.953  -56.281  -20.658 0.5000000000
16379  -31.682  -54.834  -23.069 0.5000000000
16383  -31.655  -54.107  -22.998 0.5000000000
17220  -31.585  -53.471  -22.655 0.5000000000
119125  -31.974  -52.153  -22.723 0.6000000238
17227  -31.826  -53.591  -22.989 0.4000000060
18921  -32.310  -51.350  -22.925 0.4000000060
18055  -32.487  -52.053  -23.034 0.5000000000
18056  -33.271  -52.355  -22.975 0.5000000000
131771  -33.021  -53.225  -22.938 0.4000000060
20841  -32.528  -49.867  -23.120 0.4000000060
20842  -33.350  -49.754  -23.227 0.5000000000
19848  -34.076  -50.996  -23.121 0.5000000000
20856  -33.007  -48.965  -23.155 0.4000000060
18917  -34.190  -51.837  -22.685 0.6000000238
120518  -34.892  -51.243  -22.405 0.6000000238
20845  -36.383  -49.745  -21.856 0.6000000238
18915  -32.936  -51.593  -23.234 0.5000000000
21816  -34.164  -48.230  -23.175 0.5000000000
114672  -34.501  -48.870  -22.798 0.5000000000
114818  -33.992  -50.139  -23.215 0.5000000000
21828  -33.186  -48.165  -23.320 0.4000000060
124715  -34.253  -47.488  -23.294 0.5000000000
19849  -34.579  -50.506  -22.692 0.6000000238
21818  -35.912  -48.695  -21.962 0.6000000238
24514  -34.008  -46.042  -23.380 0.3000000119
23617  -33.798  -46.629  -23.491 0.4000000060
23616  -33.459  -47.116  -23.563 0.4000000060
132033  -34.342  -46.965  -23.324 0.5000000000
21817  -34.851  -48.186  -22.595 0.5000000000
28180  -36.681  -40.955  -21.555 0.3000000119
28195  -36.435  -41.679  -21.979 0.3000000119
27259  -36.287  -42.429  -22.260 0.4000000060
26306  -35.360  -43.495  -22.728 0.4000000060
30205  -37.461  -39.426  -21.152 0.3000000119
32127  -39.102  -37.101  -21.050 0.3000000119
32126  -38.499  -37.860  -20.985 0.3000000119
33059  -39.583  -36.348  -20.959 0.3000000119
33927  -40.108  -35.695  -21.187 0.3000000119
34844  -39.872  -34.754  -21.241 0.3000000119
35706  -39.963  -33.884  -21.681 0.3000000119
23604  -34.284  -46.500  -23.338 0.5000000000
29181  -37.065  -40.201  -21.330 0.3000000119
14738  -32.628  -56.566  -23.677 0.5000000000
18057  -34.252  -52.507  -22.668 0.5000000000
19850  -35.455  -50.375  -22.251 0.6000000238
14754  -41.452  -56.157  -26.203 0.6000000238
122453  -41.755  -55.368  -25.793 0.6000000238
18920  -42.357  -51.655  -22.974 0.3000000119
18924  -43.194  -51.720  -23.579 0.3000000119
18067  -43.541  -52.469  -23.834 0.3000000119
18925  -43.734  -51.945  -24.013 0.3000000119
17235  -43.725  -53.169  -24.047 0.3000000119
18068  -43.692  -52.667  -24.273 0.3000000119
18928  -43.528  -52.129  -24.410 0.3000000119
131196  -42.552  -55.794  -26.266 0.6000000238
15578  -42.912  -55.287  -25.935 0.5000000000
122223  -42.037  -50.956  -22.492 0.3000000119
19855  -42.514  -50.478  -22.738 0.3000000119
19864  -43.076  -50.421  -23.326 0.3000000119
132018  -43.201  -49.846  -23.523 0.3000000119
17240  -43.582  -53.242  -24.518 0.3000000119
17244  -43.429  -53.491  -24.832 0.3000000119
15579  -43.428  -55.412  -25.694 0.4000000060
13030  -34.824  -57.994  -21.726 0.4000000060
19838  -41.078  -49.805  -21.696 0.3000000119
19854  -41.808  -50.167  -22.207 0.3000000119
21820  -42.371  -48.823  -22.402 0.3000000119
121872  -42.570  -49.733  -22.744 0.3000000119
10767  -37.015  -62.286  -25.971 0.5000000000
10770  -37.287  -62.129  -26.496 0.5000000000
9143  -36.816  -63.287  -22.688 0.4000000060
9972  -37.525  -62.673  -23.443 0.4000000060
123623  -37.609  -62.722  -24.100 0.4000000060
9986  -37.484  -63.150  -25.640 0.5000000000
12286  -38.438  -59.685  -26.586 0.5000000000
11519  -37.237  -61.311  -26.647 0.5000000000
10763  -36.714  -61.572  -25.398 0.5000000000
10766  -36.764  -61.473  -26.134 0.5000000000
132493  -37.170  -61.873  -24.652 0.4000000060
13078  -40.819  -58.416  -26.904 0.6000000238
13077  -39.801  -58.622  -26.670 0.6000000238
13076  -38.846  -58.867  -26.377 0.5000000000
130623  -37.080  -60.600  -26.516 0.5000000000
10755  -37.015  -61.385  -24.384 0.3000000119
11514  -36.321  -60.771  -25.705 0.4000000060
11518  -36.600  -60.780  -26.206 0.5000000000
13892  -41.228  -57.677  -26.717 0.6000000238
13071  -39.233  -58.076  -26.212 0.6000000238
12284  -36.642  -60.233  -26.282 0.4000000060
12285  -37.396  -59.960  -26.420 0.5000000000
14757  -42.738  -56.367  -26.671 0.6000000238
16392  -43.490  -53.910  -24.486 0.3000000119
15573  -43.571  -55.436  -25.414 0.4000000060
13075  -37.816  -59.144  -26.121 0.4000000060
16391  -43.300  -53.732  -23.811 0.3000000119
18063  -42.721  -52.248  -23.389 0.3000000119
116940  -43.416  -53.891  -24.811 0.3000000119
15581  -43.276  -55.909  -26.311 0.5000000000
125371  -39.601  -57.439  -26.040 0.6000000238
14756  -41.873  -56.976  -26.673 0.6000000238
13891  -40.154  -57.860  -26.476 0.6000000238
16399  -43.635  -54.684  -24.971 0.3000000119
13079  -41.923  -58.213  -27.138 0.5000000000
13896  -42.845  -57.946  -27.201 0.5000000000
13893  -43.003  -57.105  -27.119 0.5000000000
13898  -43.435  -58.099  -26.892 0.4000000060
13894  -43.272  -57.228  -26.843 0.5000000000
13082  -42.625  -58.762  -27.308 0.5000000000
13081  -41.581  -58.998  -27.224 0.5000000000
129550  -43.481  -58.849  -26.952 0.4000000060
13074  -43.427  -58.039  -26.694 0.4000000060
14755  -43.492  -56.490  -26.097 0.4000000060
14758  -43.275  -56.536  -26.603 0.5000000000
12287  -39.457  -59.395  -26.890 0.5000000000
12288  -40.477  -59.171  -27.125 0.5000000000
15580  -43.566  -56.032  -26.076 0.4000000060
6232  -34.403  -68.444  -26.769 0.3000000119
130333  -33.585  -69.094  -26.562 0.3000000119
5636  -34.807  -69.154  -26.740 0.3000000119
6234  -35.888  -68.637  -26.595 0.3000000119
129097  -37.079  -68.746  -26.542 0.4000000060
6233  -35.106  -68.636  -26.714 0.3000000119
6220  -35.546  -68.104  -26.437 0.3000000119
120772  -38.269  -68.416  -26.455 0.4000000060
6235  -36.941  -68.304  -26.556 0.4000000060
6221  -36.317  -67.873  -26.239 0.3000000119
6868  -35.665  -67.286  -25.857 0.3000000119
6882  -39.144  -66.878  -26.813 0.4000000060
7625  -39.251  -66.107  -27.104 0.4000000060
6881  -37.834  -67.474  -26.640 0.4000000060
6222  -37.103  -67.625  -26.208 0.4000000060
6858  -36.238  -66.522  -24.891 0.4000000060
6870  -37.505  -66.935  -25.848 0.4000000060
8399  -41.959  -64.511  -26.986 0.3000000119
7626  -40.323  -65.786  -26.726 0.4000000060
7628  -39.870  -65.335  -26.963 0.4000000060
8394  -39.043  -65.107  -27.211 0.4000000060
8393  -38.364  -65.057  -26.897 0.4000000060
124236  -38.242  -65.721  -26.471 0.4000000060
7615  -37.709  -65.925  -25.478 0.4000000060
121517  -42.253  -63.286  -27.037 0.3000000119
8398  -41.542  -64.414  -27.260 0.4000000060
124548  -40.223  -63.908  -27.351 0.4000000060
8397  -40.106  -64.657  -27.146 0.4000000060
8396  -39.154  -64.199  -27.399 0.4000000060
9185  -38.681  -63.492  -27.280 0.4000000060
118768  -38.399  -64.305  -27.226 0.4000000060
129862  -37.946  -64.311  -26.824 0.4000000060
8391  -37.871  -64.880  -26.038 0.4000000060
7602  -37.267  -65.462  -24.491 0.4000000060
9186  -42.070  -62.901  -27.321 0.4000000060
9994  -41.307  -62.560  -27.630 0.4000000060
9992  -38.767  -62.546  -27.214 0.4000000060
9990  -37.939  -62.804  -26.851 0.4000000060
8383  -37.732  -64.890  -24.759 0.4000000060
120392  -39.917  -62.145  -27.361 0.4000000060
10774  -38.778  -61.723  -27.225 0.4000000060
10771  -37.878  -61.979  -26.961 0.4000000060
9179  -37.777  -64.076  -25.160 0.4000000060
9989  -37.508  -62.955  -26.418 0.4000000060
10776  -41.054  -61.552  -27.593 0.4000000060
11524  -40.008  -60.763  -27.329 0.4000000060
11520  -39.125  -60.188  -27.066 0.4000000060
12294  -43.179  -59.356  -27.186 0.4000000060
11525  -41.201  -60.617  -27.511 0.4000000060
12291  -40.224  -59.957  -27.267 0.4000000060
13073  -43.307  -58.404  -26.390 0.3000000119
13890  -43.402  -57.390  -26.053 0.3000000119
116853  -38.062  -61.316  -27.023 0.4000000060
12292  -41.337  -59.794  -27.389 0.4000000060
14749  -43.467  -56.418  -25.353 0.3000000119
120489  -37.866  -67.997  -26.701 0.4000000060
116286  -38.576  -66.887  -26.792 0.4000000060
7624  -38.703  -65.943  -27.074 0.4000000060
7623  -38.242  -66.552  -26.653 0.4000000060
121150  -42.217  -63.885  -27.199 0.4000000060
7629  -41.014  -65.131  -27.100 0.4000000060
9184  -41.955  -64.329  -26.687 0.3000000119
9991  -42.355  -62.372  -27.214 0.3000000119
120080  -41.422  -63.495  -27.502 0.4000000060
9993  -39.939  -63.113  -27.491 0.4000000060
9995  -42.181  -62.054  -27.664 0.4000000060
10775  -39.700  -61.417  -27.319 0.4000000060
9182  -37.718  -63.823  -26.280 0.4000000060
11523  -38.894  -60.972  -27.162 0.4000000060
11526  -42.184  -60.382  -27.516 0.4000000060
6871  -40.630  -67.205  -25.751 0.3000000119
126953  -39.137  -68.985  -25.440 0.3000000119
5640  -38.277  -69.162  -25.948 0.3000000119
5641  -38.828  -68.451  -26.102 0.3000000119
6237  -39.620  -67.275  -26.392 0.3000000119
6236  -38.808  -67.681  -26.614 0.3000000119
6884  -40.925  -66.255  -26.223 0.3000000119
6883  -39.952  -66.556  -26.558 0.3000000119
7627  -41.126  -65.544  -26.567 0.3000000119
10772  -42.350  -61.548  -27.334 0.3000000119
10773  -42.503  -60.668  -27.297 0.3000000119
11527  -42.740  -60.046  -27.290 0.3000000119
12289  -43.343  -59.361  -26.985 0.3000000119
8395  -41.614  -65.058  -26.367 0.3000000119
10777  -42.141  -61.199  -27.595 0.3000000119
5102  -38.011  -69.659  -25.511 0.3000000119
5635  -34.171  -69.099  -26.686 0.3000000119
5639  -37.631  -68.963  -26.423 0.3000000119
6859  -37.082  -66.424  -24.853 0.4000000060
6869  -36.676  -67.110  -25.592 0.4000000060
7601  -36.604  -65.712  -24.396 0.4000000060
9144  -37.376  -63.208  -23.150 0.4000000060
9183  -37.892  -63.639  -26.928 0.4000000060
9955  -37.359  -62.785  -22.859 0.4000000060
9988  -42.129  -62.681  -26.770 0.3000000119
10715  -36.718  -60.608  -21.723 0.4000000060
10728  -36.494  -61.594  -21.607 0.4000000060
10756  -37.539  -62.030  -23.945 0.4000000060
10764  -37.316  -62.431  -24.930 0.4000000060
10769  -42.447  -61.797  -27.026 0.3000000119
11522  -42.917  -60.002  -27.106 0.3000000119
12270  -34.849  -59.502  -24.304 0.5000000000
12275  -35.657  -60.232  -25.298 0.5000000000
12278  -35.305  -59.750  -25.347 0.5000000000
12290  -43.304  -58.460  -27.158 0.5000000000
12293  -42.384  -59.609  -27.383 0.4000000060
13031  -35.548  -58.432  -21.453 0.4000000060
13059  -34.824  -58.912  -23.482 0.5000000000
13067  -35.240  -59.095  -25.496 0.6000000238
13068  -36.142  -58.772  -25.655 0.6000000238
13080  -43.473  -58.701  -26.856 0.3000000119
13858  -33.376  -57.214  -21.882 0.5000000000
13873  -32.709  -56.948  -23.210 0.5000000000
13874  -33.225  -57.346  -23.722 0.5000000000
13884  -35.610  -57.565  -25.212 0.6000000238
13895  -43.357  -57.300  -26.568 0.4000000060
13897  -43.272  -57.761  -27.072 0.4000000060
14731  -31.796  -55.992  -21.508 0.5000000000
14759  -43.361  -56.652  -26.444 0.4000000060
15555  -31.897  -55.885  -22.461 0.5000000000
15562  -32.112  -55.894  -23.696 0.5000000000
15568  -35.750  -55.366  -24.750 0.6999999881
15570  -37.354  -55.029  -24.942 0.6000000238
16386  -33.785  -54.450  -23.865 0.5000000000
16393  -34.333  -55.188  -24.316 0.5000000000
16405  -43.461  -54.512  -25.152 0.4000000060
17228  -32.437  -53.795  -23.158 0.4000000060
18064  -31.733  -52.849  -22.678 0.6000000238
18071  -39.308  -52.001  -24.839 0.8000000119
18916  -33.498  -51.509  -23.102 0.5000000000
18919  -36.964  -51.600  -22.307 0.6000000238
18922  -37.726  -51.604  -22.980 0.6000000238
18923  -38.070  -51.419  -23.859 0.6999999881
19836  -37.377  -50.294  -21.982 0.6999999881
19847  -33.166  -50.740  -23.302 0.5000000000
19853  -38.470  -50.142  -23.140 0.6999999881
20843  -34.596  -49.689  -22.756 0.6000000238
20844  -35.299  -49.252  -22.447 0.6000000238
20857  -33.920  -49.131  -23.087 0.5000000000
20859  -38.831  -49.156  -24.167 0.6999999881
20869  -42.884  -49.275  -25.507 0.6000000238
21805  -37.480  -48.384  -21.524 0.6999999881
21829  -33.668  -48.393  -23.276 0.5000000000
21832  -43.291  -48.407  -23.808 0.3000000119
22718  -36.383  -47.278  -21.638 0.6999999881
22731  -34.035  -47.062  -23.617 0.5000000000
22732  -34.725  -47.259  -22.778 0.5000000000
22743  -33.754  -47.660  -23.511 0.4000000060
22744  -38.756  -47.948  -22.952 0.6999999881
24487  -38.568  -45.560  -21.530 0.6000000238
24530  -41.650  -45.210  -25.384 0.5000000000
26293  -38.576  -44.021  -21.493 0.6000000238
26344  -48.654  -42.676  -27.386 0.3000000119
26345  -49.473  -42.619  -27.301 0.4000000060
28227  -48.962  -41.302  -26.943 0.4000000060
28228  -49.248  -41.929  -27.172 0.4000000060
31172  -40.072  -38.827  -21.300 0.4000000060
31173  -40.537  -38.848  -22.060 0.4000000060
33080  -42.252  -36.294  -23.732 0.4000000060
33939  -41.208  -35.841  -22.618 0.4000000060
110839  -34.782  -44.808  -23.241 0.5000000000
112760  -43.184  -51.115  -24.558 0.4000000060
114032  -37.989  -60.571  -26.806 0.5000000000
114821  -35.892  -44.095  -22.612 0.5000000000
114825  -41.143  -49.856  -25.360 0.6000000238
116293  -42.277  -51.486  -25.212 0.5000000000
116388  -42.257  -57.587  -27.011 0.5000000000
117282  -31.895  -55.250  -23.553 0.5000000000
118181  -41.532  -65.028  -26.777 0.3000000119
119837  -41.431  -38.163  -25.118 0.4000000060
122222  -43.423  -51.106  -23.763 0.3000000119
122230  -42.846  -51.046  -23.130 0.3000000119
122417  -48.440  -41.276  -27.513 0.4000000060
123502  -38.026  -43.193  -21.564 0.5000000000
126327  -32.281  -50.559  -22.954 0.4000000060
130411  -38.081  -50.492  -22.554 0.6999999881
132297  -32.260  -52.843  -22.961 0.4000000060
132799  -34.685  -46.121  -23.033 0.5000000000
132951  -41.622  -64.740  -27.075 0.4000000060
133611  -33.306  -56.356  -24.317 0.5000000000
133962  -39.395  -63.664  -27.403 0.4000000060
134281  -42.737  -53.266  -25.301 0.5000000000
