#!ascii label  , from subject sub-003S6257 vox2ras=TkReg
1398
121308  -28.766  -73.336  -24.245 0.5000000000
3024  -28.121  -73.171  -22.898 0.6000000238
7540  -31.254  -65.682  -18.989 0.3000000119
116126  -28.063  -74.516  -21.584 0.5000000000
118584  -29.516  -67.879  -20.032 0.4000000060
131517  -30.980  -66.582  -20.314 0.4000000060
6823  -31.602  -66.366  -20.431 0.4000000060
7552  -31.913  -65.741  -19.762 0.3000000119
124049  -30.537  -66.956  -20.572 0.4000000060
3609  -25.935  -71.987  -24.408 0.5000000000
3610  -27.063  -72.433  -24.638 0.5000000000
124239  -28.007  -73.040  -24.303 0.5000000000
3597  -25.488  -72.163  -24.064 0.6000000238
3598  -26.464  -72.503  -24.177 0.5000000000
8311  -32.048  -64.569  -18.102 0.3000000119
3006  -26.428  -74.146  -22.019 0.5000000000
5560  -28.852  -68.082  -21.120 0.5000000000
5058  -28.904  -69.776  -21.068 0.5000000000
7533  -31.948  -65.156  -18.870 0.3000000119
125241  -26.231  -72.701  -22.738 0.6000000238
3007  -27.609  -73.730  -22.021 0.5000000000
6161  -29.629  -67.168  -21.671 0.5000000000
6153  -29.402  -67.667  -20.823 0.4000000060
7553  -32.779  -65.591  -20.142 0.3000000119
7541  -32.478  -65.210  -19.440 0.3000000119
115116  -30.424  -66.947  -22.107 0.4000000060
6162  -30.529  -67.002  -21.351 0.4000000060
6835  -31.927  -66.634  -21.206 0.4000000060
6163  -31.333  -67.024  -21.885 0.4000000060
5607  -25.072  -69.312  -25.385 0.6999999881
5084  -24.789  -69.924  -25.357 0.6999999881
4614  -25.162  -70.656  -24.946 0.6999999881
3612  -28.578  -72.807  -24.752 0.5000000000
5622  -24.325  -68.884  -25.490 0.6999999881
5099  -24.578  -69.366  -25.455 0.6999999881
4613  -24.578  -70.438  -25.168 0.8000000119
4108  -25.226  -71.222  -24.697 0.5000000000
4099  -25.010  -71.703  -24.356 0.6999999881
113272  -29.062  -71.794  -24.052 0.5000000000
4612  -23.973  -70.445  -25.001 0.6999999881
129512  -28.077  -70.430  -22.827 0.4000000060
5057  -28.304  -69.285  -21.623 0.5000000000
8312  -33.208  -63.885  -18.463 0.3000000119
4089  -24.673  -71.545  -23.141 0.6000000238
5571  -28.320  -68.372  -21.710 0.5000000000
6160  -28.773  -67.591  -21.627 0.5000000000
8322  -33.542  -64.340  -19.185 0.3000000119
127829  -25.313  -72.180  -22.852 0.5000000000
6183  -28.886  -67.252  -22.473 0.5000000000
6201  -30.146  -67.435  -23.779 0.4000000060
6184  -29.796  -67.014  -22.713 0.4000000060
6164  -32.358  -67.151  -21.894 0.4000000060
6837  -33.429  -66.474  -21.374 0.4000000060
6825  -33.169  -66.028  -20.844 0.4000000060
6185  -30.932  -67.222  -22.998 0.3000000119
6186  -32.018  -67.439  -22.760 0.4000000060
7605  -26.839  -65.791  -25.152 0.5000000000
7604  -25.972  -66.486  -25.248 0.6000000238
123818  -27.241  -67.101  -26.143 0.6000000238
6217  -25.925  -68.118  -25.832 0.6000000238
5623  -25.186  -68.669  -25.434 0.6000000238
8375  -25.623  -64.727  -24.565 0.5000000000
8376  -26.732  -64.883  -24.751 0.5000000000
7597  -25.149  -65.719  -24.828 0.6000000238
6863  -25.444  -67.480  -25.406 0.6000000238
6216  -24.882  -68.243  -25.324 0.6999999881
129820  -26.334  -71.685  -24.475 0.6000000238
8292  -35.302  -64.164  -16.429 0.3000000119
9162  -24.252  -63.651  -24.488 0.6999999881
8374  -24.374  -65.068  -24.648 0.6000000238
7596  -24.034  -65.875  -24.707 0.6000000238
6857  -24.748  -66.647  -25.018 0.6000000238
6862  -24.280  -67.496  -25.174 0.6999999881
5621  -23.755  -68.855  -25.333 0.6999999881
5075  -26.623  -69.751  -23.471 0.6000000238
4604  -26.735  -70.892  -23.916 0.6000000238
4101  -28.355  -71.750  -24.462 0.5000000000
9979  -25.006  -62.885  -24.161 0.6999999881
117214  -23.483  -64.531  -24.524 0.6000000238
134052  -23.463  -65.261  -24.561 0.6000000238
6856  -23.634  -66.711  -24.825 0.6000000238
112804  -22.979  -68.282  -24.420 0.6999999881
5064  -23.319  -69.432  -23.652 0.6999999881
5068  -27.820  -69.647  -22.307 0.5000000000
9088  -33.541  -63.453  -17.959 0.3000000119
9978  -23.794  -62.972  -24.349 0.6999999881
9161  -23.153  -63.773  -24.258 0.6000000238
8372  -22.589  -64.515  -24.137 0.6999999881
6853  -23.084  -66.756  -24.130 0.6000000238
6197  -22.807  -67.580  -23.961 0.6000000238
119711  -24.214  -70.977  -23.303 0.6999999881
5066  -26.740  -68.971  -23.242 0.5000000000
6181  -27.563  -67.971  -23.047 0.5000000000
7588  -22.477  -65.060  -24.133 0.6000000238
128297  -23.320  -66.867  -23.376 0.6000000238
5065  -23.795  -69.268  -22.697 0.6000000238
4573  -24.224  -70.313  -22.505 0.6000000238
127109  -24.212  -71.436  -22.139 0.6000000238
6199  -28.202  -67.443  -23.275 0.5000000000
8336  -34.004  -64.761  -20.019 0.3000000119
8361  -22.497  -64.418  -23.912 0.6999999881
8362  -22.367  -65.068  -24.028 0.6000000238
7584  -23.051  -65.940  -23.832 0.6000000238
5577  -23.701  -68.215  -22.542 0.5000000000
5570  -24.392  -68.604  -21.816 0.5000000000
4079  -24.464  -71.594  -21.263 0.5000000000
3584  -24.692  -72.038  -22.467 0.5000000000
6200  -29.100  -67.191  -23.539 0.5000000000
5594  -33.188  -68.541  -24.345 0.3000000119
6203  -32.658  -67.882  -23.615 0.3000000119
113993  -33.862  -67.467  -22.431 0.4000000060
6165  -33.225  -67.136  -21.823 0.4000000060
3567  -24.306  -72.477  -21.520 0.5000000000
5593  -32.307  -68.410  -24.638 0.3000000119
6202  -31.743  -67.723  -23.817 0.3000000119
6187  -32.949  -67.530  -22.647 0.4000000060
9174  -28.002  -63.885  -25.337 0.5000000000
121524  -28.434  -64.555  -25.471 0.5000000000
7607  -28.219  -65.570  -25.651 0.5000000000
9981  -28.169  -62.345  -24.774 0.5000000000
133644  -26.634  -63.189  -24.527 0.5000000000
9164  -26.576  -63.964  -24.631 0.5000000000
7598  -26.104  -65.533  -24.821 0.5000000000
7606  -27.482  -66.124  -25.661 0.5000000000
6225  -27.847  -67.597  -26.289 0.6000000238
6218  -26.996  -67.891  -26.128 0.6000000238
9980  -26.169  -62.636  -24.356 0.5000000000
5624  -26.238  -68.214  -25.763 0.6000000238
5608  -25.855  -68.880  -24.975 0.8000000119
8293  -36.654  -63.860  -16.408 0.3000000119
10758  -25.701  -62.026  -24.154 0.6000000238
9163  -25.565  -63.610  -24.444 0.6000000238
5625  -27.322  -68.089  -25.942 0.4000000060
124845  -36.546  -63.133  -16.549 0.3000000119
9968  -24.529  -62.270  -24.059 0.6999999881
6198  -27.448  -67.910  -24.130 0.5000000000
5074  -26.147  -69.292  -23.989 0.6000000238
9856  -34.614  -63.055  -16.940 0.3000000119
9089  -34.369  -63.198  -18.175 0.3000000119
9967  -23.418  -62.444  -24.053 0.6999999881
5610  -27.816  -68.101  -25.439 0.4000000060
9101  -34.830  -63.562  -18.993 0.3000000119
9977  -22.804  -63.119  -24.132 0.6000000238
9160  -22.617  -63.831  -23.781 0.6999999881
6209  -28.421  -67.651  -24.473 0.4000000060
7554  -33.620  -65.453  -20.429 0.3000000119
9966  -22.628  -62.646  -23.796 0.6000000238
9147  -22.492  -63.563  -23.639 0.6999999881
117865  -23.001  -65.300  -23.486 0.6000000238
6850  -24.088  -66.725  -22.389 0.5000000000
121350  -24.398  -67.203  -21.856 0.5000000000
4574  -24.436  -70.640  -21.649 0.6000000238
6210  -29.472  -67.768  -24.727 0.4000000060
5086  -33.120  -69.290  -25.682 0.3000000119
5615  -33.650  -69.268  -25.072 0.3000000119
5616  -34.372  -69.191  -24.616 0.3000000119
113511  -33.828  -68.791  -24.182 0.3000000119
6188  -34.574  -67.910  -22.927 0.4000000060
7573  -34.109  -66.016  -21.183 0.3000000119
122664  -23.750  -64.884  -22.714 0.6000000238
7571  -24.620  -66.152  -21.967 0.5000000000
6832  -24.755  -66.900  -21.477 0.5000000000
5558  -24.857  -68.088  -21.018 0.5000000000
5055  -25.184  -69.798  -21.116 0.5000000000
4557  -25.192  -70.611  -20.821 0.6000000238
4065  -25.187  -71.470  -20.449 0.5000000000
6211  -30.503  -68.041  -24.825 0.3000000119
118654  -31.751  -68.577  -25.314 0.3000000119
7586  -24.701  -65.181  -22.207 0.5000000000
6152  -25.342  -67.727  -20.413 0.5000000000
5039  -25.423  -69.175  -20.537 0.5000000000
5025  -25.858  -68.950  -19.970 0.5000000000
9982  -28.954  -62.380  -25.031 0.5000000000
9175  -28.727  -63.645  -25.495 0.5000000000
8387  -29.811  -64.392  -25.652 0.5000000000
128221  -28.787  -65.092  -25.722 0.5000000000
7617  -28.852  -66.067  -25.982 0.5000000000
10760  -27.886  -61.469  -24.463 0.5000000000
9166  -28.437  -63.070  -25.219 0.5000000000
124099  -29.261  -66.845  -26.376 0.4000000060
10759  -26.863  -61.770  -24.079 0.5000000000
6873  -28.586  -67.251  -26.402 0.4000000060
8294  -37.481  -64.449  -16.528 0.3000000119
9064  -37.348  -63.285  -16.436 0.3000000119
133170  -26.334  -61.275  -23.975 0.6000000238
6226  -28.511  -68.119  -26.357 0.4000000060
5626  -28.493  -68.483  -26.011 0.4000000060
10750  -26.184  -60.621  -23.687 0.6000000238
124911  -25.345  -61.510  -23.788 0.6000000238
9858  -36.047  -62.852  -16.777 0.3000000119
9875  -35.519  -62.655  -17.132 0.3000000119
10749  -24.199  -61.716  -23.699 0.6000000238
5611  -28.930  -68.626  -25.809 0.4000000060
125639  -23.857  -61.074  -23.408 0.6000000238
5627  -30.566  -68.715  -25.969 0.4000000060
5612  -29.949  -68.635  -25.669 0.4000000060
8324  -35.329  -64.051  -19.745 0.3000000119
10748  -23.164  -61.876  -23.644 0.6999999881
118709  -30.953  -68.524  -25.502 0.3000000119
5614  -32.412  -68.849  -25.527 0.3000000119
9167  -29.431  -62.831  -25.297 0.5000000000
9177  -30.155  -63.862  -25.318 0.5000000000
8388  -30.602  -64.445  -25.928 0.4000000060
10761  -28.553  -61.582  -24.544 0.5000000000
7609  -30.193  -65.089  -26.149 0.4000000060
7618  -29.699  -65.979  -26.158 0.4000000060
10753  -28.554  -61.087  -24.126 0.6000000238
6874  -29.973  -66.948  -26.420 0.4000000060
6228  -30.208  -67.925  -26.583 0.4000000060
10633  -37.740  -62.013  -16.935 0.3000000119
9860  -37.892  -62.537  -16.547 0.3000000119
125449  -25.000  -60.897  -23.377 0.6000000238
5631  -29.652  -68.505  -26.373 0.4000000060
131745  -29.104  -68.819  -26.094 0.4000000060
5632  -30.364  -68.500  -26.298 0.4000000060
5633  -31.346  -68.475  -26.205 0.4000000060
5628  -31.678  -68.688  -25.883 0.3000000119
5629  -32.606  -69.049  -26.061 0.3000000119
10747  -22.457  -61.982  -23.360 0.6000000238
9983  -29.820  -62.585  -24.698 0.5000000000
9168  -30.428  -63.393  -24.944 0.5000000000
9178  -30.869  -64.132  -25.282 0.4000000060
9969  -29.658  -62.062  -23.944 0.5000000000
9970  -30.301  -62.540  -23.685 0.5000000000
7610  -31.036  -65.105  -26.331 0.4000000060
10752  -28.150  -60.927  -24.253 0.6000000238
10754  -29.144  -61.450  -23.593 0.6000000238
9947  -29.861  -62.104  -23.079 0.6000000238
7619  -30.535  -65.957  -26.365 0.4000000060
10751  -27.354  -60.559  -24.078 0.6000000238
132552  -28.488  -60.773  -23.656 0.6000000238
6876  -31.613  -66.917  -26.590 0.4000000060
6229  -31.247  -67.921  -26.633 0.4000000060
11507  -26.856  -59.593  -23.837 0.6000000238
122832  -32.914  -67.827  -26.750 0.4000000060
6230  -32.177  -68.236  -26.523 0.4000000060
6231  -33.636  -68.288  -26.784 0.4000000060
9888  -35.720  -62.491  -17.863 0.3000000119
9890  -37.325  -62.140  -18.125 0.3000000119
11506  -25.742  -59.903  -23.341 0.6000000238
5634  -32.920  -68.741  -26.502 0.4000000060
8325  -36.180  -63.861  -19.972 0.3000000119
9091  -36.082  -62.714  -18.668 0.3000000119
11505  -24.529  -60.181  -23.208 0.6000000238
11504  -22.892  -61.157  -23.394 0.6000000238
12264  -23.966  -59.672  -22.964 0.6999999881
13048  -25.997  -57.838  -23.004 0.6999999881
12250  -25.484  -58.051  -22.831 0.6999999881
117221  -25.655  -57.386  -22.640 0.6999999881
12248  -23.439  -59.201  -22.614 0.6000000238
13028  -26.706  -57.684  -21.890 0.6999999881
13008  -26.407  -57.829  -21.481 0.6000000238
13046  -23.875  -57.930  -22.377 0.6999999881
129138  -25.771  -56.749  -22.067 0.6999999881
9169  -31.164  -63.809  -24.633 0.5000000000
9971  -31.055  -63.074  -23.273 0.5000000000
9148  -30.709  -63.115  -24.220 0.5000000000
9170  -31.906  -64.180  -24.376 0.5000000000
8378  -31.614  -64.413  -25.235 0.4000000060
8389  -31.380  -64.584  -26.033 0.4000000060
10733  -29.397  -61.665  -22.443 0.6000000238
9948  -30.620  -62.544  -22.731 0.6000000238
9949  -31.438  -62.797  -22.471 0.6000000238
115392  -32.430  -65.553  -26.300 0.4000000060
11508  -27.436  -59.577  -23.786 0.6000000238
10734  -30.114  -62.219  -22.085 0.6000000238
9934  -30.959  -62.471  -21.819 0.6000000238
7621  -32.233  -66.295  -26.581 0.4000000060
12267  -27.068  -58.842  -23.645 0.6000000238
11489  -28.154  -60.090  -23.197 0.6000000238
10723  -28.875  -61.313  -21.681 0.6000000238
121412  -29.914  -61.759  -20.700 0.6000000238
10725  -30.431  -62.111  -21.183 0.6000000238
6877  -32.822  -66.983  -26.876 0.4000000060
6880  -34.864  -67.874  -26.521 0.4000000060
12252  -27.587  -59.227  -23.072 0.6000000238
11481  -28.329  -60.530  -22.010 0.6000000238
10708  -29.229  -61.400  -20.739 0.6000000238
10710  -30.732  -61.709  -20.243 0.6000000238
6879  -34.089  -67.542  -26.784 0.4000000060
6232  -34.403  -68.444  -26.769 0.4000000060
12266  -26.323  -58.960  -23.405 0.6000000238
12232  -27.405  -58.767  -22.320 0.5000000000
12221  -27.928  -60.132  -21.229 0.6000000238
11473  -28.509  -60.757  -20.853 0.6000000238
10696  -30.468  -61.299  -19.329 0.6000000238
10697  -31.415  -61.267  -19.457 0.6999999881
12265  -25.258  -59.104  -23.005 0.6999999881
13058  -26.989  -58.345  -23.205 0.6000000238
113373  -27.452  -59.368  -21.427 0.6000000238
131266  -28.101  -60.254  -20.606 0.6000000238
10679  -31.927  -60.852  -18.695 0.6000000238
116402  -33.311  -60.298  -18.282 0.6000000238
11462  -28.546  -60.581  -19.194 0.6000000238
10677  -30.182  -61.032  -18.544 0.6000000238
10678  -31.047  -61.056  -18.613 0.6000000238
128084  -32.420  -60.417  -17.933 0.6000000238
13009  -26.998  -58.415  -21.610 0.6000000238
11472  -27.702  -59.820  -20.451 0.6000000238
10676  -29.283  -60.750  -18.583 0.5000000000
11445  -30.709  -60.832  -17.848 0.6000000238
11446  -31.504  -60.715  -17.881 0.6000000238
11461  -27.865  -60.080  -19.539 0.5000000000
13865  -24.411  -56.676  -22.242 0.6999999881
114387  -25.813  -57.221  -21.455 0.6999999881
111093  -25.853  -58.234  -20.555 0.5000000000
117293  -27.444  -59.945  -19.021 0.6000000238
134229  -27.932  -60.325  -18.075 0.5000000000
11420  -29.055  -60.497  -17.712 0.5000000000
12197  -27.387  -60.088  -18.269 0.6000000238
18012  -20.319  -51.680  -18.120 0.6000000238
18876  -20.752  -51.074  -18.754 0.6000000238
18025  -19.970  -51.442  -18.927 0.6000000238
9149  -31.511  -63.515  -23.867 0.5000000000
9138  -31.850  -63.336  -22.997 0.5000000000
9151  -33.267  -63.670  -23.507 0.5000000000
8380  -33.245  -64.824  -24.812 0.5000000000
7612  -32.909  -65.361  -25.752 0.4000000060
9922  -31.344  -62.164  -21.001 0.5000000000
9935  -31.849  -62.429  -21.723 0.5000000000
9937  -33.608  -62.114  -21.701 0.5000000000
7599  -33.730  -65.508  -25.254 0.4000000060
7613  -34.244  -66.261  -25.624 0.4000000060
9925  -33.960  -61.699  -21.185 0.5000000000
7622  -33.028  -66.266  -26.544 0.4000000060
6866  -33.794  -66.658  -26.541 0.4000000060
6867  -34.637  -66.948  -26.271 0.4000000060
10711  -31.848  -61.627  -20.296 0.5000000000
10712  -32.823  -61.453  -20.449 0.5000000000
9923  -32.296  -61.946  -21.074 0.5000000000
10698  -32.489  -61.051  -19.518 0.6000000238
10699  -33.483  -61.018  -19.847 0.6000000238
11463  -33.401  -60.653  -19.040 0.6000000238
126980  -34.093  -60.686  -19.347 0.5000000000
12198  -34.132  -59.371  -18.287 0.4000000060
12200  -35.062  -58.856  -19.163 0.4000000060
13011  -35.405  -58.756  -19.851 0.4000000060
11423  -32.432  -59.797  -17.382 0.6000000238
12190  -33.351  -59.203  -17.744 0.6000000238
12990  -33.751  -58.512  -18.247 0.5000000000
12991  -34.526  -58.694  -18.716 0.4000000060
13001  -34.673  -58.183  -19.546 0.4000000060
118124  -33.501  -57.246  -20.974 0.4000000060
13864  -23.526  -56.845  -22.050 0.6999999881
11421  -31.057  -60.512  -17.171 0.6000000238
12975  -33.012  -58.200  -17.722 0.5000000000
120646  -33.907  -57.630  -19.571 0.4000000060
13000  -25.143  -58.481  -19.386 0.6000000238
11398  -28.629  -60.361  -16.924 0.5000000000
11400  -30.491  -60.175  -16.659 0.5000000000
125842  -32.507  -58.911  -17.173 0.5000000000
13803  -33.229  -57.714  -18.320 0.5000000000
13815  -33.215  -57.431  -19.164 0.4000000060
13837  -33.191  -57.110  -20.141 0.4000000060
12989  -26.107  -59.153  -19.311 0.6000000238
12173  -30.647  -59.624  -16.075 0.5000000000
18002  -21.713  -52.473  -17.103 0.6999999881
18013  -21.199  -51.576  -17.905 0.6000000238
18014  -22.174  -51.447  -17.780 0.6999999881
18877  -21.631  -51.089  -18.599 0.6000000238
18027  -23.470  -51.134  -19.143 0.6000000238
18033  -20.964  -51.620  -19.408 0.6000000238
18890  -23.087  -51.072  -19.582 0.6000000238
18891  -23.870  -50.645  -20.034 0.6000000238
18892  -24.920  -50.635  -19.933 0.6000000238
19814  -26.441  -50.783  -19.548 0.6000000238
17205  -20.562  -52.464  -19.582 0.5000000000
18035  -22.894  -51.567  -19.843 0.6000000238
18036  -23.758  -51.437  -20.510 0.6000000238
18046  -24.860  -51.127  -20.784 0.6000000238
18900  -25.174  -50.809  -20.373 0.6000000238
8364  -33.717  -64.282  -23.995 0.5000000000
17206  -21.271  -52.528  -19.611 0.5000000000
17207  -22.074  -52.418  -19.544 0.5000000000
17210  -25.522  -52.572  -20.333 0.5000000000
18038  -26.188  -52.022  -20.528 0.5000000000
9140  -33.790  -63.091  -22.852 0.5000000000
8381  -34.187  -64.914  -24.456 0.5000000000
17194  -22.641  -53.636  -18.884 0.5000000000
17208  -23.084  -52.406  -19.611 0.5000000000
17197  -25.930  -53.391  -19.450 0.5000000000
17198  -26.581  -52.899  -19.717 0.5000000000
9952  -34.312  -62.592  -22.090 0.5000000000
114931  -34.689  -65.688  -24.789 0.4000000060
7600  -35.711  -65.759  -24.492 0.4000000060
6858  -36.238  -66.522  -24.891 0.4000000060
122293  -21.753  -53.424  -19.388 0.5000000000
17195  -23.721  -53.489  -18.924 0.5000000000
17196  -24.935  -53.443  -19.266 0.6000000238
16354  -25.576  -54.094  -18.555 0.6000000238
7614  -35.203  -66.434  -25.253 0.4000000060
16351  -22.793  -54.643  -18.665 0.6000000238
16352  -23.509  -54.561  -18.511 0.6000000238
16353  -24.468  -54.335  -18.389 0.6999999881
131092  -34.405  -61.432  -20.705 0.4000000060
10700  -34.426  -61.037  -20.011 0.5000000000
122170  -22.011  -56.213  -21.077 0.6000000238
11465  -35.289  -60.121  -19.692 0.5000000000
13012  -35.845  -58.801  -20.673 0.4000000060
14729  -22.580  -56.119  -21.442 0.6000000238
12212  -35.225  -59.427  -19.436 0.4000000060
13855  -23.242  -56.164  -21.623 0.6000000238
14722  -24.354  -56.329  -21.807 0.6000000238
13010  -35.095  -58.046  -20.641 0.4000000060
12999  -24.311  -57.850  -19.611 0.6000000238
13856  -25.216  -56.479  -21.959 0.6999999881
12187  -26.782  -59.718  -17.598 0.6000000238
114213  -27.186  -59.358  -16.436 0.6000000238
12170  -27.901  -59.841  -16.496 0.5000000000
12171  -28.976  -59.901  -16.230 0.5000000000
18003  -22.798  -52.824  -17.166 0.6999999881
18015  -23.183  -51.836  -18.031 0.6999999881
111963  -23.808  -52.747  -17.008 0.6000000238
18879  -24.535  -51.129  -19.244 0.6000000238
18017  -25.035  -51.893  -17.926 0.6000000238
19800  -25.850  -50.561  -19.223 0.6000000238
19802  -26.982  -50.482  -18.902 0.6999999881
18893  -27.375  -51.042  -18.868 0.6000000238
18039  -26.879  -52.005  -19.961 0.6000000238
9141  -34.803  -63.176  -22.714 0.5000000000
9152  -34.255  -63.697  -23.333 0.5000000000
8365  -34.713  -64.369  -23.735 0.5000000000
17199  -27.196  -52.670  -18.993 0.6000000238
18018  -27.712  -52.311  -18.142 0.5000000000
9153  -35.246  -63.832  -23.142 0.5000000000
8382  -35.189  -65.064  -24.102 0.5000000000
7590  -36.141  -65.176  -23.915 0.4000000060
16340  -26.838  -54.436  -18.017 0.6000000238
17185  -27.067  -53.597  -18.575 0.6000000238
17187  -28.164  -52.771  -17.057 0.5000000000
130218  -34.316  -62.079  -21.535 0.5000000000
15551  -22.188  -55.547  -20.469 0.6000000238
14684  -22.356  -55.391  -19.782 0.4000000060
15526  -22.511  -55.097  -18.992 0.6000000238
16338  -25.129  -55.120  -18.046 0.6000000238
16339  -26.107  -54.726  -18.056 0.6000000238
16341  -27.357  -54.183  -17.644 0.6000000238
116106  -35.199  -61.238  -20.579 0.4000000060
9938  -35.042  -62.292  -21.543 0.4000000060
133305  -22.766  -55.853  -19.832 0.5000000000
14685  -22.884  -55.842  -18.957 0.5000000000
128995  -23.757  -55.953  -17.735 0.6000000238
15505  -24.548  -55.984  -17.585 0.6999999881
15507  -26.501  -55.707  -16.975 0.6000000238
15508  -27.031  -54.973  -17.279 0.6000000238
11476  -35.806  -60.411  -20.369 0.5000000000
123684  -22.851  -55.574  -20.957 0.6000000238
13785  -23.703  -57.039  -18.201 0.6000000238
14667  -24.052  -56.764  -17.589 0.6000000238
14659  -26.775  -56.422  -16.371 0.6000000238
15492  -27.217  -55.535  -16.482 0.6000000238
126901  -27.730  -55.190  -15.811 0.6000000238
12223  -36.289  -59.580  -20.781 0.4000000060
13812  -23.359  -55.945  -20.676 0.5000000000
13800  -23.387  -56.482  -19.138 0.6000000238
119158  -24.676  -57.276  -17.263 0.6000000238
14642  -26.780  -57.190  -16.181 0.6000000238
14643  -27.252  -56.881  -15.707 0.6000000238
14721  -23.551  -56.048  -21.531 0.6000000238
13834  -24.057  -56.292  -21.281 0.6000000238
13813  -23.610  -57.138  -20.116 0.6000000238
12973  -25.405  -58.603  -17.196 0.6000000238
13774  -25.700  -57.963  -16.675 0.6000000238
12186  -26.004  -59.203  -17.358 0.6000000238
12988  -25.355  -58.943  -18.140 0.6000000238
12161  -28.390  -59.266  -15.711 0.5000000000
12163  -30.171  -59.307  -15.502 0.5000000000
17149  -21.572  -54.034  -15.636 0.6999999881
17172  -22.228  -53.484  -16.200 0.6999999881
14624  -21.533  -56.229  -14.533 0.6999999881
16288  -22.564  -54.549  -14.547 0.6999999881
116440  -22.894  -53.777  -15.502 0.6999999881
17174  -23.958  -53.276  -16.025 0.6999999881
126776  -24.545  -52.441  -17.204 0.6000000238
18869  -25.686  -50.958  -17.062 0.6000000238
122711  -26.879  -49.901  -17.392 0.5000000000
19790  -26.300  -50.448  -18.157 0.6999999881
19792  -27.371  -50.130  -18.015 0.5000000000
18882  -28.326  -50.836  -17.665 0.5000000000
18019  -28.253  -51.807  -17.499 0.5000000000
9142  -35.804  -63.399  -22.525 0.4000000060
9154  -36.222  -63.952  -23.085 0.5000000000
8367  -36.569  -64.593  -23.597 0.5000000000
8368  -37.296  -64.684  -23.999 0.4000000060
9939  -35.915  -62.374  -21.609 0.4000000060
17175  -27.848  -53.807  -16.910 0.6000000238
16320  -27.559  -54.692  -16.697 0.6000000238
16321  -28.056  -54.289  -15.747 0.6000000238
15477  -28.215  -55.730  -15.325 0.6000000238
16303  -28.291  -54.978  -15.323 0.6000000238
12945  -27.270  -58.240  -15.856 0.6000000238
13761  -27.639  -57.588  -15.365 0.6000000238
15464  -28.956  -55.353  -14.844 0.6000000238
12168  -26.137  -58.686  -16.716 0.6000000238
14644  -28.061  -56.695  -15.105 0.5000000000
12160  -27.519  -59.068  -15.892 0.6000000238
118204  -27.983  -58.452  -15.391 0.5000000000
12946  -28.841  -58.664  -15.149 0.5000000000
13740  -22.027  -56.741  -14.256 0.6999999881
15462  -22.361  -55.320  -14.271 0.6999999881
16289  -23.277  -54.211  -14.074 0.6999999881
17151  -23.555  -53.493  -15.190 0.6999999881
115530  -24.020  -53.253  -14.559 0.6000000238
18004  -24.422  -52.688  -16.214 0.6999999881
18005  -25.074  -52.015  -16.580 0.4000000060
12923  -21.998  -58.350  -14.412 0.6999999881
14616  -22.592  -56.515  -13.729 0.6999999881
15463  -23.048  -55.065  -14.014 0.6000000238
16290  -23.959  -53.946  -13.717 0.6000000238
119088  -26.233  -50.293  -16.882 0.5000000000
11380  -21.530  -60.157  -13.109 0.6999999881
130885  -22.561  -59.302  -13.424 0.6999999881
20788  -27.636  -49.730  -17.245 0.5000000000
11345  -21.506  -60.938  -11.619 0.6999999881
19793  -28.183  -50.010  -17.717 0.5000000000
11321  -21.842  -60.885  -10.619 0.6000000238
10517  -20.672  -61.253  -9.481 0.6000000238
11304  -20.509  -60.663  -8.196 0.6000000238
122355  -18.284  -59.071  -7.543 0.5000000000
13661  -18.659  -57.663  -7.571 0.5000000000
9155  -37.135  -63.890  -23.424 0.4000000060
9171  -37.576  -64.010  -24.244 0.4000000060
112930  -29.423  -56.142  -14.654 0.6000000238
17972  -24.472  -52.710  -14.445 0.5000000000
17988  -24.764  -52.027  -15.241 0.5000000000
12902  -22.928  -57.860  -13.121 0.6000000238
14617  -23.314  -56.298  -13.308 0.6000000238
16278  -23.755  -54.819  -13.669 0.6000000238
17136  -24.848  -52.894  -13.848 0.6000000238
18849  -25.270  -51.303  -14.805 0.5000000000
19783  -25.673  -50.228  -15.955 0.5000000000
20780  -27.130  -49.505  -16.427 0.5000000000
12125  -22.812  -60.126  -12.199 0.6999999881
12892  -23.126  -58.719  -12.772 0.6000000238
14607  -23.742  -56.854  -12.603 0.6000000238
14618  -23.978  -56.143  -12.837 0.6000000238
16271  -25.647  -55.205  -12.691 0.6000000238
20781  -27.873  -49.366  -16.470 0.5000000000
11346  -22.424  -60.571  -11.461 0.6999999881
12126  -23.333  -59.398  -12.029 0.6000000238
12887  -23.763  -59.052  -11.112 0.6000000238
14598  -24.887  -57.116  -11.231 0.6000000238
14609  -25.141  -56.397  -11.835 0.6000000238
131972  -22.352  -60.607  -9.923 0.6000000238
12108  -23.296  -59.685  -10.401 0.6000000238
12881  -23.691  -58.903  -10.107 0.6000000238
13698  -24.253  -57.483  -9.896 0.6000000238
125169  -21.802  -60.267  -8.298 0.6000000238
12860  -22.031  -59.115  -8.108 0.6000000238
12862  -23.171  -58.364  -8.727 0.6000000238
13687  -23.948  -57.446  -9.283 0.6000000238
12074  -20.848  -59.679  -7.640 0.5000000000
12846  -19.737  -58.674  -7.475 0.5000000000
13664  -20.977  -58.464  -7.678 0.5000000000
118160  -22.376  -58.340  -8.269 0.6000000238
13679  -23.482  -57.469  -8.807 0.6000000238
9984  -37.682  -63.286  -24.594 0.4000000060
13673  -17.538  -57.021  -7.824 0.5000000000
13676  -20.173  -57.332  -7.961 0.5000000000
116466  -20.953  -57.172  -8.195 0.6000000238
15399  -22.223  -56.602  -8.555 0.6000000238
14539  -17.894  -56.407  -8.475 0.5000000000
14540  -18.749  -56.471  -8.481 0.5000000000
13675  -19.168  -57.149  -7.892 0.4000000060
117032  -20.527  -56.660  -8.469 0.5000000000
131194  -21.714  -56.256  -8.707 0.6000000238
17973  -24.979  -52.116  -14.283 0.6000000238
19761  -26.297  -50.112  -14.588 0.5000000000
19775  -26.064  -49.853  -15.412 0.5000000000
17964  -25.678  -52.590  -13.720 0.6000000238
128805  -26.360  -51.503  -13.796 0.5000000000
20772  -27.482  -49.198  -15.673 0.5000000000
123646  -26.353  -54.807  -12.502 0.6999999881
17129  -27.363  -52.764  -13.186 0.6999999881
14599  -25.528  -56.543  -10.853 0.6000000238
15446  -26.421  -55.617  -11.142 0.6999999881
14566  -24.459  -56.773  -9.484 0.6000000238
15435  -26.405  -55.384  -10.537 0.6999999881
15402  -24.378  -56.119  -9.195 0.6000000238
16227  -25.637  -55.316  -9.617 0.6999999881
15401  -23.558  -56.091  -8.973 0.6000000238
15420  -24.810  -55.405  -9.358 0.6999999881
126277  -16.435  -55.357  -10.103 0.5000000000
14562  -18.342  -55.765  -9.061 0.5000000000
14564  -20.228  -55.939  -8.900 0.4000000060
14565  -21.191  -56.019  -9.021 0.6000000238
15418  -22.977  -55.425  -9.059 0.6000000238
15432  -17.600  -55.171  -10.467 0.5000000000
15414  -18.836  -55.474  -9.737 0.4000000060
128510  -20.132  -55.240  -10.055 0.5000000000
20755  -26.472  -49.469  -15.003 0.5000000000
19762  -26.875  -49.571  -14.546 0.5000000000
17965  -26.533  -52.315  -13.613 0.6000000238
17966  -27.322  -51.817  -13.463 0.5000000000
20745  -27.660  -49.449  -14.157 0.5000000000
16273  -27.360  -54.103  -12.062 0.6999999881
16259  -27.273  -54.300  -11.403 0.6999999881
133680  -26.265  -55.036  -9.962 0.6000000238
16226  -24.215  -54.612  -9.398 0.6999999881
128931  -25.874  -54.698  -9.823 0.6000000238
114568  -22.206  -54.888  -9.547 0.6000000238
16225  -23.262  -54.660  -9.390 0.6000000238
16238  -18.090  -54.875  -10.884 0.5000000000
114001  -19.972  -54.826  -10.416 0.4000000060
16223  -21.010  -54.799  -10.050 0.6000000238
16256  -18.492  -54.319  -11.282 0.4000000060
16239  -19.038  -54.692  -10.674 0.4000000060
16240  -20.472  -54.177  -10.544 0.5000000000
17952  -28.026  -52.327  -12.829 0.6000000238
19753  -28.258  -50.264  -13.441 0.5000000000
17103  -27.600  -53.439  -11.718 0.6000000238
18829  -28.338  -51.745  -12.480 0.5000000000
17094  -27.328  -53.828  -10.907 0.6000000238
17933  -26.778  -53.144  -10.570 0.6000000238
18819  -27.906  -52.048  -11.033 0.5000000000
17093  -25.838  -53.227  -10.281 0.6000000238
17082  -24.516  -53.868  -9.776 0.6999999881
17092  -24.845  -53.219  -10.283 0.5000000000
17080  -22.707  -54.113  -9.949 0.6000000238
16242  -22.128  -53.630  -10.393 0.5000000000
17101  -19.443  -53.100  -11.193 0.4000000060
17090  -21.454  -53.140  -10.579 0.5000000000
23528  -16.716  -46.605  -14.790 0.4000000060
23533  -18.014  -46.386  -15.463 0.3000000119
22671  -17.928  -46.882  -15.781 0.4000000060
121988  -28.336  -51.012  -12.302 0.5000000000
21745  -16.751  -48.623  -15.905 0.3000000119
22662  -17.719  -47.493  -15.891 0.4000000060
122380  -27.111  -52.269  -10.544 0.5000000000
19724  -28.490  -50.614  -11.767 0.5000000000
20751  -17.484  -49.738  -15.228 0.3000000119
20769  -18.170  -48.780  -15.881 0.4000000060
18808  -26.468  -51.579  -10.353 0.5000000000
20740  -17.413  -50.272  -14.294 0.3000000119
123896  -24.308  -52.527  -10.333 0.6000000238
123998  -23.051  -53.303  -10.389 0.6999999881
133120  -23.594  -52.662  -10.377 0.6000000238
17927  -20.901  -52.715  -10.718 0.5000000000
111344  -22.204  -52.808  -10.594 0.5000000000
17928  -21.458  -52.343  -10.714 0.4000000060
18805  -22.909  -51.558  -10.690 0.4000000060
131893  -18.142  -46.035  -14.692 0.3000000119
115220  -18.267  -45.936  -14.959 0.3000000119
24427  -18.255  -46.010  -15.273 0.3000000119
24433  -18.470  -46.128  -16.263 0.3000000119
22672  -18.343  -47.275  -16.223 0.4000000060
18810  -28.011  -51.360  -10.928 0.5000000000
20752  -18.145  -49.352  -15.370 0.4000000060
21747  -18.283  -47.935  -16.212 0.4000000060
19711  -27.758  -50.756  -10.695 0.5000000000
20753  -18.877  -49.015  -15.406 0.4000000060
123002  -25.533  -51.725  -10.378 0.5000000000
19710  -26.769  -50.650  -10.366 0.5000000000
20741  -18.258  -49.750  -14.359 0.4000000060
18807  -24.968  -51.089  -10.384 0.5000000000
17929  -22.936  -52.376  -10.554 0.5000000000
18806  -24.185  -51.183  -10.594 0.5000000000
18815  -19.174  -51.538  -11.567 0.3000000119
116640  -20.852  -51.303  -11.368 0.4000000060
18804  -22.236  -51.180  -11.036 0.4000000060
128570  -23.710  -50.591  -10.800 0.4000000060
24421  -19.797  -45.423  -14.665 0.3000000119
24428  -18.748  -45.603  -15.751 0.3000000119
24434  -19.150  -45.727  -16.784 0.4000000060
23537  -19.136  -46.272  -16.937 0.4000000060
22620  -30.106  -47.158  -12.784 0.4000000060
22673  -19.413  -47.010  -16.675 0.4000000060
130868  -29.739  -47.694  -12.279 0.4000000060
20770  -18.975  -48.338  -15.882 0.4000000060
21759  -20.050  -47.548  -16.361 0.4000000060
117924  -28.760  -49.274  -11.289 0.4000000060
21748  -20.034  -48.051  -15.828 0.4000000060
19709  -25.787  -50.927  -10.285 0.5000000000
20754  -19.441  -48.947  -14.529 0.4000000060
20720  -19.669  -49.748  -12.831 0.3000000119
19708  -25.187  -50.448  -10.407 0.5000000000
19739  -20.974  -50.030  -11.930 0.3000000119
25299  -19.553  -45.282  -15.613 0.3000000119
25307  -20.166  -44.690  -16.156 0.3000000119
25306  -19.583  -45.272  -16.361 0.3000000119
24435  -20.654  -45.234  -17.440 0.4000000060
23545  -20.927  -45.934  -17.490 0.4000000060
23546  -21.636  -46.320  -17.490 0.3000000119
23538  -20.751  -46.467  -17.290 0.4000000060
23504  -30.788  -46.498  -13.106 0.4000000060
23506  -32.843  -46.698  -12.550 0.4000000060
22674  -20.593  -47.093  -16.769 0.4000000060
21680  -29.017  -48.603  -11.430 0.4000000060
20677  -27.463  -49.929  -10.551 0.4000000060
121176  -20.403  -48.309  -15.093 0.3000000119
20676  -26.570  -49.731  -10.425 0.4000000060
20742  -19.109  -49.338  -13.821 0.3000000119
21729  -20.247  -48.633  -14.434 0.3000000119
20744  -21.027  -49.023  -13.076 0.3000000119
19723  -23.170  -50.073  -11.083 0.4000000060
25300  -20.494  -44.648  -15.248 0.3000000119
25312  -20.177  -44.830  -16.851 0.4000000060
125329  -21.471  -45.187  -17.871 0.4000000060
24439  -21.553  -45.776  -17.837 0.4000000060
23507  -33.757  -46.480  -12.342 0.4000000060
23505  -31.370  -46.418  -12.514 0.4000000060
23540  -22.135  -46.403  -17.222 0.4000000060
123304  -29.784  -47.090  -11.925 0.4000000060
22663  -20.847  -47.663  -16.189 0.4000000060
21657  -28.441  -48.592  -10.977 0.4000000060
22602  -29.356  -47.246  -11.360 0.4000000060
21749  -20.918  -47.899  -15.431 0.3000000119
21656  -27.796  -48.592  -10.762 0.4000000060
21730  -21.024  -48.221  -14.432 0.3000000119
20675  -25.827  -50.083  -10.408 0.5000000000
20743  -20.145  -49.131  -13.571 0.3000000119
21714  -21.400  -48.472  -13.470 0.3000000119
21654  -25.829  -49.064  -10.621 0.5000000000
20700  -21.781  -49.830  -11.614 0.3000000119
20673  -23.968  -49.842  -10.844 0.4000000060
18818  -21.473  -50.754  -11.494 0.4000000060
26234  -21.017  -43.527  -16.734 0.3000000119
24451  -23.023  -45.469  -18.275 0.3000000119
24440  -23.120  -45.694  -17.982 0.3000000119
23484  -32.947  -46.072  -11.927 0.4000000060
23534  -21.950  -46.885  -16.345 0.3000000119
116197  -30.793  -46.379  -12.209 0.4000000060
22580  -29.042  -46.915  -10.872 0.4000000060
23481  -30.494  -46.174  -11.426 0.4000000060
22650  -21.476  -47.534  -14.815 0.3000000119
22637  -21.691  -47.774  -13.799 0.3000000119
125808  -26.843  -47.488  -11.062 0.4000000060
21695  -21.774  -48.837  -12.710 0.3000000119
127026  -23.066  -48.335  -12.116 0.3000000119
21677  -23.680  -48.466  -11.632 0.3000000119
21678  -24.562  -48.313  -11.374 0.3000000119
24436  -22.762  -45.889  -17.424 0.3000000119
113117  -24.227  -44.851  -17.539 0.3000000119
24429  -22.447  -46.124  -16.546 0.3000000119
24375  -32.407  -45.531  -11.303 0.3000000119
24373  -30.748  -45.558  -11.172 0.4000000060
24374  -31.541  -45.542  -11.227 0.4000000060
23531  -22.429  -46.321  -14.368 0.3000000119
22579  -28.280  -47.179  -10.818 0.4000000060
23463  -30.090  -45.851  -10.706 0.4000000060
22638  -22.366  -47.410  -13.197 0.3000000119
22617  -22.720  -47.861  -12.513 0.3000000119
22577  -26.298  -48.064  -10.966 0.3000000119
22598  -24.115  -47.618  -11.700 0.3000000119
24423  -23.109  -44.957  -14.463 0.3000000119
23519  -22.762  -46.632  -13.402 0.3000000119
23462  -29.348  -46.163  -10.585 0.3000000119
24348  -30.303  -44.949  -10.846 0.3000000119
23501  -23.491  -46.485  -12.739 0.3000000119
23460  -27.672  -46.592  -10.741 0.3000000119
22618  -23.397  -47.726  -12.084 0.3000000119
22599  -25.628  -47.544  -11.209 0.3000000119
25302  -24.417  -43.579  -14.043 0.3000000119
26221  -24.941  -42.940  -14.598 0.3000000119
24391  -23.791  -45.793  -12.798 0.3000000119
24346  -28.704  -45.596  -10.581 0.3000000119
25293  -24.816  -43.958  -13.094 0.3000000119
26211  -25.135  -43.173  -13.539 0.3000000119
20701  -22.625  -49.596  -11.471 0.4000000060
20722  -21.398  -49.439  -12.318 0.3000000119
20723  -22.181  -49.216  -12.040 0.3000000119
4603  -25.847  -70.373  -24.260 0.6000000238
4109  -27.480  -72.278  -24.906 0.5000000000
3599  -27.565  -72.765  -24.530 0.5000000000
3586  -27.251  -72.823  -23.708 0.5000000000
4110  -28.092  -72.352  -24.993 0.5000000000
4575  -28.600  -70.301  -21.997 0.5000000000
4624  -24.363  -69.841  -25.428 0.6999999881
4611  -23.557  -69.781  -25.079 0.6999999881
4107  -24.571  -71.045  -24.664 0.6999999881
130127  -28.718  -71.156  -23.205 0.4000000060
4589  -23.494  -70.090  -24.095 0.6999999881
5579  -27.811  -68.316  -22.370 0.5000000000
8337  -34.933  -64.664  -20.199 0.3000000119
131438  -30.979  -67.643  -24.050 0.3000000119
6864  -26.437  -67.375  -25.888 0.6000000238
6865  -28.013  -66.632  -26.132 0.5000000000
121239  -24.672  -64.307  -24.541 0.6000000238
6215  -23.949  -68.233  -25.251 0.6999999881
129570  -34.806  -63.465  -16.614 0.3000000119
7595  -23.183  -65.778  -24.346 0.6000000238
6207  -23.107  -67.513  -24.459 0.6000000238
5591  -22.971  -68.832  -24.075 0.6999999881
5592  -26.727  -68.473  -23.746 0.5000000000
5067  -27.227  -69.271  -22.776 0.6000000238
4100  -27.471  -71.784  -24.796 0.5000000000
125087  -22.774  -68.233  -23.851 0.6000000238
7585  -23.811  -65.817  -22.977 0.5000000000
5054  -24.463  -69.590  -21.786 0.5000000000
7556  -35.415  -65.200  -20.710 0.3000000119
9136  -22.591  -63.879  -22.914 0.6000000238
5038  -24.950  -68.934  -21.077 0.5000000000
6204  -33.616  -68.121  -23.360 0.3000000119
5609  -26.733  -68.327  -25.210 0.5000000000
5559  -25.357  -68.448  -20.426 0.5000000000
9877  -37.091  -62.087  -17.342 0.3000000119
10732  -28.693  -61.045  -22.777 0.6000000238
119692  -25.983  -58.341  -23.183 0.6999999881
13029  -27.016  -58.009  -22.359 0.6000000238
12210  -27.137  -59.496  -19.752 0.6000000238
10724  -29.656  -61.762  -21.464 0.6000000238
9951  -33.266  -62.595  -22.321 0.5000000000
118188  -33.520  -65.967  -26.065 0.4000000060
10695  -29.617  -61.078  -19.245 0.6000000238
12211  -34.832  -59.919  -19.220 0.4000000060
14734  -24.626  -56.365  -21.967 0.6000000238
13007  -25.064  -57.668  -20.569 0.6999999881
112561  -22.679  -51.313  -19.544 0.6000000238
10726  -34.742  -61.770  -21.118 0.4000000060
13030  -34.824  -57.994  -21.726 0.4000000060
11401  -31.191  -59.913  -16.678 0.4000000060
13027  -22.477  -57.494  -21.559 0.6000000238
18878  -22.551  -51.128  -18.742 0.6000000238
17209  -24.229  -52.478  -20.056 0.6000000238
8366  -35.686  -64.546  -23.504 0.5000000000
17186  -27.577  -53.286  -17.941 0.6000000238
16367  -22.110  -54.301  -19.080 0.4000000060
12987  -24.576  -58.224  -18.501 0.5000000000
10714  -36.121  -61.037  -21.009 0.5000000000
14657  -25.349  -57.239  -16.853 0.6000000238
13786  -24.344  -57.624  -17.841 0.5000000000
115300  -20.034  -61.237  -10.325 0.6000000238
13674  -18.331  -57.005  -7.846 0.5000000000
16279  -24.708  -54.777  -13.324 0.5000000000
122823  -23.979  -58.087  -11.384 0.6000000238
14608  -24.323  -56.745  -12.122 0.6000000238
16280  -25.646  -54.351  -13.110 0.6000000238
12090  -22.790  -59.669  -9.056 0.6000000238
14561  -17.475  -55.800  -9.172 0.5000000000
18839  -26.690  -50.837  -13.775 0.5000000000
17083  -25.438  -53.964  -10.060 0.6000000238
15433  -18.457  -55.157  -10.302 0.5000000000
17091  -23.961  -53.160  -9.957 0.6000000238
22661  -16.867  -47.471  -15.538 0.3000000119
17941  -28.193  -52.498  -11.813 0.5000000000
17939  -19.734  -52.219  -11.261 0.3000000119
20704  -29.039  -49.834  -11.798 0.4000000060
20705  -29.277  -48.986  -11.831 0.4000000060
18817  -21.473  -51.577  -11.008 0.4000000060
19721  -20.417  -50.642  -11.715 0.3000000119
20674  -24.906  -49.674  -10.585 0.5000000000
23503  -30.362  -46.645  -12.282 0.4000000060
119148  -27.263  -48.065  -10.954 0.4000000060
20702  -23.439  -49.327  -11.322 0.3000000119
22665  -21.919  -46.940  -15.209 0.3000000119
21653  -24.980  -48.882  -10.919 0.4000000060
111477  -21.318  -42.979  -17.036 0.3000000119
127398  -22.609  -45.695  -14.738 0.3000000119
22578  -27.510  -47.360  -10.928 0.4000000060
24411  -23.468  -45.312  -13.437 0.3000000119
114551  -26.324  -66.227  -16.915 0.5000000000
124025  -26.434  -66.837  -17.532 0.5000000000
122354  -26.563  -67.466  -18.151 0.5000000000
5551  -26.306  -68.459  -19.338 0.4000000060
8289  -25.995  -64.919  -17.029 0.5000000000
7518  -26.142  -65.455  -17.289 0.5000000000
6791  -26.256  -66.155  -17.787 0.5000000000
6131  -26.359  -66.857  -18.411 0.5000000000
6140  -26.310  -67.598  -19.120 0.5000000000
5550  -25.751  -68.034  -19.836 0.4000000060
133358  -25.779  -64.576  -16.913 0.4000000060
8302  -26.188  -64.649  -17.734 0.5000000000
6803  -26.252  -66.157  -18.721 0.5000000000
6139  -25.741  -67.378  -19.839 0.4000000060
9074  -26.273  -63.772  -18.043 0.5000000000
8310  -26.440  -64.502  -18.564 0.5000000000
7530  -26.267  -65.353  -18.164 0.5000000000
9086  -26.477  -63.771  -19.020 0.5000000000
7539  -26.355  -65.330  -19.133 0.5000000000
9099  -26.109  -64.082  -19.924 0.5000000000
128443  -25.847  -65.146  -21.074 0.5000000000
7572  -25.393  -65.593  -21.553 0.4000000060
117908  -25.984  -63.109  -18.737 0.5000000000
9116  -25.725  -63.504  -20.614 0.5000000000
8335  -25.863  -64.419  -20.910 0.5000000000
8353  -25.484  -64.742  -21.757 0.5000000000
10693  -22.451  -60.962  -19.695 0.5000000000
9886  -25.579  -62.520  -18.517 0.5000000000
10694  -24.451  -61.579  -19.240 0.5000000000
9903  -25.045  -61.973  -19.785 0.5000000000
10707  -24.213  -61.744  -20.144 0.5000000000
9933  -25.068  -63.090  -21.118 0.5000000000
9920  -24.687  -62.332  -20.641 0.5000000000
9130  -25.364  -63.900  -21.554 0.5000000000
8352  -24.679  -64.370  -22.114 0.5000000000
117779  -22.567  -61.518  -20.414 0.5000000000
10706  -21.334  -61.303  -20.583 0.5000000000
10704  -20.082  -61.027  -21.692 0.5000000000
128320  -23.381  -61.788  -20.394 0.5000000000
10720  -20.764  -61.839  -21.513 0.5000000000
10719  -20.343  -61.536  -21.835 0.5000000000
9919  -23.716  -62.247  -20.856 0.5000000000
9930  -22.178  -62.471  -21.851 0.5000000000
9929  -21.332  -62.170  -22.048 0.5000000000
9931  -23.029  -62.824  -21.512 0.5000000000
9945  -22.055  -62.582  -22.682 0.5000000000
9932  -24.089  -62.926  -21.379 0.5000000000
9137  -23.663  -64.113  -22.549 0.5000000000
8358  -22.792  -64.600  -23.329 0.5000000000
13026  -21.106  -58.632  -21.556 0.5000000000
13044  -21.832  -59.043  -22.019 0.6000000238
11486  -20.963  -60.717  -22.685 0.5000000000
11502  -21.355  -61.221  -22.968 0.5000000000
12247  -22.417  -59.537  -22.539 0.5000000000
11503  -22.027  -61.177  -23.311 0.5000000000
11488  -22.764  -60.311  -23.030 0.5000000000
9946  -22.486  -63.099  -22.460 0.5000000000
9134  -22.193  -62.877  -23.201 0.5000000000
9128  -23.433  -63.455  -22.180 0.5000000000
13833  -21.006  -57.038  -20.728 0.5000000000
13854  -21.631  -57.298  -21.112 0.5000000000
127366  -23.174  -58.796  -22.351 0.6000000238
16317  -17.958  -53.892  -16.772 0.5000000000
18000  -19.914  -52.517  -17.390 0.6000000238
15489  -18.483  -54.913  -16.411 0.5000000000
16318  -18.937  -54.128  -16.600 0.5000000000
18001  -20.766  -52.338  -17.171 0.6000000238
16319  -20.299  -54.005  -16.200 0.6000000238
15490  -19.390  -55.034  -16.300 0.5000000000
15491  -20.248  -54.904  -15.850 0.6000000238
14640  -20.270  -56.610  -15.613 0.5000000000
17148  -20.820  -53.704  -15.935 0.6000000238
114667  -20.906  -55.146  -15.421 0.6000000238
13758  -19.879  -57.494  -15.662 0.5000000000
14641  -20.985  -56.440  -15.135 0.6000000238
16301  -21.509  -54.920  -15.182 0.6000000238
12944  -20.394  -58.223  -15.363 0.5000000000
13739  -21.336  -56.967  -14.647 0.5000000000
11379  -20.568  -60.228  -13.105 0.5000000000
11365  -21.058  -60.843  -12.440 0.6000000238
117057  -19.258  -61.729  -9.283 0.6000000238
10562  -19.229  -61.259  -10.996 0.5000000000
12150  -21.573  -59.164  -14.430 0.6000000238
133075  -21.465  -58.557  -14.699 0.5000000000
133140  -19.956  -61.228  -11.141 0.5000000000
124673  -18.868  -60.466  -7.866 0.6000000238
10500  -20.215  -61.176  -8.715 0.6000000238
11286  -19.407  -60.046  -7.636 0.6000000238
7574  -35.098  -65.826  -21.183 0.3000000119
6168  -36.988  -67.469  -21.953 0.3000000119
6166  -34.749  -67.241  -22.178 0.3000000119
6192  -38.602  -68.203  -22.503 0.3000000119
6189  -35.600  -67.753  -22.597 0.3000000119
6838  -34.873  -66.541  -21.602 0.3000000119
129637  -25.656  -66.605  -20.295 0.4000000060
9944  -21.815  -62.245  -22.572 0.5000000000
115073  -19.524  -52.085  -18.325 0.5000000000
6810  -26.139  -66.878  -19.283 0.4000000060
6809  -26.126  -66.178  -19.716 0.5000000000
9887  -25.989  -63.213  -19.652 0.5000000000
112253  -23.164  -60.937  -18.903 0.5000000000
113351  -23.482  -61.383  -19.668 0.5000000000
11460  -21.341  -60.622  -19.545 0.5000000000
10705  -20.255  -61.366  -21.236 0.5000000000
10721  -21.731  -62.002  -21.235 0.5000000000
11487  -21.726  -60.544  -22.975 0.5000000000
124853  -36.347  -66.801  -21.665 0.3000000119
5581  -36.210  -68.497  -23.280 0.3000000119
129344  -36.229  -67.384  -22.101 0.3000000119
6190  -36.650  -67.982  -22.533 0.3000000119
6191  -37.629  -68.003  -22.602 0.3000000119
2503  -25.489  -73.918  -22.021 0.6000000238
3042  -28.308  -72.990  -24.679 0.5000000000
3611  -27.885  -72.677  -24.816 0.5000000000
4090  -24.939  -71.847  -23.719 0.5000000000
4098  -24.485  -71.532  -24.102 0.6000000238
4111  -28.835  -72.404  -24.657 0.5000000000
4590  -23.860  -70.153  -23.393 0.6999999881
4591  -27.333  -70.145  -23.082 0.6000000238
4601  -23.619  -70.167  -24.633 0.6999999881
4602  -23.959  -70.726  -24.231 0.6999999881
4605  -27.745  -71.086  -23.677 0.5000000000
4623  -23.963  -69.920  -25.415 0.6999999881
5040  -25.655  -69.836  -20.363 0.5000000000
5041  -28.813  -68.831  -21.054 0.5000000000
5056  -27.706  -68.904  -22.147 0.5000000000
5073  -23.324  -69.559  -24.413 0.6999999881
5085  -25.316  -69.705  -24.898 0.6999999881
5087  -33.850  -69.664  -25.811 0.3000000119
5097  -23.671  -69.306  -25.281 0.6999999881
5098  -24.041  -69.413  -25.510 0.6999999881
5536  -26.728  -68.166  -18.653 0.5000000000
5561  -29.231  -68.364  -20.499 0.4000000060
5576  -23.116  -68.630  -23.375 0.6000000238
5578  -27.280  -68.620  -22.816 0.5000000000
5595  -34.419  -68.563  -23.720 0.3000000119
5606  -23.282  -69.058  -24.756 0.6999999881
5613  -31.385  -68.241  -24.733 0.3000000119
5630  -29.105  -68.631  -26.268 0.4000000060
6106  -26.652  -66.943  -16.680 0.5000000000
6119  -26.896  -67.452  -17.342 0.5000000000
6151  -24.938  -67.449  -21.167 0.5000000000
6154  -30.011  -67.354  -20.046 0.4000000060
6159  -24.378  -67.771  -21.809 0.5000000000
6167  -35.573  -67.023  -21.886 0.3000000119
6179  -23.193  -67.800  -23.311 0.6000000238
6180  -23.767  -67.380  -22.518 0.6000000238
6182  -28.222  -67.729  -22.361 0.5000000000
6208  -23.467  -67.495  -24.880 0.6000000238
6214  -23.405  -68.189  -24.890 0.6999999881
6219  -27.857  -68.051  -26.148 0.4000000060
6227  -29.274  -67.875  -26.552 0.4000000060
6811  -30.705  -66.319  -19.001 0.3000000119
6812  -31.140  -66.217  -19.712 0.3000000119
6821  -25.363  -67.141  -20.540 0.4000000060
6824  -32.367  -66.146  -20.615 0.4000000060
6833  -25.347  -66.453  -21.154 0.4000000060
6834  -31.161  -66.763  -20.995 0.4000000060
6836  -32.735  -66.579  -21.275 0.4000000060
6839  -35.666  -66.358  -21.503 0.3000000119
6855  -23.282  -66.724  -24.437 0.6000000238
6875  -30.840  -66.958  -26.505 0.4000000060
6878  -33.387  -67.240  -26.838 0.4000000060
7532  -31.501  -65.235  -18.232 0.3000000119
7542  -33.176  -65.013  -19.656 0.3000000119
7550  -25.754  -65.851  -20.616 0.4000000060
7551  -26.248  -65.112  -20.150 0.5000000000
7555  -34.530  -65.314  -20.632 0.3000000119
7589  -23.046  -65.824  -24.119 0.6000000238
7591  -36.848  -65.172  -23.966 0.4000000060
7608  -29.381  -65.109  -25.945 0.5000000000
7611  -31.836  -65.272  -26.338 0.4000000060
7620  -31.392  -66.005  -26.486 0.4000000060
8301  -25.929  -64.260  -17.285 0.4000000060
8320  -26.442  -64.509  -19.343 0.5000000000
8321  -32.670  -64.520  -18.788 0.3000000119
8323  -34.451  -64.222  -19.459 0.3000000119
8357  -22.583  -64.061  -23.787 0.6000000238
8363  -32.758  -64.284  -24.206 0.5000000000
8373  -22.827  -65.026  -24.389 0.6000000238
8377  -27.338  -64.182  -24.922 0.5000000000
8379  -32.396  -64.679  -25.099 0.4000000060
8385  -27.701  -65.041  -25.023 0.5000000000
8386  -29.083  -64.344  -25.622 0.5000000000
8390  -32.115  -64.886  -25.931 0.4000000060
9063  -35.810  -63.478  -16.512 0.3000000119
9075  -33.430  -63.606  -17.328 0.3000000119
9076  -34.085  -63.242  -17.384 0.3000000119
9087  -32.813  -63.940  -17.798 0.3000000119
9090  -35.238  -62.934  -18.457 0.3000000119
9100  -33.944  -63.727  -18.694 0.3000000119
9129  -24.511  -63.594  -21.909 0.5000000000
9135  -22.312  -63.320  -23.263 0.6999999881
9139  -32.811  -63.119  -22.998 0.5000000000
9150  -32.318  -63.734  -23.629 0.5000000000
9165  -27.529  -63.303  -24.820 0.5000000000
9176  -29.455  -63.474  -25.471 0.5000000000
9857  -35.267  -62.986  -16.771 0.3000000119
9859  -36.969  -62.532  -16.776 0.3000000119
9874  -34.904  -62.836  -17.548 0.3000000119
9876  -36.295  -62.424  -17.237 0.3000000119
9889  -36.521  -62.250  -18.012 0.3000000119
9904  -25.576  -62.530  -19.301 0.5000000000
9921  -25.476  -62.645  -20.248 0.5000000000
9924  -33.170  -61.733  -21.183 0.5000000000
9936  -32.745  -62.235  -21.742 0.5000000000
9950  -32.322  -62.755  -22.377 0.5000000000
9965  -22.320  -62.788  -23.398 0.6000000238
9976  -22.464  -63.242  -23.705 0.6999999881
10542  -19.333  -61.501  -10.144 0.6000000238
10543  -21.055  -61.218  -10.200 0.6000000238
10675  -25.178  -61.947  -18.813 0.5000000000
10709  -29.772  -61.443  -19.982 0.6000000238
10713  -33.699  -61.393  -20.586 0.4000000060
10722  -22.709  -62.260  -20.952 0.5000000000
10727  -35.569  -61.771  -21.211 0.5000000000
10730  -20.386  -60.895  -22.216 0.5000000000
10731  -20.705  -61.386  -22.469 0.5000000000
10746  -21.971  -61.998  -22.926 0.5000000000
10762  -29.125  -61.756  -24.463 0.5000000000
11287  -20.276  -60.209  -7.737 0.6000000238
11288  -21.122  -60.324  -7.935 0.6000000238
11303  -19.613  -60.713  -8.143 0.6000000238
11305  -21.227  -60.805  -8.679 0.6000000238
11306  -22.234  -60.378  -9.061 0.6000000238
11312  -21.611  -60.885  -9.661 0.6000000238
11313  -22.855  -60.097  -9.759 0.6000000238
11320  -20.820  -61.115  -10.937 0.5000000000
11322  -22.714  -60.363  -10.567 0.6999999881
11344  -20.515  -61.161  -11.774 0.5000000000
11364  -20.035  -60.735  -12.403 0.6000000238
11366  -22.037  -60.578  -12.389 0.6999999881
11381  -22.366  -59.979  -13.024 0.6999999881
11399  -29.628  -60.393  -16.930 0.5000000000
11419  -28.295  -60.390  -17.554 0.5000000000
11422  -31.754  -60.213  -17.283 0.6000000238
11424  -33.040  -59.911  -17.786 0.6000000238
11442  -27.924  -60.312  -18.769 0.5000000000
11443  -28.504  -60.490  -18.350 0.5000000000
11444  -29.881  -60.731  -17.807 0.5000000000
11447  -34.221  -60.161  -18.668 0.4000000060
11464  -34.687  -60.437  -19.454 0.5000000000
11474  -28.955  -61.007  -19.852 0.6000000238
11475  -35.125  -60.714  -19.954 0.5000000000
11509  -28.021  -60.311  -23.895 0.6000000238
12072  -19.136  -59.265  -7.533 0.6000000238
12073  -19.993  -59.517  -7.471 0.6000000238
12075  -21.650  -59.777  -7.925 0.6000000238
12089  -22.316  -59.797  -8.388 0.6000000238
12091  -23.208  -59.125  -8.988 0.6000000238
12098  -23.283  -59.417  -9.604 0.6000000238
12118  -23.062  -59.878  -11.280 0.6000000238
12135  -21.152  -59.820  -13.902 0.5000000000
12136  -21.978  -59.630  -13.759 0.6000000238
12151  -22.235  -59.069  -14.076 0.6000000238
12162  -29.343  -59.357  -15.557 0.5000000000
12169  -26.615  -59.316  -16.798 0.6000000238
12172  -29.906  -59.894  -16.044 0.5000000000
12188  -27.590  -60.211  -17.363 0.6000000238
12189  -31.834  -59.516  -16.883 0.4000000060
12199  -34.734  -59.414  -18.868 0.4000000060
12219  -26.542  -58.812  -20.666 0.6000000238
12220  -27.098  -59.248  -20.794 0.6000000238
12222  -35.749  -59.501  -20.067 0.4000000060
12233  -27.795  -59.690  -22.240 0.6000000238
12245  -20.648  -60.340  -22.323 0.5000000000
12246  -21.359  -60.020  -22.481 0.5000000000
12249  -24.514  -58.595  -22.663 0.6999999881
12251  -27.229  -58.436  -22.984 0.6000000238
12268  -27.329  -58.954  -23.522 0.6000000238
12845  -18.898  -58.441  -7.518 0.5000000000
12847  -20.561  -58.915  -7.524 0.5000000000
12848  -21.314  -59.069  -7.731 0.5000000000
12861  -22.723  -59.122  -8.533 0.6000000238
12870  -23.539  -58.700  -9.344 0.6000000238
12871  -23.878  -58.139  -9.666 0.6000000238
12891  -22.913  -59.561  -12.723 0.6999999881
12901  -22.564  -58.498  -13.663 0.6999999881
12921  -20.915  -58.773  -14.921 0.5000000000
12922  -21.298  -57.957  -14.930 0.5000000000
12947  -29.667  -58.699  -15.195 0.5000000000
12958  -26.867  -58.780  -16.319 0.6000000238
12972  -24.850  -58.339  -17.697 0.6000000238
13006  -24.300  -57.191  -20.616 0.6000000238
13045  -22.940  -58.323  -22.013 0.6000000238
13047  -24.936  -57.454  -22.559 0.6999999881
13049  -26.550  -57.855  -22.822 0.6999999881
13050  -26.859  -58.013  -22.753 0.6000000238
13057  -26.569  -58.298  -23.206 0.6000000238
13662  -19.513  -57.862  -7.584 0.5000000000
13663  -20.338  -58.142  -7.600 0.5000000000
13677  -20.980  -57.830  -7.889 0.5000000000
13678  -22.719  -57.459  -8.448 0.6000000238
13697  -24.036  -58.196  -10.453 0.6000000238
13710  -24.377  -57.545  -10.758 0.6000000238
13718  -23.511  -57.706  -12.368 0.6000000238
13728  -22.467  -57.466  -13.836 0.6999999881
13729  -23.202  -57.101  -13.259 0.6000000238
13759  -20.711  -57.289  -15.271 0.5000000000
13760  -27.102  -57.563  -15.903 0.6000000238
13775  -26.571  -57.955  -16.316 0.6000000238
13787  -24.974  -57.893  -17.163 0.6000000238
13801  -23.973  -57.450  -18.830 0.6000000238
13816  -33.951  -58.009  -18.881 0.5000000000
13835  -25.004  -56.675  -21.524 0.6999999881
13838  -34.181  -57.558  -20.327 0.4000000060
13866  -25.342  -56.738  -22.264 0.6999999881
13867  -26.079  -57.218  -22.465 0.6999999881
13868  -26.601  -57.572  -22.391 0.6999999881
14541  -19.667  -56.570  -8.453 0.4000000060
14542  -21.320  -56.629  -8.524 0.6000000238
14543  -23.168  -56.731  -8.659 0.6000000238
14544  -23.883  -56.767  -8.982 0.6000000238
14563  -19.237  -55.828  -8.970 0.4000000060
14567  -25.268  -56.152  -9.554 0.6999999881
14582  -24.973  -56.851  -10.197 0.6000000238
14583  -25.648  -56.285  -10.128 0.6999999881
14597  -24.107  -57.367  -11.755 0.6000000238
14625  -22.131  -56.013  -14.132 0.6999999881
14626  -28.983  -56.866  -14.603 0.5000000000
14658  -26.184  -57.195  -16.538 0.6000000238
14666  -23.470  -56.331  -18.228 0.6000000238
14668  -25.003  -56.609  -17.223 0.6000000238
14669  -25.874  -56.466  -16.840 0.6000000238
14730  -23.868  -56.222  -21.702 0.6000000238
15400  -22.785  -56.088  -8.766 0.6000000238
15412  -17.150  -55.448  -9.972 0.5000000000
15413  -17.982  -55.419  -9.849 0.5000000000
15415  -19.725  -55.525  -9.626 0.5000000000
15416  -20.638  -55.505  -9.598 0.5000000000
15417  -22.079  -55.755  -8.892 0.6000000238
15419  -23.894  -55.373  -9.168 0.6999999881
15421  -25.982  -55.743  -9.930 0.6999999881
15434  -19.346  -55.212  -10.179 0.4000000060
15445  -25.909  -55.992  -11.425 0.6999999881
15451  -24.837  -55.762  -12.712 0.6000000238
15452  -25.618  -55.778  -12.148 0.6000000238
15453  -26.399  -55.391  -11.898 0.6999999881
15455  -22.781  -55.807  -13.816 0.6000000238
15456  -23.477  -55.581  -13.502 0.6000000238
15457  -24.165  -55.434  -13.275 0.6000000238
15461  -21.762  -55.527  -14.578 0.6999999881
15473  -19.860  -55.856  -16.050 0.6000000238
15474  -20.603  -55.774  -15.495 0.5000000000
15475  -21.242  -55.693  -15.079 0.6000000238
15476  -27.505  -56.058  -15.761 0.6000000238
15506  -25.676  -55.704  -17.471 0.6000000238
15527  -23.309  -55.452  -18.399 0.6000000238
15528  -23.976  -55.284  -17.883 0.6999999881
16224  -21.906  -54.303  -10.157 0.5000000000
16241  -21.304  -53.944  -10.449 0.5000000000
16243  -26.643  -54.842  -10.601 0.6000000238
16244  -27.082  -54.490  -10.869 0.6999999881
16257  -19.292  -54.002  -11.207 0.4000000060
16258  -26.899  -55.025  -11.200 0.6999999881
16272  -27.039  -54.739  -11.974 0.6999999881
16281  -26.641  -54.075  -12.772 0.6999999881
16287  -22.023  -54.966  -14.703 0.6999999881
16300  -20.869  -54.416  -15.620 0.6000000238
16302  -22.025  -54.533  -15.105 0.6000000238
16355  -26.440  -53.833  -18.729 0.6000000238
17081  -23.611  -53.920  -9.749 0.6999999881
17084  -26.420  -54.186  -10.436 0.6000000238
17088  -19.985  -53.617  -10.836 0.5000000000
17089  -20.729  -53.399  -10.676 0.5000000000
17100  -18.664  -53.492  -11.485 0.4000000060
17102  -20.258  -52.843  -10.970 0.5000000000
17115  -27.369  -53.506  -12.642 0.6999999881
17126  -24.771  -53.722  -13.577 0.6000000238
17127  -25.694  -53.480  -13.444 0.6000000238
17128  -26.632  -53.219  -13.407 0.6999999881
17134  -23.016  -53.930  -14.714 0.6999999881
17135  -24.228  -53.318  -13.998 0.6000000238
17150  -22.390  -54.117  -15.300 0.6999999881
17152  -24.237  -53.005  -15.260 0.6000000238
17168  -18.468  -53.255  -17.131 0.5000000000
17169  -19.543  -53.420  -16.824 0.5000000000
17170  -20.437  -53.226  -16.645 0.6000000238
17171  -21.223  -53.218  -16.414 0.6000000238
17173  -23.253  -53.386  -16.227 0.6999999881
17176  -28.373  -53.384  -15.989 0.6000000238
17184  -19.010  -52.692  -17.670 0.6000000238
17930  -23.721  -51.900  -10.505 0.6000000238
17931  -25.197  -52.499  -10.368 0.5000000000
17932  -26.167  -52.418  -10.365 0.5000000000
17934  -27.523  -52.871  -11.118 0.6000000238
17940  -20.653  -52.013  -10.932 0.4000000060
17974  -25.695  -51.745  -14.018 0.5000000000
18016  -24.301  -52.162  -18.169 0.6000000238
18024  -19.275  -51.933  -18.984 0.6000000238
18026  -20.555  -51.143  -19.143 0.6000000238
18028  -27.332  -51.800  -19.072 0.6000000238
18032  -20.204  -51.725  -19.299 0.6000000238
18034  -21.579  -51.860  -19.587 0.6000000238
18037  -24.617  -51.657  -20.777 0.5000000000
18044  -23.576  -50.895  -20.328 0.6000000238
18045  -24.089  -50.934  -21.006 0.6000000238
18047  -25.599  -51.390  -20.612 0.6000000238
18809  -27.383  -51.462  -10.571 0.5000000000
18816  -20.069  -51.417  -11.426 0.3000000119
18820  -28.253  -51.493  -11.639 0.5000000000
18840  -27.702  -50.983  -13.377 0.5000000000
18841  -28.294  -51.057  -12.950 0.5000000000
18850  -25.869  -50.925  -14.337 0.5000000000
18860  -25.244  -50.953  -15.731 0.5000000000
18880  -25.506  -50.927  -18.727 0.6000000238
18881  -27.797  -51.385  -18.261 0.6000000238
18888  -21.216  -51.034  -19.126 0.6000000238
18889  -22.137  -51.232  -19.129 0.6000000238
18894  -27.729  -50.525  -18.189 0.5000000000
18898  -21.738  -51.401  -19.313 0.6000000238
18899  -24.302  -50.665  -20.560 0.6000000238
18901  -26.193  -51.289  -20.210 0.6000000238
18902  -26.890  -51.232  -19.541 0.6000000238
19706  -22.977  -50.822  -10.926 0.4000000060
19707  -24.486  -50.465  -10.559 0.5000000000
19712  -28.193  -50.887  -11.189 0.5000000000
19722  -22.376  -50.378  -11.283 0.4000000060
19740  -28.771  -50.245  -12.604 0.5000000000
19752  -27.163  -50.115  -13.919 0.5000000000
19760  -16.582  -50.006  -15.096 0.3000000119
19774  -25.543  -50.405  -15.211 0.5000000000
19784  -26.401  -49.825  -16.221 0.5000000000
19791  -26.796  -50.263  -18.369 0.6999999881
19801  -26.351  -50.422  -19.048 0.6999999881
19813  -25.781  -50.725  -19.742 0.6000000238
20678  -28.360  -50.133  -11.052 0.4000000060
20703  -24.243  -49.075  -11.081 0.4000000060
20721  -20.597  -49.570  -12.627 0.3000000119
20725  -29.553  -48.442  -12.238 0.4000000060
20771  -26.709  -49.452  -15.537 0.5000000000
20782  -28.613  -49.381  -16.564 0.5000000000
20789  -28.253  -49.699  -17.068 0.5000000000
21655  -27.041  -48.936  -10.611 0.4000000060
21676  -22.906  -48.900  -11.782 0.3000000119
21679  -25.375  -48.242  -11.139 0.4000000060
21681  -29.510  -48.071  -11.707 0.4000000060
21696  -22.477  -48.570  -12.380 0.3000000119
21713  -20.797  -48.707  -13.798 0.3000000119
21715  -22.066  -48.158  -13.004 0.3000000119
21728  -19.686  -48.589  -15.255 0.3000000119
21746  -17.564  -48.395  -16.035 0.4000000060
21758  -19.188  -47.681  -16.272 0.4000000060
22600  -26.188  -47.149  -11.093 0.3000000119
22601  -28.827  -47.808  -11.168 0.4000000060
22621  -30.442  -46.748  -13.344 0.4000000060
22651  -22.046  -47.052  -14.120 0.3000000119
22664  -21.488  -47.460  -15.841 0.3000000119
23459  -26.926  -46.834  -11.026 0.3000000119
23461  -28.501  -46.386  -10.623 0.4000000060
23480  -29.887  -46.636  -11.043 0.4000000060
23482  -31.126  -46.052  -11.669 0.4000000060
23483  -31.941  -46.165  -11.687 0.4000000060
23500  -23.027  -47.128  -12.581 0.3000000119
23536  -18.286  -46.708  -16.099 0.3000000119
23539  -21.470  -46.781  -16.968 0.4000000060
23544  -19.921  -45.906  -17.335 0.4000000060
24407  -18.699  -45.733  -14.609 0.3000000119
24410  -22.851  -45.667  -13.938 0.3000000119
24412  -24.009  -45.136  -12.891 0.3000000119
24419  -17.792  -46.227  -14.827 0.3000000119
24420  -18.825  -45.535  -15.190 0.3000000119
24430  -23.061  -45.481  -16.645 0.3000000119
24450  -22.205  -45.475  -18.218 0.4000000060
25292  -23.997  -44.485  -13.562 0.3000000119
25313  -20.704  -44.334  -17.143 0.4000000060
25314  -23.456  -45.443  -17.531 0.3000000119
25321  -21.144  -44.612  -17.561 0.4000000060
25336  -21.877  -44.516  -17.959 0.4000000060
26226  -20.847  -43.928  -16.057 0.3000000119
110704  -23.194  -55.884  -21.453 0.6000000238
111054  -19.828  -45.395  -17.047 0.3000000119
111817  -18.670  -46.750  -16.489 0.4000000060
111922  -29.996  -67.209  -20.869 0.4000000060
112156  -27.824  -52.953  -12.384 0.6000000238
112786  -19.378  -61.388  -8.704 0.6000000238
114404  -23.600  -53.605  -14.241 0.6999999881
114646  -26.838  -59.689  -18.677 0.6000000238
114823  -21.743  -57.455  -8.219 0.6000000238
115677  -34.042  -66.809  -21.748 0.3000000119
115699  -28.051  -47.941  -10.844 0.4000000060
116533  -21.239  -42.779  -16.656 0.3000000119
116807  -18.751  -49.342  -14.793 0.4000000060
116949  -27.149  -59.786  -16.883 0.5000000000
117231  -25.414  -51.786  -20.708 0.6000000238
117243  -32.222  -67.403  -26.694 0.4000000060
117821  -28.315  -60.349  -20.044 0.6000000238
118137  -32.934  -68.939  -25.091 0.3000000119
118453  -26.958  -73.195  -22.408 0.5000000000
118607  -23.637  -58.611  -11.944 0.6000000238
119357  -28.049  -49.268  -10.700 0.4000000060
120226  -19.968  -52.359  -19.419 0.5000000000
120283  -37.564  -63.283  -23.783 0.4000000060
121081  -22.448  -55.762  -21.052 0.6000000238
121084  -29.921  -63.071  -25.315 0.5000000000
121310  -32.189  -68.647  -26.185 0.4000000060
121550  -26.505  -55.151  -17.618 0.6000000238
122070  -16.870  -57.203  -7.769 0.5000000000
122135  -22.190  -51.961  -10.730 0.4000000060
122164  -32.199  -46.465  -12.315 0.4000000060
123104  -29.566  -68.819  -26.094 0.4000000060
123317  -21.434  -55.401  -9.459 0.6000000238
123377  -18.636  -47.280  -16.351 0.4000000060
123826  -21.587  -58.380  -7.943 0.5000000000
124138  -24.644  -51.822  -10.411 0.5000000000
124710  -27.254  -62.466  -24.396 0.5000000000
124882  -25.114  -54.661  -9.606 0.6000000238
125656  -30.368  -60.551  -17.287 0.5000000000
125820  -22.147  -51.662  -19.560 0.6000000238
125847  -21.278  -61.830  -22.474 0.5000000000
126469  -17.347  -46.578  -15.226 0.3000000119
126784  -32.708  -60.661  -18.680 0.6000000238
127469  -23.412  -68.723  -24.975 0.6999999881
127521  -33.692  -59.883  -18.060 0.4000000060
127911  -23.246  -46.034  -13.334 0.3000000119
128431  -21.849  -57.477  -14.455 0.6999999881
128469  -21.360  -47.267  -16.479 0.4000000060
129158  -28.085  -51.697  -13.143 0.5000000000
129210  -25.743  -66.912  -19.864 0.4000000060
129673  -26.197  -59.396  -18.161 0.6000000238
129929  -26.801  -66.619  -25.702 0.5000000000
130033  -19.788  -61.442  -9.417 0.6000000238
130338  -35.027  -62.777  -17.017 0.3000000119
130341  -20.715  -61.893  -22.034 0.5000000000
130755  -19.710  -54.324  -16.394 0.6000000238
130952  -29.086  -73.748  -23.493 0.5000000000
130996  -28.057  -60.400  -16.995 0.5000000000
131227  -24.619  -72.158  -20.775 0.5000000000
131545  -25.723  -56.695  -21.917 0.6999999881
131588  -19.760  -54.276  -10.723 0.5000000000
131600  -29.114  -60.825  -19.227 0.6000000238
131629  -26.093  -56.020  -10.602 0.6999999881
131668  -23.543  -60.492  -23.207 0.6000000238
131949  -32.848  -59.464  -17.515 0.6000000238
132097  -20.820  -56.324  -8.759 0.5000000000
132142  -26.256  -57.084  -21.990 0.6999999881
132278  -27.660  -59.633  -23.597 0.6000000238
132399  -23.654  -58.038  -9.126 0.6000000238
132645  -29.026  -62.970  -25.459 0.5000000000
132720  -28.731  -56.156  -14.884 0.6000000238
133099  -22.803  -46.138  -13.729 0.3000000119
133111  -36.143  -66.253  -21.472 0.3000000119
133248  -22.383  -63.216  -23.499 0.6000000238
133280  -19.883  -46.505  -17.116 0.4000000060
133385  -23.498  -51.200  -10.707 0.4000000060
133456  -24.475  -56.282  -12.369 0.6000000238
133535  -22.417  -46.010  -17.937 0.3000000119
134215  -26.416  -69.156  -19.469 0.5000000000
