#!ascii label  , from subject sub-003S6257 vox2ras=TkReg
557
12140  -51.766  -58.833  -13.933 0.0000000000
14711  -48.073  -56.273  -19.501 0.0000000000
13722  -47.503  -57.860  -12.231 0.0000000000
13809  -53.819  -56.826  -18.832 0.0000000000
15470  -47.491  -55.095  -14.871 0.0000000000
12865  -52.401  -57.833  -8.559 0.0000000000
15394  -44.788  -55.498  -6.621 0.0000000000
14463  -43.931  -56.339  -1.651 0.0000000000
14611  -42.808  -56.987  -12.132 0.0000000000
13765  -46.098  -57.731  -15.055 0.0000000000
16277  -43.979  -54.052  -13.188 0.0000000000
14532  -49.019  -55.919  -7.951 0.0000000000
13652  -46.473  -57.239  -6.259 0.0000000000
18671  -41.605  -52.162  -1.163 0.0000000000
17017  -40.356  -53.471  -3.894 0.0000000000
10626  -50.913  -61.734  -15.956 0.0000000000
123628  -50.789  -56.268  -20.189 0.0000000000
12214  -50.503  -59.830  -20.192 0.0000000000
12263  -49.524  -59.257  -22.829 0.0000000000
14613  -51.220  -56.600  -12.834 0.0000000000
12956  -53.490  -57.912  -15.626 0.0000000000
13790  -49.130  -57.496  -17.556 0.0000000000
15503  -49.749  -54.615  -17.559 0.0000000000
121453  -50.485  -56.309  -9.560 0.0000000000
13689  -46.166  -57.085  -9.354 0.0000000000
15422  -41.773  -55.474  -9.568 0.0000000000
12800  -46.134  -58.574  -3.798 0.0000000000
15375  -43.891  -55.719  -4.908 0.0000000000
119909  -41.397  -54.723  -6.887 0.0000000000
18799  -39.635  -51.234  -8.986 0.0000000000
11454  -51.225  -60.165  -17.954 0.0000000000
16310  -45.033  -53.804  -15.839 0.0000000000
14694  -45.635  -56.693  -18.245 0.0000000000
13037  -44.553  -58.689  -21.612 0.0000000000
15447  -41.701  -54.994  -12.021 0.0000000000
14619  -42.735  -55.664  -13.107 0.0000000000
11389  -51.803  -60.151  -15.273 0.0000000000
14726  -49.782  -56.425  -20.549 0.0000000000
13863  -50.165  -57.775  -21.723 0.0000000000
13862  -49.397  -57.897  -21.559 0.0000000000
13056  -48.334  -59.216  -22.761 0.0000000000
124566  -47.612  -58.264  -21.002 0.0000000000
13724  -49.639  -56.973  -12.656 0.0000000000
12907  -48.118  -58.344  -14.138 0.0000000000
14631  -46.321  -55.987  -14.999 0.0000000000
13777  -47.633  -57.565  -16.286 0.0000000000
14647  -47.421  -56.644  -16.105 0.0000000000
15520  -49.834  -55.261  -17.659 0.0000000000
16311  -48.702  -54.334  -15.414 0.0000000000
14590  -52.101  -56.489  -10.599 0.0000000000
14553  -51.571  -56.650  -9.135 0.0000000000
14530  -46.990  -55.651  -6.686 0.0000000000
14572  -47.049  -56.562  -8.602 0.0000000000
14547  -45.238  -56.567  -8.311 0.0000000000
117418  -43.591  -56.639  -10.094 0.0000000000
14545  -43.219  -56.006  -8.252 0.0000000000
117356  -45.116  -57.620  -2.700 0.0000000000
12798  -44.649  -57.894  -4.085 0.0000000000
14501  -43.349  -56.478  -3.491 0.0000000000
17891  -39.311  -52.020  -5.341 0.0000000000
16205  -40.567  -53.913  -5.166 0.0000000000
17908  -39.890  -53.286  -6.890 0.0000000000
17078  -40.285  -53.562  -8.197 0.0000000000
14663  -53.941  -56.890  -17.724 0.0000000000
11408  -52.388  -59.789  -16.587 0.0000000000
111603  -52.791  -58.727  -18.181 0.0000000000
124496  -48.237  -60.209  -19.170 0.0000000000
113857  -43.261  -54.074  -15.527 0.0000000000
15516  -44.778  -55.751  -16.996 0.0000000000
13844  -43.780  -57.791  -20.201 0.0000000000
12893  -44.692  -57.952  -12.618 0.0000000000
12905  -46.266  -58.512  -13.930 0.0000000000
13743  -44.516  -57.678  -13.920 0.0000000000
15468  -44.878  -56.091  -14.277 0.0000000000
16285  -45.735  -54.107  -13.449 0.0000000000
12863  -50.397  -57.027  -8.176 0.0000000000
118899  -48.146  -57.046  -7.053 0.0000000000
14523  -45.946  -55.543  -6.449 0.0000000000
16134  -42.743  -54.515  -0.874 0.0000000000
16168  -42.113  -55.110  -2.311 0.0000000000
17809  -40.869  -53.194  -1.827 0.0000000000
18722  -39.747  -51.258  -3.609 0.0000000000
111451  -39.378  -49.822  -5.092 0.0000000000
13827  -52.209  -56.589  -19.963 0.0000000000
13002  -52.593  -57.882  -20.148 0.0000000000
13021  -51.482  -58.156  -21.398 0.0000000000
11480  -50.368  -59.848  -21.908 0.0000000000
10729  -49.491  -61.482  -21.796 0.0000000000
10744  -48.926  -61.861  -22.452 0.0000000000
114766  -47.745  -61.186  -22.962 0.0000000000
11497  -46.052  -60.616  -23.344 0.0000000000
13735  -52.653  -57.164  -13.203 0.0000000000
12934  -53.011  -58.164  -14.704 0.0000000000
13769  -52.372  -57.183  -15.293 0.0000000000
13779  -51.565  -57.445  -17.660 0.0000000000
12930  -47.485  -58.477  -14.934 0.0000000000
12963  -49.640  -58.243  -16.924 0.0000000000
13792  -51.012  -57.192  -18.555 0.0000000000
13806  -51.032  -56.593  -19.227 0.0000000000
15537  -49.996  -55.223  -18.570 0.0000000000
15536  -49.587  -54.810  -18.484 0.0000000000
14615  -52.564  -56.749  -12.063 0.0000000000
14603  -51.049  -56.483  -11.538 0.0000000000
13715  -48.473  -57.402  -11.630 0.0000000000
120437  -49.649  -55.878  -8.418 0.0000000000
14586  -48.656  -56.622  -9.601 0.0000000000
117066  -46.934  -57.717  -11.371 0.0000000000
13701  -44.802  -57.235  -10.926 0.0000000000
119331  -42.040  -56.042  -11.050 0.0000000000
17096  -40.870  -53.895  -11.005 0.0000000000
12831  -46.272  -58.754  -5.441 0.0000000000
13647  -45.412  -57.026  -5.430 0.0000000000
15388  -44.770  -55.364  -5.975 0.0000000000
16200  -41.905  -55.185  -4.202 0.0000000000
115506  -42.070  -55.244  -5.616 0.0000000000
127292  -43.024  -55.591  -6.574 0.0000000000
16220  -41.463  -54.854  -8.082 0.0000000000
16228  -40.706  -53.963  -9.040 0.0000000000
11395  -52.017  -60.263  -15.762 0.0000000000
10646  -51.228  -61.173  -16.374 0.0000000000
12203  -51.259  -59.630  -18.883 0.0000000000
11430  -49.629  -60.500  -18.153 0.0000000000
17167  -49.205  -53.553  -15.780 0.0000000000
16331  -49.109  -54.029  -16.732 0.0000000000
126839  -47.753  -54.684  -17.800 0.0000000000
14677  -46.139  -55.797  -17.923 0.0000000000
14710  -47.070  -56.852  -19.067 0.0000000000
125825  -46.287  -58.067  -20.655 0.0000000000
13038  -45.410  -58.769  -21.955 0.0000000000
17116  -41.365  -53.596  -11.737 0.0000000000
129946  -41.770  -54.147  -12.190 0.0000000000
12153  -51.283  -59.655  -14.535 0.0000000000
14712  -49.162  -56.113  -19.889 0.0000000000
13848  -49.002  -57.104  -20.733 0.0000000000
13861  -48.466  -58.092  -21.285 0.0000000000
123347  -47.979  -57.606  -20.505 0.0000000000
13723  -48.575  -57.539  -12.507 0.0000000000
13731  -48.890  -57.750  -13.316 0.0000000000
12897  -47.818  -58.117  -13.234 0.0000000000
127455  -46.486  -55.143  -14.520 0.0000000000
15481  -47.117  -56.102  -15.435 0.0000000000
15482  -48.175  -55.343  -15.752 0.0000000000
12099  -53.478  -59.073  -8.904 0.0000000000
12866  -53.245  -58.230  -8.781 0.0000000000
14554  -52.711  -56.932  -9.385 0.0000000000
13681  -52.589  -57.215  -8.930 0.0000000000
15390  -45.990  -55.497  -6.773 0.0000000000
112838  -46.202  -55.870  -7.444 0.0000000000
14529  -45.117  -56.036  -7.421 0.0000000000
14546  -44.249  -56.408  -8.278 0.0000000000
14528  -44.162  -56.008  -7.476 0.0000000000
15337  -44.128  -55.821  -1.010 0.0000000000
14451  -44.989  -55.861  -0.852 0.0000000000
14464  -44.685  -56.396  -1.378 0.0000000000
13588  -45.137  -57.001  -1.942 0.0000000000
14486  -44.413  -56.744  -1.969 0.0000000000
13605  -44.448  -57.219  -2.580 0.0000000000
15353  -43.350  -56.194  -2.100 0.0000000000
18759  -39.206  -51.269  -5.560 0.0000000000
17058  -39.569  -52.798  -6.007 0.0000000000
17907  -39.464  -52.374  -7.030 0.0000000000
114545  -39.164  -51.450  -6.849 0.0000000000
14680  -54.002  -56.840  -18.230 0.0000000000
12994  -53.679  -57.544  -17.860 0.0000000000
12993  -53.495  -57.639  -18.574 0.0000000000
14675  -44.311  -56.290  -17.535 0.0000000000
13804  -43.936  -57.112  -18.734 0.0000000000
13821  -43.419  -57.435  -19.485 0.0000000000
13719  -43.336  -57.280  -12.250 0.0000000000
128043  -44.325  -57.764  -13.295 0.0000000000
14620  -43.209  -56.743  -12.954 0.0000000000
16282  -43.292  -54.907  -13.277 0.0000000000
15458  -43.447  -55.850  -13.500 0.0000000000
16283  -44.135  -55.022  -13.512 0.0000000000
15460  -45.056  -55.081  -13.869 0.0000000000
16284  -44.782  -54.346  -13.422 0.0000000000
13653  -47.105  -55.816  -6.614 0.0000000000
16946  -42.761  -53.669  -0.696 0.0000000000
16945  -41.914  -53.282  -0.869 0.0000000000
120625  -41.457  -53.587  -1.538 0.0000000000
17810  -41.317  -52.745  -1.338 0.0000000000
19613  -39.488  -50.792  -4.292 0.0000000000
9847  -50.327  -62.721  -16.185 0.0000000000
14714  -51.473  -56.368  -20.098 0.0000000000
14715  -51.990  -56.721  -20.446 0.0000000000
14728  -51.326  -56.582  -20.711 0.0000000000
13042  -49.763  -58.544  -22.333 0.0000000000
13043  -50.592  -58.312  -21.843 0.0000000000
12243  -50.249  -59.106  -22.352 0.0000000000
11485  -49.744  -60.570  -22.242 0.0000000000
9928  -48.681  -62.353  -21.683 0.0000000000
13055  -47.492  -59.394  -22.766 0.0000000000
11499  -47.998  -60.601  -23.091 0.0000000000
12260  -47.309  -59.915  -23.235 0.0000000000
11498  -47.120  -60.480  -23.129 0.0000000000
12259  -46.401  -59.818  -23.290 0.0000000000
110793  -52.545  -56.797  -12.933 0.0000000000
14623  -52.618  -57.014  -13.634 0.0000000000
13780  -52.789  -57.083  -16.639 0.0000000000
13768  -51.684  -57.374  -16.065 0.0000000000
12928  -45.759  -58.228  -14.404 0.0000000000
12929  -46.568  -58.349  -14.616 0.0000000000
12950  -46.905  -58.112  -15.210 0.0000000000
12961  -48.158  -58.245  -16.302 0.0000000000
12977  -49.346  -58.025  -17.349 0.0000000000
12978  -50.219  -57.961  -17.738 0.0000000000
13791  -50.022  -57.410  -18.376 0.0000000000
15502  -49.446  -54.975  -16.968 0.0000000000
15521  -50.142  -55.020  -18.103 0.0000000000
16361  -49.999  -54.513  -18.011 0.0000000000
14589  -51.330  -56.352  -10.039 0.0000000000
123963  -51.539  -56.398  -10.855 0.0000000000
129526  -50.715  -56.430  -10.654 0.0000000000
14602  -49.952  -56.638  -11.569 0.0000000000
14587  -49.143  -56.691  -10.192 0.0000000000
13666  -49.654  -56.073  -7.935 0.0000000000
13667  -50.009  -56.105  -8.298 0.0000000000
14550  -49.259  -55.894  -8.173 0.0000000000
14573  -47.989  -56.441  -8.920 0.0000000000
13690  -46.956  -57.210  -9.587 0.0000000000
13703  -47.611  -57.308  -10.231 0.0000000000
128325  -46.558  -57.514  -10.585 0.0000000000
13702  -45.680  -57.510  -10.793 0.0000000000
13688  -45.434  -57.240  -10.102 0.0000000000
126574  -42.954  -56.391  -9.690 0.0000000000
14584  -42.576  -56.371  -10.480 0.0000000000
15437  -41.868  -55.730  -10.399 0.0000000000
15436  -41.570  -55.372  -11.231 0.0000000000
16246  -41.278  -54.824  -10.443 0.0000000000
115815  -45.993  -58.552  -4.727 0.0000000000
13640  -43.812  -56.630  -4.213 0.0000000000
13642  -44.947  -57.724  -4.757 0.0000000000
14512  -44.442  -56.180  -4.930 0.0000000000
15383  -44.571  -55.603  -5.536 0.0000000000
129635  -41.137  -54.140  -3.086 0.0000000000
16186  -41.884  -55.203  -3.373 0.0000000000
16185  -41.476  -54.618  -3.606 0.0000000000
16210  -40.631  -54.065  -5.864 0.0000000000
16206  -41.227  -54.584  -5.221 0.0000000000
16211  -41.366  -54.640  -6.175 0.0000000000
15386  -43.022  -55.476  -5.886 0.0000000000
16212  -42.155  -55.276  -6.533 0.0000000000
15392  -42.550  -55.476  -7.233 0.0000000000
16215  -41.059  -54.553  -7.522 0.0000000000
17920  -39.631  -52.248  -8.863 0.0000000000
17921  -39.966  -53.157  -8.995 0.0000000000
131900  -39.928  -52.611  -9.546 0.0000000000
17085  -40.347  -53.247  -9.747 0.0000000000
12955  -53.155  -58.354  -15.304 0.0000000000
12165  -52.319  -59.613  -15.365 0.0000000000
12166  -52.665  -59.241  -15.685 0.0000000000
11455  -51.719  -60.114  -17.442 0.0000000000
11433  -51.799  -60.408  -16.769 0.0000000000
11432  -51.213  -60.767  -17.103 0.0000000000
10669  -50.673  -61.587  -16.942 0.0000000000
11431  -50.574  -60.827  -17.652 0.0000000000
12228  -51.833  -58.486  -20.597 0.0000000000
12216  -51.944  -58.779  -19.498 0.0000000000
12215  -51.256  -59.372  -19.975 0.0000000000
11451  -47.389  -60.347  -18.644 0.0000000000
11452  -49.027  -60.052  -19.035 0.0000000000
16299  -48.796  -53.511  -15.420 0.0000000000
17147  -48.632  -52.896  -15.208 0.0000000000
16330  -47.737  -54.244  -17.076 0.0000000000
15519  -48.761  -54.386  -17.599 0.0000000000
14676  -45.221  -56.196  -17.624 0.0000000000
15517  -45.751  -55.498  -17.179 0.0000000000
14695  -46.603  -56.306  -18.492 0.0000000000
14709  -46.003  -56.967  -19.064 0.0000000000
13824  -46.399  -57.526  -19.802 0.0000000000
13823  -45.540  -57.451  -19.618 0.0000000000
13018  -45.016  -58.262  -21.150 0.0000000000
14610  -42.536  -56.263  -12.339 0.0000000000
16274  -42.189  -54.600  -12.475 0.0000000000
120593  -42.594  -53.891  -12.654 0.0000000000
126746  -43.417  -53.576  -12.825 0.0000000000
123931  -40.998  -51.946  -1.436 0.0000000000
19564  -41.369  -50.519  -2.249 0.0000000000
11394  -51.393  -60.922  -15.664 0.0000000000
14713  -50.140  -56.010  -20.048 0.0000000000
14727  -50.475  -56.483  -20.719 0.0000000000
13849  -49.963  -57.019  -21.248 0.0000000000
12262  -48.863  -59.540  -23.193 0.0000000000
13041  -48.850  -58.614  -22.213 0.0000000000
13040  -47.753  -58.692  -21.985 0.0000000000
13020  -46.898  -58.503  -21.187 0.0000000000
13725  -50.414  -56.796  -12.986 0.0000000000
13732  -49.887  -57.338  -13.515 0.0000000000
12908  -49.184  -58.113  -14.216 0.0000000000
13764  -45.414  -56.844  -14.749 0.0000000000
13766  -46.986  -57.517  -15.616 0.0000000000
14646  -46.441  -56.834  -15.421 0.0000000000
128176  -48.164  -56.917  -16.598 0.0000000000
14662  -48.985  -56.433  -17.307 0.0000000000
14661  -48.593  -55.813  -16.559 0.0000000000
15483  -49.418  -54.448  -16.094 0.0000000000
14577  -51.885  -56.580  -9.750 0.0000000000
14576  -50.876  -56.336  -9.271 0.0000000000
14525  -47.542  -55.811  -7.229 0.0000000000
14549  -48.412  -56.096  -7.871 0.0000000000
14548  -47.040  -55.822  -7.612 0.0000000000
112549  -46.180  -56.562  -8.406 0.0000000000
14571  -45.318  -57.057  -9.255 0.0000000000
14585  -44.556  -57.068  -10.092 0.0000000000
14570  -44.391  -56.801  -9.199 0.0000000000
14569  -43.496  -56.492  -9.096 0.0000000000
15423  -42.347  -55.866  -8.917 0.0000000000
13606  -45.903  -57.515  -2.263 0.0000000000
131944  -45.591  -57.840  -2.829 0.0000000000
12817  -45.331  -58.236  -4.394 0.0000000000
13624  -44.546  -57.639  -3.353 0.0000000000
13623  -43.967  -57.066  -3.333 0.0000000000
15374  -43.079  -56.080  -4.282 0.0000000000
17868  -39.993  -52.868  -4.160 0.0000000000
16198  -40.729  -54.049  -4.506 0.0000000000
17059  -40.067  -53.434  -5.483 0.0000000000
17066  -40.079  -53.589  -6.228 0.0000000000
124246  -40.605  -54.092  -6.837 0.0000000000
125482  -40.548  -54.083  -7.648 0.0000000000
17913  -39.814  -53.020  -7.663 0.0000000000
17912  -39.504  -52.326  -7.971 0.0000000000
18793  -39.425  -51.556  -8.245 0.0000000000
12965  -53.634  -57.773  -16.366 0.0000000000
121134  -53.426  -58.349  -16.508 0.0000000000
12205  -53.073  -58.581  -17.290 0.0000000000
12191  -52.297  -59.588  -17.394 0.0000000000
12204  -52.037  -59.369  -18.347 0.0000000000
12201  -49.767  -60.022  -19.518 0.0000000000
16327  -43.719  -54.570  -16.080 0.0000000000
15499  -44.227  -55.115  -16.602 0.0000000000
16328  -44.656  -54.440  -16.221 0.0000000000
14693  -44.687  -56.860  -18.087 0.0000000000
13822  -44.288  -57.514  -19.599 0.0000000000
13017  -44.137  -58.236  -20.885 0.0000000000
13721  -46.303  -58.205  -12.390 0.0000000000
12896  -46.822  -58.417  -13.184 0.0000000000
12894  -45.445  -58.355  -12.980 0.0000000000
12904  -45.516  -58.396  -13.782 0.0000000000
13744  -44.887  -57.519  -14.400 0.0000000000
14621  -43.741  -56.597  -13.690 0.0000000000
14630  -44.339  -56.903  -14.268 0.0000000000
15469  -45.647  -55.591  -14.469 0.0000000000
16296  -46.060  -54.681  -14.068 0.0000000000
12864  -51.354  -57.637  -8.348 0.0000000000
13665  -48.814  -56.558  -7.606 0.0000000000
14531  -47.883  -56.025  -7.432 0.0000000000
134059  -47.274  -55.288  -6.888 0.0000000000
14524  -46.673  -55.362  -6.740 0.0000000000
16135  -43.283  -54.333  -0.615 0.0000000000
15335  -42.721  -55.194  -1.424 0.0000000000
15352  -42.788  -55.723  -2.201 0.0000000000
16153  -42.260  -54.640  -1.540 0.0000000000
16993  -41.040  -53.809  -2.321 0.0000000000
17018  -40.612  -53.564  -3.075 0.0000000000
18670  -40.560  -51.660  -2.140 0.0000000000
128055  -40.196  -52.232  -2.609 0.0000000000
17846  -40.043  -52.763  -3.290 0.0000000000
124503  -39.409  -51.972  -4.666 0.0000000000
126124  -39.299  -51.359  -4.858 0.0000000000
19657  -39.160  -50.674  -5.814 0.0000000000
13808  -53.027  -56.766  -19.533 0.0000000000
13003  -53.188  -57.309  -19.513 0.0000000000
13828  -52.496  -57.188  -20.231 0.0000000000
13022  -52.266  -57.752  -20.847 0.0000000000
12227  -50.973  -59.275  -21.076 0.0000000000
12225  -49.681  -60.884  -20.948 0.0000000000
11500  -48.718  -60.371  -23.242 0.0000000000
10743  -48.320  -61.668  -22.925 0.0000000000
10742  -47.837  -62.294  -22.740 0.0000000000
118077  -46.845  -62.117  -22.620 0.0000000000
12910  -52.319  -58.041  -13.359 0.0000000000
12933  -52.611  -58.480  -14.321 0.0000000000
12911  -52.688  -57.731  -13.910 0.0000000000
12912  -52.964  -58.081  -14.643 0.0000000000
13771  -53.198  -57.681  -15.361 0.0000000000
14648  -52.436  -57.286  -14.986 0.0000000000
13770  -53.036  -57.309  -15.757 0.0000000000
13781  -53.632  -56.939  -17.120 0.0000000000
125445  -53.149  -56.642  -17.843 0.0000000000
12906  -47.126  -58.573  -14.051 0.0000000000
12951  -47.477  -58.173  -15.692 0.0000000000
12952  -48.698  -58.507  -15.818 0.0000000000
12954  -50.486  -58.152  -16.858 0.0000000000
129008  -52.354  -56.648  -18.519 0.0000000000
117841  -52.190  -56.487  -19.351 0.0000000000
13807  -51.552  -56.390  -19.765 0.0000000000
14698  -50.526  -56.141  -19.582 0.0000000000
14678  -49.751  -56.529  -18.212 0.0000000000
14679  -50.316  -55.915  -18.892 0.0000000000
15547  -49.843  -55.451  -19.262 0.0000000000
14697  -48.854  -55.384  -19.091 0.0000000000
12900  -52.642  -57.278  -12.839 0.0000000000
13727  -52.776  -56.966  -12.420 0.0000000000
14614  -52.060  -56.499  -12.475 0.0000000000
14605  -52.551  -56.772  -11.180 0.0000000000
14604  -51.903  -56.382  -11.504 0.0000000000
14612  -50.573  -56.636  -12.361 0.0000000000
13716  -49.166  -57.204  -11.872 0.0000000000
13680  -51.228  -56.805  -8.673 0.0000000000
14552  -50.388  -56.232  -8.795 0.0000000000
112897  -49.636  -56.183  -9.209 0.0000000000
116136  -48.664  -56.000  -8.142 0.0000000000
14574  -49.087  -56.044  -8.499 0.0000000000
13704  -48.467  -57.078  -10.683 0.0000000000
13714  -47.767  -57.455  -11.266 0.0000000000
13713  -46.001  -57.842  -11.492 0.0000000000
13712  -45.115  -57.676  -11.656 0.0000000000
13699  -43.172  -57.161  -11.604 0.0000000000
133661  -43.092  -56.800  -10.921 0.0000000000
14600  -42.557  -56.587  -11.456 0.0000000000
16260  -41.310  -54.495  -11.471 0.0000000000
12830  -45.631  -58.122  -5.291 0.0000000000
12833  -45.853  -57.642  -5.830 0.0000000000
14517  -45.712  -55.932  -5.956 0.0000000000
14522  -45.319  -55.428  -5.968 0.0000000000
15363  -42.431  -55.687  -3.080 0.0000000000
15373  -42.451  -55.614  -4.084 0.0000000000
118197  -43.135  -55.579  -4.876 0.0000000000
16199  -41.398  -54.608  -4.356 0.0000000000
16207  -41.952  -55.234  -4.867 0.0000000000
15381  -42.871  -55.446  -5.162 0.0000000000
15382  -43.833  -55.532  -5.483 0.0000000000
15387  -43.914  -55.481  -6.197 0.0000000000
15393  -43.487  -55.753  -7.111 0.0000000000
15404  -42.782  -55.585  -7.783 0.0000000000
124388  -42.444  -55.583  -8.293 0.0000000000
15403  -41.742  -55.306  -8.680 0.0000000000
16219  -40.785  -54.358  -8.200 0.0000000000
113831  -41.179  -54.674  -8.688 0.0000000000
16229  -41.257  -54.717  -9.400 0.0000000000
16245  -40.902  -53.948  -10.014 0.0000000000
17095  -40.583  -53.192  -10.577 0.0000000000
12154  -52.236  -59.342  -14.771 0.0000000000
10627  -51.493  -60.952  -15.954 0.0000000000
11396  -52.381  -59.889  -16.066 0.0000000000
11407  -51.884  -60.481  -16.186 0.0000000000
10645  -50.661  -61.982  -16.399 0.0000000000
10644  -50.198  -62.481  -16.762 0.0000000000
12992  -52.807  -58.239  -19.157 0.0000000000
128770  -49.838  -60.049  -18.840 0.0000000000
11453  -50.489  -60.168  -18.460 0.0000000000
17118  -43.093  -52.994  -12.480 0.0000000000
17130  -44.968  -53.588  -13.132 0.0000000000
123932  -46.552  -54.091  -13.771 0.0000000000
16298  -47.927  -53.981  -14.758 0.0000000000
16312  -49.485  -53.842  -15.806 0.0000000000
112471  -49.635  -53.865  -16.029 0.0000000000
17180  -49.426  -53.591  -16.060 0.0000000000
16346  -49.495  -54.505  -17.452 0.0000000000
16360  -49.535  -54.395  -17.997 0.0000000000
15535  -48.524  -54.835  -18.315 0.0000000000
14696  -47.673  -55.847  -18.750 0.0000000000
15500  -45.259  -55.061  -16.589 0.0000000000
15501  -46.346  -54.689  -16.796 0.0000000000
15518  -46.781  -55.079  -17.483 0.0000000000
15534  -47.205  -55.432  -18.119 0.0000000000
13825  -47.482  -57.252  -19.795 0.0000000000
13847  -47.077  -57.885  -20.447 0.0000000000
13039  -46.774  -58.928  -22.165 0.0000000000
13019  -45.966  -58.457  -21.424 0.0000000000
118969  -46.102  -58.957  -22.284 0.0000000000
12241  -45.826  -59.303  -22.735 0.0000000000
9963  -47.964  -63.132  -22.186 0.0000000000
10718  -49.209  -61.671  -21.241 0.0000000000
12155  -52.692  -58.832  -15.075 0.0000000000
12176  -52.838  -59.103  -16.273 0.0000000000
12202  -50.517  -59.844  -19.251 0.0000000000
12242  -46.644  -59.373  -22.887 0.0000000000
12244  -50.798  -58.940  -21.786 0.0000000000
12261  -48.106  -59.878  -23.177 0.0000000000
12799  -45.272  -58.077  -3.457 0.0000000000
12895  -46.041  -58.471  -13.270 0.0000000000
12903  -44.870  -58.164  -13.520 0.0000000000
12927  -45.045  -58.140  -14.216 0.0000000000
12931  -48.430  -58.501  -15.009 0.0000000000
12935  -53.236  -57.931  -15.006 0.0000000000
12962  -48.952  -58.354  -16.559 0.0000000000
12964  -53.318  -58.470  -15.898 0.0000000000
12976  -48.701  -58.025  -16.906 0.0000000000
12979  -53.717  -57.638  -17.098 0.0000000000
13641  -44.445  -57.217  -4.425 0.0000000000
13646  -44.826  -56.881  -4.984 0.0000000000
13648  -45.978  -56.688  -5.925 0.0000000000
13700  -43.840  -57.086  -10.916 0.0000000000
13711  -44.047  -57.485  -11.830 0.0000000000
13717  -52.758  -56.971  -11.723 0.0000000000
13720  -45.497  -58.077  -12.226 0.0000000000
13730  -43.842  -57.517  -12.767 0.0000000000
13736  -52.610  -57.547  -13.836 0.0000000000
13748  -52.866  -57.689  -14.651 0.0000000000
13782  -53.870  -57.159  -17.086 0.0000000000
13793  -53.283  -56.580  -18.765 0.0000000000
13794  -53.778  -56.781  -18.131 0.0000000000
13795  -54.014  -57.054  -17.781 0.0000000000
13805  -44.999  -57.232  -18.991 0.0000000000
13810  -54.012  -57.045  -18.386 0.0000000000
13826  -48.315  -56.837  -20.076 0.0000000000
13845  -44.617  -57.866  -20.371 0.0000000000
13851  -51.948  -57.224  -21.006 0.0000000000
14484  -42.996  -56.205  -2.823 0.0000000000
14485  -43.773  -56.648  -2.523 0.0000000000
14516  -45.062  -56.034  -5.473 0.0000000000
14518  -46.380  -55.866  -6.316 0.0000000000
14533  -49.515  -55.947  -8.193 0.0000000000
14551  -49.508  -56.004  -8.530 0.0000000000
14568  -42.819  -56.291  -9.101 0.0000000000
14575  -49.887  -56.003  -8.970 0.0000000000
14588  -49.856  -56.573  -10.369 0.0000000000
14601  -49.130  -56.849  -11.109 0.0000000000
14649  -52.726  -57.458  -14.808 0.0000000000
15319  -43.443  -55.106  -0.712 0.0000000000
15336  -43.361  -55.765  -1.461 0.0000000000
15364  -42.773  -56.060  -3.598 0.0000000000
15389  -45.454  -55.430  -6.308 0.0000000000
15448  -42.099  -55.791  -11.734 0.0000000000
15454  -42.289  -55.318  -12.479 0.0000000000
15459  -44.223  -55.962  -13.873 0.0000000000
16152  -41.685  -54.347  -1.915 0.0000000000
16167  -41.516  -54.566  -2.759 0.0000000000
16184  -40.932  -54.085  -3.733 0.0000000000
16216  -41.773  -55.074  -7.377 0.0000000000
16221  -42.148  -55.267  -7.931 0.0000000000
16275  -42.675  -54.738  -12.908 0.0000000000
16276  -43.151  -54.165  -13.074 0.0000000000
16297  -46.985  -54.428  -14.254 0.0000000000
16332  -49.279  -54.439  -16.667 0.0000000000
16970  -42.132  -54.000  -1.182 0.0000000000
16992  -40.476  -53.050  -2.435 0.0000000000
17041  -39.629  -52.697  -4.892 0.0000000000
17042  -40.219  -53.399  -4.693 0.0000000000
17071  -40.218  -53.602  -7.454 0.0000000000
17162  -43.617  -53.464  -15.148 0.0000000000
17788  -41.880  -52.633  -0.918 0.0000000000
17867  -39.678  -52.156  -4.005 0.0000000000
19545  -41.113  -51.241  -1.812 0.0000000000
19629  -39.138  -49.944  -5.781 0.0000000000
19630  -39.261  -50.535  -5.095 0.0000000000
114610  -44.243  -57.375  -3.900 0.0000000000
116822  -53.459  -57.501  -16.287 0.0000000000
117017  -42.496  -55.466  -4.691 0.0000000000
119818  -46.952  -61.268  -22.884 0.0000000000
121132  -39.418  -50.852  -8.410 0.0000000000
121894  -51.413  -56.485  -12.173 0.0000000000
122493  -49.860  -59.780  -22.489 0.0000000000
123293  -47.865  -56.118  -7.929 0.0000000000
123524  -48.647  -61.132  -23.004 0.0000000000
123974  -42.371  -56.061  -9.682 0.0000000000
124412  -40.657  -52.459  -1.907 0.0000000000
124428  -43.900  -57.265  -13.557 0.0000000000
127872  -48.020  -58.461  -15.566 0.0000000000
129752  -39.302  -51.744  -7.559 0.0000000000
131443  -39.782  -52.885  -8.353 0.0000000000
131616  -46.134  -57.243  -10.113 0.0000000000
131724  -39.806  -52.005  -3.215 0.0000000000
133466  -39.489  -51.514  -4.281 0.0000000000
133658  -49.099  -58.932  -22.917 0.0000000000
134273  -45.397  -57.765  -14.589 0.0000000000
