#!ascii label  , from subject sub-003S6257 vox2ras=TkReg
2006
125066  -41.774  -62.379  -18.587 0.1000000015
9894  -40.876  -62.456  -18.593 0.1000000015
9891  -38.096  -62.019  -18.273 0.1000000015
9908  -39.324  -62.800  -18.995 0.1000000015
123897  -38.837  -63.354  -19.512 0.1000000015
9119  -40.178  -64.064  -20.154 0.1000000015
127779  -37.254  -63.860  -19.980 0.1000000015
7559  -38.420  -64.980  -20.890 0.1000000015
7560  -39.129  -65.157  -21.059 0.1000000015
7558  -37.747  -65.204  -20.902 0.1000000015
7577  -38.506  -65.786  -21.308 0.1000000015
7578  -39.517  -66.012  -21.368 0.1000000015
7576  -37.488  -65.958  -21.403 0.1000000015
125748  -36.650  -66.126  -21.436 0.1000000015
6841  -38.179  -66.757  -21.603 0.1000000015
5584  -39.261  -68.843  -22.993 0.1000000015
6840  -37.244  -66.806  -21.615 0.1000000015
6168  -36.988  -67.469  -21.953 0.1000000015
112749  -44.694  -63.511  -19.295 0.1000000015
9910  -41.653  -63.200  -18.874 0.1000000015
9912  -43.745  -63.266  -19.165 0.1000000015
123816  -40.938  -63.219  -19.099 0.1000000015
126868  -43.153  -64.829  -19.918 0.1000000015
8326  -42.283  -64.510  -19.850 0.1000000015
9106  -40.565  -63.597  -19.585 0.1000000015
8342  -39.804  -64.690  -20.735 0.1000000015
7562  -41.813  -65.688  -20.700 0.1000000015
127793  -39.886  -65.447  -21.137 0.1000000015
6842  -39.159  -66.766  -21.709 0.1000000015
8395  -41.614  -65.058  -26.367 0.1000000015
6871  -40.630  -67.205  -25.751 0.1000000015
6224  -41.533  -67.393  -25.021 0.1000000015
126384  -40.878  -68.231  -24.711 0.1000000015
5619  -40.614  -69.038  -23.815 0.1000000015
5601  -40.514  -69.162  -23.198 0.1000000015
5585  -40.106  -68.914  -22.815 0.1000000015
6193  -39.534  -68.366  -22.408 0.1000000015
6192  -38.602  -68.203  -22.503 0.1000000015
6169  -37.908  -67.499  -21.987 0.1000000015
10701  -45.832  -61.859  -19.633 0.1000000015
9123  -46.981  -64.600  -20.941 0.2000000030
9110  -47.034  -64.373  -20.633 0.2000000030
9914  -45.868  -63.120  -19.663 0.1000000015
9132  -47.274  -64.145  -21.355 0.1000000015
8329  -45.826  -65.364  -20.028 0.1000000015
123634  -46.249  -64.462  -19.952 0.1000000015
8345  -46.024  -65.350  -20.360 0.1000000015
8328  -45.005  -65.450  -19.820 0.1000000015
119046  -40.396  -57.134  -23.638 0.1000000015
13064  -40.707  -58.483  -24.324 0.1000000015
7565  -45.143  -65.555  -20.061 0.1000000015
8344  -43.693  -65.859  -20.274 0.1000000015
119758  -42.620  -65.371  -20.277 0.1000000015
12276  -40.725  -59.383  -24.483 0.1000000015
120742  -40.415  -60.142  -24.289 0.1000000015
10765  -40.607  -61.853  -24.807 0.1000000015
9985  -40.709  -62.829  -24.202 0.1000000015
9180  -41.055  -63.684  -24.657 0.1000000015
7564  -44.089  -65.825  -20.180 0.1000000015
7581  -42.307  -66.407  -21.184 0.1000000015
7579  -40.456  -66.199  -21.354 0.1000000015
11513  -40.532  -60.847  -24.546 0.1000000015
9987  -41.070  -62.828  -25.429 0.1000000015
9181  -41.408  -64.592  -25.189 0.1000000015
8384  -41.767  -65.390  -24.459 0.1000000015
7592  -42.889  -65.820  -24.273 0.1000000015
6861  -42.742  -66.671  -24.249 0.1000000015
7580  -41.420  -66.361  -21.262 0.1000000015
6843  -40.128  -66.904  -21.756 0.1000000015
115821  -41.665  -63.671  -26.072 0.1000000015
8392  -41.625  -65.174  -25.668 0.1000000015
7616  -41.691  -65.807  -25.407 0.1000000015
132825  -42.233  -66.643  -24.666 0.1000000015
6206  -42.486  -67.789  -23.269 0.1000000015
5586  -40.808  -68.865  -22.682 0.1000000015
6872  -41.537  -66.673  -25.526 0.1000000015
6860  -42.168  -67.011  -24.724 0.1000000015
5602  -41.185  -68.972  -23.001 0.1000000015
123767  -40.991  -68.305  -22.353 0.1000000015
6171  -39.810  -67.653  -22.085 0.1000000015
9133  -47.645  -63.577  -21.714 0.1000000015
9124  -47.435  -63.925  -21.290 0.2000000030
10716  -47.640  -62.446  -20.659 0.1000000015
10717  -48.531  -62.070  -21.018 0.2000000030
11478  -47.651  -61.052  -20.260 0.2000000030
9962  -47.392  -63.232  -22.129 0.1000000015
8346  -46.563  -64.876  -20.837 0.1000000015
15561  -40.489  -55.491  -23.028 0.1000000015
14741  -40.667  -56.315  -23.528 0.1000000015
8356  -45.576  -65.354  -20.693 0.1000000015
7583  -44.425  -65.561  -20.637 0.1000000015
8354  -43.891  -65.186  -21.656 0.1000000015
122061  -40.150  -59.087  -23.839 0.1000000015
11511  -40.267  -60.548  -23.630 0.1000000015
117548  -40.434  -61.269  -23.876 0.1000000015
116100  -43.118  -66.280  -20.816 0.1000000015
114303  -40.640  -61.969  -23.634 0.1000000015
9172  -41.001  -63.533  -23.832 0.1000000015
9157  -41.563  -63.780  -23.545 0.1000000015
8370  -43.535  -65.047  -23.870 0.1000000015
7593  -43.352  -66.252  -23.801 0.1000000015
6851  -42.721  -67.004  -22.598 0.1000000015
6846  -42.452  -66.798  -21.770 0.1000000015
119649  -42.215  -68.124  -22.578 0.1000000015
6172  -40.699  -67.763  -22.042 0.1000000015
12260  -47.309  -59.915  -23.235 0.1000000015
11499  -47.998  -60.601  -23.091 0.1000000015
11498  -47.120  -60.480  -23.129 0.1000000015
114766  -47.745  -61.186  -22.962 0.1000000015
10743  -48.320  -61.668  -22.925 0.1000000015
10744  -48.926  -61.861  -22.452 0.2000000030
9928  -48.681  -62.353  -21.683 0.2000000030
9964  -48.362  -62.547  -22.344 0.2000000030
10729  -49.491  -61.482  -21.796 0.2000000030
12225  -49.681  -60.884  -20.948 0.2000000030
9942  -46.399  -63.731  -21.726 0.1000000015
118077  -46.845  -62.117  -22.620 0.1000000015
9961  -46.151  -62.438  -22.338 0.1000000015
9941  -45.411  -62.928  -22.363 0.1000000015
14737  -39.739  -56.201  -22.829 0.1000000015
13876  -39.439  -57.783  -22.552 0.1000000015
13054  -39.471  -58.473  -22.043 0.1000000015
12255  -39.722  -59.231  -22.369 0.1000000015
9131  -45.378  -64.091  -21.605 0.1000000015
8355  -44.492  -64.456  -21.712 0.1000000015
16381  -40.486  -54.647  -22.581 0.1000000015
16380  -40.070  -53.855  -22.153 0.1000000015
13877  -39.860  -57.791  -23.315 0.1000000015
13060  -39.560  -58.567  -22.803 0.1000000015
10757  -40.385  -61.098  -23.061 0.1000000015
128749  -40.726  -61.210  -22.589 0.1000000015
9957  -41.297  -62.372  -22.890 0.1000000015
9973  -42.847  -63.024  -23.006 0.1000000015
9159  -44.095  -64.384  -23.598 0.1000000015
9975  -44.422  -63.778  -23.328 0.1000000015
120058  -40.988  -53.769  -22.538 0.1000000015
9156  -41.026  -62.832  -23.344 0.1000000015
9158  -42.807  -64.012  -23.481 0.1000000015
125362  -43.612  -65.575  -23.797 0.1000000015
8371  -44.103  -65.112  -23.629 0.1000000015
7587  -43.484  -65.672  -22.422 0.1000000015
124176  -41.475  -53.055  -22.671 0.1000000015
18062  -41.916  -52.342  -22.847 0.1000000015
17226  -42.665  -53.085  -23.376 0.1000000015
13038  -45.410  -58.769  -21.955 0.1000000015
12259  -46.401  -59.818  -23.290 0.1000000015
12258  -45.505  -59.855  -23.032 0.1000000015
13055  -47.492  -59.394  -22.766 0.1000000015
11500  -48.718  -60.371  -23.242 0.1000000015
10745  -49.286  -61.053  -22.719 0.2000000030
12240  -44.999  -59.291  -22.306 0.1000000015
11497  -46.052  -60.616  -23.344 0.1000000015
11485  -49.744  -60.570  -22.242 0.2000000030
12239  -44.078  -59.330  -21.867 0.1000000015
127242  -45.232  -60.584  -23.020 0.1000000015
18911  -39.668  -51.654  -21.227 0.1000000015
118125  -39.626  -54.713  -22.035 0.1000000015
16377  -39.395  -54.075  -21.366 0.1000000015
114125  -39.323  -56.119  -22.181 0.1000000015
14736  -39.194  -56.955  -22.220 0.1000000015
13872  -39.252  -57.740  -21.882 0.1000000015
129608  -43.118  -59.424  -21.551 0.1000000015
133595  -43.581  -59.928  -22.045 0.1000000015
120458  -45.354  -61.325  -23.175 0.1000000015
111762  -45.301  -62.103  -23.185 0.1000000015
15560  -39.748  -55.438  -22.455 0.1000000015
12256  -40.035  -59.732  -22.069 0.1000000015
12236  -40.284  -59.318  -21.453 0.1000000015
11493  -41.013  -60.842  -22.084 0.1000000015
9959  -43.885  -62.565  -23.139 0.1000000015
10740  -44.651  -61.964  -23.197 0.1000000015
9146  -44.728  -63.650  -22.781 0.1000000015
19837  -40.023  -50.802  -21.235 0.1000000015
130839  -39.934  -60.090  -22.841 0.1000000015
11492  -40.433  -60.496  -22.426 0.1000000015
10738  -42.352  -61.649  -22.456 0.1000000015
9958  -42.912  -62.266  -22.722 0.1000000015
9974  -44.002  -63.468  -23.449 0.1000000015
9960  -44.668  -62.899  -23.241 0.1000000015
18053  -40.182  -52.400  -21.640 0.1000000015
18912  -40.575  -51.608  -21.726 0.1000000015
18061  -40.999  -52.354  -22.257 0.1000000015
122161  -41.461  -51.609  -22.364 0.1000000015
18920  -42.357  -51.655  -22.974 0.1000000015
18924  -43.194  -51.720  -23.579 0.1000000015
13039  -46.774  -58.928  -22.165 0.1000000015
13037  -44.553  -58.689  -21.612 0.1000000015
13018  -45.016  -58.262  -21.150 0.1000000015
13019  -45.966  -58.457  -21.424 0.1000000015
13056  -48.334  -59.216  -22.761 0.1000000015
13036  -43.618  -58.728  -21.296 0.1000000015
13016  -43.112  -58.197  -20.626 0.1000000015
13020  -46.898  -58.503  -21.187 0.1000000015
12262  -48.863  -59.540  -23.193 0.1000000015
130067  -42.214  -58.375  -20.690 0.1000000015
12263  -49.524  -59.257  -22.829 0.2000000030
18051  -39.337  -52.460  -21.190 0.1000000015
15557  -39.248  -55.554  -21.769 0.1000000015
14733  -38.989  -56.411  -21.518 0.1000000015
12238  -42.080  -59.529  -21.398 0.1000000015
11484  -42.616  -60.298  -21.804 0.1000000015
13042  -49.763  -58.544  -22.333 0.1000000015
17218  -39.100  -53.267  -21.002 0.1000000015
13033  -39.548  -58.074  -21.447 0.1000000015
13034  -39.974  -58.514  -21.025 0.1000000015
11482  -40.617  -60.092  -21.786 0.1000000015
11483  -41.471  -60.263  -21.679 0.1000000015
130044  -42.769  -61.045  -22.225 0.1000000015
19826  -40.332  -49.894  -21.160 0.1000000015
18913  -40.983  -50.673  -21.881 0.1000000015
19838  -41.078  -49.805  -21.696 0.1000000015
20848  -41.710  -49.351  -21.924 0.1000000015
122223  -42.037  -50.956  -22.492 0.1000000015
19854  -41.808  -50.167  -22.207 0.1000000015
19855  -42.514  -50.478  -22.738 0.1000000015
130907  -43.015  -57.698  -20.038 0.1000000015
13844  -43.780  -57.791  -20.201 0.1000000015
13822  -44.288  -57.514  -19.599 0.1000000015
13820  -42.518  -57.411  -19.495 0.1000000015
13017  -44.137  -58.236  -20.885 0.1000000015
129134  -44.969  -57.586  -19.818 0.1000000015
13846  -45.489  -57.896  -20.427 0.1000000015
13040  -47.753  -58.692  -21.985 0.1000000015
13014  -40.551  -58.157  -20.559 0.1000000015
13843  -42.161  -57.833  -20.180 0.1000000015
13847  -47.077  -57.885  -20.447 0.1000000015
19825  -39.454  -51.030  -20.682 0.1000000015
18050  -38.900  -52.644  -20.600 0.1000000015
17217  -38.664  -53.358  -20.159 0.1000000015
16374  -38.850  -53.967  -20.672 0.1000000015
15553  -38.770  -55.286  -20.228 0.1000000015
13840  -39.046  -56.827  -20.678 0.1000000015
13013  -39.557  -57.599  -20.825 0.1000000015
13015  -41.396  -58.314  -20.516 0.1000000015
124566  -47.612  -58.264  -21.002 0.1000000015
13041  -48.850  -58.614  -22.213 0.1000000015
13839  -38.835  -56.551  -20.944 0.1000000015
12237  -41.051  -59.567  -21.295 0.1000000015
13862  -49.397  -57.897  -21.559 0.1000000015
20823  -40.026  -49.220  -20.452 0.1000000015
20835  -40.866  -49.027  -21.087 0.1000000015
22722  -42.249  -47.004  -21.703 0.1000000015
21809  -42.262  -47.959  -22.026 0.1000000015
22736  -42.641  -47.549  -22.537 0.1000000015
14708  -42.923  -57.072  -18.833 0.1000000015
13821  -43.419  -57.435  -19.485 0.1000000015
13804  -43.936  -57.112  -18.734 0.1000000015
14707  -41.988  -57.008  -18.891 0.1000000015
13805  -44.999  -57.232  -18.991 0.1000000015
125669  -41.614  -57.347  -19.584 0.1000000015
14690  -41.473  -56.573  -18.217 0.1000000015
13823  -45.540  -57.451  -19.618 0.1000000015
125825  -46.287  -58.067  -20.655 0.1000000015
13819  -40.857  -57.219  -19.781 0.1000000015
14706  -40.951  -56.774  -19.101 0.1000000015
129733  -39.710  -49.435  -19.709 0.1000000015
16376  -38.870  -54.741  -20.715 0.1000000015
123624  -39.607  -57.010  -20.316 0.1000000015
13841  -40.262  -57.506  -20.283 0.1000000015
113305  -39.974  -56.319  -19.125 0.1000000015
13824  -46.399  -57.526  -19.802 0.1000000015
13861  -48.466  -58.092  -21.285 0.1000000015
20810  -40.083  -48.863  -19.821 0.1000000015
123942  -39.107  -50.875  -20.030 0.1000000015
127085  -38.774  -51.489  -19.784 0.1000000015
16373  -38.545  -54.390  -19.969 0.1000000015
14725  -38.985  -56.081  -20.488 0.1000000015
123347  -47.979  -57.606  -20.505 0.1000000015
122476  -40.501  -48.523  -20.226 0.1000000015
21797  -41.414  -47.465  -20.388 0.1000000015
22695  -40.917  -47.817  -19.961 0.1000000015
23575  -42.151  -46.413  -20.030 0.1000000015
22721  -41.838  -46.878  -20.612 0.1000000015
23592  -42.416  -46.282  -20.939 0.1000000015
115797  -42.641  -46.226  -21.915 0.1000000015
24474  -43.497  -45.525  -20.900 0.1000000015
15512  -40.283  -55.697  -17.397 0.1000000015
14672  -41.073  -56.141  -17.424 0.1000000015
14673  -42.025  -56.329  -17.527 0.1000000015
124719  -43.932  -56.708  -18.012 0.1000000015
15533  -39.682  -55.585  -17.997 0.1000000015
14693  -44.687  -56.860  -18.087 0.1000000015
16371  -38.594  -54.356  -19.129 0.1000000015
15531  -38.858  -54.849  -18.711 0.1000000015
15532  -39.235  -55.360  -18.639 0.1000000015
14689  -40.467  -56.142  -18.269 0.1000000015
19817  -39.366  -50.206  -19.484 0.1000000015
18908  -38.620  -52.357  -19.858 0.1000000015
15546  -38.828  -55.095  -19.402 0.1000000015
14688  -39.322  -55.774  -19.254 0.1000000015
14709  -46.003  -56.967  -19.064 0.1000000015
21783  -40.544  -48.484  -19.584 0.1000000015
13825  -47.482  -57.252  -19.795 0.1000000015
13848  -49.002  -57.104  -20.733 0.1000000015
132008  -41.635  -47.457  -19.532 0.1000000015
127330  -41.579  -47.206  -19.891 0.1000000015
23564  -42.827  -46.395  -19.703 0.1000000015
23578  -43.967  -46.378  -20.146 0.1000000015
23576  -42.834  -45.962  -20.433 0.1000000015
24476  -44.669  -45.950  -20.611 0.1000000015
24492  -45.813  -45.708  -21.701 0.1000000015
24490  -44.008  -45.151  -21.264 0.1000000015
14692  -43.239  -56.747  -18.169 0.1000000015
14674  -43.468  -56.353  -17.549 0.1000000015
14675  -44.311  -56.290  -17.535 0.1000000015
20799  -39.718  -49.728  -18.949 0.1000000015
124265  -38.647  -52.445  -19.078 0.1000000015
120650  -38.612  -52.842  -18.545 0.1000000015
16359  -39.024  -54.932  -17.959 0.1000000015
22696  -42.656  -47.414  -19.184 0.1000000015
22682  -41.809  -47.960  -19.155 0.1000000015
21773  -40.613  -48.744  -18.937 0.1000000015
19804  -38.960  -50.941  -19.254 0.1000000015
18905  -38.714  -51.747  -19.167 0.1000000015
17214  -38.501  -53.787  -19.463 0.1000000015
14694  -45.635  -56.693  -18.245 0.1000000015
117564  -43.535  -47.128  -19.420 0.1000000015
23565  -44.418  -47.137  -19.774 0.1000000015
23579  -45.112  -46.753  -20.194 0.1000000015
23580  -45.874  -46.889  -20.668 0.1000000015
23594  -46.288  -46.543  -21.270 0.1000000015
23609  -46.681  -46.188  -22.107 0.1000000015
16325  -39.841  -54.621  -16.581 0.1000000015
110937  -40.810  -55.549  -16.757 0.1000000015
15513  -41.711  -55.739  -16.843 0.1000000015
15514  -42.768  -55.926  -17.014 0.1000000015
15497  -42.289  -55.201  -16.275 0.1000000015
16345  -39.280  -54.382  -17.192 0.1000000015
16358  -38.679  -54.418  -18.470 0.1000000015
22697  -44.261  -48.031  -19.476 0.1000000015
22684  -43.368  -48.365  -19.096 0.1000000015
22698  -45.026  -47.815  -19.877 0.1000000015
22711  -45.799  -47.712  -20.287 0.1000000015
23595  -47.111  -47.063  -21.624 0.1000000015
23610  -47.681  -46.805  -22.586 0.1000000015
15496  -41.329  -55.055  -16.158 0.1000000015
17191  -39.087  -53.529  -17.211 0.1000000015
21774  -41.168  -48.577  -18.807 0.1000000015
21775  -41.809  -49.261  -18.561 0.1000000015
19805  -39.405  -50.502  -18.693 0.1000000015
18897  -39.116  -51.321  -18.545 0.1000000015
18022  -38.838  -52.458  -17.832 0.1000000015
22723  -47.332  -47.841  -21.299 0.1000000015
22737  -47.798  -47.696  -21.948 0.1000000015
22738  -48.410  -47.753  -22.798 0.1000000015
22748  -49.107  -48.142  -23.936 0.1000000015
128644  -40.015  -53.276  -15.964 0.1000000015
18886  -39.580  -51.658  -17.258 0.1000000015
18023  -39.226  -52.189  -17.164 0.1000000015
17177  -39.492  -52.846  -16.633 0.1000000015
22683  -42.561  -48.806  -18.817 0.1000000015
20800  -40.237  -49.531  -18.616 0.1000000015
19806  -39.935  -50.244  -18.274 0.1000000015
19796  -39.737  -51.096  -17.911 0.1000000015
21822  -48.262  -48.524  -22.193 0.1000000015
113620  -48.723  -48.761  -23.194 0.1000000015
19797  -40.366  -50.771  -17.526 0.1000000015
20801  -41.015  -49.572  -18.308 0.1000000015
20793  -40.617  -50.262  -18.041 0.1000000015
21787  -44.804  -48.847  -19.694 0.1000000015
21799  -46.378  -48.852  -20.471 0.1000000015
22713  -47.157  -48.663  -20.913 0.1000000015
130890  -49.160  -49.533  -23.289 0.1000000015
21786  -44.162  -49.390  -19.312 0.1000000015
21798  -45.509  -48.955  -20.030 0.1000000015
21800  -46.940  -50.121  -20.751 0.1000000015
133483  -47.515  -49.505  -21.236 0.1000000015
21810  -48.097  -49.472  -21.689 0.1000000015
21823  -48.640  -49.479  -22.450 0.1000000015
20850  -49.953  -50.866  -23.326 0.1000000015
20849  -49.352  -50.360  -22.654 0.1000000015
20824  -45.953  -50.465  -20.260 0.1000000015
114449  -47.663  -50.610  -21.290 0.1000000015
20836  -48.528  -50.467  -21.783 0.1000000015
9893  -39.845  -62.304  -18.429 0.1000000015
9907  -38.456  -62.644  -18.913 0.1000000015
9105  -39.712  -63.495  -19.541 0.1000000015
9117  -38.346  -63.855  -20.088 0.1000000015
9120  -40.977  -64.065  -20.164 0.1000000015
8341  -38.806  -64.457  -20.625 0.1000000015
8340  -37.971  -64.475  -20.530 0.1000000015
9108  -43.435  -64.213  -19.332 0.1000000015
9109  -44.439  -64.500  -19.484 0.1000000015
114330  -42.449  -63.913  -19.356 0.1000000015
8327  -44.145  -65.237  -19.873 0.1000000015
8343  -40.828  -64.766  -20.496 0.1000000015
7563  -42.860  -66.150  -20.559 0.1000000015
120246  -41.490  -65.798  -26.026 0.1000000015
5618  -39.946  -68.924  -24.662 0.1000000015
5620  -41.254  -68.629  -23.637 0.1000000015
9915  -46.746  -63.121  -20.224 0.1000000015
128575  -45.369  -64.699  -19.614 0.1000000015
9926  -47.530  -63.631  -20.849 0.2000000030
7543  -44.500  -65.726  -20.079 0.1000000015
14740  -39.731  -57.012  -23.101 0.1000000015
12273  -40.071  -59.786  -23.665 0.1000000015
9173  -41.352  -64.363  -23.994 0.1000000015
7603  -42.177  -66.224  -24.676 0.1000000015
126511  -41.837  -66.419  -25.174 0.1000000015
8369  -42.057  -64.885  -23.662 0.1000000015
6213  -42.572  -67.270  -23.969 0.1000000015
6854  -42.925  -67.042  -23.423 0.1000000015
6845  -41.915  -67.098  -21.682 0.1000000015
126664  -42.577  -67.583  -22.795 0.1000000015
6173  -41.604  -67.874  -22.100 0.1000000015
10742  -47.837  -62.294  -22.740 0.1000000015
6847  -42.916  -66.308  -21.994 0.1000000015
9956  -40.815  -61.880  -22.953 0.1000000015
6852  -43.319  -66.421  -23.099 0.1000000015
10741  -46.030  -61.524  -23.054 0.1000000015
17224  -40.538  -53.082  -22.188 0.1000000015
10737  -41.323  -61.638  -22.495 0.1000000015
9145  -41.788  -63.135  -23.015 0.1000000015
8359  -44.280  -65.122  -22.959 0.1000000015
17234  -42.470  -54.015  -23.370 0.1000000015
118969  -46.102  -58.957  -22.284 0.1000000015
12241  -45.826  -59.303  -22.735 0.1000000015
12257  -44.520  -60.090  -22.471 0.1000000015
12243  -50.249  -59.106  -22.352 0.2000000030
11496  -44.509  -61.039  -22.834 0.1000000015
125826  -42.647  -58.813  -21.107 0.1000000015
10739  -43.552  -61.607  -22.665 0.1000000015
12224  -40.703  -58.894  -20.867 0.1000000015
11494  -41.847  -61.087  -21.865 0.1000000015
117351  -41.646  -48.465  -21.534 0.1000000015
21820  -42.371  -48.823  -22.402 0.1000000015
13842  -41.157  -57.707  -20.140 0.1000000015
21807  -41.086  -48.074  -20.670 0.1000000015
133481  -39.755  -55.828  -18.652 0.1000000015
129234  -39.200  -51.773  -17.848 0.1000000015
134059  -47.274  -55.288  -6.888 0.5000000000
12109  -51.269  -59.232  -10.632 0.5000000000
12110  -52.203  -58.968  -10.093 0.5000000000
14524  -46.673  -55.362  -6.740 0.5000000000
14525  -47.542  -55.811  -7.229 0.5000000000
14532  -49.019  -55.919  -7.951 0.5000000000
12883  -52.741  -58.004  -10.159 0.5000000000
15394  -44.788  -55.498  -6.621 0.5000000000
15390  -45.990  -55.497  -6.773 0.5000000000
14530  -46.990  -55.651  -6.686 0.5000000000
12884  -53.131  -57.796  -9.609 0.5000000000
112838  -46.202  -55.870  -7.444 0.5000000000
14529  -45.117  -56.036  -7.421 0.4000000060
112549  -46.180  -56.562  -8.406 0.4000000060
12900  -52.642  -57.278  -12.839 0.5000000000
12910  -52.319  -58.041  -13.359 0.5000000000
13735  -52.653  -57.164  -13.203 0.5000000000
14623  -52.618  -57.014  -13.634 0.5000000000
13746  -51.550  -57.116  -14.617 0.5000000000
13734  -51.907  -56.554  -13.943 0.5000000000
13767  -50.525  -57.887  -15.531 0.4000000060
12952  -48.698  -58.507  -15.818 0.4000000060
9732  -49.581  -62.167  -9.044 0.1000000015
11332  -51.940  -60.139  -10.354 0.5000000000
14523  -45.946  -55.543  -6.449 0.5000000000
13653  -47.105  -55.816  -6.614 0.5000000000
14531  -47.883  -56.025  -7.432 0.5000000000
13666  -49.654  -56.073  -7.935 0.4000000060
12111  -53.281  -58.766  -9.384 0.5000000000
15388  -44.770  -55.364  -5.975 0.5000000000
14522  -45.319  -55.428  -5.968 0.5000000000
15382  -43.833  -55.532  -5.483 0.5000000000
16207  -41.952  -55.234  -4.867 0.5000000000
115506  -42.070  -55.244  -5.616 0.5000000000
15387  -43.914  -55.481  -6.197 0.5000000000
16206  -41.227  -54.584  -5.221 0.4000000060
15386  -43.022  -55.476  -5.886 0.3000000119
15393  -43.487  -55.753  -7.111 0.5000000000
14528  -44.162  -56.008  -7.476 0.4000000060
14547  -45.238  -56.567  -8.311 0.4000000060
127292  -43.024  -55.591  -6.574 0.3000000119
14573  -47.989  -56.441  -8.920 0.6999999881
14574  -49.087  -56.044  -8.499 0.5000000000
16211  -41.366  -54.640  -6.175 0.3000000119
16212  -42.155  -55.276  -6.533 0.3000000119
15404  -42.782  -55.585  -7.783 0.3000000119
14546  -44.249  -56.408  -8.278 0.4000000060
14572  -47.049  -56.562  -8.602 0.5000000000
14586  -48.656  -56.622  -9.601 0.6000000238
121453  -50.485  -56.309  -9.560 0.6000000238
14577  -51.885  -56.580  -9.750 0.6000000238
13705  -52.766  -57.154  -10.612 0.5000000000
12899  -51.982  -57.766  -12.269 0.3000000119
15392  -42.550  -55.476  -7.233 0.3000000119
14545  -43.219  -56.006  -8.252 0.3000000119
14585  -44.556  -57.068  -10.092 0.4000000060
13703  -47.611  -57.308  -10.231 0.5000000000
14587  -49.143  -56.691  -10.192 0.6000000238
14603  -51.049  -56.483  -11.538 0.6000000238
14615  -52.564  -56.749  -12.063 0.5000000000
13727  -52.776  -56.966  -12.420 0.5000000000
15423  -42.347  -55.866  -8.917 0.4000000060
117418  -43.591  -56.639  -10.094 0.4000000060
128325  -46.558  -57.514  -10.585 0.5000000000
13714  -47.767  -57.455  -11.266 0.5000000000
14612  -50.573  -56.636  -12.361 0.5000000000
110793  -52.545  -56.797  -12.933 0.5000000000
15422  -41.773  -55.474  -9.568 0.4000000060
14584  -42.576  -56.371  -10.480 0.4000000060
13701  -44.802  -57.235  -10.926 0.5000000000
117066  -46.934  -57.717  -11.371 0.5000000000
13723  -48.575  -57.539  -12.507 0.4000000060
13725  -50.414  -56.796  -12.986 0.5000000000
13733  -51.017  -56.962  -13.629 0.5000000000
133661  -43.092  -56.800  -10.921 0.4000000060
13712  -45.115  -57.676  -11.656 0.5000000000
13722  -47.503  -57.860  -12.231 0.5000000000
12897  -47.818  -58.117  -13.234 0.4000000060
13732  -49.887  -57.338  -13.515 0.4000000060
128043  -44.325  -57.764  -13.295 0.5000000000
12905  -46.266  -58.512  -13.930 0.4000000060
12907  -48.118  -58.344  -14.138 0.4000000060
12932  -49.413  -58.278  -15.188 0.4000000060
12904  -45.516  -58.396  -13.782 0.3000000119
12928  -45.759  -58.228  -14.404 0.4000000060
12950  -46.905  -58.112  -15.210 0.3000000119
13766  -46.986  -57.517  -15.616 0.3000000119
13777  -47.633  -57.565  -16.286 0.3000000119
124956  -48.821  -62.679  -7.776 0.1000000015
9713  -48.790  -62.682  -8.532 0.1000000015
9714  -49.525  -62.419  -8.234 0.1000000015
130543  -51.901  -61.806  -8.295 0.4000000060
10507  -51.491  -61.591  -9.100 0.4000000060
10533  -52.135  -61.148  -9.439 0.4000000060
127388  -52.654  -60.371  -9.421 0.5000000000
10534  -52.740  -60.740  -8.830 0.4000000060
11333  -53.288  -59.599  -9.121 0.5000000000
133102  -52.838  -59.635  -9.609 0.5000000000
13652  -46.473  -57.239  -6.259 0.5000000000
120491  -47.360  -57.133  -6.752 0.5000000000
118899  -48.146  -57.046  -7.053 0.5000000000
13665  -48.814  -56.558  -7.606 0.4000000060
12099  -53.478  -59.073  -8.904 0.5000000000
15383  -44.571  -55.603  -5.536 0.5000000000
14517  -45.712  -55.932  -5.956 0.5000000000
118197  -43.135  -55.579  -4.876 0.5000000000
15381  -42.871  -55.446  -5.162 0.5000000000
13681  -52.589  -57.215  -8.930 0.6000000238
16199  -41.398  -54.608  -4.356 0.4000000060
16205  -40.567  -53.913  -5.166 0.2000000030
17059  -40.067  -53.434  -5.483 0.2000000030
16210  -40.631  -54.065  -5.864 0.3000000119
16215  -41.059  -54.553  -7.522 0.3000000119
16220  -41.463  -54.854  -8.082 0.4000000060
17066  -40.079  -53.589  -6.228 0.3000000119
125482  -40.548  -54.083  -7.648 0.3000000119
17908  -39.890  -53.286  -6.890 0.3000000119
17078  -40.285  -53.562  -8.197 0.4000000060
113831  -41.179  -54.674  -8.688 0.4000000060
17921  -39.966  -53.157  -8.995 0.3000000119
16229  -41.257  -54.717  -9.400 0.4000000060
119331  -42.040  -56.042  -11.050 0.4000000060
14600  -42.557  -56.587  -11.456 0.4000000060
16228  -40.706  -53.963  -9.040 0.3000000119
17096  -40.870  -53.895  -11.005 0.3000000119
14610  -42.536  -56.263  -12.339 0.3000000119
13719  -43.336  -57.280  -12.250 0.4000000060
16274  -42.189  -54.600  -12.475 0.3000000119
14621  -43.741  -56.597  -13.690 0.3000000119
13744  -44.887  -57.519  -14.400 0.4000000060
13765  -46.098  -57.731  -15.055 0.3000000119
120593  -42.594  -53.891  -12.654 0.2000000030
16282  -43.292  -54.907  -13.277 0.2000000030
15468  -44.878  -56.091  -14.277 0.3000000119
13764  -45.414  -56.844  -14.749 0.3000000119
128885  -43.768  -52.467  -12.545 0.1000000015
16284  -44.782  -54.346  -13.422 0.2000000030
20727  -43.534  -49.426  -12.287 0.1000000015
9734  -51.750  -62.256  -7.678 0.1000000015
9733  -50.784  -62.081  -8.566 0.1000000015
113097  -52.262  -61.503  -7.798 0.2000000030
10509  -52.687  -60.719  -8.259 0.5000000000
11316  -53.134  -60.013  -8.698 0.4000000060
12849  -47.612  -58.474  -7.228 0.4000000060
12850  -48.551  -57.936  -7.494 0.4000000060
12851  -50.350  -58.415  -8.075 0.4000000060
12092  -52.024  -59.039  -8.204 0.5000000000
12093  -53.177  -59.376  -8.434 0.5000000000
14512  -44.442  -56.180  -4.930 0.5000000000
13647  -45.412  -57.026  -5.430 0.5000000000
12833  -45.853  -57.642  -5.830 0.4000000060
12865  -52.401  -57.833  -8.559 0.4000000060
16186  -41.884  -55.203  -3.373 0.4000000060
15373  -42.451  -55.614  -4.084 0.4000000060
15375  -43.891  -55.719  -4.908 0.5000000000
129635  -41.137  -54.140  -3.086 0.4000000060
16200  -41.905  -55.185  -4.202 0.5000000000
16185  -41.476  -54.618  -3.606 0.4000000060
17018  -40.612  -53.564  -3.075 0.3000000119
17017  -40.356  -53.471  -3.894 0.3000000119
17868  -39.993  -52.868  -4.160 0.3000000119
124503  -39.409  -51.972  -4.666 0.2000000030
17058  -39.569  -52.798  -6.007 0.2000000030
19613  -39.488  -50.792  -4.292 0.1000000015
18759  -39.206  -51.269  -5.560 0.3000000119
19657  -39.160  -50.674  -5.814 0.1000000015
116810  -39.260  -51.861  -6.158 0.3000000119
17912  -39.504  -52.326  -7.971 0.3000000119
18786  -39.058  -50.537  -6.564 0.2000000030
114545  -39.164  -51.450  -6.849 0.2000000030
18793  -39.425  -51.556  -8.245 0.2000000030
17085  -40.347  -53.247  -9.747 0.2000000030
17104  -40.943  -53.023  -11.323 0.2000000030
19692  -39.703  -50.800  -9.735 0.2000000030
17935  -40.582  -52.393  -10.923 0.2000000030
17116  -41.365  -53.596  -11.737 0.2000000030
19693  -39.972  -51.105  -10.281 0.2000000030
18821  -40.773  -51.626  -11.211 0.1000000015
17117  -42.068  -53.301  -12.317 0.2000000030
126746  -43.417  -53.576  -12.825 0.2000000030
20706  -40.985  -49.422  -11.301 0.1000000015
116880  -41.664  -50.832  -11.827 0.1000000015
120253  -43.013  -52.067  -12.376 0.1000000015
20707  -41.729  -49.504  -11.732 0.1000000015
20726  -42.536  -49.542  -12.103 0.1000000015
18830  -43.462  -51.209  -12.425 0.1000000015
119726  -43.433  -47.682  -12.498 0.1000000015
111895  -43.119  -46.533  -12.787 0.1000000015
10492  -51.789  -62.195  -7.250 0.3000000119
10478  -49.729  -61.300  -6.099 0.3000000119
10491  -50.721  -61.556  -6.562 0.3000000119
117171  -51.954  -60.341  -7.505 0.3000000119
10493  -52.485  -60.815  -7.639 0.3000000119
11293  -52.873  -60.186  -8.147 0.4000000060
11279  -48.696  -60.605  -6.644 0.3000000119
11291  -50.454  -60.599  -7.190 0.3000000119
12061  -46.613  -59.158  -6.137 0.4000000060
12076  -47.509  -59.429  -7.129 0.5000000000
12077  -48.361  -59.393  -7.449 0.4000000060
119244  -49.157  -58.649  -7.813 0.4000000060
15353  -43.350  -56.194  -2.100 0.4000000060
13623  -43.967  -57.066  -3.333 0.4000000060
13642  -44.947  -57.724  -4.757 0.5000000000
12830  -45.631  -58.122  -5.291 0.5000000000
16134  -42.743  -54.515  -0.874 0.4000000060
16153  -42.260  -54.640  -1.540 0.4000000060
15363  -42.431  -55.687  -3.080 0.4000000060
14501  -43.349  -56.478  -3.491 0.5000000000
120625  -41.457  -53.587  -1.538 0.4000000060
16993  -41.040  -53.809  -2.321 0.4000000060
16945  -41.914  -53.282  -0.869 0.4000000060
18671  -41.605  -52.162  -1.163 0.3000000119
17809  -40.869  -53.194  -1.827 0.3000000119
18670  -40.560  -51.660  -2.140 0.3000000119
128055  -40.196  -52.232  -2.609 0.3000000119
19563  -40.594  -50.810  -2.527 0.3000000119
18696  -40.148  -51.439  -2.858 0.2000000030
21528  -39.919  -49.422  -3.953 0.1000000015
20575  -39.538  -49.992  -4.432 0.1000000015
20613  -39.205  -49.150  -6.138 0.1000000015
113823  -39.048  -49.722  -6.521 0.1000000015
20648  -38.990  -49.533  -7.914 0.2000000030
21590  -39.205  -48.426  -6.527 0.1000000015
20612  -39.005  -49.151  -6.864 0.1000000015
19681  -39.128  -50.196  -8.156 0.2000000030
20635  -38.961  -49.188  -7.476 0.2000000030
21625  -39.246  -48.842  -8.853 0.2000000030
20679  -39.780  -49.473  -10.067 0.1000000015
22581  -39.755  -47.965  -9.806 0.1000000015
20680  -40.400  -49.436  -10.630 0.1000000015
22582  -40.306  -47.848  -10.432 0.1000000015
132821  -41.087  -48.152  -11.297 0.1000000015
124544  -42.120  -48.924  -11.910 0.1000000015
115348  -41.206  -47.087  -11.451 0.1000000015
23488  -41.828  -47.074  -11.839 0.1000000015
23509  -42.190  -46.444  -12.201 0.1000000015
25288  -41.984  -45.031  -12.389 0.1000000015
24397  -42.520  -45.808  -12.628 0.1000000015
26215  -42.478  -43.616  -13.414 0.1000000015
26223  -42.620  -43.204  -14.252 0.1000000015
27176  -42.773  -41.823  -15.187 0.1000000015
10487  -50.873  -62.184  -5.826 0.3000000119
9703  -51.370  -62.931  -6.341 0.2000000030
11274  -49.168  -60.764  -5.700 0.3000000119
11273  -48.210  -60.274  -5.928 0.4000000060
12063  -48.045  -59.786  -5.326 0.3000000119
14486  -44.413  -56.744  -1.969 0.3000000119
13605  -44.448  -57.219  -2.580 0.3000000119
13624  -44.546  -57.639  -3.353 0.4000000060
115815  -45.993  -58.552  -4.727 0.4000000060
12047  -47.497  -59.418  -4.969 0.3000000119
16135  -43.283  -54.333  -0.615 0.3000000119
14463  -43.931  -56.339  -1.651 0.3000000119
12800  -46.134  -58.574  -3.798 0.4000000060
12818  -46.808  -58.905  -4.591 0.4000000060
12819  -47.777  -59.020  -4.154 0.3000000119
18656  -43.656  -52.074  -1.059 0.3000000119
16946  -42.761  -53.669  -0.696 0.3000000119
17789  -42.482  -52.838  -0.795 0.3000000119
18673  -43.280  -51.216  -1.342 0.3000000119
18672  -42.488  -51.335  -1.363 0.3000000119
19546  -41.940  -50.893  -1.736 0.3000000119
123931  -40.998  -51.946  -1.436 0.3000000119
19564  -41.369  -50.519  -2.249 0.3000000119
20547  -40.351  -49.697  -3.351 0.2000000030
21529  -40.607  -49.205  -3.813 0.1000000015
21555  -40.929  -48.830  -4.361 0.1000000015
21574  -41.280  -48.635  -5.043 0.1000000015
21572  -39.863  -48.822  -5.168 0.1000000015
22500  -40.715  -47.861  -5.566 0.1000000015
126562  -39.937  -48.369  -5.397 0.1000000015
22512  -40.311  -47.182  -6.211 0.1000000015
22511  -39.638  -47.016  -6.872 0.1000000015
22531  -38.994  -47.945  -7.777 0.2000000030
23385  -39.776  -46.556  -7.552 0.2000000030
23413  -39.625  -46.687  -8.349 0.2000000030
23437  -39.832  -46.441  -9.288 0.1000000015
23414  -39.969  -45.905  -8.604 0.1000000015
24320  -40.159  -45.628  -9.392 0.1000000015
121811  -40.457  -47.126  -10.520 0.1000000015
24350  -40.473  -45.302  -10.205 0.1000000015
24379  -41.348  -45.368  -11.612 0.1000000015
24351  -40.878  -44.930  -10.923 0.1000000015
119080  -41.932  -44.171  -12.274 0.1000000015
25289  -42.376  -44.354  -12.911 0.1000000015
110766  -42.360  -42.805  -13.623 0.1000000015
27147  -41.992  -42.863  -12.823 0.1000000015
27159  -42.156  -42.110  -13.348 0.1000000015
27167  -42.486  -42.175  -14.269 0.1000000015
28092  -42.308  -41.342  -13.738 0.1000000015
28112  -42.908  -41.014  -15.297 0.1000000015
28104  -42.553  -41.222  -14.581 0.1000000015
124133  -43.522  -40.869  -15.804 0.1000000015
9687  -51.537  -63.335  -4.885 0.2000000030
120260  -51.293  -63.388  -5.581 0.2000000030
9670  -51.395  -62.612  -4.666 0.2000000030
10461  -49.976  -61.584  -5.291 0.3000000119
133873  -50.617  -60.737  -4.184 0.2000000030
11265  -49.632  -60.942  -4.835 0.3000000119
117356  -45.116  -57.620  -2.700 0.3000000119
131944  -45.591  -57.840  -2.829 0.3000000119
12048  -48.391  -59.491  -4.524 0.3000000119
15320  -44.437  -55.159  -0.651 0.3000000119
15337  -44.128  -55.821  -1.010 0.3000000119
14464  -44.685  -56.396  -1.378 0.3000000119
13606  -45.903  -57.515  -2.263 0.3000000119
12783  -46.777  -58.364  -3.080 0.3000000119
12801  -47.221  -58.633  -3.665 0.3000000119
121069  -44.258  -52.971  -0.779 0.3000000119
16949  -45.106  -53.500  -0.687 0.3000000119
13607  -46.918  -57.814  -2.360 0.3000000119
125135  -47.608  -58.292  -2.912 0.3000000119
123018  -48.145  -58.582  -3.513 0.2000000030
12034  -48.534  -58.935  -3.929 0.2000000030
18674  -44.259  -51.184  -1.379 0.2000000030
19548  -43.602  -50.535  -1.674 0.3000000119
19566  -43.064  -50.034  -2.001 0.3000000119
19565  -42.243  -50.238  -2.082 0.3000000119
20549  -42.020  -49.657  -3.287 0.2000000030
20577  -42.350  -49.520  -3.971 0.2000000030
20593  -41.845  -49.149  -4.452 0.1000000015
21575  -42.392  -49.120  -5.216 0.1000000015
21612  -42.750  -49.108  -6.681 0.1000000015
20637  -43.769  -49.991  -7.553 0.1000000015
20651  -45.174  -50.327  -8.658 0.1000000015
21613  -43.255  -49.202  -7.415 0.1000000015
21626  -43.836  -49.222  -8.021 0.1000000015
21638  -45.332  -49.576  -8.938 0.1000000015
21640  -46.972  -49.793  -9.812 0.1000000015
126316  -48.451  -50.432  -10.420 0.1000000015
22513  -41.207  -47.365  -6.067 0.1000000015
124762  -42.323  -47.235  -6.732 0.1000000015
22546  -44.153  -48.027  -8.380 0.1000000015
22565  -45.604  -48.266  -9.167 0.1000000015
127672  -46.749  -48.559  -9.806 0.1000000015
123114  -47.488  -48.494  -10.234 0.1000000015
23387  -41.021  -46.638  -6.657 0.1000000015
23404  -41.919  -46.230  -6.950 0.1000000015
23386  -40.298  -46.512  -6.985 0.1000000015
128602  -40.265  -46.087  -7.518 0.2000000030
128490  -40.431  -45.507  -7.907 0.1000000015
24295  -40.781  -44.776  -8.241 0.1000000015
25220  -40.595  -44.749  -9.225 0.1000000015
25221  -41.056  -44.050  -9.582 0.1000000015
25243  -40.825  -44.609  -10.099 0.1000000015
25244  -41.126  -44.168  -10.542 0.1000000015
25270  -41.471  -44.390  -11.532 0.1000000015
118358  -41.649  -43.380  -11.923 0.1000000015
116759  -41.684  -42.366  -11.999 0.1000000015
27158  -42.130  -41.420  -12.899 0.1000000015
119381  -42.565  -40.631  -14.029 0.1000000015
12805  -51.652  -58.644  -3.431 0.2000000030
12050  -50.535  -59.718  -4.014 0.2000000030
12049  -49.637  -59.941  -4.341 0.3000000119
11264  -48.767  -60.222  -5.029 0.3000000119
13626  -51.640  -57.944  -2.909 0.2000000030
12037  -51.061  -59.163  -3.762 0.2000000030
12036  -50.155  -59.118  -3.952 0.2000000030
131469  -48.973  -59.702  -4.466 0.3000000119
121385  -45.391  -55.087  -0.775 0.3000000119
15338  -45.863  -55.835  -0.969 0.3000000119
128241  -47.057  -56.528  -1.444 0.3000000119
13590  -47.480  -57.183  -1.780 0.3000000119
16137  -45.917  -54.146  -0.784 0.3000000119
131203  -47.345  -56.087  -1.300 0.3000000119
14467  -47.894  -56.425  -1.448 0.3000000119
13608  -47.982  -57.743  -2.313 0.3000000119
18697  -45.820  -50.940  -1.938 0.2000000030
17812  -45.752  -52.323  -1.317 0.3000000119
12784  -48.508  -58.116  -2.978 0.2000000030
12802  -48.952  -58.554  -3.512 0.2000000030
19549  -44.993  -50.737  -1.767 0.2000000030
132420  -44.328  -50.472  -1.808 0.2000000030
124595  -44.845  -50.021  -2.294 0.2000000030
19567  -43.899  -50.073  -2.208 0.3000000119
124645  -44.108  -49.550  -2.712 0.3000000119
20523  -42.570  -49.853  -2.633 0.2000000030
20524  -43.372  -49.712  -2.645 0.3000000119
21556  -43.404  -49.368  -3.777 0.2000000030
20578  -42.933  -49.599  -4.353 0.2000000030
20595  -43.173  -49.633  -5.475 0.2000000030
124017  -43.578  -50.048  -6.288 0.1000000015
132182  -43.955  -46.137  -8.094 0.1000000015
23417  -45.111  -47.253  -8.803 0.1000000015
123365  -45.881  -47.093  -9.384 0.1000000015
131233  -46.485  -46.998  -9.604 0.1000000015
24298  -42.357  -45.335  -7.393 0.1000000015
24306  -43.382  -45.579  -7.818 0.1000000015
24307  -44.302  -45.622  -8.333 0.1000000015
23438  -45.573  -46.130  -9.279 0.1000000015
24297  -41.528  -45.299  -7.343 0.1000000015
110986  -43.652  -44.760  -8.187 0.1000000015
25202  -44.508  -44.729  -8.519 0.1000000015
25203  -45.154  -44.687  -8.942 0.1000000015
24296  -41.069  -44.964  -7.622 0.1000000015
25182  -41.833  -44.565  -7.653 0.1000000015
26134  -43.041  -43.395  -8.406 0.1000000015
27075  -43.250  -42.666  -8.683 0.1000000015
25201  -41.751  -43.978  -8.213 0.1000000015
25200  -41.185  -44.112  -8.696 0.1000000015
27073  -41.851  -42.841  -8.898 0.1000000015
27084  -42.390  -42.259  -9.150 0.1000000015
26146  -41.452  -43.449  -9.168 0.1000000015
26159  -41.346  -43.440  -10.080 0.1000000015
116529  -41.402  -43.135  -10.614 0.1000000015
27124  -41.476  -42.708  -11.080 0.1000000015
128170  -41.860  -42.032  -12.652 0.1000000015
14490  -52.951  -56.760  -2.949 0.3000000119
14488  -50.882  -56.730  -2.131 0.3000000119
122804  -50.716  -57.595  -2.549 0.3000000119
12786  -50.197  -58.112  -3.132 0.2000000030
12803  -49.782  -58.572  -3.613 0.2000000030
131779  -50.220  -56.566  -1.894 0.3000000119
14487  -50.091  -57.128  -2.018 0.3000000119
13610  -49.766  -57.610  -2.466 0.3000000119
12035  -49.219  -59.162  -4.051 0.2000000030
16972  -46.757  -53.536  -1.312 0.3000000119
112163  -48.111  -54.668  -1.699 0.3000000119
14468  -48.830  -56.519  -1.622 0.3000000119
13592  -49.304  -57.193  -1.890 0.3000000119
12785  -49.357  -58.032  -3.095 0.2000000030
116139  -46.500  -51.322  -2.197 0.2000000030
16994  -47.859  -53.134  -2.191 0.3000000119
19569  -46.465  -50.653  -2.374 0.2000000030
20526  -45.563  -49.467  -2.541 0.2000000030
20525  -44.792  -49.148  -2.715 0.2000000030
129321  -44.123  -48.929  -3.262 0.3000000119
21576  -43.305  -49.345  -4.649 0.2000000030
27085  -43.744  -42.157  -8.914 0.1000000015
28024  -42.416  -41.696  -9.711 0.1000000015
28032  -41.806  -42.045  -10.379 0.1000000015
117202  -54.294  -56.124  -3.657 0.1000000015
15365  -53.433  -55.219  -3.194 0.2000000030
14491  -53.380  -56.162  -3.162 0.3000000119
15356  -52.437  -55.759  -2.591 0.3000000119
127855  -51.701  -55.128  -2.414 0.3000000119
118833  -50.888  -55.028  -2.300 0.3000000119
131325  -48.918  -55.051  -1.608 0.3000000119
15354  -49.611  -54.974  -1.887 0.3000000119
18699  -47.581  -51.932  -2.598 0.3000000119
16974  -48.350  -53.737  -2.134 0.3000000119
16156  -48.998  -54.269  -1.934 0.3000000119
19593  -47.650  -50.765  -3.011 0.2000000030
20527  -46.480  -49.794  -2.595 0.2000000030
21513  -46.104  -49.067  -2.769 0.1000000015
21532  -46.178  -48.390  -3.044 0.1000000015
21511  -44.812  -48.525  -3.112 0.2000000030
21530  -44.486  -48.002  -3.581 0.2000000030
127314  -44.516  -47.545  -4.061 0.2000000030
22479  -44.398  -47.488  -4.609 0.3000000119
16172  -52.313  -54.718  -2.792 0.3000000119
124374  -51.398  -54.432  -2.690 0.3000000119
16171  -50.550  -54.218  -2.609 0.3000000119
16170  -49.788  -54.125  -2.292 0.3000000119
18723  -48.887  -51.644  -3.454 0.3000000119
16995  -48.643  -53.016  -2.562 0.3000000119
16169  -49.200  -53.538  -2.513 0.3000000119
19594  -48.249  -51.164  -3.309 0.2000000030
21533  -47.627  -48.924  -3.394 0.1000000015
116790  -47.039  -48.219  -3.362 0.1000000015
22460  -46.224  -47.532  -3.662 0.1000000015
22459  -45.104  -47.373  -3.841 0.1000000015
17021  -51.545  -53.332  -3.706 0.3000000119
17851  -52.239  -52.852  -4.239 0.2000000030
16187  -51.011  -53.745  -3.223 0.3000000119
16997  -50.048  -53.521  -3.061 0.3000000119
17019  -49.993  -52.931  -3.565 0.3000000119
17848  -49.608  -52.230  -3.640 0.3000000119
16996  -49.334  -52.994  -3.174 0.3000000119
20554  -48.899  -49.769  -3.868 0.2000000030
19595  -48.882  -50.789  -3.723 0.2000000030
127666  -48.898  -47.885  -4.315 0.1000000015
130315  -49.172  -48.870  -4.290 0.1000000015
133243  -49.487  -47.316  -4.485 0.1000000015
22462  -47.960  -48.028  -3.724 0.1000000015
22461  -47.299  -47.482  -3.828 0.1000000015
22482  -48.120  -47.031  -4.276 0.1000000015
22481  -46.976  -46.778  -4.211 0.1000000015
23349  -45.555  -45.902  -4.527 0.1000000015
17850  -51.381  -52.603  -4.116 0.2000000030
17869  -51.103  -51.877  -4.543 0.2000000030
17849  -50.510  -52.458  -3.981 0.2000000030
18738  -50.103  -50.943  -4.376 0.2000000030
18724  -50.270  -51.672  -4.218 0.2000000030
20579  -49.759  -49.462  -4.388 0.1000000015
19614  -49.583  -50.425  -4.191 0.2000000030
21559  -49.978  -48.208  -4.526 0.1000000015
23351  -47.683  -46.220  -4.385 0.1000000015
24253  -47.310  -45.505  -4.294 0.1000000015
23350  -46.615  -46.015  -4.383 0.1000000015
23353  -49.401  -46.625  -4.351 0.1000000015
23352  -48.531  -46.468  -4.371 0.1000000015
24254  -48.154  -45.768  -4.223 0.1000000015
23344  -48.801  -46.128  -4.000 0.1000000015
24247  -48.307  -45.564  -3.657 0.1000000015
120437  -49.649  -55.878  -8.418 0.4000000060
14549  -48.412  -56.096  -7.871 0.5000000000
14548  -47.040  -55.822  -7.612 0.5000000000
14550  -49.259  -55.894  -8.173 0.4000000060
116136  -48.664  -56.000  -8.142 0.6000000238
13680  -51.228  -56.805  -8.673 0.5000000000
111737  -49.527  -57.270  -7.796 0.4000000060
12882  -51.623  -58.483  -10.777 0.5000000000
12863  -50.397  -57.027  -8.176 0.4000000060
112897  -49.636  -56.183  -9.209 0.5000000000
12872  -53.365  -58.107  -9.146 0.5000000000
14552  -50.388  -56.232  -8.795 0.6000000238
14591  -52.750  -56.819  -10.177 0.5000000000
12890  -52.334  -57.574  -11.179 0.3000000119
12909  -51.160  -58.427  -12.983 0.5000000000
14554  -52.711  -56.932  -9.385 0.5000000000
11331  -50.528  -59.830  -10.782 0.5000000000
13691  -53.124  -57.339  -9.571 0.5000000000
14571  -45.318  -57.057  -9.255 0.4000000060
13726  -52.660  -57.141  -11.931 0.4000000060
119245  -52.340  -56.733  -13.686 0.5000000000
13745  -50.238  -57.620  -14.434 0.4000000060
13768  -51.684  -57.374  -16.065 0.4000000060
12908  -49.184  -58.113  -14.216 0.4000000060
12951  -47.477  -58.173  -15.692 0.3000000119
12930  -47.485  -58.477  -14.934 0.4000000060
13667  -50.009  -56.105  -8.298 0.4000000060
14570  -44.391  -56.801  -9.199 0.3000000119
13690  -46.956  -57.210  -9.587 0.4000000060
119909  -41.397  -54.723  -6.887 0.3000000119
124388  -42.444  -55.583  -8.293 0.4000000060
14569  -43.496  -56.492  -9.096 0.4000000060
13689  -46.166  -57.085  -9.354 0.5000000000
13704  -48.467  -57.078  -10.683 0.6000000238
129526  -50.715  -56.430  -10.654 0.6000000238
14589  -51.330  -56.352  -10.039 0.6000000238
14576  -50.876  -56.336  -9.271 0.6000000238
14553  -51.571  -56.650  -9.135 0.6000000238
14590  -52.101  -56.489  -10.599 0.5000000000
14605  -52.551  -56.772  -11.180 0.5000000000
13688  -45.434  -57.240  -10.102 0.4000000060
14602  -49.952  -56.638  -11.569 0.6000000238
13715  -48.473  -57.402  -11.630 0.5000000000
14604  -51.903  -56.382  -11.504 0.5000000000
123963  -51.539  -56.398  -10.855 0.5000000000
14614  -52.060  -56.499  -12.475 0.5000000000
126574  -42.954  -56.391  -9.690 0.4000000060
15403  -41.742  -55.306  -8.680 0.4000000060
13702  -45.680  -57.510  -10.793 0.5000000000
13724  -49.639  -56.973  -12.656 0.4000000060
13716  -49.166  -57.204  -11.872 0.5000000000
14613  -51.220  -56.600  -12.834 0.5000000000
15437  -41.868  -55.730  -10.399 0.4000000060
16246  -41.278  -54.824  -10.443 0.3000000119
13699  -43.172  -57.161  -11.604 0.5000000000
13713  -46.001  -57.842  -11.492 0.5000000000
13721  -46.303  -58.205  -12.390 0.5000000000
13731  -48.890  -57.750  -13.316 0.4000000060
12893  -44.692  -57.952  -12.618 0.5000000000
12896  -46.822  -58.417  -13.184 0.4000000060
12906  -47.126  -58.573  -14.051 0.4000000060
13743  -44.516  -57.678  -13.920 0.4000000060
14620  -43.209  -56.743  -12.954 0.4000000060
12894  -45.445  -58.355  -12.980 0.4000000060
12929  -46.568  -58.349  -14.616 0.4000000060
12835  -46.925  -58.652  -6.606 0.5000000000
12866  -53.245  -58.230  -8.781 0.5000000000
15374  -43.079  -56.080  -4.282 0.5000000000
12864  -51.354  -57.637  -8.348 0.5000000000
16198  -40.729  -54.049  -4.506 0.3000000119
17891  -39.311  -52.020  -5.341 0.2000000030
124246  -40.605  -54.092  -6.837 0.3000000119
16219  -40.785  -54.358  -8.200 0.4000000060
17913  -39.814  -53.020  -7.663 0.3000000119
17907  -39.464  -52.374  -7.030 0.3000000119
17920  -39.631  -52.248  -8.863 0.3000000119
131900  -39.928  -52.611  -9.546 0.3000000119
16245  -40.902  -53.948  -10.014 0.3000000119
15436  -41.570  -55.372  -11.231 0.3000000119
14611  -42.808  -56.987  -12.132 0.3000000119
16260  -41.310  -54.495  -11.471 0.3000000119
17095  -40.583  -53.192  -10.577 0.2000000030
15447  -41.701  -54.994  -12.021 0.3000000119
14619  -42.735  -55.664  -13.107 0.3000000119
129946  -41.770  -54.147  -12.190 0.2000000030
15458  -43.447  -55.850  -13.500 0.3000000119
14630  -44.339  -56.903  -14.268 0.4000000060
16277  -43.979  -54.052  -13.188 0.2000000030
16283  -44.135  -55.022  -13.512 0.3000000119
15460  -45.056  -55.081  -13.869 0.2000000030
17118  -43.093  -52.994  -12.480 0.2000000030
17119  -44.187  -53.089  -12.764 0.2000000030
19742  -44.187  -50.303  -12.423 0.1000000015
21699  -42.894  -48.628  -12.242 0.1000000015
12834  -46.179  -58.419  -6.022 0.4000000060
12079  -50.841  -59.666  -7.775 0.4000000060
13640  -43.812  -56.630  -4.213 0.5000000000
16168  -42.113  -55.110  -2.311 0.4000000060
17846  -40.043  -52.763  -3.290 0.3000000119
18722  -39.747  -51.258  -3.609 0.2000000030
126124  -39.299  -51.359  -4.858 0.2000000030
111451  -39.378  -49.822  -5.092 0.1000000015
20546  -39.802  -50.197  -3.582 0.1000000015
19674  -39.185  -50.902  -7.593 0.2000000030
19680  -38.988  -49.893  -7.299 0.2000000030
18799  -39.635  -51.234  -8.986 0.2000000030
120292  -39.452  -50.331  -9.011 0.2000000030
18811  -40.281  -51.726  -10.534 0.2000000030
18800  -39.812  -51.754  -9.778 0.2000000030
17942  -41.134  -52.241  -11.529 0.2000000030
20656  -39.462  -49.519  -9.341 0.2000000030
114582  -40.455  -50.960  -10.787 0.1000000015
17943  -41.591  -52.700  -11.961 0.2000000030
19713  -40.050  -50.291  -10.345 0.1000000015
19725  -40.659  -50.195  -11.041 0.1000000015
118284  -41.030  -50.886  -11.392 0.1000000015
17944  -41.492  -51.560  -11.782 0.2000000030
126214  -42.019  -52.027  -12.241 0.2000000030
19726  -41.349  -50.198  -11.551 0.1000000015
21659  -40.712  -48.549  -10.948 0.1000000015
19727  -42.084  -50.273  -12.006 0.1000000015
18822  -42.377  -51.190  -12.232 0.1000000015
17954  -44.596  -52.222  -12.646 0.1000000015
22604  -41.528  -47.779  -11.529 0.1000000015
19741  -43.026  -50.343  -12.277 0.1000000015
18831  -44.353  -51.333  -12.559 0.1000000015
22605  -42.151  -47.638  -11.890 0.1000000015
22625  -42.626  -47.198  -12.318 0.1000000015
132184  -43.315  -47.059  -12.607 0.1000000015
24415  -42.825  -45.138  -13.239 0.1000000015
124480  -52.100  -61.523  -7.308 0.3000000119
11280  -49.592  -60.951  -6.790 0.3000000119
112178  -51.623  -62.065  -6.762 0.3000000119
11292  -51.808  -61.232  -7.049 0.3000000119
11290  -48.974  -60.426  -7.406 0.3000000119
11289  -48.215  -59.975  -7.097 0.3000000119
11272  -47.831  -59.926  -6.606 0.3000000119
12078  -49.535  -59.633  -7.679 0.3000000119
12831  -46.272  -58.754  -5.441 0.4000000060
12046  -46.829  -59.252  -5.447 0.4000000060
12062  -47.342  -59.696  -5.907 0.4000000060
12067  -47.220  -59.387  -6.517 0.4000000060
15352  -42.788  -55.723  -2.201 0.4000000060
12798  -44.649  -57.894  -4.085 0.4000000060
12817  -45.331  -58.236  -4.394 0.4000000060
15335  -42.721  -55.194  -1.424 0.4000000060
17810  -41.317  -52.745  -1.338 0.3000000119
125269  -41.700  -51.590  -1.382 0.3000000119
21554  -40.253  -49.005  -4.521 0.1000000015
20592  -39.458  -49.266  -5.451 0.1000000015
114494  -39.577  -48.457  -5.748 0.1000000015
21624  -38.953  -48.821  -8.046 0.2000000030
112047  -39.605  -47.687  -6.255 0.1000000015
21611  -39.200  -47.735  -7.019 0.2000000030
130449  -39.149  -48.243  -8.406 0.1000000015
124357  -39.482  -48.117  -9.032 0.1000000015
21658  -40.053  -48.675  -10.279 0.1000000015
22564  -40.064  -47.157  -9.883 0.1000000015
23464  -40.242  -46.276  -10.242 0.1000000015
22603  -40.789  -47.609  -11.103 0.1000000015
23486  -40.727  -46.684  -11.042 0.1000000015
23487  -41.357  -46.303  -11.635 0.1000000015
24396  -41.824  -45.788  -12.098 0.1000000015
26206  -42.096  -43.693  -12.649 0.1000000015
9686  -51.369  -62.925  -5.479 0.2000000030
10479  -50.703  -62.242  -5.089 0.2000000030
8927  -51.091  -63.588  -6.076 0.2000000030
13588  -45.137  -57.001  -1.942 0.3000000119
16136  -43.971  -54.446  -0.539 0.3000000119
17790  -43.284  -52.942  -0.738 0.3000000119
20548  -41.111  -49.604  -3.278 0.1000000015
21592  -42.426  -48.807  -5.940 0.1000000015
21591  -41.658  -48.256  -5.645 0.1000000015
21573  -40.433  -48.531  -5.169 0.1000000015
22514  -42.120  -47.957  -6.354 0.1000000015
23388  -41.672  -47.024  -6.562 0.1000000015
22563  -39.656  -47.300  -9.125 0.1000000015
24305  -40.372  -45.297  -8.661 0.1000000015
10463  -51.571  -61.789  -4.000 0.2000000030
10462  -50.500  -61.738  -4.690 0.2000000030
120481  -44.867  -54.356  -0.621 0.3000000119
14451  -44.989  -55.861  -0.852 0.3000000119
14465  -45.475  -56.428  -1.304 0.3000000119
13589  -46.588  -57.088  -1.771 0.3000000119
121384  -44.633  -52.094  -1.094 0.3000000119
17791  -45.165  -52.679  -0.905 0.3000000119
17811  -45.272  -51.568  -1.433 0.3000000119
20576  -41.416  -49.261  -3.803 0.1000000015
20594  -42.682  -49.522  -4.644 0.1000000015
20614  -42.923  -49.731  -6.084 0.1000000015
20636  -43.388  -49.870  -6.813 0.1000000015
20650  -44.321  -50.082  -8.284 0.1000000015
21628  -44.714  -49.672  -8.625 0.1000000015
22533  -42.770  -48.186  -7.081 0.1000000015
22534  -43.429  -48.130  -7.722 0.1000000015
21627  -44.338  -49.208  -8.410 0.1000000015
21639  -46.166  -49.401  -9.396 0.1000000015
21660  -47.713  -50.133  -10.270 0.1000000015
21661  -48.464  -48.978  -10.576 0.1000000015
23405  -42.910  -47.108  -7.201 0.1000000015
23415  -43.563  -46.839  -7.927 0.1000000015
22566  -46.300  -47.901  -9.551 0.1000000015
126634  -42.931  -46.143  -7.255 0.1000000015
23403  -40.863  -45.781  -7.200 0.1000000015
26186  -41.329  -43.548  -10.985 0.1000000015
13625  -50.966  -58.248  -3.092 0.2000000030
13611  -51.497  -57.265  -2.503 0.3000000119
12804  -50.631  -58.647  -3.549 0.2000000030
15321  -46.300  -55.077  -0.967 0.3000000119
13591  -48.419  -57.200  -1.780 0.3000000119
16971  -45.919  -53.119  -1.076 0.3000000119
16154  -46.872  -54.424  -1.076 0.3000000119
15339  -47.605  -55.521  -1.304 0.3000000119
13609  -48.894  -57.628  -2.413 0.3000000119
18675  -46.178  -51.761  -1.727 0.3000000119
132362  -45.359  -50.480  -2.090 0.2000000030
17813  -46.627  -52.621  -1.668 0.3000000119
131744  -43.565  -49.415  -3.129 0.3000000119
20550  -42.911  -49.650  -3.411 0.2000000030
20596  -43.707  -50.092  -6.192 0.2000000030
23416  -44.355  -46.665  -8.404 0.1000000015
113326  -44.914  -46.209  -8.738 0.1000000015
22583  -47.665  -47.081  -10.151 0.1000000015
24308  -45.067  -45.419  -8.839 0.1000000015
25183  -42.772  -44.645  -7.787 0.1000000015
131342  -43.134  -44.083  -8.088 0.1000000015
112023  -42.440  -43.975  -8.025 0.1000000015
26133  -42.183  -43.402  -8.498 0.1000000015
27074  -42.563  -42.752  -8.739 0.1000000015
28023  -41.935  -42.384  -9.582 0.1000000015
14489  -51.899  -56.627  -2.470 0.3000000119
13612  -52.369  -57.426  -2.892 0.3000000119
15355  -51.365  -55.853  -2.170 0.3000000119
15342  -50.293  -55.791  -1.910 0.3000000119
126878  -49.679  -56.533  -1.756 0.3000000119
16973  -47.521  -53.931  -1.777 0.3000000119
15340  -48.438  -55.666  -1.477 0.3000000119
15341  -49.318  -55.759  -1.635 0.3000000119
18698  -46.893  -51.936  -2.204 0.3000000119
19570  -47.150  -51.223  -2.559 0.3000000119
17830  -47.379  -52.546  -2.201 0.3000000119
21512  -45.453  -48.740  -2.877 0.2000000030
21557  -43.877  -48.310  -3.999 0.2000000030
22478  -43.897  -48.470  -4.893 0.2000000030
21577  -43.565  -49.444  -5.518 0.2000000030
16189  -52.914  -54.118  -3.452 0.2000000030
118986  -50.222  -54.844  -2.213 0.3000000119
18700  -48.205  -51.875  -3.044 0.3000000119
17831  -48.093  -52.478  -2.589 0.3000000119
20528  -47.058  -50.446  -2.663 0.2000000030
20551  -46.840  -49.005  -2.916 0.2000000030
21531  -45.328  -48.021  -3.297 0.1000000015
117028  -52.215  -53.548  -3.781 0.3000000119
17847  -48.772  -52.418  -3.122 0.3000000119
20553  -48.197  -50.345  -3.440 0.2000000030
20552  -47.435  -49.847  -3.059 0.2000000030
21534  -48.441  -48.846  -3.848 0.1000000015
23343  -45.833  -46.701  -4.165 0.1000000015
116830  -49.550  -51.293  -3.947 0.2000000030
21558  -48.861  -47.048  -4.563 0.1000000015
18740  -51.699  -51.108  -4.948 0.2000000030
20580  -50.567  -49.194  -4.627 0.1000000015
12138  -49.427  -59.649  -13.226 0.3000000119
12139  -50.604  -59.195  -13.589 0.3000000119
8251  -46.426  -65.621  -14.403 0.2000000030
122442  -45.371  -66.388  -13.964 0.2000000030
11382  -48.547  -60.510  -13.306 0.4000000060
10613  -48.444  -61.936  -14.829 0.3000000119
10614  -48.848  -60.965  -14.422 0.3000000119
117933  -47.443  -63.668  -14.480 0.3000000119
12140  -51.766  -58.833  -13.933 0.4000000060
11387  -49.903  -60.771  -14.841 0.4000000060
9829  -48.216  -63.081  -15.150 0.3000000119
8260  -47.127  -65.537  -15.113 0.2000000030
12153  -51.283  -59.655  -14.535 0.4000000060
10624  -49.356  -62.843  -15.664 0.4000000060
12933  -52.611  -58.480  -14.321 0.4000000060
12911  -52.688  -57.731  -13.910 0.4000000060
10625  -49.621  -61.737  -15.289 0.4000000060
9844  -48.174  -64.282  -15.569 0.3000000119
7494  -47.329  -65.586  -15.735 0.3000000119
12154  -52.236  -59.342  -14.771 0.4000000060
11388  -51.018  -60.596  -15.058 0.4000000060
115403  -50.354  -62.529  -15.877 0.3000000119
9052  -48.168  -65.145  -15.898 0.4000000060
12912  -52.964  -58.081  -14.643 0.4000000060
11394  -51.393  -60.922  -15.664 0.4000000060
9054  -49.193  -63.985  -16.214 0.3000000119
14632  -52.361  -56.848  -14.059 0.4000000060
12165  -52.319  -59.613  -15.365 0.4000000060
10626  -50.913  -61.734  -15.956 0.4000000060
13771  -53.198  -57.681  -15.361 0.4000000060
10627  -51.493  -60.952  -15.954 0.4000000060
9847  -50.327  -62.721  -16.185 0.3000000119
14648  -52.436  -57.286  -14.986 0.4000000060
12166  -52.665  -59.241  -15.685 0.4000000060
11395  -52.017  -60.263  -15.762 0.4000000060
10645  -50.661  -61.982  -16.399 0.4000000060
12956  -53.490  -57.912  -15.626 0.4000000060
121134  -53.426  -58.349  -16.508 0.4000000060
11396  -52.381  -59.889  -16.066 0.4000000060
11407  -51.884  -60.481  -16.186 0.4000000060
10644  -50.198  -62.481  -16.762 0.3000000119
13770  -53.036  -57.309  -15.757 0.4000000060
11408  -52.388  -59.789  -16.587 0.4000000060
11433  -51.799  -60.408  -16.769 0.4000000060
10646  -51.228  -61.173  -16.374 0.3000000119
9878  -49.586  -62.726  -16.985 0.2000000030
13769  -52.372  -57.183  -15.293 0.3000000119
12965  -53.634  -57.773  -16.366 0.4000000060
13781  -53.632  -56.939  -17.120 0.4000000060
14663  -53.941  -56.890  -17.724 0.4000000060
12191  -52.297  -59.588  -17.394 0.4000000060
11455  -51.719  -60.114  -17.442 0.4000000060
10669  -50.673  -61.587  -16.942 0.2000000030
11431  -50.574  -60.827  -17.652 0.2000000030
128116  -48.104  -61.327  -17.083 0.3000000119
13780  -52.789  -57.083  -16.639 0.3000000119
12204  -52.037  -59.369  -18.347 0.3000000119
11430  -49.629  -60.500  -18.153 0.2000000030
11454  -51.225  -60.165  -17.954 0.2000000030
10667  -49.045  -61.320  -17.454 0.2000000030
11406  -47.203  -60.958  -16.955 0.2000000030
12953  -49.568  -58.411  -16.169 0.3000000119
13779  -51.565  -57.445  -17.660 0.3000000119
12994  -53.679  -57.544  -17.860 0.4000000060
12963  -49.640  -58.243  -16.924 0.3000000119
13809  -53.819  -56.826  -18.832 0.2000000030
12992  -52.807  -58.239  -19.157 0.2000000030
10666  -47.788  -60.703  -17.601 0.2000000030
117841  -52.190  -56.487  -19.351 0.2000000030
13808  -53.027  -56.766  -19.533 0.2000000030
13002  -52.593  -57.882  -20.148 0.1000000015
12203  -51.259  -59.630  -18.883 0.1000000015
11452  -49.027  -60.052  -19.035 0.1000000015
117624  -48.466  -60.337  -18.344 0.1000000015
12961  -48.158  -58.245  -16.302 0.2000000030
12978  -50.219  -57.961  -17.738 0.3000000119
13792  -51.012  -57.192  -18.555 0.3000000119
14646  -46.441  -56.834  -15.421 0.2000000030
13778  -48.399  -57.544  -16.806 0.1000000015
12977  -49.346  -58.025  -17.349 0.3000000119
13791  -50.022  -57.410  -18.376 0.2000000030
13828  -52.496  -57.188  -20.231 0.1000000015
12215  -51.256  -59.372  -19.975 0.1000000015
124496  -48.237  -60.209  -19.170 0.1000000015
11451  -47.389  -60.347  -18.644 0.1000000015
14647  -47.421  -56.644  -16.105 0.2000000030
13790  -49.130  -57.496  -17.556 0.2000000030
13807  -51.552  -56.390  -19.765 0.1000000015
13827  -52.209  -56.589  -19.963 0.1000000015
13022  -52.266  -57.752  -20.847 0.1000000015
12228  -51.833  -58.486  -20.597 0.1000000015
12201  -49.767  -60.022  -19.518 0.1000000015
11468  -47.858  -60.414  -19.668 0.1000000015
11449  -45.629  -60.695  -18.402 0.1000000015
14662  -48.985  -56.433  -17.307 0.1000000015
13806  -51.032  -56.593  -19.227 0.2000000030
14698  -50.526  -56.141  -19.582 0.1000000015
14728  -51.326  -56.582  -20.711 0.1000000015
13021  -51.482  -58.156  -21.398 0.1000000015
12213  -49.910  -60.209  -20.302 0.1000000015
11467  -46.921  -60.623  -19.398 0.1000000015
10687  -45.287  -61.239  -18.785 0.1000000015
123628  -50.789  -56.268  -20.189 0.1000000015
13043  -50.592  -58.312  -21.843 0.1000000015
11480  -50.368  -59.848  -21.908 0.1000000015
10702  -46.772  -61.489  -19.906 0.1000000015
11479  -49.966  -60.692  -21.612 0.1000000015
22501  -44.387  -47.558  -5.503 0.2000000030
14631  -46.321  -55.987  -14.999 0.2000000030
15481  -47.117  -56.102  -15.435 0.1000000015
128176  -48.164  -56.917  -16.598 0.1000000015
14661  -48.593  -55.813  -16.559 0.1000000015
14679  -50.316  -55.915  -18.892 0.1000000015
15520  -49.834  -55.261  -17.659 0.1000000015
14727  -50.475  -56.483  -20.719 0.1000000015
12226  -50.331  -60.211  -21.075 0.1000000015
13863  -50.165  -57.775  -21.723 0.1000000015
11383  -49.316  -60.318  -13.982 0.3000000119
12152  -50.199  -59.977  -14.228 0.4000000060
9038  -47.577  -64.860  -15.178 0.3000000119
11389  -51.803  -60.151  -15.273 0.4000000060
9845  -49.188  -63.991  -15.941 0.3000000119
12934  -53.011  -58.164  -14.704 0.4000000060
9846  -49.895  -63.410  -16.129 0.3000000119
12955  -53.155  -58.354  -15.304 0.4000000060
12205  -53.073  -58.581  -17.290 0.4000000060
11432  -51.213  -60.767  -17.103 0.2000000030
10668  -50.052  -61.738  -17.395 0.2000000030
14680  -54.002  -56.840  -18.230 0.3000000119
111603  -52.791  -58.727  -18.181 0.2000000030
12954  -50.486  -58.152  -16.858 0.3000000119
125445  -53.149  -56.642  -17.843 0.3000000119
11453  -50.489  -60.168  -18.460 0.1000000015
12993  -53.495  -57.639  -18.574 0.4000000060
129008  -52.354  -56.648  -18.519 0.2000000030
13003  -53.188  -57.309  -19.513 0.2000000030
12216  -51.944  -58.779  -19.498 0.1000000015
11429  -46.733  -60.585  -17.661 0.1000000015
128770  -49.838  -60.049  -18.840 0.1000000015
14715  -51.990  -56.721  -20.446 0.1000000015
12214  -50.503  -59.830  -20.192 0.1000000015
11469  -48.900  -60.118  -19.894 0.1000000015
11450  -46.341  -60.530  -18.489 0.1000000015
14678  -49.751  -56.529  -18.212 0.1000000015
14714  -51.473  -56.368  -20.098 0.1000000015
12227  -50.973  -59.275  -21.076 0.1000000015
11466  -46.090  -60.944  -19.088 0.1000000015
13850  -50.957  -57.262  -21.434 0.1000000015
10686  -44.499  -61.532  -18.445 0.1000000015
14713  -50.140  -56.010  -20.048 0.1000000015
15521  -50.142  -55.020  -18.103 0.1000000015
9788  -50.499  -62.904  -11.239 0.3000000119
10572  -49.760  -62.021  -11.410 0.2000000030
9787  -49.767  -63.165  -11.672 0.3000000119
10571  -48.912  -62.144  -11.835 0.2000000030
10555  -51.551  -61.194  -10.314 0.4000000060
10573  -50.755  -61.818  -11.010 0.2000000030
11355  -51.090  -60.893  -10.769 0.4000000060
9804  -48.703  -62.838  -12.039 0.2000000030
124800  -48.753  -61.129  -11.640 0.2000000030
10593  -48.151  -61.721  -12.440 0.2000000030
9013  -48.163  -63.214  -12.146 0.1000000015
12119  -48.902  -60.191  -11.703 0.3000000119
117441  -47.943  -63.342  -11.980 0.1000000015
9803  -47.851  -62.610  -12.661 0.2000000030
9012  -47.008  -63.552  -12.699 0.1000000015
130417  -47.332  -63.353  -12.677 0.1000000015
9820  -46.950  -63.934  -13.468 0.1000000015
9010  -45.177  -63.648  -12.753 0.1000000015
9011  -46.108  -63.735  -12.829 0.1000000015
9030  -46.336  -64.530  -13.466 0.1000000015
9028  -44.669  -64.485  -13.241 0.1000000015
9029  -45.630  -64.650  -13.267 0.1000000015
12120  -49.762  -59.622  -11.470 0.3000000119
11373  -48.416  -60.722  -12.395 0.2000000030
10605  -47.606  -61.885  -13.423 0.2000000030
9821  -47.317  -63.056  -13.386 0.2000000030
9027  -43.632  -64.291  -13.224 0.1000000015
12888  -50.106  -58.844  -11.823 0.2000000030
12127  -49.424  -59.523  -12.189 0.3000000119
10592  -47.856  -61.098  -13.061 0.2000000030
10606  -48.019  -61.369  -13.860 0.3000000119
12889  -51.173  -58.409  -11.581 0.2000000030
9037  -46.802  -64.756  -14.267 0.2000000030
134303  -46.273  -65.125  -13.898 0.1000000015
8248  -44.226  -65.455  -13.466 0.1000000015
8249  -45.180  -65.616  -13.502 0.1000000015
7453  -43.880  -66.452  -13.724 0.1000000015
12128  -50.164  -59.009  -12.595 0.2000000030
7455  -45.409  -66.722  -14.553 0.1000000015
7456  -45.937  -66.243  -14.483 0.1000000015
7452  -42.999  -66.489  -13.849 0.1000000015
6737  -44.441  -67.017  -14.182 0.1000000015
12898  -50.813  -58.513  -12.196 0.2000000030
7475  -46.618  -66.011  -15.183 0.1000000015
7474  -45.822  -66.474  -15.174 0.1000000015
7493  -46.722  -65.775  -15.621 0.1000000015
7473  -41.400  -66.572  -14.058 0.1000000015
6736  -43.572  -66.978  -14.236 0.1000000015
6763  -44.758  -67.241  -14.603 0.1000000015
7492  -45.943  -66.091  -15.594 0.1000000015
9053  -48.563  -64.647  -16.096 0.3000000119
6772  -43.649  -67.047  -15.229 0.1000000015
12121  -50.615  -59.039  -11.199 0.3000000119
11354  -49.712  -60.682  -11.152 0.2000000030
8250  -45.870  -65.519  -13.784 0.1000000015
7454  -44.766  -66.507  -13.750 0.1000000015
10612  -47.495  -62.306  -14.304 0.2000000030
122792  -42.220  -66.579  -13.990 0.1000000015
6735  -42.811  -67.043  -14.294 0.1000000015
6773  -44.649  -67.182  -15.059 0.1000000015
6762  -44.068  -67.195  -14.649 0.1000000015
7513  -47.534  -65.455  -16.109 0.2000000030
9049  -44.970  -64.641  -15.803 0.1000000015
111428  -43.384  -64.745  -15.486 0.1000000015
115654  -44.953  -63.526  -15.705 0.2000000030
113382  -42.378  -64.108  -15.479 0.1000000015
9051  -46.990  -64.622  -16.411 0.2000000030
9050  -45.908  -64.340  -15.960 0.2000000030
9048  -44.016  -63.663  -15.514 0.2000000030
9842  -45.526  -62.872  -15.755 0.1000000015
8297  -47.518  -65.179  -16.394 0.2000000030
9843  -46.368  -63.500  -16.074 0.1000000015
111614  -42.947  -63.320  -15.356 0.1000000015
9841  -44.451  -62.397  -15.613 0.1000000015
9068  -48.398  -64.559  -16.472 0.2000000030
9067  -47.784  -64.656  -16.620 0.2000000030
10622  -45.165  -61.801  -15.957 0.1000000015
121395  -48.191  -63.616  -16.882 0.1000000015
10623  -46.273  -62.345  -16.107 0.1000000015
9864  -49.754  -63.275  -16.515 0.2000000030
9863  -49.090  -63.666  -16.823 0.2000000030
10641  -46.717  -61.511  -16.528 0.1000000015
113673  -47.247  -62.581  -16.585 0.1000000015
10642  -47.740  -61.971  -16.859 0.1000000015
116138  -45.736  -61.278  -16.409 0.1000000015
8278  -46.751  -65.455  -16.101 0.1000000015
8277  -45.769  -65.406  -15.810 0.1000000015
9774  -50.703  -62.196  -10.815 0.2000000030
9000  -50.243  -63.636  -11.230 0.1000000015
8944  -51.092  -63.552  -6.817 0.1000000015
13627  -52.594  -58.193  -3.377 0.1000000015
125079  -51.838  -63.204  -4.286 0.1000000015
11250  -51.395  -59.957  -3.818 0.1000000015
111610  -53.599  -58.591  -3.628 0.2000000030
12806  -52.695  -58.865  -3.551 0.1000000015
9661  -52.883  -62.734  -3.074 0.1000000015
12038  -52.139  -59.365  -3.626 0.1000000015
112606  -52.508  -61.391  -3.516 0.1000000015
10445  -52.459  -62.342  -3.595 0.1000000015
10532  -51.262  -61.682  -10.086 0.2000000030
9716  -51.529  -63.039  -7.004 0.1000000015
118183  -51.957  -62.711  -4.038 0.1000000015
11251  -51.681  -60.852  -3.678 0.1000000015
8893  -51.732  -63.752  -4.136 0.1000000015
8894  -52.293  -63.226  -3.661 0.1000000015
115441  -52.611  -60.333  -3.550 0.1000000015
111503  -53.411  -59.508  -3.563 0.1000000015
9760  -50.670  -62.321  -10.463 0.1000000015
9773  -50.543  -63.333  -10.946 0.1000000015
17870  -52.047  -52.027  -4.858 0.1000000015
17871  -52.693  -52.339  -4.758 0.1000000015
17043  -53.073  -52.881  -4.463 0.1000000015
17023  -53.615  -53.726  -4.069 0.1000000015
16191  -55.025  -54.973  -4.190 0.1000000015
17022  -52.846  -53.414  -4.084 0.1000000015
17892  -54.374  -52.020  -5.167 0.1000000015
17893  -55.401  -52.376  -5.125 0.1000000015
17874  -56.014  -52.954  -4.829 0.1000000015
17045  -56.512  -53.878  -4.508 0.1000000015
121408  -52.788  -51.933  -5.114 0.1000000015
17872  -53.538  -52.379  -4.920 0.1000000015
118741  -55.394  -53.596  -4.518 0.1000000015
16201  -55.871  -54.925  -4.644 0.1000000015
15377  -56.071  -56.027  -4.496 0.1000000015
18760  -52.614  -51.158  -5.231 0.1000000015
114221  -57.009  -52.788  -4.820 0.1000000015
18761  -54.162  -51.186  -5.357 0.1000000015
18762  -55.383  -51.449  -5.245 0.1000000015
17894  -56.344  -52.230  -5.046 0.1000000015
18741  -53.359  -51.673  -5.237 0.1000000015
16203  -56.714  -54.094  -4.236 0.1000000015
19634  -56.840  -50.567  -4.599 0.1000000015
18763  -56.567  -51.317  -4.911 0.1000000015
17875  -57.295  -51.858  -4.752 0.1000000015
19632  -54.920  -50.364  -5.314 0.1000000015
19631  -53.917  -50.453  -5.341 0.1000000015
19616  -52.166  -50.203  -5.397 0.1000000015
18739  -50.845  -51.031  -4.603 0.1000000015
120041  -44.089  -48.663  -5.569 0.1000000015
21594  -44.823  -48.924  -6.626 0.1000000015
20597  -53.169  -50.051  -5.355 0.1000000015
19615  -51.380  -50.307  -4.960 0.1000000015
126527  -50.481  -50.175  -4.545 0.1000000015
21593  -44.214  -49.605  -6.089 0.1000000015
122452  -44.582  -47.197  -6.126 0.1000000015
21614  -46.035  -49.727  -7.551 0.1000000015
128322  -44.685  -49.925  -6.669 0.1000000015
120916  -45.277  -49.723  -7.062 0.1000000015
19633  -56.026  -50.405  -4.952 0.1000000015
18764  -57.415  -51.052  -4.578 0.1000000015
120164  -57.761  -52.166  -4.493 0.1000000015
20616  -44.206  -50.271  -6.644 0.1000000015
16190  -54.076  -54.533  -3.690 0.1000000015
15366  -54.597  -55.431  -3.860 0.1000000015
17044  -54.023  -53.243  -4.578 0.1000000015
17024  -54.732  -54.068  -4.107 0.1000000015
15376  -55.468  -55.798  -4.461 0.1000000015
131634  -53.354  -50.948  -5.378 0.1000000015
22515  -44.419  -48.181  -6.145 0.1000000015
20617  -44.812  -50.276  -7.138 0.1000000015
15469  -45.647  -55.591  -14.469 0.1000000015
16296  -46.060  -54.681  -14.068 0.1000000015
16285  -45.735  -54.107  -13.449 0.1000000015
8199  -48.643  -65.252  -9.868 0.1000000015
8975  -48.480  -65.028  -10.302 0.1000000015
8213  -49.202  -64.884  -10.369 0.1000000015
114339  -47.419  -65.969  -9.478 0.1000000015
8198  -47.832  -65.445  -9.798 0.1000000015
8974  -47.173  -64.052  -9.819 0.1000000015
119959  -46.695  -66.461  -9.333 0.1000000015
7417  -47.835  -65.719  -9.459 0.1000000015
8200  -49.114  -65.016  -9.765 0.1000000015
121392  -45.622  -65.879  -9.248 0.1000000015
6705  -45.418  -67.168  -9.333 0.1000000015
7416  -47.260  -66.450  -9.197 0.1000000015
6020  -44.574  -68.184  -9.367 0.1000000015
6706  -46.426  -67.112  -9.123 0.1000000015
11215  -42.184  -60.667  -1.942 0.1000000015
11230  -42.128  -60.718  -2.645 0.1000000015
9681  -40.886  -62.534  -5.369 0.1000000015
128230  -40.732  -63.097  -5.793 0.1000000015
118912  -40.802  -63.447  -6.277 0.1000000015
8135  -41.037  -64.114  -6.924 0.1000000015
8988  -50.194  -64.141  -10.971 0.1000000015
8134  -40.212  -64.228  -6.623 0.1000000015
6704  -44.070  -67.533  -9.558 0.1000000015
122168  -43.005  -67.761  -9.647 0.1000000015
8999  -49.716  -63.984  -11.457 0.1000000015
7382  -39.676  -65.866  -7.902 0.1000000015
6657  -40.031  -67.031  -8.493 0.1000000015
6679  -40.630  -67.657  -8.904 0.1000000015
6703  -42.043  -67.876  -9.640 0.1000000015
6018  -42.627  -68.398  -9.338 0.1000000015
5407  -43.435  -68.976  -8.891 0.1000000015
6021  -45.503  -67.839  -9.045 0.1000000015
8998  -48.832  -63.691  -11.779 0.1000000015
7381  -38.805  -66.089  -7.691 0.1000000015
6700  -39.836  -66.956  -9.237 0.1000000015
5999  -42.195  -68.452  -8.863 0.1000000015
6000  -43.082  -68.753  -8.609 0.1000000015
11245  -41.812  -61.143  -3.300 0.1000000015
10439  -41.918  -61.163  -3.967 0.1000000015
9682  -41.695  -62.205  -5.356 0.1000000015
8183  -48.206  -65.333  -9.155 0.1000000015
8976  -49.072  -63.871  -9.488 0.1000000015
8201  -49.652  -64.425  -10.488 0.1000000015
9699  -41.242  -62.795  -5.934 0.1000000015
8918  -41.585  -63.298  -6.499 0.1000000015
9700  -41.993  -62.603  -6.098 0.1000000015
8987  -49.662  -64.567  -10.933 0.1000000015
6658  -40.850  -67.297  -8.492 0.1000000015
6680  -41.429  -68.068  -8.703 0.1000000015
5408  -44.193  -69.105  -8.467 0.1000000015
121532  -41.841  -67.236  -8.213 0.1000000015
5990  -42.635  -68.109  -8.339 0.1000000015
5399  -43.796  -69.152  -8.168 0.1000000015
12022  -43.302  -59.742  -2.211 0.1000000015
112994  -42.879  -60.260  -2.811 0.1000000015
12023  -44.215  -59.614  -2.267 0.1000000015
12008  -44.566  -59.286  -1.434 0.1000000015
8955  -48.379  -63.927  -8.706 0.1000000015
11246  -42.458  -60.710  -3.574 0.1000000015
11262  -43.072  -60.718  -4.169 0.1000000015
10476  -42.512  -61.673  -5.091 0.1000000015
7405  -47.491  -66.221  -8.659 0.1000000015
9758  -49.560  -63.204  -9.680 0.1000000015
9683  -42.482  -62.185  -5.635 0.1000000015
8919  -42.468  -63.242  -6.582 0.1000000015
8939  -42.015  -64.103  -6.970 0.1000000015
125112  -41.389  -66.372  -8.124 0.1000000015
8170  -41.462  -65.157  -7.617 0.1000000015
8171  -42.581  -64.943  -7.377 0.1000000015
7386  -43.867  -66.750  -7.310 0.1000000015
6659  -43.587  -67.978  -7.616 0.1000000015
7384  -42.240  -66.041  -7.825 0.1000000015
117896  -42.850  -67.000  -7.734 0.1000000015
12009  -45.474  -59.273  -1.484 0.1000000015
8941  -47.753  -64.258  -7.907 0.1000000015
11232  -43.761  -60.010  -2.925 0.1000000015
12771  -46.074  -59.045  -1.102 0.1000000015
12000  -46.730  -58.759  -0.590 0.1000000015
6662  -46.906  -66.846  -7.431 0.1000000015
8173  -47.524  -65.222  -7.965 0.1000000015
8942  -48.235  -63.282  -7.800 0.1000000015
11263  -43.933  -60.912  -4.125 0.1000000015
121448  -44.158  -60.457  -3.468 0.1000000015
6022  -46.161  -67.643  -8.610 0.1000000015
128743  -50.217  -63.806  -10.624 0.1000000015
10477  -43.304  -61.940  -5.490 0.1000000015
10458  -43.233  -61.227  -4.755 0.1000000015
5992  -44.266  -68.643  -7.490 0.1000000015
5410  -45.401  -68.629  -7.916 0.1000000015
9701  -42.886  -62.610  -6.077 0.1000000015
8940  -43.013  -64.075  -7.012 0.1000000015
8172  -43.419  -64.905  -7.176 0.1000000015
12024  -45.339  -59.709  -2.168 0.1000000015
11233  -44.851  -60.214  -2.930 0.1000000015
6661  -46.470  -67.631  -7.394 0.1000000015
10506  -50.591  -61.967  -9.541 0.1000000015
6660  -44.437  -67.817  -6.882 0.1000000015
5986  -45.547  -68.234  -6.495 0.1000000015
8136  -44.081  -64.400  -6.824 0.1000000015
8920  -43.436  -63.340  -6.517 0.1000000015
6650  -46.532  -67.992  -6.151 0.1000000015
7363  -47.815  -66.012  -5.829 0.1000000015
5987  -46.077  -68.245  -6.100 0.1000000015
11248  -44.845  -60.812  -3.668 0.1000000015
7361  -44.825  -66.600  -6.534 0.1000000015
6648  -45.366  -67.834  -6.305 0.1000000015
5969  -46.120  -68.046  -5.737 0.1000000015
10440  -44.733  -61.294  -4.233 0.1000000015
112936  -44.690  -65.310  -6.579 0.1000000015
132044  -44.192  -61.555  -4.909 0.1000000015
8921  -44.458  -63.518  -6.310 0.1000000015
8922  -45.330  -63.695  -5.844 0.1000000015
9702  -43.795  -62.667  -5.992 0.1000000015
112406  -47.354  -67.077  -6.182 0.1000000015
7342  -46.899  -66.438  -4.723 0.1000000015
6635  -46.731  -67.326  -5.127 0.1000000015
11249  -45.688  -60.807  -3.174 0.1000000015
8138  -45.736  -64.818  -5.584 0.1000000015
8106  -46.472  -65.256  -4.991 0.1000000015
8137  -45.057  -64.501  -6.342 0.1000000015
7362  -45.383  -65.690  -6.021 0.1000000015
129110  -44.136  -62.175  -5.521 0.1000000015
7344  -48.557  -66.696  -4.607 0.1000000015
132160  -47.826  -67.128  -4.486 0.1000000015
8099  -47.067  -65.728  -4.587 0.1000000015
7332  -47.534  -66.627  -4.326 0.1000000015
12025  -46.152  -60.142  -2.288 0.1000000015
9684  -45.577  -62.883  -5.441 0.1000000015
7345  -49.236  -66.209  -4.313 0.1000000015
12770  -45.155  -58.849  -0.878 0.1000000015
13572  -48.348  -57.040  0.623 0.1000000015
12748  -47.816  -57.621  0.256 0.1000000015
12765  -47.268  -58.256  -0.113 0.1000000015
9665  -41.142  -62.119  -4.678 0.1000000015
8169  -40.361  -65.027  -7.447 0.1000000015
7383  -40.586  -66.118  -8.159 0.1000000015
6678  -39.924  -67.164  -8.781 0.1000000015
5997  -40.793  -67.786  -9.147 0.1000000015
6702  -41.206  -67.845  -9.381 0.1000000015
8194  -42.436  -65.959  -9.595 0.1000000015
10456  -41.829  -61.628  -4.570 0.1000000015
5400  -44.502  -68.991  -7.864 0.1000000015
11247  -43.373  -60.483  -3.530 0.1000000015
7360  -44.082  -65.561  -7.108 0.1000000015
5394  -45.486  -68.394  -6.901 0.1000000015
6651  -47.118  -67.609  -5.586 0.1000000015
6649  -45.828  -67.069  -5.775 0.1000000015
8902  -46.200  -63.916  -5.226 0.1000000015
7343  -47.792  -67.156  -4.949 0.1000000015
3496  -35.321  -72.776  -15.923 0.1000000015
3475  -35.405  -72.390  -15.073 0.1000000015
3554  -36.500  -72.589  -20.576 0.1000000015
3537  -35.948  -72.208  -20.024 0.1000000015
110675  -36.117  -72.799  -19.260 0.1000000015
2949  -37.764  -73.117  -16.668 0.1000000015
3553  -35.967  -72.650  -21.157 0.1000000015
3572  -34.234  -72.921  -21.624 0.1000000015
3571  -33.195  -72.846  -21.782 0.1000000015
3474  -34.504  -72.224  -15.671 0.1000000015
3454  -34.591  -71.882  -14.840 0.1000000015
3999  -34.670  -71.698  -14.061 0.1000000015
3494  -34.518  -72.497  -16.502 0.1000000015
2977  -36.254  -73.148  -18.461 0.1000000015
2963  -36.566  -73.217  -17.460 0.1000000015
2948  -36.374  -73.035  -16.323 0.1000000015
3455  -35.406  -72.095  -14.202 0.1000000015
4072  -35.339  -71.992  -20.474 0.1000000015
2964  -37.967  -72.960  -17.768 0.1000000015
3510  -37.259  -73.021  -18.385 0.1000000015
4071  -34.498  -71.566  -20.678 0.1000000015
4083  -33.793  -72.215  -21.375 0.1000000015
4068  -32.292  -71.611  -20.704 0.1000000015
4082  -31.761  -72.038  -21.170 0.1000000015
7467  -35.270  -65.413  -14.519 0.1000000015
6075  -33.337  -67.528  -14.124 0.1000000015
130999  -35.511  -66.066  -14.786 0.1000000015
4013  -33.975  -71.485  -15.431 0.1000000015
4012  -33.668  -70.960  -14.800 0.1000000015
3979  -33.689  -70.830  -14.049 0.1000000015
115196  -33.215  -68.866  -13.926 0.1000000015
5474  -33.273  -68.384  -14.138 0.1000000015
6076  -34.471  -67.660  -14.911 0.1000000015
4506  -33.941  -71.389  -16.286 0.1000000015
4462  -33.508  -70.119  -13.697 0.1000000015
4024  -33.940  -72.018  -16.290 0.1000000015
3980  -34.334  -71.240  -13.559 0.1000000015
2961  -34.549  -72.676  -18.203 0.1000000015
3509  -34.480  -72.675  -17.353 0.1000000015
4084  -34.312  -71.987  -21.207 0.1000000015
123757  -37.089  -66.054  -14.621 0.1000000015
113597  -34.072  -66.723  -14.441 0.1000000015
118744  -36.870  -65.223  -14.341 0.1000000015
5492  -33.693  -69.213  -14.646 0.1000000015
5493  -34.408  -69.101  -15.362 0.1000000015
5475  -34.012  -68.404  -14.782 0.1000000015
4974  -33.594  -69.971  -14.852 0.1000000015
4493  -33.776  -70.683  -15.344 0.1000000015
3521  -34.297  -71.887  -18.614 0.1000000015
118559  -34.380  -71.206  -19.330 0.1000000015
4057  -34.401  -71.099  -20.057 0.1000000015
128781  -34.028  -70.215  -20.007 0.1000000015
4562  -33.962  -70.898  -20.289 0.1000000015
129599  -33.863  -71.898  -17.079 0.1000000015
6753  -34.680  -66.053  -14.531 0.1000000015
125663  -35.251  -66.871  -15.005 0.1000000015
4034  -33.865  -71.632  -17.841 0.1000000015
6752  -33.592  -66.441  -13.579 0.1000000015
114776  -34.359  -70.399  -16.398 0.1000000015
126663  -33.979  -65.977  -14.142 0.1000000015
5001  -35.559  -69.213  -17.349 0.1000000015
5525  -36.203  -68.768  -17.428 0.1000000015
6795  -36.920  -67.106  -17.535 0.1000000015
4976  -35.153  -69.358  -16.111 0.1000000015
4989  -35.430  -69.472  -16.807 0.1000000015
4977  -36.297  -69.011  -16.417 0.1000000015
5002  -36.374  -69.033  -17.010 0.1000000015
5494  -36.131  -68.773  -15.930 0.1000000015
6095  -35.690  -67.995  -15.444 0.1000000015
5495  -36.864  -68.745  -16.135 0.1000000015
5544  -36.264  -68.255  -17.682 0.1000000015
2962  -35.337  -73.137  -17.830 0.1000000015
2976  -35.397  -72.990  -18.563 0.1000000015
3476  -36.328  -72.744  -15.419 0.1000000015
3495  -35.374  -72.989  -16.862 0.1000000015
3508  -33.853  -72.182  -17.764 0.1000000015
3522  -35.127  -72.420  -19.139 0.1000000015
3536  -34.892  -71.673  -19.718 0.1000000015
3552  -35.007  -72.267  -21.162 0.1000000015
3998  -33.993  -71.362  -14.481 0.1000000015
4069  -33.044  -71.676  -20.863 0.1000000015
4070  -33.764  -71.561  -20.860 0.1000000015
4482  -33.577  -70.390  -14.508 0.1000000015
4961  -33.347  -69.683  -14.205 0.1000000015
4975  -34.089  -69.868  -15.437 0.1000000015
5000  -34.574  -69.954  -17.472 0.1000000015
5080  -39.902  -69.370  -23.839 0.1000000015
5393  -44.966  -68.667  -7.157 0.1000000015
5401  -45.077  -68.756  -7.578 0.1000000015
5402  -45.579  -68.468  -7.450 0.1000000015
5405  -42.076  -68.475  -9.093 0.1000000015
5406  -42.644  -68.740  -8.956 0.1000000015
5409  -44.843  -68.890  -8.126 0.1000000015
5526  -36.814  -68.484  -17.389 0.1000000015
5970  -46.627  -67.698  -5.621 0.1000000015
5985  -44.947  -68.391  -6.777 0.1000000015
5991  -43.479  -68.722  -8.011 0.1000000015
5993  -45.986  -68.165  -6.899 0.1000000015
5996  -40.401  -67.478  -9.084 0.1000000015
5998  -41.305  -68.257  -9.030 0.1000000015
6001  -44.757  -68.626  -8.792 0.1000000015
6002  -45.472  -68.353  -8.409 0.1000000015
6003  -46.077  -68.236  -7.919 0.1000000015
6019  -43.659  -68.405  -9.436 0.1000000015
6094  -34.937  -68.550  -15.531 0.1000000015
6170  -38.868  -67.556  -22.062 0.1000000015
6174  -42.284  -67.534  -22.231 0.1000000015
6194  -40.350  -68.372  -22.379 0.1000000015
6195  -41.439  -68.448  -22.613 0.1000000015
6205  -41.861  -68.429  -23.113 0.1000000015
6212  -41.901  -67.827  -24.075 0.1000000015
6617  -47.359  -67.073  -4.552 0.1000000015
6618  -47.825  -67.073  -4.349 0.1000000015
6636  -47.428  -67.247  -4.864 0.1000000015
6681  -46.755  -67.042  -8.539 0.1000000015
6738  -45.026  -67.068  -14.264 0.1000000015
6764  -45.110  -67.073  -14.844 0.1000000015
6844  -41.098  -67.137  -21.590 0.1000000015
7341  -46.195  -66.093  -5.353 0.1000000015
7385  -43.233  -65.771  -7.551 0.1000000015
7468  -36.173  -65.641  -14.635 0.1000000015
7490  -44.438  -66.679  -15.389 0.1000000015
7491  -45.192  -66.730  -15.271 0.1000000015
7561  -40.706  -65.496  -20.992 0.1000000015
7575  -35.977  -65.710  -21.190 0.1000000015
7582  -43.541  -65.997  -21.045 0.1000000015
7594  -43.739  -65.662  -23.472 0.1000000015
8261  -47.655  -65.366  -15.720 0.3000000119
8279  -47.921  -65.418  -16.095 0.2000000030
8280  -48.190  -65.120  -16.184 0.3000000119
8298  -47.982  -65.215  -16.366 0.2000000030
8360  -44.380  -64.448  -23.223 0.1000000015
9014  -49.141  -63.527  -11.740 0.1000000015
9104  -37.964  -63.219  -19.438 0.1000000015
9107  -41.502  -63.817  -19.616 0.1000000015
9118  -39.272  -63.937  -20.191 0.1000000015
9121  -41.669  -64.705  -20.194 0.1000000015
9122  -46.415  -64.987  -20.560 0.1000000015
9715  -51.091  -62.794  -7.558 0.1000000015
9759  -50.218  -62.779  -10.131 0.1000000015
9862  -47.212  -63.634  -16.526 0.1000000015
9892  -38.936  -62.169  -18.324 0.1000000015
9909  -40.197  -62.945  -19.075 0.1000000015
9911  -42.637  -62.978  -18.930 0.1000000015
9927  -48.040  -63.112  -21.285 0.2000000030
9943  -48.040  -63.256  -21.785 0.2000000030
9963  -47.964  -63.132  -22.186 0.1000000015
10457  -42.481  -61.117  -4.394 0.1000000015
10508  -52.371  -61.273  -8.587 0.4000000060
10718  -49.209  -61.671  -21.241 0.2000000030
11234  -45.742  -60.363  -2.626 0.1000000015
11393  -50.720  -61.505  -15.537 0.4000000060
11495  -43.582  -60.621  -22.401 0.1000000015
11501  -49.386  -60.087  -22.938 0.2000000030
12080  -52.764  -60.054  -7.890 0.4000000060
12137  -48.806  -60.018  -12.522 0.3000000119
12155  -52.692  -58.832  -15.075 0.4000000060
12176  -52.838  -59.103  -16.273 0.4000000060
12202  -50.517  -59.844  -19.251 0.1000000015
12235  -39.754  -58.970  -21.668 0.1000000015
12242  -46.644  -59.373  -22.887 0.1000000015
12244  -50.798  -58.940  -21.786 0.1000000015
12261  -48.106  -59.878  -23.177 0.1000000015
12272  -39.722  -59.282  -23.141 0.1000000015
12782  -46.077  -58.095  -2.929 0.3000000119
12799  -45.272  -58.077  -3.457 0.3000000119
12895  -46.041  -58.471  -13.270 0.4000000060
12903  -44.870  -58.164  -13.520 0.5000000000
12927  -45.045  -58.140  -14.216 0.3000000119
12931  -48.430  -58.501  -15.009 0.4000000060
12935  -53.236  -57.931  -15.006 0.4000000060
12962  -48.952  -58.354  -16.559 0.3000000119
12964  -53.318  -58.470  -15.898 0.4000000060
12976  -48.701  -58.025  -16.906 0.3000000119
12979  -53.717  -57.638  -17.098 0.4000000060
13035  -41.665  -58.930  -20.965 0.1000000015
13061  -40.012  -58.493  -23.585 0.1000000015
13641  -44.445  -57.217  -4.425 0.5000000000
13646  -44.826  -56.881  -4.984 0.5000000000
13648  -45.978  -56.688  -5.925 0.4000000060
13682  -53.195  -57.498  -9.123 0.5000000000
13700  -43.840  -57.086  -10.916 0.5000000000
13711  -44.047  -57.485  -11.830 0.5000000000
13717  -52.758  -56.971  -11.723 0.5000000000
13720  -45.497  -58.077  -12.226 0.5000000000
13730  -43.842  -57.517  -12.767 0.4000000060
13736  -52.610  -57.547  -13.836 0.5000000000
13747  -52.228  -56.869  -14.346 0.5000000000
13748  -52.866  -57.689  -14.651 0.4000000060
13782  -53.870  -57.159  -17.086 0.4000000060
13793  -53.283  -56.580  -18.765 0.2000000030
13794  -53.778  -56.781  -18.131 0.3000000119
13795  -54.014  -57.054  -17.781 0.4000000060
13810  -54.012  -57.045  -18.386 0.3000000119
13817  -39.381  -56.358  -19.934 0.1000000015
13818  -40.167  -56.858  -19.750 0.1000000015
13845  -44.617  -57.866  -20.371 0.1000000015
13851  -51.948  -57.224  -21.006 0.1000000015
13860  -39.020  -57.217  -21.292 0.1000000015
14466  -46.789  -55.818  -1.142 0.3000000119
14484  -42.996  -56.205  -2.823 0.5000000000
14485  -43.773  -56.648  -2.523 0.4000000060
14516  -45.062  -56.034  -5.473 0.5000000000
14518  -46.380  -55.866  -6.316 0.5000000000
14533  -49.515  -55.947  -8.193 0.4000000060
14551  -49.508  -56.004  -8.530 0.4000000060
14568  -42.819  -56.291  -9.101 0.4000000060
14575  -49.887  -56.003  -8.970 0.6000000238
14588  -49.856  -56.573  -10.369 0.6000000238
14601  -49.130  -56.849  -11.109 0.6000000238
14622  -51.922  -56.578  -13.219 0.5000000000
14649  -52.726  -57.458  -14.808 0.4000000060
14691  -42.405  -56.726  -18.210 0.1000000015
14705  -38.980  -55.710  -19.875 0.1000000015
15319  -43.443  -55.106  -0.712 0.3000000119
15336  -43.361  -55.765  -1.461 0.3000000119
15364  -42.773  -56.060  -3.598 0.4000000060
15389  -45.454  -55.430  -6.308 0.5000000000
15448  -42.099  -55.791  -11.734 0.3000000119
15454  -42.289  -55.318  -12.479 0.3000000119
15459  -44.223  -55.962  -13.873 0.3000000119
15495  -40.178  -55.246  -16.798 0.1000000015
15511  -39.642  -55.136  -17.267 0.1000000015
15556  -38.898  -55.711  -20.966 0.1000000015
16152  -41.685  -54.347  -1.915 0.4000000060
16155  -47.452  -54.747  -1.322 0.3000000119
16167  -41.516  -54.566  -2.759 0.4000000060
16184  -40.932  -54.085  -3.733 0.4000000060
16188  -51.855  -53.988  -3.312 0.3000000119
16216  -41.773  -55.074  -7.377 0.3000000119
16221  -42.148  -55.267  -7.931 0.3000000119
16275  -42.675  -54.738  -12.908 0.2000000030
16276  -43.151  -54.165  -13.074 0.2000000030
16326  -40.516  -54.851  -16.244 0.1000000015
16344  -38.726  -54.078  -17.864 0.1000000015
16382  -41.566  -54.324  -22.888 0.1000000015
16947  -43.633  -53.713  -0.575 0.3000000119
16948  -44.366  -53.800  -0.584 0.3000000119
16970  -42.132  -54.000  -1.182 0.4000000060
16992  -40.476  -53.050  -2.435 0.3000000119
17020  -50.758  -53.093  -3.570 0.3000000119
17041  -39.629  -52.697  -4.892 0.2000000030
17042  -40.219  -53.399  -4.693 0.3000000119
17071  -40.218  -53.602  -7.454 0.3000000119
17190  -38.625  -53.249  -17.873 0.1000000015
17202  -38.528  -53.698  -18.666 0.1000000015
17225  -41.838  -53.670  -22.925 0.1000000015
17788  -41.880  -52.633  -0.918 0.3000000119
17814  -47.254  -53.156  -1.846 0.3000000119
17867  -39.678  -52.156  -4.005 0.2000000030
17873  -54.775  -52.804  -5.009 0.1000000015
17953  -43.840  -51.897  -12.492 0.1000000015
18030  -38.792  -52.083  -18.489 0.1000000015
18043  -38.631  -53.090  -19.308 0.1000000015
18654  -42.266  -52.079  -1.028 0.3000000119
18655  -42.930  -52.348  -0.922 0.3000000119
18787  -39.168  -51.159  -6.180 0.2000000030
18909  -38.978  -51.761  -20.564 0.1000000015
19545  -41.113  -51.241  -1.812 0.3000000119
19547  -42.772  -50.645  -1.664 0.3000000119
19568  -45.769  -50.211  -2.275 0.2000000030
19571  -47.778  -51.411  -2.913 0.3000000119
19591  -40.111  -50.765  -3.112 0.2000000030
19592  -40.291  -50.255  -3.055 0.2000000030
19629  -39.138  -49.944  -5.781 0.1000000015
19630  -39.261  -50.535  -5.095 0.1000000015
20521  -40.856  -50.123  -2.851 0.2000000030
20522  -41.689  -50.019  -2.740 0.2000000030
20649  -39.154  -49.547  -8.567 0.2000000030
20811  -40.033  -49.003  -19.198 0.1000000015
20861  -49.826  -50.039  -23.898 0.1000000015
21553  -39.705  -49.374  -4.756 0.1000000015
21610  -38.984  -48.530  -7.277 0.2000000030
21637  -39.601  -48.771  -9.605 0.1000000015
21682  -41.446  -48.658  -11.516 0.1000000015
21683  -42.135  -48.249  -11.826 0.1000000015
21784  -41.134  -47.953  -19.425 0.1000000015
21808  -41.673  -47.577  -21.165 0.1000000015
22499  -40.049  -47.847  -5.596 0.1000000015
22532  -39.335  -47.191  -7.617 0.2000000030
22545  -39.316  -47.543  -8.357 0.1000000015
22547  -44.886  -48.660  -8.673 0.1000000015
22567  -46.937  -47.504  -9.870 0.1000000015
22712  -46.646  -47.564  -20.810 0.1000000015
23577  -43.366  -45.899  -20.380 0.1000000015
23593  -45.470  -46.130  -20.889 0.1000000015
24378  -40.667  -45.781  -11.060 0.1000000015
24473  -42.983  -45.756  -21.281 0.1000000015
24475  -43.981  -45.495  -20.724 0.1000000015
25181  -41.303  -44.448  -8.028 0.1000000015
26132  -41.659  -43.532  -8.692 0.1000000015
27096  -41.591  -42.785  -10.212 0.1000000015
111258  -44.261  -64.922  -15.634 0.1000000015
111700  -47.013  -55.133  -1.108 0.3000000119
114271  -48.635  -60.805  -20.509 0.2000000030
114451  -46.824  -67.585  -6.411 0.1000000015
114495  -41.650  -42.965  -9.543 0.1000000015
114610  -44.243  -57.375  -3.900 0.4000000060
115192  -39.199  -54.944  -21.365 0.1000000015
115351  -41.991  -62.344  -22.744 0.1000000015
116706  -37.134  -72.846  -19.256 0.1000000015
116822  -53.459  -57.501  -16.287 0.4000000060
117017  -42.496  -55.466  -4.691 0.5000000000
117481  -39.766  -53.168  -21.619 0.1000000015
119818  -46.952  -61.268  -22.884 0.1000000015
120137  -37.271  -64.706  -20.527 0.1000000015
120298  -32.520  -72.246  -21.359 0.1000000015
120685  -41.804  -68.212  -9.327 0.1000000015
120951  -46.276  -56.450  -1.350 0.3000000119
121091  -42.617  -47.893  -12.195 0.1000000015
121132  -39.418  -50.852  -8.410 0.2000000030
121872  -42.570  -49.733  -22.744 0.1000000015
121894  -51.413  -56.485  -12.173 0.5000000000
122003  -49.081  -64.253  -11.443 0.1000000015
122006  -47.710  -48.550  -21.521 0.1000000015
122230  -42.846  -51.046  -23.130 0.1000000015
122493  -49.860  -59.780  -22.489 0.2000000030
123293  -47.865  -56.118  -7.929 0.5000000000
123524  -48.647  -61.132  -23.004 0.2000000030
123974  -42.371  -56.061  -9.682 0.4000000060
124130  -39.017  -52.821  -17.326 0.1000000015
124412  -40.657  -52.459  -1.907 0.3000000119
124428  -43.900  -57.265  -13.557 0.4000000060
124432  -45.882  -56.903  -1.695 0.3000000119
124678  -39.591  -53.814  -16.508 0.1000000015
125036  -39.929  -46.102  -7.984 0.1000000015
125443  -33.281  -72.086  -21.237 0.1000000015
127044  -44.119  -68.855  -9.111 0.1000000015
127307  -45.413  -63.679  -19.578 0.1000000015
127455  -46.486  -55.143  -14.520 0.1000000015
127601  -45.201  -52.161  -1.168 0.3000000119
127798  -40.067  -57.960  -20.682 0.1000000015
127842  -40.201  -52.505  -10.209 0.2000000030
127872  -48.020  -58.461  -15.566 0.3000000119
128369  -39.664  -50.083  -9.735 0.2000000030
129142  -42.780  -56.462  -17.664 0.1000000015
129421  -42.349  -52.607  -12.316 0.2000000030
129626  -42.071  -46.988  -19.551 0.1000000015
129752  -39.302  -51.744  -7.559 0.3000000119
130062  -39.587  -50.127  -20.440 0.1000000015
130162  -52.582  -57.343  -14.191 0.4000000060
131439  -40.910  -69.099  -23.299 0.1000000015
131443  -39.782  -52.885  -8.353 0.3000000119
131616  -46.134  -57.243  -10.113 0.5000000000
131724  -39.806  -52.005  -3.215 0.3000000119
131879  -52.981  -58.611  -8.443 0.5000000000
131984  -42.444  -67.150  -9.712 0.1000000015
132260  -41.550  -52.129  -11.895 0.2000000030
133466  -39.489  -51.514  -4.281 0.2000000030
133658  -49.099  -58.932  -22.917 0.1000000015
133678  -42.928  -51.784  -1.130 0.3000000119
133802  -34.034  -72.219  -17.008 0.1000000015
133877  -48.103  -49.566  -3.544 0.1000000015
133916  -46.392  -67.590  -8.232 0.1000000015
133953  -53.345  -53.298  -4.313 0.1000000015
134273  -45.397  -57.765  -14.589 0.4000000060
