#!ascii label  , from subject sub-003S6257 vox2ras=TkReg
290
62317  -33.556  -5.433  -27.361 0.0000000000
121165  -31.717  -2.100  -30.168 0.0000000000
75020  -29.853  9.197  -35.942 0.0000000000
110483  -31.769  5.251  -33.307 0.0000000000
69425  -33.003  2.703  -29.666 0.0000000000
66724  -34.051  -0.652  -26.357 0.0000000000
120106  -29.370  12.057  -38.256 0.0000000000
125873  -32.151  4.157  -31.294 0.0000000000
110313  -31.417  2.400  -31.755 0.0000000000
64115  -33.548  -3.922  -28.875 0.0000000000
65853  -34.006  -1.388  -29.627 0.0000000000
64970  -33.957  -2.729  -27.532 0.0000000000
58682  -31.600  -9.795  -26.057 0.0000000000
61508  -32.938  -7.132  -29.364 0.0000000000
82707  -29.788  17.291  -34.263 0.0000000000
81871  -28.780  15.340  -35.950 0.0000000000
80084  -29.590  12.960  -37.741 0.0000000000
78425  -30.936  12.563  -35.300 0.0000000000
76749  -31.144  11.076  -33.318 0.0000000000
130778  -31.150  7.116  -34.323 0.0000000000
75875  -31.555  9.616  -31.403 0.0000000000
74955  -32.240  8.028  -29.856 0.0000000000
72264  -32.551  5.735  -28.683 0.0000000000
70346  -33.508  3.380  -27.211 0.0000000000
125907  -32.632  0.523  -30.746 0.0000000000
117984  -34.040  1.249  -28.220 0.0000000000
125867  -30.679  2.447  -32.563 0.0000000000
110943  -29.978  2.204  -30.752 0.0000000000
63218  -33.588  -4.631  -28.150 0.0000000000
110708  -33.508  -2.852  -28.265 0.0000000000
63211  -33.671  -4.340  -27.073 0.0000000000
54524  -32.217  -13.978  -23.534 0.0000000000
133384  -32.056  -12.390  -23.355 0.0000000000
56547  -31.862  -11.257  -24.348 0.0000000000
62345  -32.027  -5.743  -29.305 0.0000000000
113390  -31.678  -6.615  -28.659 0.0000000000
81003  -28.906  13.643  -37.677 0.0000000000
76777  -29.840  10.867  -37.561 0.0000000000
77633  -30.381  11.859  -36.772 0.0000000000
76758  -30.787  11.120  -35.494 0.0000000000
77620  -31.262  11.876  -33.991 0.0000000000
75899  -30.858  10.293  -34.329 0.0000000000
74036  -31.293  6.746  -33.624 0.0000000000
74984  -30.965  7.819  -33.222 0.0000000000
74974  -31.481  7.794  -31.360 0.0000000000
132972  -31.804  8.261  -30.850 0.0000000000
110420  -31.710  6.331  -31.166 0.0000000000
70392  -32.432  3.730  -30.563 0.0000000000
72273  -32.511  5.191  -29.803 0.0000000000
71318  -32.909  3.977  -28.952 0.0000000000
71319  -33.191  4.495  -28.177 0.0000000000
124856  -33.262  3.556  -28.169 0.0000000000
65875  -30.549  -0.605  -30.373 0.0000000000
110423  -31.988  0.235  -31.117 0.0000000000
125895  -32.374  -0.410  -30.901 0.0000000000
66739  -33.765  -0.595  -28.265 0.0000000000
66749  -33.874  -0.311  -29.143 0.0000000000
67620  -33.876  0.759  -27.201 0.0000000000
68531  -33.754  1.691  -26.912 0.0000000000
120031  -34.317  1.109  -26.363 0.0000000000
58683  -32.174  -9.369  -25.598 0.0000000000
59715  -31.758  -9.022  -26.127 0.0000000000
59716  -32.322  -8.547  -25.735 0.0000000000
60602  -32.297  -7.722  -27.091 0.0000000000
125865  -31.581  4.299  -33.327 0.0000000000
110403  -32.032  4.982  -32.501 0.0000000000
110408  -31.521  3.554  -32.658 0.0000000000
125866  -32.213  3.322  -31.379 0.0000000000
69453  -32.565  1.997  -30.877 0.0000000000
64992  -32.744  -2.458  -29.494 0.0000000000
65867  -33.234  -1.650  -30.236 0.0000000000
130637  -33.482  -2.245  -28.745 0.0000000000
112384  -33.794  -2.119  -28.207 0.0000000000
65831  -34.278  -1.657  -26.413 0.0000000000
57612  -32.228  -10.429  -24.595 0.0000000000
64128  -31.472  -3.381  -29.689 0.0000000000
64129  -32.275  -4.160  -29.502 0.0000000000
63244  -33.167  -5.787  -29.208 0.0000000000
61475  -33.222  -6.518  -28.362 0.0000000000
131557  -29.566  19.119  -34.615 0.0000000000
81859  -29.541  16.528  -33.686 0.0000000000
82708  -29.770  16.568  -35.683 0.0000000000
81011  -28.729  14.324  -38.499 0.0000000000
80098  -29.460  13.598  -38.294 0.0000000000
80092  -31.029  13.949  -37.562 0.0000000000
122385  -30.081  12.541  -37.317 0.0000000000
79257  -30.396  12.703  -37.139 0.0000000000
79258  -31.574  13.244  -35.615 0.0000000000
78426  -31.614  12.625  -34.437 0.0000000000
78427  -32.523  12.205  -33.576 0.0000000000
77598  -31.807  11.231  -31.993 0.0000000000
75009  -30.259  7.712  -35.841 0.0000000000
121237  -30.747  9.267  -33.877 0.0000000000
75887  -31.053  9.865  -32.088 0.0000000000
76728  -32.344  10.694  -31.438 0.0000000000
76717  -32.647  10.286  -30.658 0.0000000000
74946  -32.568  8.347  -29.026 0.0000000000
125902  -32.047  5.707  -30.608 0.0000000000
73153  -32.209  6.264  -29.410 0.0000000000
110314  -30.886  1.578  -30.866 0.0000000000
125919  -32.106  0.915  -31.226 0.0000000000
68566  -33.112  1.398  -30.328 0.0000000000
66758  -33.883  -0.889  -30.094 0.0000000000
68553  -33.616  1.074  -29.389 0.0000000000
69441  -33.405  1.960  -29.561 0.0000000000
116647  -33.298  2.850  -27.642 0.0000000000
70347  -34.022  3.279  -26.454 0.0000000000
60615  -32.337  -7.300  -28.146 0.0000000000
118292  -32.689  -7.049  -27.646 0.0000000000
61474  -33.185  -6.252  -27.125 0.0000000000
113837  -33.565  -4.855  -26.429 0.0000000000
63201  -33.755  -4.232  -26.189 0.0000000000
54503  -33.032  -13.602  -23.161 0.0000000000
55469  -31.616  -13.296  -23.871 0.0000000000
55470  -32.416  -12.965  -23.113 0.0000000000
75924  -30.105  9.803  -37.181 0.0000000000
76768  -30.363  10.877  -36.935 0.0000000000
75911  -30.327  10.011  -35.793 0.0000000000
73175  -31.260  5.750  -33.952 0.0000000000
113128  -31.514  6.324  -32.845 0.0000000000
74028  -31.078  7.329  -32.354 0.0000000000
74029  -31.320  6.784  -31.723 0.0000000000
110316  -31.674  5.881  -32.157 0.0000000000
70379  -32.752  3.458  -29.771 0.0000000000
71328  -32.633  4.278  -29.746 0.0000000000
70367  -32.948  3.238  -29.014 0.0000000000
65865  -30.909  -1.445  -30.101 0.0000000000
133922  -31.475  -0.686  -30.417 0.0000000000
65866  -32.284  -1.270  -30.421 0.0000000000
65830  -33.736  -1.068  -27.279 0.0000000000
66723  -33.746  -0.146  -27.230 0.0000000000
67621  -34.214  0.305  -26.407 0.0000000000
67605  -34.782  0.618  -25.685 0.0000000000
66709  -34.721  -0.205  -25.747 0.0000000000
125860  -30.807  3.392  -33.251 0.0000000000
110382  -30.866  2.822  -32.860 0.0000000000
110315  -31.510  2.947  -32.120 0.0000000000
110709  -32.032  2.461  -31.485 0.0000000000
69452  -31.751  2.140  -31.565 0.0000000000
64114  -32.899  -3.586  -29.144 0.0000000000
64978  -33.043  -2.751  -28.824 0.0000000000
111952  -34.058  -1.981  -27.464 0.0000000000
124158  -34.204  -2.532  -26.669 0.0000000000
64950  -34.521  -2.324  -25.931 0.0000000000
132742  -31.517  -14.394  -23.976 0.0000000000
125698  -31.100  -15.280  -24.314 0.0000000000
62346  -32.745  -6.302  -29.320 0.0000000000
63243  -32.598  -5.234  -29.376 0.0000000000
61509  -33.261  -6.788  -29.455 0.0000000000
62338  -33.371  -6.239  -29.238 0.0000000000
61501  -33.243  -7.252  -29.382 0.0000000000
121509  -29.694  18.269  -33.346 0.0000000000
84303  -29.526  19.275  -33.766 0.0000000000
83486  -29.687  18.474  -34.453 0.0000000000
83496  -29.643  19.043  -35.597 0.0000000000
82718  -29.729  17.872  -35.634 0.0000000000
81870  -29.628  15.997  -34.748 0.0000000000
110430  -29.424  17.211  -37.006 0.0000000000
81878  -28.941  15.894  -36.996 0.0000000000
81884  -29.000  16.342  -38.040 0.0000000000
127837  -28.513  15.288  -37.998 0.0000000000
80090  -28.875  13.429  -37.273 0.0000000000
81012  -28.889  13.782  -38.156 0.0000000000
80091  -29.799  13.548  -38.065 0.0000000000
78447  -29.301  12.364  -38.160 0.0000000000
123433  -30.581  12.317  -36.465 0.0000000000
78436  -31.029  12.914  -35.756 0.0000000000
77621  -31.891  11.951  -33.446 0.0000000000
77607  -31.630  11.359  -32.886 0.0000000000
77608  -32.444  11.681  -32.707 0.0000000000
128301  -31.051  6.173  -34.884 0.0000000000
74048  -30.676  6.912  -35.300 0.0000000000
74996  -30.647  8.118  -34.315 0.0000000000
74973  -31.100  8.617  -32.002 0.0000000000
76727  -31.575  10.496  -31.638 0.0000000000
76716  -31.994  10.204  -31.086 0.0000000000
75863  -32.022  9.577  -30.708 0.0000000000
116516  -31.860  7.808  -30.603 0.0000000000
74965  -32.084  8.736  -30.373 0.0000000000
110493  -32.036  4.907  -31.501 0.0000000000
131766  -31.886  5.554  -31.578 0.0000000000
72282  -32.237  4.873  -30.735 0.0000000000
73143  -32.755  6.768  -28.471 0.0000000000
117224  -33.086  6.073  -28.050 0.0000000000
71310  -33.597  4.262  -27.474 0.0000000000
71295  -34.215  4.086  -26.838 0.0000000000
111369  -30.220  1.257  -30.720 0.0000000000
68577  -32.404  1.282  -30.903 0.0000000000
65868  -33.798  -1.342  -30.199 0.0000000000
67646  -33.790  0.499  -28.910 0.0000000000
67655  -33.491  0.025  -29.707 0.0000000000
112868  -33.659  1.766  -28.735 0.0000000000
69426  -33.258  2.585  -28.631 0.0000000000
69414  -33.729  2.050  -27.870 0.0000000000
68532  -34.191  1.860  -26.121 0.0000000000
129718  -33.850  2.182  -26.513 0.0000000000
69403  -34.120  2.573  -26.165 0.0000000000
60587  -32.364  -7.659  -26.001 0.0000000000
61462  -32.578  -6.667  -26.222 0.0000000000
110383  -30.181  2.346  -33.066 0.0000000000
110452  -30.599  2.543  -32.120 0.0000000000
110441  -30.945  2.428  -31.059 0.0000000000
112658  -33.632  -3.613  -27.775 0.0000000000
64096  -33.938  -3.436  -26.738 0.0000000000
130893  -34.085  -3.722  -25.960 0.0000000000
63188  -34.151  -4.391  -25.471 0.0000000000
53569  -31.974  -15.173  -23.867 0.0000000000
56532  -32.320  -11.645  -23.536 0.0000000000
63242  -31.726  -4.729  -29.361 0.0000000000
62344  -31.129  -5.239  -29.029 0.0000000000
61506  -31.575  -6.072  -28.931 0.0000000000
61507  -32.261  -6.654  -29.166 0.0000000000
80995  -28.779  14.128  -36.585 0.0000000000
81002  -28.620  14.553  -37.344 0.0000000000
123609  -28.948  13.919  -36.237 0.0000000000
77645  -29.841  11.688  -37.731 0.0000000000
77619  -30.859  12.011  -35.173 0.0000000000
76748  -30.926  11.370  -34.263 0.0000000000
117078  -31.701  8.762  -31.113 0.0000000000
110447  -31.569  7.107  -30.970 0.0000000000
74012  -31.780  6.924  -30.161 0.0000000000
71336  -32.363  4.436  -30.434 0.0000000000
116796  -32.770  4.832  -28.873 0.0000000000
72265  -33.087  5.317  -28.112 0.0000000000
66765  -30.294  -0.089  -30.797 0.0000000000
125920  -31.261  -0.220  -31.079 0.0000000000
128856  -32.865  -0.286  -30.995 0.0000000000
65844  -33.854  -1.423  -28.485 0.0000000000
113899  -34.094  -0.983  -29.321 0.0000000000
67634  -33.776  0.310  -28.180 0.0000000000
124093  -34.809  1.429  -25.587 0.0000000000
59730  -31.930  -8.294  -26.431 0.0000000000
60601  -32.053  -7.864  -27.322 0.0000000000
126178  -31.122  4.132  -33.919 0.0000000000
110380  -31.953  4.274  -32.271 0.0000000000
126520  -31.896  3.697  -31.945 0.0000000000
111357  -32.670  2.849  -30.643 0.0000000000
110531  -32.442  -2.114  -30.195 0.0000000000
64979  -33.580  -1.929  -29.608 0.0000000000
133976  -33.740  -1.807  -28.963 0.0000000000
64084  -34.324  -3.063  -26.026 0.0000000000
53552  -31.471  -16.021  -24.009 0.0000000000
57624  -31.184  -10.528  -25.857 0.0000000000
57611  -31.362  -10.877  -25.186 0.0000000000
58668  -31.821  -10.069  -25.407 0.0000000000
58669  -32.530  -9.657  -24.788 0.0000000000
64991  -31.905  -2.666  -29.722 0.0000000000
115136  -32.216  -3.202  -29.353 0.0000000000
63228  -33.178  -4.668  -29.239 0.0000000000
63229  -33.447  -5.129  -29.001 0.0000000000
62328  -33.417  -5.536  -28.481 0.0000000000
81020  -29.066  13.702  -38.888 0.0000000000
80106  -29.782  13.932  -39.327 0.0000000000
80107  -30.505  13.919  -39.352 0.0000000000
80099  -31.184  14.215  -38.245 0.0000000000
79256  -29.350  12.825  -37.689 0.0000000000
112702  -30.224  12.589  -37.183 0.0000000000
79265  -30.845  13.259  -37.162 0.0000000000
79266  -31.907  13.516  -36.429 0.0000000000
131773  -32.497  13.219  -35.634 0.0000000000
78437  -32.751  12.670  -34.616 0.0000000000
112182  -30.492  9.029  -35.033 0.0000000000
75900  -31.323  9.996  -33.139 0.0000000000
75886  -30.711  8.990  -32.958 0.0000000000
76737  -31.265  10.847  -32.284 0.0000000000
77599  -32.767  11.288  -31.897 0.0000000000
75864  -32.513  9.569  -30.108 0.0000000000
74957  -33.124  9.182  -29.053 0.0000000000
74013  -32.405  7.318  -29.252 0.0000000000
74004  -32.792  7.701  -28.586 0.0000000000
120430  -33.725  5.840  -27.480 0.0000000000
110312  -30.126  1.977  -30.762 0.0000000000
110501  -31.460  1.866  -31.303 0.0000000000
110311  -30.918  0.502  -31.063 0.0000000000
110310  -31.637  1.140  -31.186 0.0000000000
110482  -31.940  1.795  -31.396 0.0000000000
69440  -33.073  2.200  -30.284 0.0000000000
66757  -33.383  -0.893  -30.780 0.0000000000
110412  -33.286  -0.344  -30.614 0.0000000000
127211  -33.260  0.524  -30.210 0.0000000000
69402  -33.506  2.574  -26.843 0.0000000000
61499  -32.417  -7.298  -29.000 0.0000000000
61500  -33.086  -7.593  -29.088 0.0000000000
60616  -32.506  -7.343  -28.240 0.0000000000
61489  -33.330  -7.570  -28.793 0.0000000000
62307  -33.209  -5.615  -26.121 0.0000000000
77655  -29.477  11.700  -38.118 0.0000000000
78459  -29.174  12.215  -38.316 0.0000000000
110481  -30.266  2.843  -31.041 0.0000000000
115804  -29.302  19.756  -34.946 0.0000000000
