#!ascii label  , from subject sub-003S6257 vox2ras=TkReg
791
53552  -31.471  -16.021  -24.009 0.4285714328
132742  -31.517  -14.394  -23.976 0.2857142985
54524  -32.217  -13.978  -23.534 0.4285714328
55470  -32.416  -12.965  -23.113 0.4285714328
55469  -31.616  -13.296  -23.871 0.2857142985
133384  -32.056  -12.390  -23.355 0.4285714328
56532  -32.320  -11.645  -23.536 0.4285714328
57611  -31.362  -10.877  -25.186 0.4285714328
56547  -31.862  -11.257  -24.348 0.4285714328
58668  -31.821  -10.069  -25.407 0.4285714328
58683  -32.174  -9.369  -25.598 0.4285714328
59715  -31.758  -9.022  -26.127 0.5714285970
59716  -32.322  -8.547  -25.735 0.2857142985
59730  -31.930  -8.294  -26.431 0.7142857313
61462  -32.578  -6.667  -26.222 0.7142857313
60602  -32.297  -7.722  -27.091 0.7142857313
60587  -32.364  -7.659  -26.001 0.5714285970
62307  -33.209  -5.615  -26.121 0.5714285970
118292  -32.689  -7.049  -27.646 0.5714285970
61474  -33.185  -6.252  -27.125 0.5714285970
62317  -33.556  -5.433  -27.361 0.5714285970
61475  -33.222  -6.518  -28.362 0.5714285970
113837  -33.565  -4.855  -26.429 0.4285714328
63211  -33.671  -4.340  -27.073 0.5714285970
64096  -33.938  -3.436  -26.738 0.5714285970
63229  -33.447  -5.129  -29.001 0.7142857313
112658  -33.632  -3.613  -27.775 0.7142857313
64970  -33.957  -2.729  -27.532 0.7142857313
63218  -33.588  -4.631  -28.150 0.5714285970
63243  -32.598  -5.234  -29.376 0.5714285970
64115  -33.548  -3.922  -28.875 0.8571428657
124158  -34.204  -2.532  -26.669 0.5714285970
64114  -32.899  -3.586  -29.144 0.5714285970
65844  -33.854  -1.423  -28.485 0.7142857313
65831  -34.278  -1.657  -26.413 0.5714285970
110708  -33.508  -2.852  -28.265 0.7142857313
112384  -33.794  -2.119  -28.207 0.7142857313
66739  -33.765  -0.595  -28.265 0.5714285970
130637  -33.482  -2.245  -28.745 0.7142857313
65830  -33.736  -1.068  -27.279 0.5714285970
133976  -33.740  -1.807  -28.963 0.7142857313
67634  -33.776  0.310  -28.180 0.7142857313
66723  -33.746  -0.146  -27.230 0.7142857313
66758  -33.883  -0.889  -30.094 0.7142857313
113899  -34.094  -0.983  -29.321 0.7142857313
66749  -33.874  -0.311  -29.143 0.7142857313
117984  -34.040  1.249  -28.220 0.7142857313
65867  -33.234  -1.650  -30.236 0.5714285970
69414  -33.729  2.050  -27.870 0.5714285970
116647  -33.298  2.850  -27.642 0.5714285970
67655  -33.491  0.025  -29.707 0.8571428657
69426  -33.258  2.585  -28.631 0.7142857313
69441  -33.405  1.960  -29.561 0.7142857313
68553  -33.616  1.074  -29.389 0.8571428657
70379  -32.752  3.458  -29.771 0.8571428657
124856  -33.262  3.556  -28.169 0.5714285970
69425  -33.003  2.703  -29.666 0.8571428657
69440  -33.073  2.200  -30.284 0.8571428657
68566  -33.112  1.398  -30.328 0.8571428657
71336  -32.363  4.436  -30.434 0.8571428657
72273  -32.511  5.191  -29.803 0.8571428657
125902  -32.047  5.707  -30.608 0.8571428657
72282  -32.237  4.873  -30.735 0.8571428657
110493  -32.036  4.907  -31.501 1.0000000000
70392  -32.432  3.730  -30.563 0.8571428657
131766  -31.886  5.554  -31.578 1.0000000000
125873  -32.151  4.157  -31.294 1.0000000000
110316  -31.674  5.881  -32.157 1.0000000000
74036  -31.293  6.746  -33.624 0.7142857313
110403  -32.032  4.982  -32.501 1.0000000000
74029  -31.320  6.784  -31.723 1.0000000000
121237  -30.747  9.267  -33.877 1.0000000000
112182  -30.492  9.029  -35.033 0.8571428657
76758  -30.787  11.120  -35.494 0.8571428657
75899  -30.858  10.293  -34.329 1.0000000000
79257  -30.396  12.703  -37.139 0.8571428657
123433  -30.581  12.317  -36.465 0.8571428657
78425  -30.936  12.563  -35.300 1.0000000000
81012  -28.889  13.782  -38.156 0.8571428657
80091  -29.799  13.548  -38.065 0.8571428657
81011  -28.729  14.324  -38.499 0.7142857313
123609  -28.948  13.919  -36.237 0.5714285970
81878  -28.941  15.894  -36.996 0.7142857313
81884  -29.000  16.342  -38.040 0.5714285970
81870  -29.628  15.997  -34.748 0.5714285970
81871  -28.780  15.340  -35.950 0.5714285970
82707  -29.788  17.291  -34.263 0.4285714328
83486  -29.687  18.474  -34.453 0.4285714328
83496  -29.643  19.043  -35.597 0.4285714328
118566  -29.228  18.202  -32.398 0.2857142985
83457  -28.952  18.319  -31.395 0.2857142985
83467  -28.421  18.877  -30.926 0.2857142985
111952  -34.058  -1.981  -27.464 0.5714285970
112868  -33.659  1.766  -28.735 0.7142857313
70367  -32.948  3.238  -29.014 0.8571428657
71318  -32.909  3.977  -28.952 0.8571428657
71328  -32.633  4.278  -29.746 0.8571428657
74984  -30.965  7.819  -33.222 0.8571428657
110938  -27.775  18.620  -29.251 0.1428571492
55482  -31.082  -13.049  -25.201 0.2857142985
56546  -30.975  -11.752  -24.958 0.2857142985
56531  -31.549  -12.188  -24.107 0.2857142985
57612  -32.228  -10.429  -24.595 0.4285714328
56561  -30.863  -11.474  -25.945 0.2857142985
58682  -31.600  -9.795  -26.057 0.4285714328
58669  -32.530  -9.657  -24.788 0.4285714328
60601  -32.053  -7.864  -27.322 0.2857142985
61489  -33.330  -7.570  -28.793 0.5714285970
63188  -34.151  -4.391  -25.471 0.4285714328
61501  -33.243  -7.252  -29.382 0.7142857313
62338  -33.371  -6.239  -29.238 0.7142857313
130893  -34.085  -3.722  -25.960 0.4285714328
63228  -33.178  -4.668  -29.239 0.5714285970
65853  -34.006  -1.388  -29.627 0.7142857313
67620  -33.876  0.759  -27.201 0.5714285970
64979  -33.580  -1.929  -29.608 0.8571428657
111357  -32.670  2.849  -30.643 1.0000000000
110420  -31.710  6.331  -31.166 1.0000000000
126520  -31.896  3.697  -31.945 1.0000000000
113128  -31.514  6.324  -32.845 0.8571428657
130778  -31.150  7.116  -34.323 0.7142857313
75886  -30.711  8.990  -32.958 1.0000000000
74996  -30.647  8.118  -34.315 0.7142857313
112702  -30.224  12.589  -37.183 0.8571428657
77619  -30.859  12.011  -35.173 1.0000000000
76748  -30.926  11.370  -34.263 1.0000000000
81003  -28.906  13.643  -37.677 0.7142857313
80995  -28.779  14.128  -36.585 0.5714285970
110430  -29.424  17.211  -37.006 0.7142857313
81859  -29.541  16.528  -33.686 0.4285714328
83476  -29.379  18.916  -32.901 0.2857142985
84303  -29.526  19.275  -33.766 0.4285714328
131557  -29.566  19.119  -34.615 0.4285714328
84289  -28.757  19.193  -31.609 0.2857142985
60615  -32.337  -7.300  -28.146 0.4285714328
61500  -33.086  -7.593  -29.088 0.4285714328
121509  -29.694  18.269  -33.346 0.4285714328
84290  -29.092  19.087  -32.222 0.2857142985
125698  -31.100  -15.280  -24.314 0.4285714328
53569  -31.974  -15.173  -23.867 0.4285714328
54523  -30.919  -14.185  -24.515 0.2857142985
54503  -33.032  -13.602  -23.161 0.4285714328
57624  -31.184  -10.528  -25.857 0.4285714328
59729  -31.486  -8.456  -26.493 0.2857142985
60616  -32.506  -7.343  -28.240 0.5714285970
62328  -33.417  -5.536  -28.481 0.5714285970
63201  -33.755  -4.232  -26.189 0.4285714328
63244  -33.167  -5.787  -29.208 0.7142857313
61509  -33.261  -6.788  -29.455 0.7142857313
64978  -33.043  -2.751  -28.824 0.5714285970
64992  -32.744  -2.458  -29.494 0.7142857313
65868  -33.798  -1.342  -30.199 0.8571428657
67646  -33.790  0.499  -28.910 0.7142857313
110483  -31.769  5.251  -33.307 1.0000000000
80084  -29.590  12.960  -37.741 0.8571428657
80090  -28.875  13.429  -37.273 0.8571428657
81002  -28.620  14.553  -37.344 0.7142857313
127837  -28.513  15.288  -37.998 0.7142857313
82708  -29.770  16.568  -35.683 0.5714285970
82718  -29.729  17.872  -35.634 0.4285714328
82695  -29.458  17.288  -32.897 0.2857142985
84273  -27.674  19.227  -29.892 0.1428571492
85802  -28.387  22.491  -35.337 0.2857142985
86431  -27.804  23.264  -33.330 0.1428571492
85084  -28.506  21.399  -34.878 0.2857142985
85803  -29.161  22.055  -36.166 0.2857142985
111900  -27.904  22.805  -34.387 0.1428571492
86430  -27.444  23.710  -32.645 0.1428571492
85067  -28.551  20.422  -33.135 0.1428571492
85076  -29.120  20.423  -34.034 0.2857142985
85066  -28.119  20.947  -32.934 0.1428571492
85107  -29.985  20.666  -37.408 0.2857142985
81892  -31.774  16.614  -39.277 0.2857142985
110356  -30.843  19.504  -38.420 0.2857142985
86417  -28.200  22.605  -32.239 0.1428571492
119948  -29.632  20.108  -36.123 0.2857142985
81896  -30.395  15.870  -39.203 0.2857142985
129328  -29.629  20.191  -37.502 0.2857142985
85085  -29.038  20.813  -35.575 0.2857142985
80108  -31.999  14.311  -39.252 0.1428571492
82727  -30.563  16.578  -39.039 0.2857142985
110354  -30.086  19.091  -38.374 0.2857142985
85791  -27.862  21.910  -33.318 0.1428571492
78473  -33.475  13.617  -39.014 0.1428571492
79276  -32.881  13.982  -38.074 0.1428571492
80115  -32.574  14.689  -40.764 0.4285714328
81883  -29.726  16.671  -38.658 0.2857142985
131773  -32.497  13.219  -35.634 0.2857142985
80099  -31.184  14.215  -38.245 0.4285714328
80105  -29.819  15.031  -38.666 0.2857142985
78438  -33.502  12.042  -34.228 0.1428571492
114905  -32.179  13.781  -37.278 0.2857142985
80106  -29.782  13.932  -39.327 0.4285714328
79266  -31.907  13.516  -36.429 0.5714285970
80098  -29.460  13.598  -38.294 0.7142857313
129788  -33.011  12.154  -32.942 0.1428571492
78427  -32.523  12.205  -33.576 0.1428571492
79258  -31.574  13.244  -35.615 0.4285714328
77599  -32.767  11.288  -31.897 0.2857142985
77598  -31.807  11.231  -31.993 0.7142857313
79265  -30.845  13.259  -37.162 0.7142857313
77621  -31.891  11.951  -33.446 0.8571428657
76718  -33.544  10.422  -30.615 0.2857142985
76729  -33.188  10.786  -31.292 0.2857142985
78426  -31.614  12.625  -34.437 0.7142857313
122385  -30.081  12.541  -37.317 0.5714285970
75865  -33.158  9.965  -30.057 0.1428571492
75856  -33.432  9.643  -29.606 0.1428571492
110383  -30.181  2.346  -33.066 0.5714285970
125865  -31.581  4.299  -33.327 0.4285714328
117078  -31.701  8.762  -31.113 0.8571428657
75900  -31.323  9.996  -33.139 0.8571428657
74956  -32.475  8.995  -29.557 0.2857142985
75875  -31.555  9.616  -31.403 0.8571428657
76737  -31.265  10.847  -32.284 0.8571428657
77620  -31.262  11.876  -33.991 0.8571428657
74957  -33.124  9.182  -29.053 0.4285714328
75863  -32.022  9.577  -30.708 0.7142857313
76727  -31.575  10.496  -31.638 0.7142857313
125868  -30.055  2.028  -32.985 0.2857142985
110408  -31.521  3.554  -32.658 0.5714285970
110382  -30.866  2.822  -32.860 0.5714285970
74974  -31.481  7.794  -31.360 0.8571428657
74028  -31.078  7.329  -32.354 0.8571428657
74973  -31.100  8.617  -32.002 0.8571428657
75887  -31.053  9.865  -32.088 0.8571428657
74955  -32.240  8.028  -29.856 0.4285714328
132972  -31.804  8.261  -30.850 0.8571428657
74946  -32.568  8.347  -29.026 0.4285714328
133922  -31.475  -0.686  -30.417 0.7142857313
66765  -30.294  -0.089  -30.797 0.4285714328
125895  -32.374  -0.410  -30.901 0.7142857313
125907  -32.632  0.523  -30.746 0.8571428657
110310  -31.637  1.140  -31.186 0.5714285970
110441  -30.945  2.428  -31.059 0.5714285970
110943  -29.978  2.204  -30.752 0.4285714328
110482  -31.940  1.795  -31.396 0.8571428657
110313  -31.417  2.400  -31.755 0.5714285970
125867  -30.679  2.447  -32.563 0.5714285970
125866  -32.213  3.322  -31.379 0.7142857313
110315  -31.510  2.947  -32.120 0.5714285970
73153  -32.209  6.264  -29.410 0.7142857313
74012  -31.780  6.924  -30.161 0.7142857313
110447  -31.569  7.107  -30.970 0.8571428657
73144  -33.471  6.782  -27.675 0.2857142985
73143  -32.755  6.768  -28.471 0.4285714328
74004  -32.792  7.701  -28.586 0.5714285970
121165  -31.717  -2.100  -30.168 0.4285714328
65875  -30.549  -0.605  -30.373 0.4285714328
127211  -33.260  0.524  -30.210 0.7142857313
69453  -32.565  1.997  -30.877 0.8571428657
116796  -32.770  4.832  -28.873 0.7142857313
117224  -33.086  6.073  -28.050 0.2857142985
72264  -32.551  5.735  -28.683 0.5714285970
115136  -32.216  -3.202  -29.353 0.4285714328
64128  -31.472  -3.381  -29.689 0.5714285970
65866  -32.284  -1.270  -30.421 0.5714285970
110412  -33.286  -0.344  -30.614 0.7142857313
71319  -33.191  4.495  -28.177 0.4285714328
120430  -33.725  5.840  -27.480 0.4285714328
72265  -33.087  5.317  -28.112 0.4285714328
62346  -32.745  -6.302  -29.320 0.5714285970
66724  -34.051  -0.652  -26.357 0.4285714328
129718  -33.850  2.182  -26.513 0.4285714328
70347  -34.022  3.279  -26.454 0.4285714328
58670  -33.251  -9.209  -24.227 0.1428571492
120031  -34.317  1.109  -26.363 0.4285714328
68532  -34.191  1.860  -26.121 0.4285714328
60570  -33.080  -8.031  -25.257 0.1428571492
60571  -33.640  -7.543  -24.531 0.1428571492
132550  -33.427  -5.418  -25.530 0.2857142985
64951  -35.070  -2.049  -25.473 0.2857142985
66710  -35.511  -0.560  -25.250 0.2857142985
127202  -35.492  -1.393  -25.308 0.2857142985
64084  -34.324  -3.063  -26.026 0.4285714328
123910  -35.267  0.183  -25.338 0.2857142985
65815  -34.708  -1.182  -25.663 0.2857142985
131570  -34.614  -1.797  -25.815 0.2857142985
67605  -34.782  0.618  -25.685 0.4285714328
114406  -33.484  -8.384  -24.424 0.1428571492
59703  -32.693  -8.812  -24.901 0.1428571492
61446  -33.670  -6.652  -24.559 0.2857142985
61463  -33.113  -5.991  -25.281 0.2857142985
63189  -34.871  -4.150  -24.953 0.2857142985
64073  -35.820  -3.450  -24.730 0.2857142985
64072  -35.104  -3.430  -25.070 0.2857142985
64942  -35.483  -2.751  -25.068 0.2857142985
60556  -34.183  -7.985  -23.959 0.1428571492
62294  -34.557  -5.531  -24.221 0.2857142985
110913  -34.380  -7.118  -23.924 0.2857142985
129853  -33.793  -5.909  -24.540 0.2857142985
60588  -33.078  -7.101  -25.309 0.2857142985
113079  -34.443  -4.791  -24.758 0.2857142985
58655  -33.011  -10.026  -24.035 0.1428571492
57599  -32.618  -10.777  -23.715 0.2857142985
58656  -33.773  -9.617  -23.546 0.1428571492
53553  -32.616  -15.767  -23.521 0.2857142985
52607  -32.102  -16.183  -23.382 0.2857142985
52606  -31.309  -16.214  -23.645 0.2857142985
56533  -33.215  -11.348  -23.207 0.2857142985
52586  -31.497  -16.246  -22.588 0.1428571492
61447  -34.252  -6.299  -24.057 0.2857142985
112103  -35.159  -4.815  -24.418 0.2857142985
64950  -34.521  -2.324  -25.931 0.4285714328
66709  -34.721  -0.205  -25.747 0.2857142985
67606  -35.593  0.877  -25.212 0.2857142985
110423  -31.988  0.235  -31.117 0.7142857313
119826  -33.406  4.990  -27.527 0.2857142985
76749  -31.144  11.076  -33.318 0.8571428657
78436  -31.029  12.914  -35.756 0.8571428657
76728  -32.344  10.694  -31.438 0.5714285970
110398  -29.874  17.679  -38.077 0.2857142985
78437  -32.751  12.670  -34.616 0.4285714328
85785  -27.677  22.071  -31.291 0.1428571492
80113  -32.747  13.802  -41.087 0.2857142985
79275  -32.173  14.290  -38.478 0.1428571492
85118  -30.303  20.285  -37.886 0.2857142985
53570  -32.814  -14.630  -23.414 0.1428571492
55454  -33.285  -12.748  -22.825 0.1428571492
60557  -34.759  -7.730  -23.635 0.1428571492
62293  -33.815  -5.246  -25.038 0.2857142985
115950  -33.573  -4.907  -25.749 0.2857142985
64952  -36.014  -1.996  -24.985 0.2857142985
64991  -31.905  -2.666  -29.722 0.5714285970
64085  -34.538  -3.603  -25.492 0.2857142985
65865  -30.909  -1.445  -30.101 0.2857142985
68516  -35.616  1.842  -25.269 0.2857142985
128856  -32.865  -0.286  -30.995 0.5714285970
111369  -30.220  1.257  -30.720 0.4285714328
110311  -30.918  0.502  -31.063 0.5714285970
124093  -34.809  1.429  -25.587 0.4285714328
110379  -29.634  2.211  -33.016 0.2857142985
110452  -30.599  2.543  -32.120 0.5714285970
69379  -34.701  3.093  -25.715 0.1428571492
71295  -34.215  4.086  -26.838 0.4285714328
70346  -33.508  3.380  -27.211 0.4285714328
72238  -34.106  5.042  -26.933 0.1428571492
74005  -33.291  7.665  -27.966 0.2857142985
74965  -32.084  8.736  -30.373 0.7142857313
113470  -34.014  9.609  -29.318 0.2857142985
76710  -33.902  10.001  -30.008 0.1428571492
84297  -29.119  19.694  -32.984 0.2857142985
76717  -32.647  10.286  -30.658 0.4285714328
111638  -33.967  10.741  -31.299 0.1428571492
78417  -33.269  11.701  -32.417 0.1428571492
77634  -33.662  11.690  -33.771 0.1428571492
85786  -28.388  21.614  -31.957 0.1428571492
77622  -33.498  11.743  -33.067 0.1428571492
78439  -33.848  12.399  -34.983 0.1428571492
80112  -31.615  14.274  -39.884 0.2857142985
79267  -32.764  13.477  -36.545 0.2857142985
78448  -33.267  12.915  -35.716 0.1428571492
78460  -33.422  13.232  -37.097 0.1428571492
81026  -32.170  15.048  -40.892 0.2857142985
81899  -32.467  15.660  -39.750 0.2857142985
81022  -33.638  15.123  -40.028 0.1428571492
79285  -33.653  14.748  -39.318 0.1428571492
124581  -33.727  -13.379  -22.843 0.1428571492
73134  -34.218  6.816  -26.930 0.2857142985
80101  -34.034  14.865  -39.210 0.1428571492
81893  -32.632  16.250  -38.349 0.2857142985
53568  -30.641  -15.752  -24.272 0.2857142985
117641  -32.773  -12.138  -22.978 0.1428571492
66757  -33.383  -0.893  -30.780 0.5714285970
69402  -33.506  2.574  -26.843 0.4285714328
110380  -31.953  4.274  -32.271 0.8571428657
79256  -29.350  12.825  -37.689 0.5714285970
81020  -29.066  13.702  -38.888 0.5714285970
81010  -29.014  15.334  -38.420 0.2857142985
84317  -29.590  19.570  -36.925 0.2857142985
61508  -32.938  -7.132  -29.364 0.5714285970
67621  -34.214  0.305  -26.407 0.4285714328
110470  -29.786  18.636  -37.184 0.2857142985
115804  -29.302  19.756  -34.946 0.2857142985
68577  -32.404  1.282  -30.903 0.8571428657
85810  -29.936  22.517  -37.141 0.2857142985
85796  -27.907  21.651  -34.103 0.1428571492
85075  -28.299  20.972  -33.749 0.1428571492
85096  -29.767  21.225  -36.797 0.2857142985
81898  -31.868  16.116  -39.928 0.2857142985
110353  -30.755  18.081  -38.900 0.2857142985
81897  -31.300  15.859  -39.762 0.2857142985
81025  -30.868  15.165  -39.702 0.2857142985
83525  -30.098  19.670  -38.123 0.2857142985
80107  -30.505  13.919  -39.352 0.2857142985
115197  -33.116  13.739  -40.600 0.1428571492
79286  -33.375  14.506  -39.410 0.1428571492
81027  -33.073  14.587  -40.706 0.1428571492
80092  -31.029  13.949  -37.562 0.5714285970
77608  -32.444  11.681  -32.707 0.4285714328
77607  -31.630  11.359  -32.886 0.7142857313
75864  -32.513  9.569  -30.108 0.4285714328
126178  -31.122  4.132  -33.919 0.4285714328
125860  -30.807  3.392  -33.251 0.4285714328
76716  -31.994  10.204  -31.086 0.8571428657
116516  -31.860  7.808  -30.603 0.7142857313
125920  -31.261  -0.220  -31.079 0.4285714328
125919  -32.106  0.915  -31.226 0.7142857313
110314  -30.886  1.578  -30.866 0.4285714328
110501  -31.460  1.866  -31.303 0.5714285970
110312  -30.126  1.977  -30.762 0.4285714328
68576  -29.251  1.280  -30.941 0.2857142985
69452  -31.751  2.140  -31.565 0.7142857313
110709  -32.032  2.461  -31.485 0.8571428657
74013  -32.405  7.318  -29.252 0.7142857313
110531  -32.442  -2.114  -30.195 0.5714285970
71310  -33.597  4.262  -27.474 0.4285714328
68531  -33.754  1.691  -26.912 0.4285714328
69403  -34.120  2.573  -26.165 0.4285714328
114660  -34.796  -2.858  -25.463 0.2857142985
59693  -34.003  -8.796  -23.805 0.1428571492
133607  -35.348  -3.817  -24.858 0.2857142985
62295  -35.663  -5.507  -23.847 0.2857142985
120785  -32.994  -16.170  -22.974 0.1428571492
52608  -33.569  -15.491  -23.038 0.1428571492
53554  -33.347  -14.957  -23.245 0.1428571492
85060  -28.152  20.509  -31.714 0.1428571492
77645  -29.841  11.688  -37.731 0.5714285970
75924  -30.105  9.803  -37.181 0.4285714328
76777  -29.840  10.867  -37.561 0.4285714328
76768  -30.363  10.877  -36.935 0.5714285970
75020  -29.853  9.197  -35.942 0.4285714328
77633  -30.381  11.859  -36.772 0.4285714328
74048  -30.676  6.912  -35.300 0.4285714328
75009  -30.259  7.712  -35.841 0.4285714328
75911  -30.327  10.011  -35.793 0.5714285970
73175  -31.260  5.750  -33.952 0.5714285970
66712  -37.279  -0.146  -24.735 0.1428571492
113763  -35.792  0.158  -24.909 0.1428571492
67607  -36.622  0.551  -24.870 0.1428571492
58695  -31.221  -9.300  -26.299 0.2857142985
65818  -38.591  -1.161  -24.924 0.1428571492
65817  -37.650  -0.920  -24.634 0.1428571492
66713  -38.407  -0.083  -25.148 0.1428571492
119769  -39.180  0.465  -26.287 0.1428571492
64943  -36.880  -2.359  -24.607 0.1428571492
65800  -37.783  -1.884  -24.519 0.1428571492
65819  -39.603  -1.113  -26.303 0.1428571492
67635  -40.044  0.215  -28.142 0.1428571492
66725  -39.698  -0.118  -26.911 0.1428571492
66726  -40.028  0.603  -27.855 0.1428571492
58681  -30.943  -10.047  -26.186 0.2857142985
62296  -35.987  -4.703  -24.142 0.1428571492
130492  -37.104  -3.926  -24.302 0.1428571492
63191  -36.343  -4.017  -24.384 0.1428571492
63190  -35.572  -4.173  -24.588 0.1428571492
64074  -36.817  -3.252  -24.532 0.1428571492
64953  -38.696  -2.140  -24.825 0.1428571492
64944  -37.629  -2.731  -24.415 0.1428571492
127973  -39.231  -1.424  -25.401 0.1428571492
131709  -38.130  -2.426  -24.417 0.1428571492
128406  -40.356  -0.564  -28.269 0.1428571492
66727  -40.978  0.097  -27.873 0.1428571492
127019  -40.360  0.216  -27.969 0.1428571492
57623  -30.605  -10.916  -26.116 0.2857142985
56560  -30.670  -11.748  -26.138 0.2857142985
62297  -37.239  -5.405  -23.775 0.1428571492
111107  -36.909  -4.608  -24.067 0.1428571492
63192  -37.736  -4.231  -24.192 0.1428571492
64086  -39.321  -2.905  -25.002 0.1428571492
64075  -37.682  -3.492  -24.274 0.1428571492
64962  -39.864  -1.841  -27.053 0.1428571492
66714  -41.610  0.363  -26.695 0.1428571492
61448  -35.085  -6.373  -23.557 0.1428571492
61449  -36.565  -5.834  -23.615 0.1428571492
130407  -36.670  -6.601  -23.522 0.1428571492
113452  -37.868  -5.015  -24.220 0.1428571492
63194  -39.826  -4.385  -25.120 0.1428571492
64087  -39.852  -3.568  -25.153 0.1428571492
110810  -38.316  -3.819  -24.270 0.1428571492
113918  -40.230  -2.854  -25.826 0.1428571492
65845  -40.959  -0.718  -29.089 0.1428571492
64963  -40.383  -2.058  -28.029 0.1428571492
66741  -41.404  -0.532  -28.225 0.1428571492
60559  -36.661  -7.402  -23.448 0.1428571492
111842  -38.612  -6.683  -24.261 0.1428571492
116532  -38.072  -6.580  -23.644 0.1428571492
62298  -38.757  -5.267  -24.443 0.1428571492
61451  -38.182  -5.871  -24.068 0.1428571492
63202  -40.438  -4.344  -25.965 0.1428571492
62308  -39.796  -5.135  -25.715 0.1428571492
64098  -40.624  -3.502  -26.402 0.1428571492
129383  -40.322  -3.740  -25.604 0.1428571492
116144  -40.641  -0.888  -29.096 0.1428571492
64097  -40.435  -2.663  -26.939 0.1428571492
60576  -38.932  -7.508  -24.640 0.1428571492
60574  -37.456  -6.984  -23.540 0.1428571492
110900  -39.438  -5.942  -25.440 0.1428571492
61452  -39.227  -6.771  -25.125 0.1428571492
127414  -40.520  -1.458  -28.981 0.1428571492
64105  -40.665  -3.123  -27.847 0.1428571492
114483  -38.984  -6.016  -24.687 0.1428571492
131870  -39.201  -4.676  -24.615 0.1428571492
64077  -39.126  -3.855  -24.568 0.1428571492
66728  -41.977  -0.356  -26.983 0.1428571492
66740  -40.651  -0.333  -28.404 0.1428571492
65832  -39.879  -0.762  -27.572 0.1428571492
65816  -36.174  -1.115  -24.900 0.1428571492
66715  -42.490  -0.123  -25.855 0.1428571492
128301  -31.051  6.173  -34.884 0.4285714328
67623  -40.441  0.692  -27.624 0.1428571492
67622  -39.757  0.803  -27.440 0.1428571492
78447  -29.301  12.364  -38.160 0.4285714328
119709  -32.607  15.823  -36.973 0.1428571492
81885  -31.474  16.982  -37.983 0.1428571492
66711  -36.334  -0.314  -24.725 0.1428571492
131948  -35.974  -6.245  -23.574 0.1428571492
60572  -35.204  -7.279  -23.518 0.1428571492
111364  -36.197  -2.753  -24.768 0.1428571492
68515  -34.766  2.288  -25.605 0.1428571492
65799  -36.876  -1.521  -24.631 0.1428571492
110669  -36.851  -0.806  -24.633 0.1428571492
127529  -39.271  -0.557  -25.704 0.1428571492
67608  -37.759  0.615  -25.035 0.1428571492
67609  -38.585  0.842  -25.687 0.1428571492
132403  -36.456  -5.184  -23.830 0.1428571492
64076  -38.422  -3.035  -24.406 0.1428571492
64954  -39.560  -2.043  -25.686 0.1428571492
65833  -40.279  -1.214  -28.230 0.1428571492
60573  -35.914  -6.943  -23.484 0.1428571492
61450  -37.399  -6.191  -23.620 0.1428571492
63193  -38.530  -4.499  -24.336 0.1428571492
62299  -39.416  -5.252  -24.892 0.1428571492
63212  -40.752  -4.197  -27.024 0.1428571492
64971  -40.653  -2.216  -29.004 0.1428571492
52584  -29.722  -15.679  -22.106 0.1428571492
132743  -30.913  -16.205  -23.315 0.1428571492
53535  -29.375  -15.302  -22.783 0.1428571492
52604  -30.206  -15.802  -23.008 0.1428571492
52605  -30.765  -16.217  -23.945 0.1428571492
53551  -30.063  -15.781  -23.889 0.1428571492
54522  -30.423  -14.899  -24.575 0.1428571492
54534  -30.391  -13.920  -25.064 0.1428571492
54533  -29.584  -13.634  -25.068 0.1428571492
55481  -30.455  -12.962  -25.557 0.1428571492
56545  -30.542  -12.131  -25.659 0.1428571492
55480  -29.312  -12.714  -25.246 0.1428571492
56558  -29.302  -11.311  -25.874 0.1428571492
57622  -29.480  -10.533  -26.081 0.1428571492
128852  -30.169  -10.236  -26.262 0.1428571492
134147  -30.052  -10.772  -26.234 0.1428571492
58694  -30.417  -9.372  -26.486 0.2857142985
133338  -30.328  -8.594  -26.666 0.1428571492
59728  -31.000  -8.597  -26.588 0.1428571492
60614  -31.589  -7.397  -27.554 0.2857142985
63242  -31.726  -4.729  -29.361 0.4285714328
64129  -32.275  -4.160  -29.502 0.4285714328
72315  -31.297  4.765  -34.107 0.2857142985
73189  -30.708  5.593  -34.789 0.2857142985
75933  -28.925  9.269  -37.515 0.2857142985
75934  -29.383  10.041  -37.321 0.2857142985
120106  -29.370  12.057  -38.256 0.4285714328
58693  -29.581  -8.837  -26.581 0.1428571492
59737  -31.685  -7.845  -27.112 0.1428571492
53567  -29.996  -15.149  -24.235 0.1428571492
58680  -29.466  -9.628  -26.259 0.1428571492
60600  -29.861  -8.052  -26.699 0.2857142985
113844  -30.855  -7.750  -26.829 0.2857142985
61488  -30.840  -7.047  -27.506 0.2857142985
61507  -32.261  -6.654  -29.166 0.4285714328
61506  -31.575  -6.072  -28.931 0.4285714328
63241  -30.704  -4.333  -29.267 0.2857142985
72302  -30.645  4.641  -34.275 0.2857142985
73188  -29.871  5.303  -34.587 0.2857142985
73202  -30.695  5.879  -36.011 0.2857142985
74058  -30.431  6.553  -36.260 0.2857142985
75019  -29.629  8.118  -36.532 0.2857142985
75018  -29.002  8.091  -36.482 0.2857142985
60623  -31.695  -7.002  -28.227 0.2857142985
125881  -30.134  3.958  -33.567 0.2857142985
71376  -29.497  4.377  -34.094 0.2857142985
73201  -30.041  5.542  -36.049 0.2857142985
74056  -29.420  6.385  -36.221 0.2857142985
74057  -30.221  6.384  -36.400 0.2857142985
132311  -28.969  7.285  -36.044 0.2857142985
127831  -29.749  8.064  -36.476 0.2857142985
73187  -28.818  5.627  -34.594 0.2857142985
74047  -29.058  5.855  -35.632 0.2857142985
62345  -32.027  -5.743  -29.305 0.4285714328
61499  -32.417  -7.298  -29.000 0.4285714328
75923  -29.704  8.816  -37.122 0.2857142985
74070  -30.077  7.141  -36.532 0.2857142985
56559  -30.052  -11.281  -26.194 0.1428571492
54521  -29.662  -14.516  -24.729 0.1428571492
56544  -30.101  -12.091  -25.971 0.1428571492
56543  -28.776  -11.947  -25.375 0.1428571492
62344  -31.129  -5.239  -29.029 0.4285714328
75028  -29.129  8.757  -37.419 0.2857142985
113390  -31.678  -6.615  -28.659 0.4285714328
126542  -30.015  -2.913  -29.932 0.2857142985
64127  -30.545  -3.512  -29.710 0.2857142985
85078  -31.207  20.562  -33.981 0.1428571492
84311  -31.324  19.943  -34.648 0.1428571492
131399  -31.470  20.318  -35.847 0.1428571492
110352  -31.407  19.279  -37.214 0.1428571492
126918  -31.588  18.162  -38.244 0.1428571492
85077  -30.769  21.079  -33.445 0.1428571492
84318  -31.180  20.047  -37.134 0.1428571492
85815  -30.059  21.461  -37.128 0.1428571492
87043  -28.561  24.979  -35.232 0.1428571492
126852  -30.894  -2.578  -29.886 0.2857142985
65864  -29.998  -1.991  -29.582 0.2857142985
81879  -31.770  17.352  -36.678 0.1428571492
83487  -31.636  19.015  -34.205 0.1428571492
125870  -31.278  18.298  -36.854 0.1428571492
81891  -31.574  16.694  -39.114 0.1428571492
85108  -30.444  20.599  -37.518 0.1428571492
110385  -31.284  18.945  -38.548 0.1428571492
85804  -30.485  22.642  -36.088 0.1428571492
86444  -29.429  24.038  -35.557 0.1428571492
86451  -30.054  23.110  -36.998 0.1428571492
85809  -29.243  23.212  -36.419 0.1428571492
86443  -28.330  23.865  -35.414 0.1428571492
133427  -29.825  23.142  -36.938 0.1428571492
110355  -31.178  19.693  -38.278 0.1428571492
110357  -30.958  20.074  -38.182 0.1428571492
123409  -31.350  -4.039  -29.727 0.2857142985
85087  -31.206  20.786  -35.260 0.1428571492
85797  -30.588  22.083  -34.337 0.1428571492
126517  -31.444  19.527  -35.708 0.1428571492
125396  -31.109  20.752  -36.550 0.1428571492
117700  -30.632  21.475  -36.092 0.1428571492
86432  -30.201  22.584  -33.743 0.1428571492
85097  -30.361  21.057  -36.953 0.1428571492
83497  -31.568  18.634  -35.544 0.1428571492
132111  -28.334  4.555  -33.321 0.1428571492
126432  -29.118  4.959  -34.165 0.1428571492
74046  -28.332  6.983  -35.176 0.1428571492
133761  -27.095  7.930  -33.495 0.1428571492
74995  -27.639  8.217  -33.924 0.1428571492
75898  -27.744  9.323  -34.565 0.1428571492
131144  -28.293  9.807  -35.096 0.1428571492
76757  -27.852  10.447  -34.400 0.2857142985
67662  -29.866  0.586  -30.670 0.1428571492
110395  -29.279  2.730  -32.506 0.1428571492
125904  -29.168  3.568  -33.683 0.1428571492
74947  -33.240  8.467  -28.434 0.1428571492
72314  -28.519  5.156  -33.718 0.1428571492
128357  -28.851  8.855  -37.410 0.1428571492
76767  -28.795  11.013  -37.056 0.1428571492
75910  -28.665  10.376  -35.718 0.1428571492
115887  -28.406  11.185  -34.976 0.2857142985
77632  -28.659  12.379  -36.645 0.2857142985
80067  -29.061  14.574  -33.066 0.2857142985
80978  -29.298  15.390  -32.919 0.2857142985
84296  -28.694  19.959  -32.195 0.1428571492
82670  -27.645  17.391  -29.992 0.1428571492
78446  -28.856  12.523  -37.754 0.2857142985
113397  -28.551  11.635  -36.194 0.2857142985
78424  -29.088  13.036  -35.776 0.2857142985
80083  -28.840  13.415  -36.745 0.2857142985
79248  -29.189  13.392  -34.311 0.2857142985
80074  -28.732  13.846  -33.178 0.2857142985
80994  -29.345  14.801  -35.192 0.2857142985
80075  -29.184  14.017  -34.255 0.2857142985
124337  -29.452  15.628  -33.895 0.2857142985
80977  -28.657  15.202  -32.050 0.2857142985
123793  -28.274  19.670  -31.286 0.1428571492
84281  -27.897  19.393  -30.549 0.1428571492
79240  -27.861  13.515  -32.358 0.1428571492
126537  -29.139  16.751  -32.152 0.1428571492
80965  -29.256  15.958  -31.956 0.2857142985
81836  -28.710  16.709  -31.339 0.1428571492
76747  -26.429  10.175  -32.778 0.2857142985
115446  -27.824  14.993  -31.030 0.1428571492
82645  -27.606  16.864  -29.402 0.1428571492
81835  -28.328  16.322  -30.779 0.1428571492
125864  -24.980  9.733  -31.129 0.1428571492
74958  -33.886  9.238  -28.431 0.1428571492
70377  -29.128  2.843  -31.897 0.1428571492
125863  -28.179  3.702  -32.374 0.1428571492
74006  -33.861  8.579  -27.655 0.1428571492
110434  -28.610  3.829  -33.254 0.1428571492
110437  -26.989  5.898  -32.860 0.1428571492
122484  -27.824  6.403  -34.492 0.1428571492
125917  -26.615  7.606  -33.196 0.1428571492
75008  -28.334  8.139  -35.474 0.1428571492
75897  -26.798  9.411  -33.431 0.1428571492
75017  -28.583  9.081  -36.098 0.1428571492
77631  -28.697  11.858  -35.135 0.1428571492
78434  -28.870  12.523  -35.531 0.1428571492
78423  -28.774  12.666  -33.963 0.2857142985
79247  -28.606  13.208  -33.192 0.1428571492
80952  -28.257  15.652  -30.313 0.1428571492
80059  -27.348  14.518  -31.802 0.2857142985
80964  -28.339  15.881  -31.306 0.1428571492
82685  -28.843  17.473  -31.917 0.1428571492
82671  -28.749  17.483  -30.777 0.1428571492
73995  -33.897  7.678  -27.327 0.1428571492
83456  -28.320  18.075  -30.514 0.1428571492
81847  -29.400  16.272  -32.851 0.2857142985
113342  -29.102  12.930  -37.254 0.2857142985
69439  -29.531  2.686  -31.165 0.1428571492
110491  -29.233  1.797  -31.080 0.1428571492
125932  -29.774  3.005  -33.238 0.1428571492
72255  -34.338  5.927  -26.756 0.1428571492
76776  -29.176  10.463  -37.473 0.1428571492
76787  -29.002  11.248  -38.098 0.1428571492
78470  -28.774  11.953  -38.280 0.1428571492
71375  -28.841  4.212  -33.952 0.1428571492
72313  -27.791  5.797  -33.750 0.1428571492
110504  -27.725  5.136  -33.133 0.1428571492
129773  -27.826  4.399  -32.708 0.1428571492
74045  -27.210  7.161  -34.137 0.1428571492
125882  -29.047  3.045  -33.003 0.1428571492
123867  -27.106  10.076  -33.663 0.1428571492
123961  -28.858  9.616  -37.201 0.1428571492
125927  -28.560  3.236  -31.836 0.1428571492
78435  -28.947  12.739  -37.191 0.2857142985
80988  -29.378  14.741  -34.087 0.2857142985
80066  -28.039  14.249  -32.155 0.1428571492
83447  -27.459  17.883  -29.973 0.1428571492
79255  -28.988  13.459  -35.932 0.2857142985
80082  -28.807  13.974  -35.397 0.2857142985
128229  -27.733  20.103  -30.890 0.1428571492
77618  -28.292  12.051  -34.057 0.1428571492
81824  -28.389  16.842  -30.545 0.1428571492
59727  -28.995  -8.106  -26.376 0.1428571492
60613  -30.076  -7.203  -26.841 0.1428571492
61487  -29.929  -6.642  -27.527 0.1428571492
61473  -28.175  -6.536  -26.912 0.1428571492
61485  -28.169  -5.789  -27.477 0.1428571492
61486  -29.026  -6.138  -27.389 0.1428571492
62335  -27.914  -5.288  -28.165 0.1428571492
61497  -29.719  -6.045  -28.090 0.1428571492
61498  -30.767  -6.524  -28.122 0.1428571492
63227  -28.571  -4.935  -28.655 0.1428571492
62336  -29.543  -5.166  -28.324 0.1428571492
62337  -30.681  -5.844  -28.453 0.1428571492
62343  -30.256  -4.810  -28.657 0.1428571492
63239  -28.510  -4.272  -29.154 0.1428571492
116168  -29.871  -4.012  -29.373 0.1428571492
64126  -29.569  -3.398  -29.489 0.1428571492
65874  -29.787  -1.205  -30.055 0.1428571492
120562  -27.137  10.855  -33.108 0.1428571492
60586  -28.018  -7.973  -26.122 0.1428571492
60598  -27.597  -7.210  -26.379 0.1428571492
132847  -29.344  -7.486  -26.612 0.1428571492
60599  -28.540  -7.343  -26.507 0.1428571492
60612  -29.267  -6.779  -26.804 0.1428571492
130105  -27.571  -6.009  -27.061 0.1428571492
61496  -28.806  -5.522  -28.029 0.1428571492
63240  -29.358  -4.505  -28.999 0.1428571492
63226  -27.727  -4.498  -28.638 0.1428571492
110840  -27.068  -5.025  -28.112 0.1428571492
69424  -29.529  1.882  -30.783 0.1428571492
70378  -29.857  2.723  -31.867 0.2857142985
70391  -28.891  2.717  -31.547 0.1428571492
74069  -29.741  7.145  -36.567 0.2857142985
75855  -32.884  9.485  -29.635 0.1428571492
76788  -29.380  11.103  -37.891 0.1428571492
77644  -28.570  12.005  -37.450 0.2857142985
77654  -28.683  11.593  -38.114 0.1428571492
77655  -29.477  11.700  -38.118 0.4285714328
77662  -28.870  11.753  -38.279 0.1428571492
77663  -29.005  11.698  -38.361 0.1428571492
77664  -29.191  11.587  -38.238 0.1428571492
78428  -33.075  12.175  -33.587 0.1428571492
78445  -28.708  12.131  -38.187 0.1428571492
78458  -28.954  12.228  -38.285 0.2857142985
78459  -29.174  12.215  -38.316 0.4285714328
78471  -28.923  11.899  -38.368 0.1428571492
78472  -29.155  11.921  -38.369 0.1428571492
79274  -28.855  12.157  -38.277 0.1428571492
79284  -28.956  12.208  -38.344 0.1428571492
80111  -30.690  14.434  -39.578 0.2857142985
80114  -31.443  14.716  -40.210 0.4285714328
80116  -32.799  14.182  -41.232 0.1428571492
81019  -28.756  14.028  -39.007 0.2857142985
81021  -33.603  15.333  -39.351 0.1428571492
81028  -33.278  13.905  -41.125 0.1428571492
81029  -31.703  15.073  -40.629 0.4285714328
81890  -29.720  16.030  -38.847 0.2857142985
84326  -29.635  19.676  -37.947 0.2857142985
84334  -29.780  20.022  -37.919 0.2857142985
85098  -30.848  20.437  -37.569 0.1428571492
85109  -30.784  20.294  -38.017 0.2857142985
85811  -30.218  22.307  -37.015 0.1428571492
87042  -28.405  24.944  -35.279 0.1428571492
87050  -29.048  24.452  -35.816 0.1428571492
87633  -28.163  25.872  -35.188 0.1428571492
110481  -30.266  2.843  -31.041 0.4285714328
110502  -30.503  19.996  -38.155 0.2857142985
115236  -29.277  2.779  -31.695 0.1428571492
115471  -32.226  13.998  -40.290 0.2857142985
124890  -30.036  -4.351  -29.021 0.1428571492
125862  -29.596  2.482  -32.682 0.1428571492
125884  -31.352  17.790  -38.754 0.1428571492
125933  -29.124  2.938  -32.182 0.1428571492
126056  -29.991  21.565  -37.168 0.2857142985
128585  -33.987  15.187  -39.072 0.1428571492
