#!ascii label  , from subject sub-003S6257 vox2ras=TkReg
1081
122892  38.788  -17.879  31.556 0.0000000000
66935  51.166  -0.283  16.015 0.0000000000
58447  42.762  -10.206  23.989 0.0000000000
40115  14.965  -27.735  44.672 0.0000000000
50321  31.166  -16.302  37.452 0.0000000000
62250  42.490  -5.031  23.121 0.0000000000
44282  22.050  -23.335  38.491 0.0000000000
40146  19.701  -28.611  42.193 0.0000000000
45351  26.594  -22.163  35.146 0.0000000000
66958  55.371  -0.526  14.867 0.0000000000
54344  40.965  -13.311  33.206 0.0000000000
55329  39.386  -12.494  30.038 0.0000000000
51355  43.724  -16.797  32.333 0.0000000000
71879  52.863  4.865  14.899 0.0000000000
72931  55.290  4.770  11.308 0.0000000000
67849  47.428  0.058  18.705 0.0000000000
64133  51.018  -4.025  18.856 0.0000000000
117061  46.699  -4.567  19.878 0.0000000000
59502  47.253  -8.853  23.546 0.0000000000
48241  36.423  -20.793  34.391 0.0000000000
35832  12.890  -32.152  48.795 0.0000000000
37743  9.699  -29.111  50.720 0.0000000000
38908  10.346  -26.645  53.873 0.0000000000
51327  34.851  -14.796  33.670 0.0000000000
119755  31.568  -20.372  35.238 0.0000000000
59432  36.823  -8.580  27.859 0.0000000000
132333  43.066  -10.583  29.339 0.0000000000
76730  57.137  9.463  8.492 0.0000000000
66952  53.355  -0.364  15.032 0.0000000000
66006  54.090  -1.617  17.219 0.0000000000
51356  40.571  -16.482  31.831 0.0000000000
52329  41.588  -15.177  30.773 0.0000000000
50390  41.284  -17.680  31.727 0.0000000000
69889  50.338  2.648  16.656 0.0000000000
71872  52.319  4.749  16.486 0.0000000000
69901  51.934  2.762  14.921 0.0000000000
123208  53.709  2.153  13.724 0.0000000000
37715  6.834  -29.065  54.286 0.0000000000
65074  46.707  -1.988  19.430 0.0000000000
65060  45.012  -2.444  20.810 0.0000000000
60470  42.402  -7.591  23.040 0.0000000000
60479  44.695  -7.379  22.061 0.0000000000
59488  44.835  -9.135  23.418 0.0000000000
57366  45.618  -11.097  25.329 0.0000000000
39070  17.093  -28.633  43.002 0.0000000000
117993  18.810  -30.382  44.675 0.0000000000
36820  16.297  -30.719  45.270 0.0000000000
126780  14.981  -31.978  47.911 0.0000000000
36810  13.856  -30.155  45.915 0.0000000000
37756  11.326  -28.350  49.616 0.0000000000
38941  10.228  -27.315  52.138 0.0000000000
51302  33.022  -14.661  35.729 0.0000000000
49341  32.481  -18.034  32.963 0.0000000000
49317  30.411  -17.657  34.450 0.0000000000
43270  25.780  -24.688  38.146 0.0000000000
44288  28.522  -23.944  38.146 0.0000000000
55314  43.499  -12.248  30.857 0.0000000000
57256  41.590  -10.768  30.160 0.0000000000
64098  43.814  -2.446  23.755 0.0000000000
61353  42.203  -4.800  25.445 0.0000000000
60445  40.237  -7.243  24.691 0.0000000000
42185  23.261  -26.187  39.632 0.0000000000
40164  22.168  -27.986  42.371 0.0000000000
41184  20.206  -26.129  40.188 0.0000000000
41186  17.916  -25.967  41.552 0.0000000000
121637  16.334  -26.045  43.729 0.0000000000
49309  28.297  -17.682  35.615 0.0000000000
48218  25.551  -18.961  36.544 0.0000000000
45342  24.085  -22.396  36.521 0.0000000000
56232  38.706  -11.736  34.822 0.0000000000
56255  36.406  -11.555  31.986 0.0000000000
119631  39.410  -13.186  32.087 0.0000000000
53354  43.028  -14.350  29.930 0.0000000000
74875  54.249  7.465  11.422 0.0000000000
71903  53.980  4.682  12.699 0.0000000000
68886  55.646  2.065  12.882 0.0000000000
66920  48.975  -0.249  17.386 0.0000000000
65103  51.035  -2.244  17.096 0.0000000000
65088  48.520  -2.549  18.339 0.0000000000
63192  48.460  -4.509  19.214 0.0000000000
62276  49.367  -6.597  21.146 0.0000000000
62281  44.584  -5.123  21.439 0.0000000000
61384  47.088  -7.170  21.703 0.0000000000
48291  37.735  -19.479  32.341 0.0000000000
48274  40.188  -19.818  33.018 0.0000000000
128967  48.741  2.118  18.842 0.0000000000
39002  14.186  -27.167  46.864 0.0000000000
37791  12.141  -28.679  47.805 0.0000000000
36774  10.804  -30.622  48.865 0.0000000000
34885  10.097  -32.320  50.930 0.0000000000
36741  8.647  -30.685  51.723 0.0000000000
37720  8.171  -28.903  52.289 0.0000000000
40028  8.290  -26.876  53.980 0.0000000000
41034  7.654  -25.933  55.134 0.0000000000
50392  36.250  -17.239  31.794 0.0000000000
123527  34.508  -18.456  32.600 0.0000000000
117422  33.929  -20.546  34.414 0.0000000000
47245  29.151  -21.013  35.458 0.0000000000
58434  39.533  -9.216  24.879 0.0000000000
57283  36.463  -11.416  29.104 0.0000000000
115335  39.407  -10.932  26.980 0.0000000000
57352  42.522  -11.818  26.210 0.0000000000
49326  43.458  -18.688  34.263 0.0000000000
75836  57.966  8.151  6.964 0.0000000000
73940  55.241  6.676  9.347 0.0000000000
72975  56.721  6.123  7.859 0.0000000000
67879  51.914  0.050  15.500 0.0000000000
66017  53.870  -1.429  16.019 0.0000000000
66019  52.294  -1.503  16.273 0.0000000000
51371  39.642  -17.289  31.689 0.0000000000
50408  40.775  -17.228  31.438 0.0000000000
49369  40.526  -17.943  31.614 0.0000000000
68850  50.190  1.272  16.323 0.0000000000
69902  51.325  2.397  15.465 0.0000000000
68862  51.234  1.483  15.468 0.0000000000
67890  52.442  1.132  14.476 0.0000000000
37716  6.482  -28.394  54.736 0.0000000000
65969  45.684  -0.810  21.249 0.0000000000
65963  45.173  -1.191  21.877 0.0000000000
59507  42.376  -8.656  23.367 0.0000000000
59506  43.192  -8.468  22.946 0.0000000000
59489  43.219  -9.435  23.536 0.0000000000
58431  45.344  -10.529  24.620 0.0000000000
57376  43.926  -10.829  24.584 0.0000000000
39051  16.227  -28.739  43.736 0.0000000000
37868  16.616  -29.729  44.159 0.0000000000
37854  15.153  -29.416  44.674 0.0000000000
114842  14.661  -30.760  45.668 0.0000000000
36822  14.336  -29.593  45.246 0.0000000000
51303  32.021  -15.192  36.459 0.0000000000
50351  30.679  -16.874  34.650 0.0000000000
50338  30.231  -16.860  35.274 0.0000000000
42184  24.784  -25.822  40.093 0.0000000000
58301  36.113  -9.218  33.271 0.0000000000
56251  43.338  -10.686  31.742 0.0000000000
112829  41.192  -5.558  25.448 0.0000000000
61342  41.004  -5.461  26.140 0.0000000000
43261  22.010  -24.491  38.672 0.0000000000
42187  21.535  -26.013  39.848 0.0000000000
43262  21.008  -24.193  39.293 0.0000000000
43236  18.713  -24.388  40.905 0.0000000000
43223  17.555  -24.250  42.392 0.0000000000
42155  16.745  -25.418  43.090 0.0000000000
49282  27.132  -17.685  37.755 0.0000000000
45317  22.628  -21.604  38.369 0.0000000000
46318  23.475  -21.138  37.818 0.0000000000
44294  22.617  -23.206  38.035 0.0000000000
43272  23.629  -24.561  37.854 0.0000000000
56252  38.883  -12.432  32.938 0.0000000000
55302  40.482  -13.079  32.881 0.0000000000
51368  42.297  -16.273  31.130 0.0000000000
52342  41.999  -14.985  30.237 0.0000000000
52340  43.634  -14.924  30.322 0.0000000000
53345  44.582  -14.610  30.731 0.0000000000
52315  44.840  -15.829  31.678 0.0000000000
71880  52.486  4.426  15.463 0.0000000000
73899  53.434  6.194  13.200 0.0000000000
132255  53.106  4.951  14.138 0.0000000000
67897  54.606  0.980  13.455 0.0000000000
68878  54.428  2.078  13.354 0.0000000000
67896  55.490  0.577  13.560 0.0000000000
66909  48.169  -0.270  17.985 0.0000000000
66921  48.693  -0.979  17.564 0.0000000000
66910  47.461  -0.925  18.524 0.0000000000
64125  46.735  -3.673  19.614 0.0000000000
64136  47.434  -3.393  19.289 0.0000000000
116456  48.122  -5.026  19.552 0.0000000000
122199  49.325  -5.839  20.383 0.0000000000
62278  47.600  -5.900  20.415 0.0000000000
117363  43.014  -3.858  22.831 0.0000000000
64113  43.357  -3.369  22.505 0.0000000000
127162  43.489  -4.893  22.095 0.0000000000
60466  46.019  -8.268  22.510 0.0000000000
60478  45.600  -7.564  22.011 0.0000000000
60477  46.586  -7.690  22.119 0.0000000000
135217  48.255  -7.789  22.438 0.0000000000
114000  36.665  -20.008  34.083 0.0000000000
47279  38.143  -20.478  34.208 0.0000000000
67841  47.605  1.141  19.922 0.0000000000
130740  48.242  1.461  19.234 0.0000000000
68835  48.548  1.471  18.219 0.0000000000
40165  21.124  -28.221  41.914 0.0000000000
39067  20.298  -29.177  42.992 0.0000000000
35845  14.172  -31.922  47.943 0.0000000000
124583  14.723  -32.571  49.246 0.0000000000
126756  13.444  -32.481  49.514 0.0000000000
35818  12.646  -32.444  49.570 0.0000000000
38993  13.488  -27.423  48.194 0.0000000000
39004  12.726  -27.980  47.402 0.0000000000
38994  12.748  -27.756  48.487 0.0000000000
37757  10.585  -28.767  49.706 0.0000000000
37774  10.906  -29.379  49.129 0.0000000000
36763  10.319  -29.915  49.406 0.0000000000
35821  10.246  -31.696  50.143 0.0000000000
35822  9.496  -31.373  50.516 0.0000000000
36754  9.152  -30.879  51.213 0.0000000000
37732  9.197  -29.398  51.343 0.0000000000
38920  10.072  -26.929  52.838 0.0000000000
37719  8.850  -28.532  51.838 0.0000000000
38909  9.520  -26.998  53.285 0.0000000000
117629  8.704  -27.448  53.376 0.0000000000
38896  9.504  -26.604  54.150 0.0000000000
51325  36.246  -15.257  33.820 0.0000000000
127237  37.022  -15.623  33.718 0.0000000000
51359  35.599  -16.417  32.009 0.0000000000
116444  35.736  -17.780  31.997 0.0000000000
50394  34.451  -17.421  32.236 0.0000000000
48245  31.969  -19.798  34.506 0.0000000000
116513  33.440  -19.747  33.678 0.0000000000
47266  32.520  -20.761  35.102 0.0000000000
47247  26.591  -20.100  35.258 0.0000000000
135528  28.072  -19.641  35.184 0.0000000000
46358  27.058  -21.256  35.019 0.0000000000
45327  29.154  -23.508  37.778 0.0000000000
64147  51.637  -3.460  18.430 0.0000000000
65084  52.324  -2.806  18.054 0.0000000000
64131  53.018  -3.824  19.092 0.0000000000
60394  37.481  -6.811  27.877 0.0000000000
60431  38.414  -7.611  26.206 0.0000000000
59464  38.146  -8.797  26.123 0.0000000000
55317  38.265  -12.708  31.070 0.0000000000
56282  36.340  -11.883  30.561 0.0000000000
56294  37.723  -12.013  29.617 0.0000000000
57278  41.649  -10.656  29.727 0.0000000000
134277  39.869  -11.228  28.756 0.0000000000
57331  40.815  -11.480  27.731 0.0000000000
57353  40.703  -11.546  26.587 0.0000000000
112163  42.805  -11.101  28.050 0.0000000000
57328  44.275  -11.696  27.427 0.0000000000
48272  41.878  -19.372  33.610 0.0000000000
75827  57.483  8.480  7.555 0.0000000000
72944  54.445  5.924  10.924 0.0000000000
74885  54.480  7.296  10.668 0.0000000000
72943  54.940  5.399  10.655 0.0000000000
71967  56.680  4.770  9.165 0.0000000000
71966  57.413  4.526  8.812 0.0000000000
129287  22.034  -21.527  38.871 0.0000000000
44271  20.934  -22.905  39.631 0.0000000000
66959  54.254  -0.369  14.665 0.0000000000
66950  55.823  -0.305  16.072 0.0000000000
133089  54.419  -1.263  15.783 0.0000000000
130012  41.244  -14.525  32.589 0.0000000000
53330  41.174  -14.090  32.174 0.0000000000
52316  41.139  -15.915  31.424 0.0000000000
50407  41.581  -16.885  31.269 0.0000000000
50388  42.896  -17.163  32.241 0.0000000000
70906  51.502  4.179  17.687 0.0000000000
70914  51.318  3.638  16.290 0.0000000000
70925  51.565  3.278  15.576 0.0000000000
70924  52.279  3.618  15.060 0.0000000000
70933  53.337  3.531  14.064 0.0000000000
122983  52.526  2.172  14.501 0.0000000000
66960  53.268  0.411  14.453 0.0000000000
36731  7.569  -30.223  53.784 0.0000000000
66890  46.713  -0.049  19.993 0.0000000000
65984  46.925  -1.283  19.258 0.0000000000
65985  46.269  -1.341  19.768 0.0000000000
65066  45.452  -2.093  20.397 0.0000000000
64118  45.212  -3.493  20.676 0.0000000000
61378  42.556  -6.079  22.731 0.0000000000
61388  43.357  -6.670  22.418 0.0000000000
60469  43.405  -7.572  22.642 0.0000000000
59505  44.591  -8.452  22.944 0.0000000000
59487  45.710  -9.333  23.612 0.0000000000
58443  46.668  -9.742  24.728 0.0000000000
57364  47.054  -10.968  25.523 0.0000000000
47239  36.009  -21.962  35.515 0.0000000000
39069  18.145  -28.859  42.830 0.0000000000
39049  18.787  -29.639  43.361 0.0000000000
125544  17.888  -29.316  43.331 0.0000000000
37852  17.011  -30.533  44.726 0.0000000000
36795  17.099  -31.509  46.521 0.0000000000
35855  14.552  -31.807  47.110 0.0000000000
35856  13.429  -31.421  47.043 0.0000000000
38981  12.794  -27.635  49.352 0.0000000000
38955  11.987  -27.485  51.048 0.0000000000
37742  10.480  -28.491  50.717 0.0000000000
120855  9.905  -28.560  51.273 0.0000000000
128106  11.280  -27.231  52.260 0.0000000000
38919  10.941  -26.892  52.763 0.0000000000
38907  11.135  -26.660  53.590 0.0000000000
52284  33.678  -14.348  34.379 0.0000000000
51346  33.059  -15.679  32.686 0.0000000000
51329  32.039  -15.728  34.006 0.0000000000
49330  30.840  -17.922  33.862 0.0000000000
48246  31.014  -19.492  34.546 0.0000000000
44300  25.581  -23.717  36.562 0.0000000000
45339  27.366  -23.039  35.834 0.0000000000
44281  26.797  -24.573  38.470 0.0000000000
126935  51.530  -5.107  20.093 0.0000000000
60384  35.882  -7.811  29.645 0.0000000000
56278  41.743  -11.637  30.542 0.0000000000
56280  39.448  -11.820  29.656 0.0000000000
56264  41.927  -10.690  30.882 0.0000000000
57244  42.395  -10.307  31.030 0.0000000000
76721  56.650  9.710  9.205 0.0000000000
125500  6.249  -26.968  54.902 0.0000000000
64086  44.152  -2.693  24.864 0.0000000000
63136  42.859  -3.750  24.694 0.0000000000
62251  42.052  -5.485  23.538 0.0000000000
61366  41.522  -5.925  23.854 0.0000000000
60456  41.097  -7.388  23.999 0.0000000000
126815  41.167  -8.278  24.010 0.0000000000
112550  23.981  -26.139  40.244 0.0000000000
41165  23.544  -27.181  41.663 0.0000000000
41182  22.921  -27.008  40.932 0.0000000000
126165  20.931  -27.088  40.459 0.0000000000
124186  19.795  -26.736  40.601 0.0000000000
43250  19.394  -24.460  40.306 0.0000000000
42177  19.240  -25.513  40.492 0.0000000000
123782  18.502  -26.929  41.463 0.0000000000
40169  17.295  -27.336  42.333 0.0000000000
41157  16.390  -27.119  43.396 0.0000000000
41144  15.890  -26.537  44.165 0.0000000000
49308  29.591  -16.837  35.794 0.0000000000
49297  27.808  -17.292  36.792 0.0000000000
49298  26.901  -17.993  36.416 0.0000000000
47248  25.782  -19.889  35.766 0.0000000000
47201  24.602  -19.630  37.987 0.0000000000
46360  24.792  -21.058  36.225 0.0000000000
45341  25.009  -22.777  36.072 0.0000000000
44291  25.122  -24.187  37.257 0.0000000000
43259  24.271  -25.349  38.507 0.0000000000
123813  37.653  -10.293  35.172 0.0000000000
133640  36.286  -9.961  33.628 0.0000000000
56243  37.167  -11.752  33.361 0.0000000000
55303  38.435  -12.768  31.953 0.0000000000
55316  39.020  -13.054  30.711 0.0000000000
53346  41.205  -14.440  30.901 0.0000000000
54360  41.332  -14.054  30.197 0.0000000000
114589  41.673  -13.493  29.891 0.0000000000
55325  42.954  -12.979  30.290 0.0000000000
54358  44.690  -13.598  30.921 0.0000000000
74851  54.093  7.745  13.166 0.0000000000
130412  53.620  6.189  12.410 0.0000000000
72916  54.148  5.003  12.100 0.0000000000
70943  53.742  3.783  13.457 0.0000000000
70942  54.422  3.405  13.069 0.0000000000
66937  49.700  -0.253  16.918 0.0000000000
66010  50.834  -1.510  16.627 0.0000000000
66011  49.471  -1.205  17.238 0.0000000000
65104  49.711  -2.177  17.532 0.0000000000
64149  49.811  -3.402  18.351 0.0000000000
65089  47.879  -2.356  18.719 0.0000000000
64135  48.754  -3.920  18.819 0.0000000000
63190  50.401  -4.524  19.317 0.0000000000
63176  49.857  -5.166  19.753 0.0000000000
62275  50.741  -6.248  21.041 0.0000000000
65053  44.088  -2.123  21.966 0.0000000000
64119  44.370  -2.874  21.402 0.0000000000
63179  45.861  -4.724  20.502 0.0000000000
61386  44.874  -5.904  21.540 0.0000000000
61400  45.779  -6.217  21.258 0.0000000000
114478  46.970  -6.085  20.666 0.0000000000
61398  47.617  -6.637  21.108 0.0000000000
49355  38.042  -18.748  31.671 0.0000000000
48289  39.788  -19.200  32.329 0.0000000000
48275  39.287  -19.740  32.895 0.0000000000
47277  39.853  -20.856  34.479 0.0000000000
68842  49.651  2.151  17.183 0.0000000000
125204  49.543  1.345  16.712 0.0000000000
40104  15.183  -26.762  45.642 0.0000000000
40105  14.756  -26.718  46.577 0.0000000000
39016  14.387  -27.772  45.849 0.0000000000
37833  13.590  -29.122  45.761 0.0000000000
37810  12.577  -29.407  46.752 0.0000000000
36786  11.823  -30.633  47.904 0.0000000000
37773  11.444  -28.853  48.933 0.0000000000
37793  11.249  -29.999  48.455 0.0000000000
35833  11.902  -32.016  48.786 0.0000000000
35820  10.861  -32.098  49.732 0.0000000000
34884  11.052  -32.697  51.115 0.0000000000
36742  8.200  -30.670  52.408 0.0000000000
37733  8.306  -29.584  51.824 0.0000000000
124720  7.770  -29.437  53.092 0.0000000000
38923  7.379  -28.754  53.533 0.0000000000
38910  7.691  -27.868  53.573 0.0000000000
40029  7.147  -27.282  54.112 0.0000000000
40018  9.133  -26.501  54.922 0.0000000000
40019  8.069  -26.552  54.722 0.0000000000
40020  7.118  -26.699  54.802 0.0000000000
51358  38.883  -17.462  31.782 0.0000000000
134766  37.533  -16.800  32.190 0.0000000000
49373  37.639  -18.055  31.533 0.0000000000
49357  36.420  -18.216  31.978 0.0000000000
49339  35.753  -18.659  32.561 0.0000000000
48262  35.952  -20.038  33.921 0.0000000000
49340  33.508  -17.929  32.607 0.0000000000
48243  34.477  -20.097  33.822 0.0000000000
47263  35.550  -21.348  34.775 0.0000000000
128391  29.089  -17.486  35.492 0.0000000000
121384  29.619  -19.146  34.784 0.0000000000
47244  30.162  -20.977  35.600 0.0000000000
46343  28.680  -22.427  35.917 0.0000000000
46342  29.511  -22.471  36.582 0.0000000000
46341  30.806  -22.123  36.799 0.0000000000
66008  52.650  -2.088  16.937 0.0000000000
60429  39.658  -6.828  25.333 0.0000000000
59476  39.406  -7.945  24.818 0.0000000000
58432  41.041  -10.133  24.384 0.0000000000
58310  35.707  -9.683  32.133 0.0000000000
58350  35.894  -9.783  30.203 0.0000000000
58383  36.314  -9.240  28.551 0.0000000000
57281  38.299  -11.666  28.870 0.0000000000
57306  37.926  -11.191  27.994 0.0000000000
57333  37.659  -10.339  27.366 0.0000000000
57355  39.023  -10.564  25.903 0.0000000000
113241  40.729  -10.727  24.988 0.0000000000
57369  42.431  -11.338  25.174 0.0000000000
57350  44.351  -11.583  26.291 0.0000000000
115469  41.480  -18.913  32.836 0.0000000000
49338  42.295  -18.632  33.156 0.0000000000
50371  43.558  -17.486  33.042 0.0000000000
50357  44.704  -17.710  34.251 0.0000000000
51337  44.943  -16.803  33.221 0.0000000000
126837  58.556  9.649  6.600 0.0000000000
75807  55.361  8.662  9.807 0.0000000000
75818  55.729  8.255  9.157 0.0000000000
72953  55.417  5.552  9.782 0.0000000000
73953  55.730  6.788  8.691 0.0000000000
75828  56.825  7.972  7.856 0.0000000000
73961  57.344  6.713  7.282 0.0000000000
72984  57.893  6.347  6.837 0.0000000000
66953  52.020  -0.801  15.769 0.0000000000
66020  51.406  -1.160  16.217 0.0000000000
50410  39.326  -17.645  31.596 0.0000000000
50409  39.974  -17.584  31.535 0.0000000000
49371  39.376  -18.032  31.527 0.0000000000
67868  50.593  0.518  16.200 0.0000000000
67880  50.765  1.191  15.947 0.0000000000
134096  51.245  0.623  15.706 0.0000000000
40030  6.369  -27.615  54.819 0.0000000000
59490  42.364  -9.425  23.752 0.0000000000
58446  43.625  -10.312  24.056 0.0000000000
40129  15.534  -27.911  44.166 0.0000000000
37869  15.853  -29.320  44.288 0.0000000000
39052  15.351  -28.623  44.352 0.0000000000
39033  14.524  -28.495  44.915 0.0000000000
50336  31.446  -15.787  37.002 0.0000000000
50337  30.642  -16.243  36.140 0.0000000000
42173  24.883  -26.433  40.902 0.0000000000
42183  25.582  -25.821  40.640 0.0000000000
59359  36.592  -8.489  34.052 0.0000000000
44283  21.487  -23.476  39.017 0.0000000000
45330  22.257  -22.391  38.385 0.0000000000
45329  22.925  -22.496  37.700 0.0000000000
43273  22.712  -24.061  38.104 0.0000000000
51367  43.070  -16.529  31.602 0.0000000000
52327  43.173  -15.721  30.874 0.0000000000
51366  43.985  -16.142  31.640 0.0000000000
52326  44.298  -15.425  31.042 0.0000000000
51354  44.703  -16.412  32.413 0.0000000000
72896  52.713  5.141  15.896 0.0000000000
72904  53.155  5.554  14.582 0.0000000000
129325  53.300  4.254  14.161 0.0000000000
67889  54.917  0.075  14.023 0.0000000000
67888  55.908  -0.192  14.206 0.0000000000
67895  56.365  0.327  13.644 0.0000000000
35775  8.271  -31.695  54.028 0.0000000000
125224  48.200  -1.182  17.971 0.0000000000
63178  47.566  -4.344  19.494 0.0000000000
62291  47.493  -5.187  19.878 0.0000000000
62292  46.796  -5.442  20.251 0.0000000000
63143  42.648  -3.956  23.642 0.0000000000
63156  42.945  -4.599  22.630 0.0000000000
59503  46.347  -8.878  23.166 0.0000000000
60465  47.003  -8.307  22.766 0.0000000000
48240  37.125  -20.589  34.424 0.0000000000
47261  37.709  -20.813  34.618 0.0000000000
47262  37.203  -21.167  34.876 0.0000000000
67842  47.186  0.357  19.524 0.0000000000
127477  47.664  0.727  19.139 0.0000000000
67848  48.011  0.717  18.425 0.0000000000
40166  20.079  -28.012  41.770 0.0000000000
40145  20.733  -28.683  42.431 0.0000000000
35846  13.190  -31.820  48.024 0.0000000000
35831  13.907  -32.445  48.786 0.0000000000
37758  9.863  -29.312  49.974 0.0000000000
36764  9.770  -30.570  49.834 0.0000000000
36753  9.409  -30.066  50.519 0.0000000000
51326  36.036  -14.916  34.254 0.0000000000
127277  35.596  -15.306  33.425 0.0000000000
51343  35.966  -15.719  32.810 0.0000000000
51344  35.052  -15.763  32.699 0.0000000000
51360  34.642  -16.518  32.186 0.0000000000
51345  34.095  -15.641  32.628 0.0000000000
47242  32.111  -21.417  35.822 0.0000000000
120736  27.468  -20.503  35.086 0.0000000000
64132  52.009  -4.055  19.072 0.0000000000
60395  36.890  -7.468  28.270 0.0000000000
61292  37.190  -6.600  28.789 0.0000000000
60412  37.282  -7.759  27.473 0.0000000000
59448  37.630  -8.334  26.764 0.0000000000
134987  37.232  -8.460  27.301 0.0000000000
55330  38.463  -12.370  30.236 0.0000000000
56281  37.280  -12.312  30.581 0.0000000000
57277  42.380  -10.435  29.837 0.0000000000
57303  41.154  -10.802  28.830 0.0000000000
126079  41.875  -10.717  29.138 0.0000000000
112609  41.916  -11.155  28.135 0.0000000000
57302  42.565  -10.818  28.857 0.0000000000
57301  43.439  -11.058  28.550 0.0000000000
77596  57.579  10.039  8.147 0.0000000000
76740  57.527  9.279  7.796 0.0000000000
75816  57.054  8.745  8.202 0.0000000000
72932  54.552  5.304  11.424 0.0000000000
45298  21.820  -21.094  39.887 0.0000000000
45299  20.966  -21.608  40.117 0.0000000000
45297  22.745  -20.789  39.528 0.0000000000
66951  54.946  -0.990  15.572 0.0000000000
66030  54.046  -0.922  15.380 0.0000000000
66018  53.234  -1.731  16.593 0.0000000000
52304  41.267  -15.155  32.353 0.0000000000
51369  41.099  -16.624  31.296 0.0000000000
50406  42.358  -16.863  31.582 0.0000000000
50389  42.088  -17.440  31.980 0.0000000000
133856  50.454  3.201  17.061 0.0000000000
70915  50.788  3.344  16.737 0.0000000000
69911  52.438  3.016  14.531 0.0000000000
123563  52.580  0.277  14.986 0.0000000000
37721  7.334  -29.543  53.793 0.0000000000
66882  46.870  0.173  21.017 0.0000000000
66901  46.565  -0.736  19.693 0.0000000000
66891  46.214  -0.565  20.462 0.0000000000
65970  45.214  -1.561  21.005 0.0000000000
65977  45.691  -1.349  20.376 0.0000000000
64126  45.526  -2.861  20.128 0.0000000000
124060  42.789  -6.900  22.804 0.0000000000
129996  43.998  -8.946  23.154 0.0000000000
133942  43.893  -8.274  22.767 0.0000000000
59504  45.423  -8.654  23.057 0.0000000000
59486  46.546  -9.386  23.936 0.0000000000
58444  45.921  -9.848  24.346 0.0000000000
58430  46.175  -10.368  24.947 0.0000000000
57365  46.407  -11.054  25.470 0.0000000000
57349  45.813  -11.503  26.176 0.0000000000
67835  47.211  0.643  20.434 0.0000000000
40147  17.557  -28.119  42.350 0.0000000000
39050  17.216  -29.482  43.630 0.0000000000
37853  16.047  -29.985  44.724 0.0000000000
36819  17.042  -30.929  45.457 0.0000000000
36808  16.671  -31.238  45.940 0.0000000000
35861  16.272  -31.672  46.640 0.0000000000
36809  15.736  -31.098  45.811 0.0000000000
36797  14.138  -31.127  46.376 0.0000000000
36811  13.291  -30.454  46.406 0.0000000000
37741  11.252  -27.974  50.320 0.0000000000
38956  11.282  -27.723  51.341 0.0000000000
38940  10.461  -27.868  51.600 0.0000000000
121686  33.106  -14.868  37.163 0.0000000000
52273  34.204  -14.289  35.503 0.0000000000
51315  32.584  -14.817  34.543 0.0000000000
51328  32.810  -15.095  33.537 0.0000000000
50364  31.192  -17.281  33.792 0.0000000000
48266  30.598  -18.512  34.304 0.0000000000
44290  26.173  -24.279  37.500 0.0000000000
125570  36.283  -7.065  30.130 0.0000000000
60375  35.593  -7.661  30.583 0.0000000000
55315  42.581  -12.014  30.658 0.0000000000
56279  41.264  -11.400  30.202 0.0000000000
130795  42.261  -11.136  31.094 0.0000000000
56263  42.607  -10.566  31.282 0.0000000000
57236  43.102  -10.353  31.378 0.0000000000
119591  5.830  -26.857  54.761 0.0000000000
62241  41.914  -4.963  24.607 0.0000000000
61354  41.425  -5.513  24.834 0.0000000000
61355  40.841  -6.531  24.636 0.0000000000
61367  41.148  -6.473  24.199 0.0000000000
59492  40.760  -7.746  24.272 0.0000000000
42174  23.160  -26.595  40.234 0.0000000000
41197  20.974  -26.367  40.031 0.0000000000
42176  21.588  -26.685  40.275 0.0000000000
41168  20.449  -27.714  41.057 0.0000000000
43263  20.200  -23.391  39.878 0.0000000000
44272  19.617  -23.735  40.164 0.0000000000
42178  18.385  -25.232  41.158 0.0000000000
41185  18.809  -26.316  40.957 0.0000000000
134747  17.909  -26.679  41.732 0.0000000000
40168  17.960  -27.458  41.832 0.0000000000
41156  16.785  -26.716  42.849 0.0000000000
49295  29.650  -16.576  37.162 0.0000000000
49296  28.699  -16.711  37.681 0.0000000000
48217  26.283  -18.239  37.152 0.0000000000
48229  26.220  -18.790  35.747 0.0000000000
45343  23.413  -21.989  37.165 0.0000000000
46346  23.879  -21.298  36.748 0.0000000000
45353  24.532  -21.864  36.068 0.0000000000
44301  24.543  -23.405  36.680 0.0000000000
43260  23.126  -25.119  38.442 0.0000000000
42196  23.863  -25.809  39.295 0.0000000000
57215  37.876  -11.081  34.743 0.0000000000
57225  37.378  -11.234  34.144 0.0000000000
56242  38.042  -12.177  33.991 0.0000000000
132731  38.946  -13.119  31.330 0.0000000000
54362  39.686  -13.465  31.075 0.0000000000
53331  41.077  -14.013  31.510 0.0000000000
53355  42.129  -14.343  29.960 0.0000000000
117631  40.690  -13.387  30.014 0.0000000000
55326  42.077  -12.811  29.963 0.0000000000
54372  43.237  -13.717  30.106 0.0000000000
53344  45.310  -14.240  31.103 0.0000000000
129200  52.679  5.104  17.225 0.0000000000
75767  54.673  8.523  13.695 0.0000000000
72917  53.666  5.445  12.753 0.0000000000
69910  53.135  2.700  14.130 0.0000000000
116276  53.866  2.934  13.495 0.0000000000
69916  55.064  2.449  12.997 0.0000000000
118534  54.640  2.857  13.199 0.0000000000
69925  55.143  3.169  12.829 0.0000000000
70951  54.843  3.788  12.564 0.0000000000
66021  50.202  -1.018  16.707 0.0000000000
65993  48.752  -1.859  17.712 0.0000000000
65087  49.305  -2.733  18.007 0.0000000000
65086  50.174  -2.884  17.935 0.0000000000
129372  47.115  -1.883  19.198 0.0000000000
65073  47.345  -2.484  19.118 0.0000000000
120233  48.078  -3.888  19.121 0.0000000000
132074  49.438  -3.829  18.642 0.0000000000
63191  49.412  -4.446  19.111 0.0000000000
114555  50.024  -6.326  20.863 0.0000000000
65039  44.604  -1.671  23.411 0.0000000000
65040  43.959  -2.152  22.739 0.0000000000
63166  43.958  -4.587  21.716 0.0000000000
64112  43.811  -3.631  21.791 0.0000000000
63165  44.760  -4.242  21.238 0.0000000000
60480  43.973  -7.210  22.292 0.0000000000
61387  44.225  -6.450  21.991 0.0000000000
61385  46.181  -6.947  21.671 0.0000000000
62279  46.246  -5.794  20.706 0.0000000000
61399  46.648  -6.484  21.158 0.0000000000
48290  38.777  -19.179  32.131 0.0000000000
48276  38.494  -19.711  32.821 0.0000000000
47259  39.251  -21.283  35.214 0.0000000000
47278  38.947  -20.749  34.322 0.0000000000
69876  49.752  2.843  18.214 0.0000000000
68834  49.117  2.156  18.060 0.0000000000
67858  48.534  0.655  17.627 0.0000000000
68843  49.056  1.397  17.406 0.0000000000
67857  49.243  0.587  17.068 0.0000000000
67869  49.872  0.566  16.583 0.0000000000
41166  22.603  -27.509  41.583 0.0000000000
40163  23.198  -27.587  42.411 0.0000000000
37866  19.313  -30.102  44.196 0.0000000000
35844  15.621  -32.100  48.360 0.0000000000
41133  15.631  -26.170  45.143 0.0000000000
40096  14.715  -26.582  47.715 0.0000000000
128288  15.191  -26.253  47.557 0.0000000000
39017  13.681  -28.062  46.094 0.0000000000
36799  12.133  -30.046  47.408 0.0000000000
38982  11.944  -28.008  49.581 0.0000000000
35848  11.382  -31.197  48.350 0.0000000000
35834  11.036  -31.727  48.947 0.0000000000
34898  10.711  -32.417  50.431 0.0000000000
35797  9.174  -31.793  52.006 0.0000000000
35798  8.574  -31.489  52.411 0.0000000000
35787  8.338  -31.613  53.103 0.0000000000
37731  9.634  -28.057  51.686 0.0000000000
126719  7.899  -29.781  52.393 0.0000000000
38922  8.156  -28.428  53.061 0.0000000000
38911  6.777  -28.097  53.920 0.0000000000
128575  10.055  -26.457  55.116 0.0000000000
40015  9.970  -26.218  55.679 0.0000000000
40016  8.868  -26.230  55.263 0.0000000000
130912  8.048  -26.286  55.071 0.0000000000
131968  39.348  -17.149  31.938 0.0000000000
50377  36.701  -16.400  32.252 0.0000000000
50376  37.674  -16.270  33.157 0.0000000000
50391  38.090  -17.172  31.883 0.0000000000
119654  37.282  -17.329  31.759 0.0000000000
49374  36.962  -17.835  31.638 0.0000000000
49358  35.071  -17.984  32.037 0.0000000000
135182  35.092  -18.589  32.559 0.0000000000
114751  36.192  -19.565  33.300 0.0000000000
48278  35.170  -19.422  33.274 0.0000000000
50379  32.700  -16.734  32.652 0.0000000000
48244  32.921  -20.280  34.320 0.0000000000
134800  34.794  -20.813  34.407 0.0000000000
47264  34.429  -21.309  34.934 0.0000000000
47240  34.947  -21.967  35.498 0.0000000000
121783  28.799  -16.949  36.364 0.0000000000
47269  28.702  -19.907  35.187 0.0000000000
48248  28.958  -19.281  34.935 0.0000000000
47268  29.528  -20.148  35.237 0.0000000000
45328  28.144  -23.442  37.021 0.0000000000
128252  28.196  -22.918  36.172 0.0000000000
45337  29.767  -23.067  37.490 0.0000000000
46316  30.278  -22.568  37.148 0.0000000000
46355  29.966  -21.770  36.238 0.0000000000
66009  51.668  -1.873  16.683 0.0000000000
65102  52.003  -2.388  17.408 0.0000000000
61330  39.443  -5.621  26.873 0.0000000000
60430  39.185  -6.611  26.129 0.0000000000
127561  38.791  -8.681  25.509 0.0000000000
116152  39.031  -7.515  25.566 0.0000000000
59475  40.257  -8.486  24.412 0.0000000000
58433  40.307  -9.759  24.520 0.0000000000
57237  36.506  -11.244  32.773 0.0000000000
57227  36.116  -10.296  32.963 0.0000000000
57238  35.954  -10.863  32.080 0.0000000000
56296  36.293  -11.501  29.917 0.0000000000
57258  35.760  -10.387  30.594 0.0000000000
126196  36.104  -10.667  29.760 0.0000000000
58369  36.061  -9.617  29.404 0.0000000000
57308  36.443  -10.475  28.695 0.0000000000
57257  40.599  -11.240  29.654 0.0000000000
56293  38.699  -11.866  29.567 0.0000000000
57280  39.557  -11.471  29.209 0.0000000000
57305  39.578  -11.305  27.932 0.0000000000
126314  38.967  -11.421  28.302 0.0000000000
127793  38.598  -10.939  27.478 0.0000000000
57356  38.422  -10.360  26.643 0.0000000000
112650  41.663  -11.637  26.934 0.0000000000
129155  40.459  -11.165  25.706 0.0000000000
114980  41.398  -11.554  25.700 0.0000000000
126023  41.602  -10.844  24.701 0.0000000000
57368  43.481  -11.510  25.583 0.0000000000
57351  43.464  -11.808  26.744 0.0000000000
116314  45.094  -11.774  27.817 0.0000000000
48288  40.650  -19.116  32.557 0.0000000000
49327  42.670  -19.023  33.941 0.0000000000
49337  43.109  -18.310  33.485 0.0000000000
50372  42.653  -17.897  32.713 0.0000000000
50358  43.937  -18.013  33.842 0.0000000000
51321  45.190  -17.137  33.890 0.0000000000
51336  45.739  -16.680  33.467 0.0000000000
75826  58.037  9.012  7.146 0.0000000000
75835  58.444  8.683  6.449 0.0000000000
74924  58.374  7.788  6.330 0.0000000000
75786  54.543  8.298  11.774 0.0000000000
73941  54.688  7.070  9.985 0.0000000000
74884  54.762  7.949  10.165 0.0000000000
74894  55.223  7.714  9.522 0.0000000000
74904  55.680  7.507  8.845 0.0000000000
72964  56.354  5.560  8.607 0.0000000000
72965  55.712  6.046  8.920 0.0000000000
73952  56.188  6.429  8.385 0.0000000000
74903  56.255  7.290  8.267 0.0000000000
133396  56.456  6.756  8.044 0.0000000000
74914  56.766  7.113  7.697 0.0000000000
118630  52.693  -0.473  15.408 0.0000000000
130456  53.363  -0.870  15.501 0.0000000000
66031  52.903  -1.166  15.860 0.0000000000
51370  40.440  -16.884  31.547 0.0000000000
68851  50.027  1.883  16.538 0.0000000000
69903  50.589  2.051  15.958 0.0000000000
68861  51.817  1.792  14.878 0.0000000000
116129  51.766  0.856  14.980 0.0000000000
65962  45.931  -0.625  22.304 0.0000000000
65971  44.638  -1.863  21.519 0.0000000000
125867  44.196  -9.701  23.734 0.0000000000
129434  45.071  -9.812  24.039 0.0000000000
58445  44.458  -10.434  24.318 0.0000000000
57367  44.550  -11.191  25.133 0.0000000000
39071  16.435  -28.036  43.211 0.0000000000
36821  15.306  -30.310  45.136 0.0000000000
127689  12.201  -26.966  52.719 0.0000000000
51316  31.840  -15.230  35.142 0.0000000000
50350  31.048  -15.803  35.648 0.0000000000
43246  25.668  -25.532  39.790 0.0000000000
43257  26.235  -24.977  39.150 0.0000000000
59379  35.820  -8.474  32.407 0.0000000000
55300  43.939  -11.700  31.760 0.0000000000
55301  43.086  -11.268  31.380 0.0000000000
61356  40.457  -6.124  25.313 0.0000000000
42197  22.690  -25.612  39.054 0.0000000000
42186  22.418  -26.132  39.713 0.0000000000
42198  21.692  -25.362  39.169 0.0000000000
43248  20.875  -25.221  39.358 0.0000000000
42188  20.549  -25.590  39.818 0.0000000000
44253  19.110  -23.564  40.766 0.0000000000
44234  18.528  -23.430  41.553 0.0000000000
43237  18.066  -24.232  41.621 0.0000000000
42165  17.767  -24.981  41.709 0.0000000000
42166  17.195  -25.227  42.159 0.0000000000
48208  25.844  -18.662  37.966 0.0000000000
118965  23.211  -20.957  38.661 0.0000000000
46317  23.891  -20.448  37.891 0.0000000000
46319  23.094  -21.603  37.858 0.0000000000
44302  23.636  -23.027  37.034 0.0000000000
44293  23.213  -23.599  37.602 0.0000000000
56241  39.355  -12.474  34.011 0.0000000000
55291  39.713  -12.828  33.198 0.0000000000
54346  40.136  -13.644  31.748 0.0000000000
52328  42.184  -15.561  30.624 0.0000000000
52341  42.688  -15.047  30.140 0.0000000000
53353  43.863  -14.104  30.259 0.0000000000
53329  45.322  -15.073  31.366 0.0000000000
72890  53.223  5.575  16.403 0.0000000000
74849  53.695  6.918  13.607 0.0000000000
73893  53.387  6.206  14.108 0.0000000000
72909  53.299  5.497  13.712 0.0000000000
121114  53.570  4.643  13.406 0.0000000000
67898  53.943  1.441  13.604 0.0000000000
68877  55.179  1.556  13.165 0.0000000000
68876  55.970  1.201  13.232 0.0000000000
65994  47.979  -1.799  18.293 0.0000000000
64137  46.713  -2.817  19.459 0.0000000000
63177  48.908  -5.099  19.656 0.0000000000
62290  48.318  -5.545  20.126 0.0000000000
62277  48.473  -6.315  20.726 0.0000000000
64099  43.139  -3.188  23.377 0.0000000000
65041  43.465  -2.705  22.880 0.0000000000
63155  43.329  -4.156  22.163 0.0000000000
60467  45.078  -8.077  22.455 0.0000000000
60476  47.516  -7.803  22.315 0.0000000000
48277  37.095  -19.734  33.309 0.0000000000
114695  37.932  -19.914  33.452 0.0000000000
48261  37.425  -20.158  34.150 0.0000000000
47260  38.388  -21.044  34.913 0.0000000000
67834  47.999  1.128  20.842 0.0000000000
68821  48.457  1.639  20.322 0.0000000000
126093  21.529  -28.553  42.649 0.0000000000
39066  21.294  -28.906  43.395 0.0000000000
120520  14.814  -32.348  48.541 0.0000000000
35817  14.233  -32.570  49.855 0.0000000000
34895  13.455  -32.729  50.441 0.0000000000
34896  12.361  -32.681  50.420 0.0000000000
38992  14.177  -27.117  47.962 0.0000000000
39003  13.497  -27.597  47.136 0.0000000000
35835  10.380  -31.177  49.363 0.0000000000
35807  9.313  -31.979  51.178 0.0000000000
129014  9.512  -27.574  52.097 0.0000000000
38921  8.970  -27.809  52.591 0.0000000000
41030  7.840  -25.247  55.705 0.0000000000
50393  35.268  -17.177  31.866 0.0000000000
48264  32.370  -19.188  33.578 0.0000000000
47265  33.430  -21.146  34.920 0.0000000000
117033  33.015  -21.592  35.621 0.0000000000
48228  27.352  -19.344  35.348 0.0000000000
48249  28.200  -18.884  35.249 0.0000000000
47246  28.159  -20.354  35.165 0.0000000000
46357  28.215  -21.412  35.406 0.0000000000
45316  29.400  -23.708  38.686 0.0000000000
65085  51.169  -2.747  17.936 0.0000000000
64146  52.662  -3.360  18.523 0.0000000000
61310  37.824  -6.138  28.463 0.0000000000
61331  38.298  -6.115  27.656 0.0000000000
60410  38.627  -6.405  26.781 0.0000000000
60411  37.826  -7.089  27.017 0.0000000000
56267  36.639  -12.036  31.410 0.0000000000
56268  35.986  -11.477  31.320 0.0000000000
56295  36.745  -11.924  29.685 0.0000000000
57279  40.690  -10.923  29.351 0.0000000000
57304  40.342  -11.129  28.499 0.0000000000
113810  40.069  -11.260  27.683 0.0000000000
57332  40.166  -11.200  27.099 0.0000000000
57330  42.636  -11.594  27.295 0.0000000000
57329  43.446  -11.484  27.676 0.0000000000
48257  41.358  -20.064  34.157 0.0000000000
48273  41.064  -19.664  33.276 0.0000000000
48256  42.194  -19.758  34.448 0.0000000000
48255  43.014  -19.403  34.704 0.0000000000
73920  54.229  6.562  11.169 0.0000000000
73931  54.515  6.544  10.558 0.0000000000
73930  54.800  6.165  10.161 0.0000000000
72963  57.085  4.995  8.174 0.0000000000
71982  57.867  4.512  8.214 0.0000000000
45318  21.548  -22.288  39.100 0.0000000000
46294  23.547  -20.437  38.798 0.0000000000
66934  54.684  -1.324  16.441 0.0000000000
114287  41.325  -14.820  31.558 0.0000000000
120431  41.622  -16.071  31.071 0.0000000000
70907  51.249  3.790  17.001 0.0000000000
71873  51.708  4.265  16.796 0.0000000000
69888  50.926  2.933  16.058 0.0000000000
70913  51.826  4.118  15.851 0.0000000000
71887  52.894  4.034  14.720 0.0000000000
70934  52.797  3.415  14.487 0.0000000000
68870  53.236  1.528  14.070 0.0000000000
120886  53.965  0.591  13.908 0.0000000000
66900  46.978  -0.427  19.231 0.0000000000
65065  46.013  -2.212  19.841 0.0000000000
126363  46.125  -3.077  19.730 0.0000000000
114626  45.940  -3.766  19.967 0.0000000000
62261  43.239  -5.616  22.295 0.0000000000
60468  44.257  -7.851  22.496 0.0000000000
58442  47.172  -9.679  24.954 0.0000000000
58429  46.829  -10.234  25.153 0.0000000000
130647  36.517  -21.477  35.017 0.0000000000
47238  37.095  -21.900  35.629 0.0000000000
39082  18.553  -28.451  42.113 0.0000000000
39068  19.231  -29.263  42.688 0.0000000000
37867  18.224  -30.060  43.889 0.0000000000
126881  17.424  -30.110  44.157 0.0000000000
37851  18.008  -30.591  44.602 0.0000000000
35854  15.633  -31.915  47.398 0.0000000000
36796  15.130  -31.579  46.397 0.0000000000
38971  11.904  -27.736  50.171 0.0000000000
52283  34.756  -14.240  34.843 0.0000000000
52294  33.691  -14.990  33.274 0.0000000000
130411  32.281  -15.806  32.921 0.0000000000
49342  31.885  -16.923  33.358 0.0000000000
118156  31.317  -16.302  34.364 0.0000000000
49329  31.692  -18.074  33.555 0.0000000000
48265  31.386  -18.836  34.000 0.0000000000
45340  26.220  -23.121  35.888 0.0000000000
44299  26.519  -24.016  36.647 0.0000000000
44289  27.378  -24.210  37.531 0.0000000000
43256  27.270  -24.804  39.527 0.0000000000
44280  27.859  -24.428  38.728 0.0000000000
63189  51.258  -4.549  19.516 0.0000000000
63188  52.623  -4.471  19.630 0.0000000000
60383  36.577  -7.220  29.193 0.0000000000
59418  36.393  -8.150  28.771 0.0000000000
55328  40.296  -12.431  29.955 0.0000000000
118002  40.390  -11.640  29.783 0.0000000000
133137  41.288  -11.108  30.081 0.0000000000
56265  41.737  -10.757  30.510 0.0000000000
57245  42.024  -10.348  30.779 0.0000000000
58349  42.059  -10.369  30.556 0.0000000000
58348  42.757  -10.341  30.666 0.0000000000
129383  55.618  4.256  11.721 0.0000000000
64097  44.731  -1.874  24.447 0.0000000000
64087  43.245  -3.176  24.356 0.0000000000
62240  42.362  -4.471  24.432 0.0000000000
61379  42.144  -6.518  23.209 0.0000000000
60471  41.565  -6.987  23.558 0.0000000000
59508  41.599  -7.980  23.517 0.0000000000
59491  41.696  -8.888  23.810 0.0000000000
41164  24.416  -26.731  41.736 0.0000000000
41181  23.884  -26.797  40.915 0.0000000000
42175  22.300  -26.637  40.292 0.0000000000
41183  22.015  -27.235  40.736 0.0000000000
41167  21.595  -27.796  41.299 0.0000000000
43249  20.161  -24.500  39.802 0.0000000000
42189  19.891  -25.214  40.127 0.0000000000
41169  19.398  -27.321  41.111 0.0000000000
40167  18.993  -27.980  41.440 0.0000000000
40148  16.888  -27.744  42.745 0.0000000000
41170  17.344  -26.416  42.159 0.0000000000
40128  15.919  -27.558  43.803 0.0000000000
50322  30.395  -16.499  36.638 0.0000000000
49310  27.458  -18.105  35.630 0.0000000000
135733  26.892  -18.484  35.688 0.0000000000
46359  26.108  -21.009  35.215 0.0000000000
47200  25.237  -19.206  37.565 0.0000000000
46345  24.312  -20.417  36.993 0.0000000000
47223  25.110  -19.995  36.678 0.0000000000
47249  25.394  -20.750  35.755 0.0000000000
45352  25.444  -21.836  35.505 0.0000000000
44292  23.980  -24.132  37.043 0.0000000000
43271  24.715  -24.738  37.883 0.0000000000
43258  25.294  -25.304  38.709 0.0000000000
43247  24.789  -25.621  39.309 0.0000000000
58300  36.641  -9.624  34.289 0.0000000000
57216  37.207  -10.409  34.580 0.0000000000
57226  36.707  -10.662  33.731 0.0000000000
56253  37.929  -12.124  32.661 0.0000000000
56254  36.913  -12.015  32.380 0.0000000000
56266  37.577  -12.317  31.654 0.0000000000
54345  40.862  -13.745  32.103 0.0000000000
54361  40.669  -13.823  30.914 0.0000000000
53356  41.624  -14.610  30.322 0.0000000000
135280  40.211  -13.496  30.575 0.0000000000
54374  39.819  -13.163  30.441 0.0000000000
55327  41.201  -12.611  29.910 0.0000000000
54359  43.780  -13.227  30.581 0.0000000000
55313  44.363  -12.582  31.200 0.0000000000
75776  54.538  8.469  12.701 0.0000000000
74862  54.055  7.689  12.256 0.0000000000
74863  53.671  6.904  12.730 0.0000000000
73907  53.871  6.743  11.905 0.0000000000
72933  53.895  5.804  11.715 0.0000000000
71901  54.883  4.612  11.843 0.0000000000
71894  54.117  4.032  12.813 0.0000000000
120724  55.122  4.168  12.162 0.0000000000
66936  50.384  -0.228  16.498 0.0000000000
129374  50.764  -0.856  16.387 0.0000000000
120864  50.243  -1.802  17.055 0.0000000000
132086  50.431  -2.391  17.511 0.0000000000
64148  50.659  -3.410  18.404 0.0000000000
65995  47.440  -1.792  18.872 0.0000000000
65072  48.180  -3.130  18.896 0.0000000000
64150  49.018  -3.311  18.465 0.0000000000
64134  50.137  -3.937  18.748 0.0000000000
63175  50.754  -5.184  19.884 0.0000000000
118623  51.113  -5.758  20.474 0.0000000000
62289  50.313  -5.820  20.356 0.0000000000
65964  44.557  -1.614  22.376 0.0000000000
64120  43.708  -2.740  22.152 0.0000000000
62260  44.045  -5.447  21.797 0.0000000000
125387  45.218  -6.769  21.723 0.0000000000
62280  45.369  -5.375  21.052 0.0000000000
61397  48.616  -6.910  21.517 0.0000000000
115854  47.994  -7.347  21.873 0.0000000000
61396  49.453  -6.994  21.892 0.0000000000
124819  38.773  -18.422  31.672 0.0000000000
49354  39.487  -18.589  31.816 0.0000000000
48260  38.735  -20.081  33.635 0.0000000000
48259  39.581  -20.294  33.682 0.0000000000
48258  40.493  -20.295  33.856 0.0000000000
69882  50.145  3.013  17.474 0.0000000000
40144  22.108  -28.503  43.227 0.0000000000
39048  19.816  -29.646  43.620 0.0000000000
40114  15.463  -27.072  44.530 0.0000000000
122290  14.688  -27.510  45.521 0.0000000000
135586  14.024  -28.674  45.448 0.0000000000
37834  13.279  -29.560  46.227 0.0000000000
39018  13.095  -28.546  46.442 0.0000000000
36798  12.687  -30.594  46.862 0.0000000000
36785  12.500  -31.154  47.443 0.0000000000
35847  12.240  -31.588  48.138 0.0000000000
37772  12.076  -28.319  48.781 0.0000000000
37792  11.691  -29.368  48.144 0.0000000000
35819  11.652  -32.407  49.550 0.0000000000
34897  11.418  -32.608  50.388 0.0000000000
36730  7.965  -30.648  53.309 0.0000000000
38895  10.472  -26.561  54.775 0.0000000000
51357  39.917  -16.840  31.895 0.0000000000
50411  38.131  -17.663  31.644 0.0000000000
49372  38.261  -18.154  31.529 0.0000000000
49356  37.246  -18.639  31.802 0.0000000000
48292  36.724  -19.154  32.484 0.0000000000
50378  33.700  -16.603  32.367 0.0000000000
49328  33.056  -18.953  32.930 0.0000000000
48263  34.023  -19.141  33.168 0.0000000000
48242  35.411  -20.503  34.078 0.0000000000
49318  29.779  -17.853  34.788 0.0000000000
49319  28.931  -18.330  35.024 0.0000000000
48247  30.266  -19.049  34.586 0.0000000000
47267  30.485  -20.100  35.099 0.0000000000
47243  31.087  -21.025  35.709 0.0000000000
46344  27.687  -22.250  35.422 0.0000000000
45338  28.941  -23.024  36.854 0.0000000000
46356  29.137  -21.876  35.838 0.0000000000
47222  30.683  -21.472  36.187 0.0000000000
47221  31.427  -21.764  36.359 0.0000000000
66007  53.427  -2.019  17.290 0.0000000000
65101  52.983  -2.397  17.615 0.0000000000
117903  40.624  -5.217  26.876 0.0000000000
61343  40.039  -5.897  26.069 0.0000000000
58449  40.992  -9.131  24.141 0.0000000000
58448  41.816  -9.922  24.123 0.0000000000
117609  35.642  -8.728  31.679 0.0000000000
57246  35.688  -10.575  31.308 0.0000000000
58328  35.655  -9.473  31.048 0.0000000000
126703  35.755  -8.752  30.157 0.0000000000
59419  36.043  -8.691  29.275 0.0000000000
57282  37.151  -11.577  28.777 0.0000000000
133370  36.732  -11.196  28.613 0.0000000000
57307  37.118  -10.812  28.185 0.0000000000
58382  36.793  -9.822  27.857 0.0000000000
58399  37.253  -9.178  27.214 0.0000000000
58398  37.822  -9.484  26.573 0.0000000000
58417  38.430  -9.731  25.912 0.0000000000
58416  39.026  -9.850  25.417 0.0000000000
57354  39.898  -10.995  26.233 0.0000000000
57370  39.787  -10.425  25.274 0.0000000000
57378  42.347  -10.739  24.423 0.0000000000
57377  43.200  -10.942  24.613 0.0000000000
134595  43.792  -11.149  24.958 0.0000000000
124330  45.120  -11.495  25.924 0.0000000000
115489  45.101  -11.717  26.813 0.0000000000
49353  40.246  -18.593  31.929 0.0000000000
49352  41.032  -18.452  32.098 0.0000000000
49351  41.829  -18.192  32.397 0.0000000000
49316  43.781  -19.037  35.012 0.0000000000
49325  44.217  -18.300  34.661 0.0000000000
50370  44.420  -17.319  33.562 0.0000000000
51338  44.237  -16.926  32.972 0.0000000000
52314  45.604  -15.748  32.230 0.0000000000
75796  54.626  8.090  10.941 0.0000000000
76722  55.948  9.536  9.927 0.0000000000
75806  56.123  8.958  9.200 0.0000000000
76731  56.661  9.070  8.705 0.0000000000
72952  56.055  5.356  9.278 0.0000000000
75817  56.345  8.299  8.574 0.0000000000
74913  57.408  7.647  7.353 0.0000000000
74925  57.852  7.267  6.788 0.0000000000
72974  57.448  5.689  7.453 0.0000000000
44298  27.204  -23.744  36.440 0.0000000000
49370  39.919  -18.140  31.563 0.0000000000
51353  45.425  -16.368  32.876 0.0000000000
54373  42.504  -13.679  29.945 0.0000000000
56283  35.884  -11.187  30.583 0.0000000000
71902  54.551  4.358  12.370 0.0000000000
115980  25.566  -25.983  41.346 0.0000000000
117719  42.899  -10.441  31.182 0.0000000000
122342  35.499  -8.350  31.032 0.0000000000
135013  40.826  -8.417  24.198 0.0000000000
135354  38.074  -10.840  27.600 0.0000000000
