#!ascii label  , from subject sub-003S6257 vox2ras=TkReg
1776
34840  11.309  -32.941  53.743 0.0000000000
61374  52.296  -6.803  23.009 0.0000000000
45293  34.650  -23.235  40.130 0.0000000000
45231  46.105  -22.494  42.871 0.0000000000
41164  24.416  -26.731  41.736 0.0000000000
35795  20.468  -32.258  52.297 0.0000000000
69909  59.396  2.698  15.150 0.0000000000
115796  61.555  -1.503  22.908 0.0000000000
55289  46.276  -12.133  32.662 0.0000000000
73983  59.144  6.510  5.506 0.0000000000
43141  32.014  -25.671  45.986 0.0000000000
112581  15.855  -33.278  52.867 0.0000000000
66916  61.647  -0.602  17.510 0.0000000000
64154  56.417  -3.141  17.660 0.0000000000
58394  53.511  -9.357  27.591 0.0000000000
119826  58.312  -7.645  26.720 0.0000000000
120582  48.083  -11.424  28.268 0.0000000000
47232  42.554  -21.333  36.154 0.0000000000
45288  40.614  -23.299  40.293 0.0000000000
40092  27.546  -27.553  47.346 0.0000000000
37730  25.643  -30.036  52.597 0.0000000000
134695  22.488  -29.821  47.241 0.0000000000
36784  18.063  -31.481  47.603 0.0000000000
44251  29.254  -24.315  40.885 0.0000000000
72907  63.629  5.714  13.928 0.0000000000
69873  65.795  3.223  19.408 0.0000000000
63141  57.410  -4.653  23.467 0.0000000000
128699  48.217  -8.909  34.777 0.0000000000
50311  48.239  -17.714  37.125 0.0000000000
113058  58.810  4.780  10.462 0.0000000000
73949  63.494  6.938  8.745 0.0000000000
71025  65.606  4.144  4.788 0.0000000000
42048  31.190  -26.444  50.038 0.0000000000
128466  13.868  -33.175  53.707 0.0000000000
33953  16.069  -33.974  56.864 0.0000000000
34817  13.280  -33.430  56.587 0.0000000000
66919  55.903  -0.659  17.361 0.0000000000
58317  54.155  -9.569  30.982 0.0000000000
59401  56.544  -8.379  30.251 0.0000000000
36717  7.282  -30.306  56.992 0.0000000000
58428  47.590  -10.229  25.307 0.0000000000
46337  35.249  -22.560  36.840 0.0000000000
46308  38.252  -22.445  37.030 0.0000000000
45290  37.315  -23.849  39.486 0.0000000000
41131  26.181  -27.125  44.749 0.0000000000
39000  25.206  -28.585  47.197 0.0000000000
40113  23.937  -28.348  44.873 0.0000000000
42171  27.071  -25.636  41.713 0.0000000000
42140  28.818  -26.207  44.036 0.0000000000
36739  23.060  -31.237  52.125 0.0000000000
71893  61.877  4.312  14.279 0.0000000000
70921  64.951  4.369  15.524 0.0000000000
124301  63.900  1.829  15.655 0.0000000000
124796  61.686  -0.485  21.097 0.0000000000
67830  63.633  1.162  21.093 0.0000000000
62274  51.397  -6.075  21.125 0.0000000000
62285  54.529  -5.514  20.427 0.0000000000
62248  54.253  -6.056  23.076 0.0000000000
57235  43.628  -10.203  32.053 0.0000000000
59395  45.708  -9.233  31.839 0.0000000000
57202  46.385  -9.728  34.782 0.0000000000
46301  44.347  -21.940  38.844 0.0000000000
48224  45.262  -19.416  36.718 0.0000000000
116250  47.311  -20.585  39.686 0.0000000000
135640  57.345  2.944  12.264 0.0000000000
114399  56.545  4.547  10.740 0.0000000000
70954  60.305  3.506  11.434 0.0000000000
71913  62.100  4.549  11.382 0.0000000000
71049  62.949  3.731  3.357 0.0000000000
71029  62.042  3.488  5.766 0.0000000000
124855  64.785  5.546  6.460 0.0000000000
71002  61.407  3.635  7.326 0.0000000000
44205  33.356  -24.365  43.073 0.0000000000
44203  36.009  -24.210  43.301 0.0000000000
129088  35.308  -25.112  46.102 0.0000000000
34851  18.072  -33.541  52.696 0.0000000000
33962  20.523  -34.586  55.176 0.0000000000
33158  17.574  -34.824  55.827 0.0000000000
67886  57.658  0.392  14.752 0.0000000000
67875  61.583  0.730  15.355 0.0000000000
66930  58.546  -0.235  16.511 0.0000000000
65094  59.402  -2.402  17.310 0.0000000000
116012  59.553  -2.494  20.420 0.0000000000
59469  52.308  -8.220  25.328 0.0000000000
60439  55.509  -7.222  25.652 0.0000000000
59444  56.183  -8.392  27.653 0.0000000000
53328  46.080  -15.004  31.876 0.0000000000
48150  48.293  -20.436  43.384 0.0000000000
34855  9.564  -32.646  53.469 0.0000000000
34819  10.702  -32.864  56.873 0.0000000000
35765  9.258  -32.225  56.434 0.0000000000
60463  49.671  -7.986  23.195 0.0000000000
59471  50.157  -8.779  25.222 0.0000000000
127593  51.056  -10.930  28.236 0.0000000000
126421  50.986  -10.237  30.923 0.0000000000
129815  39.712  -21.336  35.744 0.0000000000
128965  41.280  -22.733  37.869 0.0000000000
131774  43.230  -23.457  41.784 0.0000000000
133215  39.029  -25.363  43.090 0.0000000000
44186  42.012  -23.819  44.248 0.0000000000
125024  28.796  -27.347  49.888 0.0000000000
38948  27.386  -28.802  51.898 0.0000000000
38965  26.374  -28.687  50.285 0.0000000000
113362  24.209  -29.944  49.607 0.0000000000
36771  21.424  -30.935  49.363 0.0000000000
39032  21.070  -29.607  44.849 0.0000000000
36791  20.029  -30.694  47.869 0.0000000000
35814  18.915  -32.109  50.310 0.0000000000
35816  16.767  -32.382  50.115 0.0000000000
34894  14.522  -32.816  50.795 0.0000000000
34883  11.974  -32.809  51.221 0.0000000000
46339  32.476  -22.559  37.172 0.0000000000
45326  30.468  -22.922  38.185 0.0000000000
44266  31.595  -23.502  40.203 0.0000000000
43205  30.712  -25.107  43.279 0.0000000000
42095  30.194  -26.643  46.881 0.0000000000
70894  67.377  3.584  18.076 0.0000000000
68833  63.879  1.547  18.843 0.0000000000
127548  54.081  -3.219  18.633 0.0000000000
63169  57.077  -4.459  20.372 0.0000000000
65036  59.931  -3.063  23.502 0.0000000000
62224  57.899  -5.569  24.848 0.0000000000
125966  59.977  -4.474  24.980 0.0000000000
57299  45.291  -11.494  28.753 0.0000000000
123248  48.019  -10.356  30.899 0.0000000000
119285  51.336  -9.208  33.981 0.0000000000
51310  46.226  -17.236  34.833 0.0000000000
53295  48.426  -15.053  34.665 0.0000000000
49216  49.652  -18.512  41.399 0.0000000000
52258  50.288  -15.800  38.297 0.0000000000
55269  49.367  -12.708  35.289 0.0000000000
57179  49.171  -10.153  36.878 0.0000000000
112818  50.766  -9.357  37.536 0.0000000000
71995  59.176  4.188  7.358 0.0000000000
72962  60.763  5.601  9.476 0.0000000000
73918  62.889  7.195  10.702 0.0000000000
41056  32.067  -26.921  51.451 0.0000000000
112667  12.385  -32.990  53.767 0.0000000000
34824  13.375  -33.354  55.175 0.0000000000
34825  12.552  -33.169  55.273 0.0000000000
59387  53.860  -9.286  31.912 0.0000000000
59386  54.737  -9.066  31.698 0.0000000000
37712  6.388  -29.005  55.334 0.0000000000
46290  35.074  -22.845  38.619 0.0000000000
46289  36.066  -23.007  38.529 0.0000000000
45292  35.532  -23.198  39.895 0.0000000000
41153  25.473  -26.884  43.127 0.0000000000
40124  24.980  -27.557  44.327 0.0000000000
40142  23.825  -27.661  43.132 0.0000000000
43245  26.588  -25.294  40.019 0.0000000000
112898  26.000  -25.913  42.027 0.0000000000
42152  26.936  -26.218  43.309 0.0000000000
35803  21.622  -31.552  51.963 0.0000000000
34847  21.546  -32.633  53.621 0.0000000000
70941  60.545  3.261  14.551 0.0000000000
69907  62.999  2.961  14.918 0.0000000000
68867  61.831  2.681  15.398 0.0000000000
65959  61.465  -1.099  22.096 0.0000000000
128555  62.738  0.110  22.245 0.0000000000
61382  52.075  -6.514  22.340 0.0000000000
62257  53.578  -6.276  22.382 0.0000000000
61373  53.552  -6.503  23.466 0.0000000000
118831  44.950  -12.044  31.796 0.0000000000
56249  44.478  -11.279  32.486 0.0000000000
57224  44.880  -10.157  33.335 0.0000000000
56229  46.229  -11.100  34.026 0.0000000000
46267  45.735  -22.386  40.331 0.0000000000
47186  45.925  -21.109  38.996 0.0000000000
47168  47.088  -21.543  41.007 0.0000000000
68883  58.919  1.097  12.888 0.0000000000
69931  58.782  2.917  11.929 0.0000000000
68881  60.144  2.008  12.132 0.0000000000
69928  61.394  2.804  12.189 0.0000000000
73003  60.466  5.521  4.258 0.0000000000
72993  60.171  5.019  4.951 0.0000000000
71030  61.238  3.608  6.027 0.0000000000
72006  60.051  4.544  5.871 0.0000000000
43183  32.769  -24.958  44.401 0.0000000000
44187  34.269  -24.688  44.012 0.0000000000
121860  33.311  -25.522  46.177 0.0000000000
127128  17.364  -33.550  53.018 0.0000000000
33976  17.721  -34.219  54.065 0.0000000000
114635  17.033  -33.966  54.746 0.0000000000
33146  15.773  -34.351  58.432 0.0000000000
33144  17.055  -35.008  58.053 0.0000000000
67887  56.801  -0.080  14.451 0.0000000000
68849  58.051  1.079  16.336 0.0000000000
66949  56.587  0.160  16.350 0.0000000000
65097  56.088  -1.939  17.816 0.0000000000
66016  57.613  -1.706  16.962 0.0000000000
65095  57.999  -2.763  17.126 0.0000000000
65070  59.570  -2.500  19.560 0.0000000000
64140  58.383  -3.529  19.120 0.0000000000
59447  53.254  -8.890  26.644 0.0000000000
59461  53.891  -8.470  26.502 0.0000000000
120740  54.629  -8.845  27.502 0.0000000000
67905  56.787  0.812  13.044 0.0000000000
34828  9.424  -32.596  55.045 0.0000000000
35770  8.302  -31.755  54.964 0.0000000000
60455  48.845  -8.318  23.536 0.0000000000
59483  49.777  -8.547  24.426 0.0000000000
59473  48.563  -9.104  24.616 0.0000000000
57346  48.457  -10.976  26.587 0.0000000000
57345  49.320  -10.779  26.829 0.0000000000
57323  49.508  -11.072  27.796 0.0000000000
57269  51.136  -10.843  29.199 0.0000000000
57270  50.152  -10.975  29.433 0.0000000000
47237  37.855  -21.412  35.318 0.0000000000
45306  39.597  -23.239  38.854 0.0000000000
46306  39.957  -22.736  37.583 0.0000000000
114563  40.964  -22.957  39.051 0.0000000000
119155  42.432  -23.017  39.804 0.0000000000
45287  41.472  -23.378  40.740 0.0000000000
43179  36.546  -25.209  44.360 0.0000000000
43199  37.503  -24.953  43.219 0.0000000000
42138  38.967  -25.666  44.355 0.0000000000
43174  41.357  -24.443  44.749 0.0000000000
122996  43.230  -23.373  44.206 0.0000000000
41080  28.360  -27.451  48.543 0.0000000000
40074  27.372  -28.024  50.162 0.0000000000
40084  27.091  -28.142  48.460 0.0000000000
129893  24.035  -29.318  46.863 0.0000000000
37787  24.443  -29.450  48.065 0.0000000000
37789  22.823  -29.992  48.552 0.0000000000
37770  22.659  -30.216  49.413 0.0000000000
37771  21.997  -30.578  48.760 0.0000000000
126093  21.529  -28.553  42.649 0.0000000000
36806  18.314  -30.975  46.167 0.0000000000
36805  19.280  -30.809  46.193 0.0000000000
36793  18.787  -31.107  47.084 0.0000000000
36782  19.535  -31.031  48.375 0.0000000000
35841  18.310  -31.772  48.599 0.0000000000
35815  18.046  -32.316  50.301 0.0000000000
35829  17.083  -32.109  48.887 0.0000000000
34895  13.455  -32.729  50.441 0.0000000000
117031  33.405  -22.365  36.163 0.0000000000
47220  32.220  -22.264  36.492 0.0000000000
44279  28.815  -24.254  39.092 0.0000000000
45315  30.020  -23.418  39.020 0.0000000000
45314  30.704  -23.208  39.026 0.0000000000
114382  30.348  -23.948  40.531 0.0000000000
120390  31.614  -24.124  41.662 0.0000000000
44231  30.250  -24.582  41.681 0.0000000000
41128  28.403  -26.748  45.471 0.0000000000
42112  29.191  -26.557  45.764 0.0000000000
41106  28.840  -27.179  47.130 0.0000000000
41091  29.654  -27.067  48.367 0.0000000000
38933  26.239  -29.648  52.321 0.0000000000
34808  10.413  -32.648  58.755 0.0000000000
34807  11.212  -32.804  58.448 0.0000000000
72894  65.608  5.653  15.242 0.0000000000
69886  65.722  3.616  17.257 0.0000000000
71861  66.507  4.432  17.113 0.0000000000
70896  66.393  3.478  18.926 0.0000000000
70879  66.359  3.071  20.142 0.0000000000
66928  61.494  -0.532  16.327 0.0000000000
67863  62.731  0.397  16.379 0.0000000000
67847  62.710  0.491  18.768 0.0000000000
68815  64.151  1.666  20.679 0.0000000000
121040  56.194  -5.049  22.365 0.0000000000
63171  55.914  -5.039  20.251 0.0000000000
63152  57.348  -4.382  22.168 0.0000000000
64116  58.602  -3.653  21.676 0.0000000000
64094  58.786  -3.872  23.472 0.0000000000
60437  56.957  -7.271  26.115 0.0000000000
61349  56.437  -6.178  25.136 0.0000000000
134299  58.255  -6.800  25.540 0.0000000000
57276  43.843  -10.825  29.382 0.0000000000
59374  46.640  -8.973  32.685 0.0000000000
59404  46.744  -9.502  31.583 0.0000000000
59372  48.295  -9.442  32.720 0.0000000000
59371  49.293  -9.533  32.709 0.0000000000
59338  49.838  -8.973  34.391 0.0000000000
48239  41.641  -20.562  34.897 0.0000000000
48237  43.352  -19.781  35.448 0.0000000000
49288  46.912  -18.928  37.149 0.0000000000
49314  45.322  -18.412  35.586 0.0000000000
50327  46.970  -17.855  36.021 0.0000000000
51319  47.240  -16.270  34.546 0.0000000000
51295  48.436  -16.788  36.503 0.0000000000
48158  48.999  -19.648  42.392 0.0000000000
52257  50.917  -15.046  38.788 0.0000000000
53282  50.152  -14.732  37.094 0.0000000000
54310  50.550  -12.892  36.694 0.0000000000
56205  49.642  -11.469  36.395 0.0000000000
56191  50.581  -11.723  37.597 0.0000000000
71934  58.349  4.579  11.012 0.0000000000
124089  58.887  4.300  8.682 0.0000000000
71980  59.393  3.939  8.186 0.0000000000
71948  60.020  5.308  9.641 0.0000000000
71899  63.358  5.346  12.373 0.0000000000
72928  62.919  6.498  11.185 0.0000000000
72927  63.530  6.232  12.033 0.0000000000
74860  64.629  7.404  12.671 0.0000000000
119473  64.298  3.381  4.707 0.0000000000
73960  64.104  6.644  7.866 0.0000000000
74912  65.334  7.774  7.802 0.0000000000
74902  64.186  7.895  9.293 0.0000000000
42092  32.292  -26.069  47.621 0.0000000000
43119  33.170  -25.897  47.498 0.0000000000
42063  32.873  -26.175  48.998 0.0000000000
112228  15.198  -33.439  53.627 0.0000000000
33978  15.709  -33.659  54.404 0.0000000000
34823  14.309  -33.504  54.999 0.0000000000
33958  14.622  -33.798  56.559 0.0000000000
33950  14.295  -33.819  58.584 0.0000000000
66005  55.060  -1.310  17.361 0.0000000000
65098  55.237  -1.863  17.980 0.0000000000
117763  54.053  -9.933  29.190 0.0000000000
58379  54.514  -9.399  28.705 0.0000000000
59403  55.097  -9.174  30.855 0.0000000000
132577  56.178  -8.360  32.126 0.0000000000
36719  7.786  -31.078  55.350 0.0000000000
126253  6.833  -29.695  55.246 0.0000000000
37707  6.788  -29.957  57.258 0.0000000000
59485  47.270  -9.325  24.378 0.0000000000
133867  47.168  -11.522  26.912 0.0000000000
47217  38.042  -22.162  35.907 0.0000000000
46309  36.770  -22.709  37.629 0.0000000000
45308  37.771  -23.198  38.591 0.0000000000
44262  39.148  -24.140  40.010 0.0000000000
41119  27.112  -27.420  45.756 0.0000000000
113640  25.967  -28.070  47.020 0.0000000000
119705  25.728  -27.867  46.165 0.0000000000
39028  24.302  -28.590  45.661 0.0000000000
39014  22.914  -29.323  46.024 0.0000000000
35843  16.523  -31.816  48.129 0.0000000000
36796  15.130  -31.579  46.397 0.0000000000
43256  27.270  -24.804  39.527 0.0000000000
43232  28.529  -24.744  41.050 0.0000000000
43207  29.199  -25.328  42.523 0.0000000000
42161  27.989  -25.693  42.243 0.0000000000
41139  27.349  -26.699  44.622 0.0000000000
36749  23.746  -30.860  51.687 0.0000000000
71886  62.526  4.697  14.225 0.0000000000
129713  64.886  5.159  15.101 0.0000000000
70922  63.715  3.774  14.831 0.0000000000
68846  64.608  2.648  15.760 0.0000000000
69887  64.980  2.736  16.731 0.0000000000
66898  61.663  -0.448  19.531 0.0000000000
67840  62.759  0.580  19.698 0.0000000000
66879  62.284  0.045  21.114 0.0000000000
67807  63.627  0.802  22.292 0.0000000000
63188  52.623  -4.471  19.630 0.0000000000
62287  52.668  -5.776  20.679 0.0000000000
62256  54.524  -5.808  22.298 0.0000000000
133590  56.743  -5.123  23.390 0.0000000000
61338  59.778  -6.913  26.335 0.0000000000
58348  42.757  -10.341  30.666 0.0000000000
58346  44.646  -10.024  30.932 0.0000000000
59377  44.506  -9.719  31.910 0.0000000000
59356  45.796  -8.984  33.659 0.0000000000
59327  46.958  -9.038  34.859 0.0000000000
47211  43.651  -21.301  37.209 0.0000000000
48226  43.665  -20.092  36.194 0.0000000000
47210  45.099  -20.523  37.819 0.0000000000
48204  46.748  -19.902  38.317 0.0000000000
48203  47.520  -19.591  38.700 0.0000000000
70958  56.403  3.871  11.728 0.0000000000
71919  56.107  4.379  11.292 0.0000000000
70957  57.362  3.820  11.654 0.0000000000
71917  57.865  4.225  11.332 0.0000000000
132601  59.008  4.839  11.122 0.0000000000
71932  60.262  5.265  10.806 0.0000000000
71914  60.963  4.263  11.138 0.0000000000
70946  62.509  4.024  12.130 0.0000000000
73010  61.354  5.555  3.164 0.0000000000
71039  62.940  3.519  4.360 0.0000000000
71027  63.953  3.416  5.407 0.0000000000
72002  65.651  4.859  5.369 0.0000000000
71992  64.056  3.992  6.724 0.0000000000
71977  63.541  4.745  7.375 0.0000000000
72960  62.758  5.425  8.222 0.0000000000
44245  33.657  -23.960  41.584 0.0000000000
124837  35.547  -23.955  41.475 0.0000000000
44204  34.957  -24.442  43.298 0.0000000000
43201  35.441  -24.698  43.961 0.0000000000
43137  36.670  -25.029  46.322 0.0000000000
34861  19.707  -32.948  52.220 0.0000000000
33983  20.403  -33.666  53.853 0.0000000000
33984  19.374  -33.788  53.639 0.0000000000
122724  18.942  -35.127  55.489 0.0000000000
127838  16.770  -34.648  56.506 0.0000000000
32244  17.791  -35.727  57.474 0.0000000000
68869  58.682  1.662  14.950 0.0000000000
128995  60.220  2.414  15.857 0.0000000000
68859  58.982  2.082  16.175 0.0000000000
67877  59.639  0.887  16.133 0.0000000000
118127  60.278  -1.329  16.363 0.0000000000
66917  57.321  0.124  17.429 0.0000000000
65107  58.966  -2.031  16.485 0.0000000000
66001  60.581  -1.564  17.342 0.0000000000
65982  60.609  -1.508  19.403 0.0000000000
116436  60.719  -1.470  20.391 0.0000000000
65960  60.927  -1.770  22.385 0.0000000000
60451  52.517  -7.541  24.478 0.0000000000
61364  53.186  -7.128  24.126 0.0000000000
60441  53.741  -7.570  25.269 0.0000000000
60426  55.132  -7.937  26.106 0.0000000000
60409  56.921  -8.122  27.201 0.0000000000
115794  55.911  -8.566  29.086 0.0000000000
59415  57.166  -8.233  29.084 0.0000000000
60392  58.732  -7.422  28.946 0.0000000000
54343  46.261  -13.474  31.893 0.0000000000
46244  47.414  -21.581  42.794 0.0000000000
70950  55.618  3.703  12.264 0.0000000000
122621  56.049  2.645  12.652 0.0000000000
67903  58.373  0.759  13.426 0.0000000000
75850  59.660  8.434  4.615 0.0000000000
75842  59.332  8.786  5.306 0.0000000000
34854  10.329  -32.899  53.175 0.0000000000
115181  11.010  -33.033  54.802 0.0000000000
34827  10.127  -32.820  54.978 0.0000000000
135678  10.107  -32.552  56.368 0.0000000000
131145  9.134  -32.316  58.285 0.0000000000
36716  7.651  -31.229  56.408 0.0000000000
62259  50.779  -6.838  22.251 0.0000000000
61377  49.541  -7.495  22.452 0.0000000000
123625  51.054  -7.347  22.877 0.0000000000
60453  50.943  -8.063  24.007 0.0000000000
59470  51.522  -8.362  25.285 0.0000000000
58411  51.452  -9.407  26.466 0.0000000000
58427  48.596  -9.715  25.270 0.0000000000
58412  50.657  -9.751  26.403 0.0000000000
57321  52.292  -10.254  27.897 0.0000000000
57268  52.139  -10.711  29.307 0.0000000000
58339  52.466  -10.181  30.807 0.0000000000
59388  52.954  -9.463  32.111 0.0000000000
47257  40.864  -21.278  35.315 0.0000000000
47216  38.723  -22.007  36.034 0.0000000000
47214  40.124  -22.042  36.240 0.0000000000
115150  41.796  -21.981  36.201 0.0000000000
46303  42.945  -22.474  38.559 0.0000000000
45286  43.920  -22.725  40.557 0.0000000000
45248  44.772  -22.912  42.160 0.0000000000
44243  36.419  -24.135  41.241 0.0000000000
43230  37.964  -24.663  41.576 0.0000000000
44223  40.040  -24.707  41.558 0.0000000000
43175  40.565  -25.339  44.826 0.0000000000
43197  40.774  -24.951  43.319 0.0000000000
44221  41.665  -23.844  42.491 0.0000000000
45249  42.948  -23.347  42.909 0.0000000000
112506  44.120  -22.693  43.097 0.0000000000
46236  44.841  -22.649  43.698 0.0000000000
41069  29.253  -27.254  51.106 0.0000000000
40052  28.410  -28.028  51.528 0.0000000000
40063  27.028  -28.322  50.885 0.0000000000
38966  25.992  -29.102  50.918 0.0000000000
38990  25.598  -28.780  48.415 0.0000000000
38978  24.955  -29.451  49.431 0.0000000000
135094  24.686  -29.981  50.802 0.0000000000
36759  23.482  -30.523  50.775 0.0000000000
36751  21.858  -31.031  51.099 0.0000000000
35812  20.536  -31.413  51.033 0.0000000000
40143  22.909  -27.986  43.214 0.0000000000
39045  22.270  -28.881  44.505 0.0000000000
37829  21.682  -29.768  46.313 0.0000000000
37865  20.245  -29.917  44.570 0.0000000000
37849  20.581  -29.897  45.575 0.0000000000
113203  21.652  -29.944  47.124 0.0000000000
36780  21.151  -30.908  48.673 0.0000000000
36762  20.070  -31.405  49.778 0.0000000000
35805  19.931  -32.063  51.486 0.0000000000
34877  18.463  -32.939  51.560 0.0000000000
116451  17.226  -32.953  51.572 0.0000000000
34864  16.494  -33.118  52.210 0.0000000000
114582  16.251  -32.189  48.960 0.0000000000
34880  15.447  -32.818  51.096 0.0000000000
120078  14.792  -32.831  51.791 0.0000000000
34866  14.191  -32.940  52.450 0.0000000000
34867  13.344  -32.938  52.269 0.0000000000
34869  11.575  -32.725  52.019 0.0000000000
117195  10.693  -32.590  51.865 0.0000000000
34871  9.625  -32.593  52.623 0.0000000000
47240  34.947  -21.967  35.498 0.0000000000
117034  34.348  -22.621  37.452 0.0000000000
46291  33.131  -23.088  38.604 0.0000000000
46314  31.861  -22.591  37.916 0.0000000000
46292  32.090  -23.064  38.448 0.0000000000
45295  32.856  -23.451  40.224 0.0000000000
44247  32.306  -24.084  41.173 0.0000000000
44207  31.944  -24.515  42.857 0.0000000000
43184  31.761  -25.131  44.476 0.0000000000
42150  29.601  -25.723  43.890 0.0000000000
42126  30.442  -25.857  45.541 0.0000000000
42109  31.422  -26.098  46.502 0.0000000000
42080  30.883  -26.353  48.105 0.0000000000
41077  30.413  -26.745  49.840 0.0000000000
34812  12.181  -32.996  57.358 0.0000000000
34806  12.840  -33.354  58.570 0.0000000000
71870  66.542  5.016  16.359 0.0000000000
68856  62.279  1.463  15.182 0.0000000000
68847  64.060  1.392  16.601 0.0000000000
68832  64.589  1.974  18.335 0.0000000000
67839  63.392  1.164  20.199 0.0000000000
116531  64.638  2.221  20.235 0.0000000000
69866  65.903  3.133  20.210 0.0000000000
65082  54.091  -2.530  18.351 0.0000000000
64143  55.080  -3.204  18.453 0.0000000000
63186  54.121  -4.450  19.272 0.0000000000
63185  55.688  -4.776  19.338 0.0000000000
63195  57.018  -4.357  18.887 0.0000000000
65059  58.970  -3.091  20.846 0.0000000000
115191  59.832  -2.663  22.175 0.0000000000
65946  60.970  -2.172  23.202 0.0000000000
61363  54.942  -6.319  24.269 0.0000000000
62236  56.604  -5.522  24.319 0.0000000000
63131  57.632  -4.737  24.041 0.0000000000
117102  59.434  -6.594  25.596 0.0000000000
63116  59.404  -4.890  24.988 0.0000000000
64081  58.905  -4.059  24.156 0.0000000000
64080  59.765  -3.612  24.262 0.0000000000
131193  60.906  -2.537  23.900 0.0000000000
57327  45.853  -11.805  27.137 0.0000000000
57297  47.257  -11.404  28.607 0.0000000000
58366  45.022  -10.476  30.363 0.0000000000
58364  46.915  -10.618  30.329 0.0000000000
126903  48.327  -11.109  29.601 0.0000000000
127010  49.642  -10.319  31.459 0.0000000000
59390  51.056  -9.598  32.106 0.0000000000
59349  52.596  -9.212  33.236 0.0000000000
49315  44.576  -18.704  35.321 0.0000000000
52302  46.145  -16.032  33.022 0.0000000000
53304  47.442  -15.005  33.617 0.0000000000
54334  47.824  -13.472  33.746 0.0000000000
114511  48.169  -20.566  41.776 0.0000000000
49236  48.550  -19.520  40.048 0.0000000000
49270  48.751  -18.562  38.723 0.0000000000
50276  49.917  -17.508  39.778 0.0000000000
51272  49.219  -17.238  38.031 0.0000000000
52267  48.999  -15.944  36.131 0.0000000000
53294  49.046  -14.598  35.198 0.0000000000
55277  48.061  -12.565  34.181 0.0000000000
56217  48.079  -11.069  35.154 0.0000000000
57190  48.165  -10.175  35.810 0.0000000000
59310  48.399  -9.494  35.708 0.0000000000
57159  49.938  -10.211  38.557 0.0000000000
59279  49.726  -9.813  37.866 0.0000000000
59324  49.551  -9.311  35.866 0.0000000000
118908  51.061  -9.359  35.379 0.0000000000
74935  58.788  7.342  5.671 0.0000000000
72995  59.066  5.809  6.125 0.0000000000
71004  59.944  3.717  7.524 0.0000000000
70988  61.092  3.927  8.218 0.0000000000
115074  61.930  5.659  8.919 0.0000000000
72941  60.752  5.865  10.424 0.0000000000
120318  61.766  6.618  10.049 0.0000000000
74893  62.857  7.477  10.030 0.0000000000
117560  64.498  7.916  11.339 0.0000000000
41048  30.566  -27.294  51.951 0.0000000000
115873  31.128  -27.095  51.639 0.0000000000
34839  11.987  -33.005  54.607 0.0000000000
59367  53.665  -8.924  32.628 0.0000000000
59366  54.391  -8.758  32.500 0.0000000000
135209  34.597  -22.879  39.131 0.0000000000
45310  34.965  -22.914  39.477 0.0000000000
41163  24.870  -26.751  42.449 0.0000000000
41154  24.638  -27.273  43.081 0.0000000000
41155  24.089  -27.200  42.407 0.0000000000
42164  25.177  -26.265  41.885 0.0000000000
42163  25.536  -26.434  42.443 0.0000000000
133289  21.058  -31.864  52.441 0.0000000000
35784  21.665  -31.799  53.044 0.0000000000
35785  20.852  -32.124  53.072 0.0000000000
113605  59.980  2.778  14.651 0.0000000000
70923  60.468  3.099  15.263 0.0000000000
66860  62.063  -0.665  22.659 0.0000000000
65945  62.223  -1.171  23.421 0.0000000000
61383  51.576  -6.827  22.540 0.0000000000
62249  52.885  -6.459  22.912 0.0000000000
112389  52.856  -6.779  23.406 0.0000000000
56248  45.405  -11.712  32.578 0.0000000000
56238  45.851  -11.446  33.357 0.0000000000
55279  46.785  -11.860  33.479 0.0000000000
45284  45.456  -22.805  41.400 0.0000000000
46257  46.427  -22.345  41.104 0.0000000000
46256  47.035  -22.109  41.894 0.0000000000
68874  59.514  1.431  13.453 0.0000000000
68882  59.520  1.559  12.488 0.0000000000
68873  60.224  1.700  13.030 0.0000000000
69914  60.445  2.486  13.653 0.0000000000
73004  59.837  5.784  4.596 0.0000000000
72994  59.571  5.564  5.441 0.0000000000
72005  60.724  4.201  5.475 0.0000000000
112456  32.306  -25.298  45.265 0.0000000000
43160  33.078  -25.263  45.353 0.0000000000
120611  32.660  -25.553  45.852 0.0000000000
34852  16.694  -33.461  52.958 0.0000000000
33986  17.029  -33.782  53.642 0.0000000000
33977  16.522  -33.838  54.295 0.0000000000
67888  55.908  -0.192  14.206 0.0000000000
66948  57.062  0.177  15.558 0.0000000000
66957  56.298  -0.292  15.200 0.0000000000
65096  56.996  -2.488  17.286 0.0000000000
64153  57.311  -3.410  17.568 0.0000000000
64152  58.273  -3.418  18.017 0.0000000000
64141  57.592  -3.923  18.404 0.0000000000
118140  54.033  -8.909  27.139 0.0000000000
59446  54.222  -9.193  27.916 0.0000000000
35775  8.271  -31.695  54.028 0.0000000000
115909  47.991  -8.233  23.086 0.0000000000
59484  48.977  -8.571  24.264 0.0000000000
59501  48.090  -8.759  24.073 0.0000000000
57324  48.648  -11.211  27.599 0.0000000000
57296  48.789  -11.295  28.670 0.0000000000
57295  49.754  -11.114  28.703 0.0000000000
117592  39.778  -23.471  39.691 0.0000000000
45305  40.449  -23.110  39.382 0.0000000000
46272  41.158  -22.927  39.936 0.0000000000
118678  37.195  -25.345  44.997 0.0000000000
43178  37.408  -25.242  44.095 0.0000000000
43177  38.193  -25.558  44.809 0.0000000000
41093  28.248  -27.435  47.668 0.0000000000
40083  27.768  -27.793  48.154 0.0000000000
132616  27.182  -27.951  47.760 0.0000000000
37827  23.229  -29.570  46.866 0.0000000000
37807  23.857  -29.579  47.502 0.0000000000
115707  23.047  -29.796  47.731 0.0000000000
37808  22.263  -30.150  47.890 0.0000000000
36794  17.836  -31.382  46.778 0.0000000000
36783  18.744  -31.248  48.080 0.0000000000
133540  18.189  -31.585  48.114 0.0000000000
35828  17.803  -32.091  48.934 0.0000000000
35842  17.587  -31.747  48.231 0.0000000000
44269  28.942  -24.482  40.103 0.0000000000
44278  29.607  -23.971  39.483 0.0000000000
44268  29.730  -24.086  40.357 0.0000000000
45296  30.379  -23.650  39.782 0.0000000000
44250  29.871  -24.162  41.050 0.0000000000
43231  29.387  -24.779  41.475 0.0000000000
41118  27.919  -27.309  45.983 0.0000000000
41117  28.683  -27.083  46.258 0.0000000000
41107  28.043  -27.261  46.856 0.0000000000
34801  10.410  -32.907  59.354 0.0000000000
72902  64.084  5.958  14.291 0.0000000000
72901  64.990  5.916  14.663 0.0000000000
69880  65.812  3.297  18.415 0.0000000000
70905  66.508  3.915  18.009 0.0000000000
70887  66.689  3.334  19.386 0.0000000000
70888  66.230  3.299  19.680 0.0000000000
66915  62.185  -0.162  16.910 0.0000000000
66906  62.206  -0.108  18.143 0.0000000000
63153  56.900  -4.753  22.854 0.0000000000
63163  56.619  -4.582  21.876 0.0000000000
129107  57.506  -4.441  22.877 0.0000000000
64095  58.121  -4.270  23.138 0.0000000000
60423  57.413  -7.719  26.638 0.0000000000
60436  57.803  -7.150  25.929 0.0000000000
59354  47.134  -8.918  33.501 0.0000000000
59373  47.479  -9.254  32.687 0.0000000000
127441  47.851  -9.197  33.302 0.0000000000
59353  48.622  -9.133  33.402 0.0000000000
129623  48.846  -8.873  34.223 0.0000000000
47256  41.908  -21.173  35.542 0.0000000000
48238  42.465  -20.107  35.242 0.0000000000
48227  42.889  -20.567  35.826 0.0000000000
49287  47.747  -18.584  37.485 0.0000000000
50312  47.416  -18.230  36.692 0.0000000000
50326  47.712  -17.439  36.299 0.0000000000
53266  51.047  -14.677  39.759 0.0000000000
53274  51.169  -14.203  38.109 0.0000000000
54292  51.244  -13.284  38.457 0.0000000000
55246  50.736  -12.496  37.280 0.0000000000
55237  50.948  -12.465  38.044 0.0000000000
71950  58.133  4.475  10.073 0.0000000000
113512  57.445  4.473  9.652 0.0000000000
71965  58.157  4.356  8.996 0.0000000000
114052  58.717  4.520  9.480 0.0000000000
71949  59.337  5.118  9.939 0.0000000000
72915  63.198  5.122  13.415 0.0000000000
72914  63.605  5.877  13.255 0.0000000000
73898  64.169  6.413  13.700 0.0000000000
71037  65.087  3.373  4.147 0.0000000000
118673  66.337  4.016  3.947 0.0000000000
72016  66.467  5.038  4.510 0.0000000000
73959  64.912  7.257  7.455 0.0000000000
73948  64.388  7.488  8.409 0.0000000000
74901  64.989  8.143  8.623 0.0000000000
113330  63.679  7.432  9.207 0.0000000000
42079  31.564  -26.224  48.310 0.0000000000
134583  32.274  -26.190  48.478 0.0000000000
42064  31.892  -26.335  49.300 0.0000000000
34853  14.389  -33.154  53.281 0.0000000000
34822  14.959  -33.564  54.452 0.0000000000
34837  14.391  -33.426  54.064 0.0000000000
112500  12.992  -33.332  55.924 0.0000000000
34816  13.847  -33.638  55.987 0.0000000000
34810  13.869  -33.706  56.985 0.0000000000
112133  14.700  -33.779  57.642 0.0000000000
34805  13.891  -33.649  57.799 0.0000000000
66006  54.090  -1.617  17.219 0.0000000000
65099  54.490  -1.899  17.915 0.0000000000
58338  54.123  -9.903  30.064 0.0000000000
58337  54.703  -9.514  30.312 0.0000000000
36723  7.304  -30.189  54.626 0.0000000000
37711  6.625  -29.667  56.361 0.0000000000
37708  6.092  -29.522  56.845 0.0000000000
47219  35.372  -22.371  36.075 0.0000000000
47218  36.236  -22.372  36.280 0.0000000000
46336  36.062  -22.530  37.187 0.0000000000
131599  36.879  -23.270  39.054 0.0000000000
129409  36.902  -22.948  38.488 0.0000000000
45289  38.651  -23.633  39.246 0.0000000000
44263  38.062  -24.149  40.033 0.0000000000
41130  26.864  -27.092  44.997 0.0000000000
40111  26.189  -27.471  45.503 0.0000000000
118354  24.348  -27.917  44.419 0.0000000000
40112  24.775  -27.921  45.119 0.0000000000
118767  23.757  -29.066  46.233 0.0000000000
39029  23.443  -28.853  45.440 0.0000000000
43234  26.765  -25.317  40.829 0.0000000000
126502  27.246  -25.104  40.333 0.0000000000
43244  27.996  -24.859  40.269 0.0000000000
43233  27.553  -25.037  41.007 0.0000000000
43222  27.968  -25.285  41.551 0.0000000000
41152  26.212  -26.707  43.480 0.0000000000
41140  26.698  -26.786  44.167 0.0000000000
35793  23.197  -31.551  52.890 0.0000000000
70930  63.083  4.599  14.519 0.0000000000
70931  62.026  4.150  14.551 0.0000000000
69895  63.918  2.751  15.211 0.0000000000
130281  64.533  2.036  16.298 0.0000000000
66888  61.712  -0.449  20.415 0.0000000000
67832  62.252  0.045  20.086 0.0000000000
62288  51.846  -5.662  20.668 0.0000000000
63174  52.277  -5.046  20.204 0.0000000000
135146  56.065  -5.387  22.846 0.0000000000
62246  56.178  -5.459  23.329 0.0000000000
58327  42.386  -10.289  30.947 0.0000000000
58309  43.695  -10.078  31.624 0.0000000000
58325  44.353  -9.893  31.359 0.0000000000
58308  44.314  -9.839  32.270 0.0000000000
130972  45.961  -10.303  34.240 0.0000000000
58298  45.268  -9.516  33.530 0.0000000000
58291  45.907  -9.479  34.223 0.0000000000
59340  46.387  -8.952  34.316 0.0000000000
58290  46.442  -9.289  34.776 0.0000000000
47199  44.138  -21.509  37.948 0.0000000000
114498  44.400  -20.818  37.450 0.0000000000
114195  44.854  -21.219  38.300 0.0000000000
47185  46.598  -21.000  39.462 0.0000000000
47197  46.274  -20.507  38.735 0.0000000000
48191  47.049  -20.271  39.058 0.0000000000
47184  47.851  -19.996  39.582 0.0000000000
70948  56.984  3.370  12.074 0.0000000000
69932  57.816  3.192  12.064 0.0000000000
69930  59.800  2.746  11.707 0.0000000000
70956  58.280  3.834  11.743 0.0000000000
70955  59.215  3.896  11.750 0.0000000000
71916  58.721  4.413  11.471 0.0000000000
71915  59.633  4.581  11.241 0.0000000000
70940  61.309  3.902  13.968 0.0000000000
70947  61.884  3.388  12.678 0.0000000000
70939  62.244  4.196  13.407 0.0000000000
71892  62.519  4.791  13.868 0.0000000000
72019  60.923  4.675  4.647 0.0000000000
72018  61.641  4.385  4.359 0.0000000000
71040  62.244  3.668  4.872 0.0000000000
71028  63.023  3.457  5.413 0.0000000000
71013  64.399  3.746  5.962 0.0000000000
71014  63.560  3.531  6.208 0.0000000000
71016  61.725  3.519  6.583 0.0000000000
71000  63.140  3.748  7.009 0.0000000000
71001  62.211  3.615  7.147 0.0000000000
71978  62.564  4.257  7.659 0.0000000000
71979  61.835  3.920  7.751 0.0000000000
44228  33.104  -24.130  42.315 0.0000000000
44227  34.105  -24.243  42.515 0.0000000000
43181  34.491  -24.893  44.784 0.0000000000
43202  34.885  -24.629  44.182 0.0000000000
122033  35.146  -24.902  44.733 0.0000000000
43180  35.785  -25.142  44.565 0.0000000000
124766  35.930  -24.982  46.239 0.0000000000
34850  18.928  -33.237  53.001 0.0000000000
33985  18.416  -33.861  53.433 0.0000000000
33157  18.291  -34.872  55.290 0.0000000000
33963  18.275  -34.577  54.630 0.0000000000
32264  19.246  -35.537  55.853 0.0000000000
120758  18.962  -35.776  56.440 0.0000000000
113461  15.454  -33.888  56.074 0.0000000000
33957  16.236  -34.206  56.019 0.0000000000
67885  58.362  0.767  14.358 0.0000000000
69900  59.007  2.328  15.537 0.0000000000
68860  58.348  1.471  15.668 0.0000000000
67865  58.262  0.676  16.671 0.0000000000
67864  58.961  0.848  16.656 0.0000000000
66947  59.465  -0.220  15.958 0.0000000000
134477  59.980  -0.780  15.867 0.0000000000
66932  56.296  -0.183  16.873 0.0000000000
66918  56.671  -0.223  17.403 0.0000000000
120369  58.708  -2.490  17.009 0.0000000000
66015  58.435  -1.383  16.501 0.0000000000
66002  59.848  -1.921  16.779 0.0000000000
65078  60.142  -2.068  17.804 0.0000000000
65991  60.656  -1.487  18.426 0.0000000000
65992  60.267  -1.932  18.701 0.0000000000
65976  60.173  -2.060  20.004 0.0000000000
65064  60.218  -2.015  20.868 0.0000000000
65968  60.902  -1.446  21.389 0.0000000000
65058  60.328  -2.136  21.794 0.0000000000
131287  52.633  -7.835  24.975 0.0000000000
60450  53.135  -7.504  24.876 0.0000000000
60442  53.016  -7.964  25.315 0.0000000000
59460  54.699  -8.503  26.765 0.0000000000
59459  55.610  -8.275  26.841 0.0000000000
133250  56.292  -8.096  26.888 0.0000000000
59417  55.889  -8.621  29.743 0.0000000000
58378  55.313  -9.009  29.091 0.0000000000
132261  57.743  -7.913  29.552 0.0000000000
60393  57.944  -7.930  28.682 0.0000000000
60391  59.373  -7.225  29.131 0.0000000000
122609  45.952  -14.296  31.524 0.0000000000
54357  45.572  -13.498  31.427 0.0000000000
53327  46.499  -14.351  32.177 0.0000000000
130406  55.720  3.152  12.590 0.0000000000
67894  57.200  0.321  13.717 0.0000000000
67904  57.611  0.685  13.093 0.0000000000
131892  57.859  0.498  13.807 0.0000000000
34841  10.347  -32.750  54.102 0.0000000000
34842  9.530  -32.575  54.341 0.0000000000
117563  9.005  -32.199  55.465 0.0000000000
34820  9.815  -32.478  55.704 0.0000000000
35761  9.892  -32.564  57.192 0.0000000000
35762  9.123  -32.241  57.391 0.0000000000
36720  7.207  -30.413  55.819 0.0000000000
61395  50.273  -6.595  21.661 0.0000000000
60464  48.867  -7.969  22.757 0.0000000000
60475  48.795  -7.419  22.179 0.0000000000
61376  50.297  -7.450  22.672 0.0000000000
60462  50.536  -7.750  23.381 0.0000000000
60454  50.163  -8.252  23.885 0.0000000000
121849  50.853  -8.448  25.162 0.0000000000
59463  50.940  -8.913  25.751 0.0000000000
118015  51.868  -8.730  25.850 0.0000000000
58442  47.172  -9.679  24.954 0.0000000000
59474  47.868  -9.464  24.756 0.0000000000
120230  50.265  -10.605  27.094 0.0000000000
58413  49.879  -10.109  26.229 0.0000000000
131516  50.868  -10.725  27.625 0.0000000000
58397  51.092  -10.103  27.124 0.0000000000
57322  51.543  -10.557  27.717 0.0000000000
57292  52.614  -10.500  28.655 0.0000000000
57293  51.832  -10.795  28.465 0.0000000000
58361  51.654  -10.485  30.234 0.0000000000
58340  51.730  -10.159  31.035 0.0000000000
58319  52.277  -9.916  31.509 0.0000000000
47258  40.069  -21.166  35.311 0.0000000000
46334  38.148  -22.320  36.387 0.0000000000
46333  38.821  -22.226  36.349 0.0000000000
46305  40.744  -22.924  38.216 0.0000000000
46332  39.661  -22.323  36.696 0.0000000000
46331  40.583  -22.464  37.209 0.0000000000
47213  40.937  -22.274  36.475 0.0000000000
46330  41.570  -22.386  37.105 0.0000000000
46304  42.193  -22.493  37.976 0.0000000000
46270  42.913  -23.271  40.821 0.0000000000
46269  43.297  -23.071  39.939 0.0000000000
135745  43.357  -22.910  40.736 0.0000000000
45265  44.362  -22.794  41.392 0.0000000000
45266  43.609  -22.987  41.454 0.0000000000
44225  36.092  -24.061  42.349 0.0000000000
112568  38.340  -25.080  42.792 0.0000000000
43217  37.622  -24.774  42.404 0.0000000000
43216  38.417  -24.849  42.116 0.0000000000
43229  38.971  -24.735  41.487 0.0000000000
43215  39.286  -25.000  42.346 0.0000000000
122851  40.818  -24.850  44.113 0.0000000000
43196  41.397  -24.319  43.783 0.0000000000
44202  41.318  -24.434  42.834 0.0000000000
44201  42.004  -23.720  43.346 0.0000000000
45250  42.240  -23.531  42.698 0.0000000000
128737  42.702  -23.419  43.314 0.0000000000
45232  44.041  -23.258  43.264 0.0000000000
41058  29.032  -27.581  51.595 0.0000000000
40061  28.613  -27.650  50.948 0.0000000000
133968  26.886  -28.306  50.246 0.0000000000
115001  26.574  -28.683  51.045 0.0000000000
40094  25.759  -28.447  47.809 0.0000000000
113993  25.106  -28.945  47.905 0.0000000000
37768  24.291  -29.615  48.853 0.0000000000
38991  25.060  -29.244  48.635 0.0000000000
37753  24.793  -29.742  50.180 0.0000000000
37754  24.174  -30.237  50.356 0.0000000000
37755  23.395  -30.185  49.935 0.0000000000
36770  22.000  -30.514  49.659 0.0000000000
122689  22.482  -30.513  50.336 0.0000000000
36760  21.495  -30.835  50.207 0.0000000000
35804  21.184  -31.355  51.323 0.0000000000
36752  21.147  -31.153  50.781 0.0000000000
39046  21.517  -29.101  44.295 0.0000000000
40127  21.954  -28.733  43.885 0.0000000000
39031  21.814  -29.300  45.072 0.0000000000
37848  21.333  -29.629  45.699 0.0000000000
39048  19.816  -29.646  43.620 0.0000000000
37866  19.313  -30.102  44.196 0.0000000000
36792  19.757  -30.787  47.047 0.0000000000
37831  20.200  -30.362  46.287 0.0000000000
37830  20.974  -29.863  46.422 0.0000000000
37809  20.689  -30.416  47.250 0.0000000000
36781  20.707  -30.647  48.070 0.0000000000
35826  19.379  -31.739  49.647 0.0000000000
36773  19.873  -31.392  49.072 0.0000000000
35813  19.811  -31.687  50.512 0.0000000000
112172  19.230  -32.119  51.011 0.0000000000
34876  19.126  -32.686  51.524 0.0000000000
133466  17.353  -32.439  50.368 0.0000000000
34878  17.639  -32.612  50.919 0.0000000000
34892  16.907  -32.735  50.789 0.0000000000
34879  16.314  -32.875  51.373 0.0000000000
35854  15.633  -31.915  47.398 0.0000000000
35817  14.233  -32.570  49.855 0.0000000000
130896  15.242  -32.560  50.076 0.0000000000
34881  13.886  -32.878  51.517 0.0000000000
34882  12.928  -32.871  51.334 0.0000000000
34868  12.462  -32.879  52.129 0.0000000000
35796  9.882  -32.371  51.859 0.0000000000
34870  10.325  -32.712  52.459 0.0000000000
130445  32.914  -22.411  36.620 0.0000000000
46338  33.482  -22.573  37.187 0.0000000000
46312  33.749  -22.580  38.048 0.0000000000
46313  32.809  -22.824  37.893 0.0000000000
46316  30.278  -22.568  37.148 0.0000000000
46341  30.806  -22.123  36.799 0.0000000000
46315  31.035  -22.564  37.649 0.0000000000
128137  31.530  -23.375  39.828 0.0000000000
45313  31.543  -23.312  39.228 0.0000000000
114804  32.027  -23.371  39.942 0.0000000000
118350  32.501  -23.343  39.295 0.0000000000
45273  32.257  -23.657  40.535 0.0000000000
45272  32.749  -23.686  40.849 0.0000000000
44208  31.253  -24.714  42.719 0.0000000000
44229  31.608  -24.240  42.333 0.0000000000
43204  31.474  -24.929  43.516 0.0000000000
43185  30.854  -25.183  44.139 0.0000000000
42151  29.042  -25.727  43.234 0.0000000000
42111  29.886  -26.190  46.115 0.0000000000
42127  29.695  -26.090  45.259 0.0000000000
42110  30.679  -26.131  46.414 0.0000000000
42094  30.785  -26.467  47.256 0.0000000000
42081  30.348  -26.780  47.801 0.0000000000
41079  28.909  -27.191  48.877 0.0000000000
41078  29.649  -27.032  49.332 0.0000000000
127216  29.706  -27.050  50.321 0.0000000000
40042  28.052  -28.457  52.041 0.0000000000
33973  20.923  -33.841  55.004 0.0000000000
114844  10.781  -32.720  55.807 0.0000000000
34826  11.736  -32.990  55.489 0.0000000000
34818  11.679  -32.947  56.498 0.0000000000
34799  11.962  -32.841  60.010 0.0000000000
113274  11.994  -32.958  58.922 0.0000000000
33947  12.600  -33.019  60.176 0.0000000000
33946  13.071  -33.537  59.750 0.0000000000
33936  12.749  -33.323  60.152 0.0000000000
71877  65.668  5.117  15.793 0.0000000000
70911  65.771  4.432  16.408 0.0000000000
71860  67.049  4.392  17.634 0.0000000000
133171  60.771  1.446  15.561 0.0000000000
68857  61.299  1.957  15.453 0.0000000000
67862  63.422  0.822  17.107 0.0000000000
68841  64.009  1.375  17.791 0.0000000000
67831  62.867  0.651  20.621 0.0000000000
69867  65.253  2.647  19.800 0.0000000000
69857  65.471  2.607  20.633 0.0000000000
69856  66.036  2.751  20.761 0.0000000000
64145  53.505  -3.215  18.592 0.0000000000
65083  53.285  -2.681  18.182 0.0000000000
64144  54.518  -2.942  18.536 0.0000000000
63172  53.882  -5.149  19.875 0.0000000000
63187  53.400  -4.391  19.498 0.0000000000
130300  54.522  -5.088  19.673 0.0000000000
63170  56.582  -4.727  20.775 0.0000000000
63184  56.544  -4.655  19.660 0.0000000000
63196  56.172  -4.363  18.665 0.0000000000
63183  57.228  -4.362  19.725 0.0000000000
64129  57.734  -4.024  19.427 0.0000000000
64124  57.694  -4.051  20.484 0.0000000000
135964  59.493  -3.164  22.539 0.0000000000
64115  59.314  -3.211  21.815 0.0000000000
65052  59.904  -2.834  22.954 0.0000000000
65051  60.389  -2.355  22.709 0.0000000000
65035  60.384  -2.642  23.435 0.0000000000
61351  54.314  -6.905  24.899 0.0000000000
115429  53.993  -6.723  24.216 0.0000000000
61350  55.135  -6.702  25.076 0.0000000000
62225  57.164  -5.826  24.918 0.0000000000
62235  57.369  -5.205  24.366 0.0000000000
62222  60.383  -5.339  25.358 0.0000000000
63117  58.760  -4.580  24.557 0.0000000000
63129  59.452  -4.194  24.600 0.0000000000
63128  60.175  -3.845  24.655 0.0000000000
115488  45.824  -11.756  28.037 0.0000000000
57298  46.229  -11.497  28.723 0.0000000000
59406  45.222  -9.656  31.458 0.0000000000
58345  45.427  -10.007  31.078 0.0000000000
58323  47.906  -10.001  31.667 0.0000000000
58324  47.271  -10.211  31.169 0.0000000000
118086  47.775  -10.652  30.309 0.0000000000
58343  48.514  -10.390  31.080 0.0000000000
120370  48.685  -10.679  30.366 0.0000000000
58322  48.894  -10.268  31.604 0.0000000000
117204  50.217  -9.490  33.030 0.0000000000
125365  50.221  -9.653  32.308 0.0000000000
59370  51.046  -9.283  33.263 0.0000000000
59369  51.685  -9.410  32.735 0.0000000000
59350  51.777  -9.266  33.461 0.0000000000
48225  44.489  -19.760  36.434 0.0000000000
48236  44.181  -19.453  35.696 0.0000000000
49306  44.955  -19.130  35.972 0.0000000000
50342  45.798  -17.836  35.156 0.0000000000
50343  44.988  -18.017  34.980 0.0000000000
50356  45.489  -17.512  34.534 0.0000000000
51321  45.190  -17.137  33.890 0.0000000000
51320  46.022  -17.019  34.146 0.0000000000
52279  47.943  -15.849  35.017 0.0000000000
52289  47.170  -15.727  33.911 0.0000000000
52288  47.714  -15.434  34.277 0.0000000000
53312  47.621  -14.215  33.426 0.0000000000
53303  48.046  -14.451  34.003 0.0000000000
114064  47.839  -21.016  43.397 0.0000000000
47163  47.973  -20.833  42.624 0.0000000000
48159  48.428  -20.152  42.546 0.0000000000
48168  49.117  -19.388  41.547 0.0000000000
48178  49.134  -19.101  40.640 0.0000000000
49254  49.043  -18.881  39.632 0.0000000000
50261  49.517  -18.283  40.262 0.0000000000
51263  50.638  -16.012  39.091 0.0000000000
51264  50.277  -16.746  39.412 0.0000000000
116097  50.085  -16.473  38.702 0.0000000000
50292  49.657  -17.197  38.765 0.0000000000
51271  49.579  -16.513  37.967 0.0000000000
52262  49.279  -16.275  36.986 0.0000000000
114431  49.909  -15.612  37.476 0.0000000000
125541  49.929  -13.812  36.176 0.0000000000
53293  49.601  -14.173  35.704 0.0000000000
54319  49.283  -13.676  35.132 0.0000000000
125858  48.718  -13.078  34.691 0.0000000000
55271  47.850  -11.545  34.465 0.0000000000
55270  48.689  -11.940  34.855 0.0000000000
56193  49.338  -10.658  36.734 0.0000000000
56206  48.911  -11.049  36.128 0.0000000000
57189  48.737  -10.419  36.293 0.0000000000
58273  48.138  -9.834  35.791 0.0000000000
57180  48.686  -10.076  36.339 0.0000000000
56174  51.150  -11.175  39.290 0.0000000000
57147  51.130  -10.361  39.832 0.0000000000
59278  50.327  -9.518  38.464 0.0000000000
59293  50.117  -9.499  37.738 0.0000000000
59308  49.730  -9.491  36.786 0.0000000000
118419  50.506  -9.372  36.707 0.0000000000
59323  50.501  -9.446  35.896 0.0000000000
75843  58.793  8.307  5.743 0.0000000000
71936  55.679  4.848  10.609 0.0000000000
71951  56.159  4.872  9.943 0.0000000000
114154  58.119  5.442  7.122 0.0000000000
127034  58.496  6.048  6.508 0.0000000000
72983  58.745  5.122  6.806 0.0000000000
72982  59.416  4.805  6.398 0.0000000000
71963  60.417  4.466  8.934 0.0000000000
70989  60.181  3.781  8.265 0.0000000000
115987  61.213  5.043  8.928 0.0000000000
72961  61.326  5.879  9.343 0.0000000000
72942  60.054  5.489  10.248 0.0000000000
72930  61.156  5.509  10.901 0.0000000000
73919  62.270  6.637  10.530 0.0000000000
73928  62.506  7.113  10.194 0.0000000000
73938  62.411  6.911  9.766 0.0000000000
74874  62.998  7.487  10.334 0.0000000000
118740  63.421  7.738  10.264 0.0000000000
74873  63.589  7.596  10.860 0.0000000000
74859  65.446  7.487  12.758 0.0000000000
73009  62.038  5.170  2.749 0.0000000000
72026  62.400  4.428  3.119 0.0000000000
72980  65.399  5.759  5.800 0.0000000000
41067  31.566  -26.776  50.902 0.0000000000
112668  13.224  -33.085  53.743 0.0000000000
34838  13.675  -33.285  54.365 0.0000000000
112669  12.876  -33.100  54.494 0.0000000000
46311  35.124  -22.794  37.641 0.0000000000
46310  35.816  -22.909  37.881 0.0000000000
45309  36.195  -23.134  39.154 0.0000000000
45291  36.295  -23.579  39.627 0.0000000000
41141  25.734  -27.103  44.070 0.0000000000
40123  25.540  -27.452  44.901 0.0000000000
41142  25.052  -27.296  43.676 0.0000000000
40141  24.416  -27.645  43.770 0.0000000000
40125  23.592  -28.062  44.011 0.0000000000
43235  26.178  -25.499  40.537 0.0000000000
42172  26.177  -25.624  41.200 0.0000000000
42162  26.683  -25.971  42.501 0.0000000000
42153  26.157  -26.396  42.794 0.0000000000
35794  22.376  -31.507  52.503 0.0000000000
112253  22.579  -31.835  53.159 0.0000000000
34846  22.463  -32.462  53.693 0.0000000000
34835  22.275  -33.168  54.407 0.0000000000
70932  61.161  3.701  14.819 0.0000000000
132693  62.346  2.885  15.235 0.0000000000
68866  62.760  2.138  15.084 0.0000000000
66881  61.450  -0.854  21.415 0.0000000000
66880  61.948  -0.485  21.765 0.0000000000
120763  62.938  -0.384  23.234 0.0000000000
62273  52.068  -6.137  21.502 0.0000000000
113987  52.705  -6.432  22.119 0.0000000000
134819  53.530  -6.259  23.026 0.0000000000
57234  44.405  -10.419  32.667 0.0000000000
56239  44.983  -10.961  33.344 0.0000000000
132233  45.598  -10.829  33.815 0.0000000000
57214  46.634  -10.496  34.555 0.0000000000
46268  44.968  -22.283  39.653 0.0000000000
46300  45.259  -21.494  38.953 0.0000000000
123489  45.867  -21.718  39.539 0.0000000000
46266  46.560  -21.765  40.199 0.0000000000
47176  47.236  -21.088  40.219 0.0000000000
69921  58.671  1.823  12.113 0.0000000000
134436  58.264  2.532  12.088 0.0000000000
130462  59.401  2.087  11.909 0.0000000000
69929  60.652  2.665  11.831 0.0000000000
69920  60.759  2.322  12.621 0.0000000000
69919  61.275  2.821  13.251 0.0000000000
72004  61.473  3.870  5.201 0.0000000000
71993  60.542  3.840  6.310 0.0000000000
44189  32.901  -24.688  43.535 0.0000000000
44188  33.505  -24.708  43.830 0.0000000000
43182  33.684  -24.940  44.666 0.0000000000
43159  34.005  -25.215  45.638 0.0000000000
125505  17.724  -33.799  53.360 0.0000000000
33964  17.607  -34.535  54.958 0.0000000000
33954  15.609  -34.000  57.748 0.0000000000
33149  16.400  -34.657  57.611 0.0000000000
120479  57.659  0.824  15.846 0.0000000000
67878  57.315  0.513  16.397 0.0000000000
67866  57.615  0.457  16.801 0.0000000000
66004  56.339  -0.943  17.650 0.0000000000
66003  57.079  -0.627  17.550 0.0000000000
120811  56.766  -1.479  17.487 0.0000000000
113393  58.885  -2.858  17.732 0.0000000000
65079  59.664  -2.474  18.460 0.0000000000
65080  59.037  -3.043  18.795 0.0000000000
65071  59.019  -3.030  19.857 0.0000000000
59462  52.719  -8.515  25.873 0.0000000000
60428  53.460  -8.228  25.882 0.0000000000
59445  55.290  -8.641  27.535 0.0000000000
67895  56.365  0.327  13.644 0.0000000000
35774  8.872  -32.224  53.742 0.0000000000
35769  8.853  -32.252  54.618 0.0000000000
35766  8.435  -31.694  55.930 0.0000000000
135217  48.255  -7.789  22.438 0.0000000000
135875  49.461  -8.303  23.882 0.0000000000
59472  49.291  -9.065  24.839 0.0000000000
58415  48.284  -10.569  25.750 0.0000000000
120776  50.338  -11.007  27.991 0.0000000000
57294  50.477  -10.938  28.690 0.0000000000
58362  50.628  -10.727  30.197 0.0000000000
47260  38.388  -21.044  34.913 0.0000000000
46287  38.468  -22.844  37.795 0.0000000000
46307  39.085  -22.605  37.188 0.0000000000
46286  39.358  -22.934  38.023 0.0000000000
46285  40.260  -22.961  38.542 0.0000000000
129517  41.448  -22.856  38.665 0.0000000000
118893  41.636  -22.889  39.470 0.0000000000
46271  42.081  -23.293  40.478 0.0000000000
46259  42.745  -23.534  41.400 0.0000000000
43200  36.675  -24.871  43.574 0.0000000000
43218  36.757  -24.330  42.896 0.0000000000
131293  38.378  -25.396  43.701 0.0000000000
44176  42.054  -23.856  45.154 0.0000000000
45222  42.710  -23.493  43.857 0.0000000000
135719  28.442  -27.365  49.104 0.0000000000
121420  28.070  -27.734  50.219 0.0000000000
40073  27.866  -27.756  49.223 0.0000000000
38977  26.805  -28.327  49.435 0.0000000000
39001  24.547  -29.148  47.329 0.0000000000
37788  23.661  -29.736  48.296 0.0000000000
37769  23.487  -29.928  49.109 0.0000000000
39047  20.706  -29.312  43.992 0.0000000000
37832  18.670  -30.688  45.389 0.0000000000
122687  19.365  -30.917  47.716 0.0000000000
35827  19.051  -31.514  48.863 0.0000000000
112858  18.444  -32.027  49.456 0.0000000000
112265  17.453  -32.211  49.671 0.0000000000
129508  16.726  -32.254  49.484 0.0000000000
35818  12.646  -32.444  49.570 0.0000000000
128643  32.750  -22.089  36.093 0.0000000000
45316  29.400  -23.708  38.686 0.0000000000
134986  30.263  -23.195  38.725 0.0000000000
112932  31.115  -23.357  39.775 0.0000000000
44267  30.992  -23.702  40.347 0.0000000000
44248  31.647  -24.015  40.743 0.0000000000
44249  30.832  -24.193  41.116 0.0000000000
44230  31.025  -24.361  42.037 0.0000000000
43219  30.504  -24.909  42.468 0.0000000000
42128  28.067  -26.394  44.670 0.0000000000
118660  28.909  -26.264  44.986 0.0000000000
41116  29.441  -26.813  46.581 0.0000000000
41105  29.623  -27.077  47.443 0.0000000000
41092  28.937  -27.247  48.006 0.0000000000
34814  10.553  -32.621  57.868 0.0000000000
34813  11.346  -32.913  57.498 0.0000000000
34800  11.165  -32.763  59.470 0.0000000000
70895  67.059  3.878  18.444 0.0000000000
70886  67.114  3.358  19.052 0.0000000000
69865  66.758  2.957  19.798 0.0000000000
66945  61.123  -0.086  15.582 0.0000000000
66927  62.037  -0.034  15.736 0.0000000000
67856  62.767  0.350  17.637 0.0000000000
67855  63.349  0.914  18.306 0.0000000000
67818  63.792  1.171  21.806 0.0000000000
64130  53.764  -3.803  18.924 0.0000000000
131757  55.549  -5.284  21.641 0.0000000000
62270  55.362  -5.379  20.785 0.0000000000
63164  56.056  -5.061  21.278 0.0000000000
63162  57.192  -4.342  21.217 0.0000000000
64117  57.887  -4.053  21.495 0.0000000000
64111  58.078  -4.163  22.358 0.0000000000
64110  58.826  -3.693  22.628 0.0000000000
64109  59.430  -3.360  23.164 0.0000000000
60438  56.324  -7.005  25.727 0.0000000000
119413  55.808  -6.563  25.305 0.0000000000
61348  57.031  -6.571  25.536 0.0000000000
115817  57.749  -6.345  25.316 0.0000000000
64067  61.103  -3.587  24.811 0.0000000000
135383  43.907  -11.310  28.023 0.0000000000
57300  44.356  -11.382  28.528 0.0000000000
59394  46.393  -9.097  31.875 0.0000000000
59405  45.942  -9.460  31.500 0.0000000000
59393  47.192  -9.290  31.922 0.0000000000
113303  47.858  -9.555  32.199 0.0000000000
59392  48.622  -9.855  32.194 0.0000000000
59352  49.576  -9.205  33.547 0.0000000000
59351  50.466  -9.216  33.768 0.0000000000
49289  46.000  -19.111  36.978 0.0000000000
49305  45.714  -18.828  36.236 0.0000000000
49304  46.555  -18.583  36.432 0.0000000000
50328  46.193  -18.251  35.731 0.0000000000
50341  46.588  -17.554  35.374 0.0000000000
135437  46.587  -16.766  34.533 0.0000000000
51309  46.874  -16.879  35.100 0.0000000000
51308  47.560  -16.559  35.352 0.0000000000
52268  48.198  -16.261  35.732 0.0000000000
114290  48.768  -19.829  43.234 0.0000000000
49195  49.390  -19.330  43.049 0.0000000000
49206  49.512  -18.993  42.296 0.0000000000
53275  50.621  -14.971  37.835 0.0000000000
53281  50.730  -14.223  37.435 0.0000000000
54302  50.382  -13.829  36.748 0.0000000000
54311  50.134  -13.272  36.270 0.0000000000
55260  49.310  -11.773  35.602 0.0000000000
55247  50.377  -12.008  36.786 0.0000000000
56192  50.008  -11.062  37.164 0.0000000000
71935  57.471  4.462  10.685 0.0000000000
126790  56.855  4.586  10.086 0.0000000000
71982  57.867  4.512  8.214 0.0000000000
71981  58.644  4.249  8.161 0.0000000000
71964  59.502  4.384  8.979 0.0000000000
71912  62.931  4.855  11.722 0.0000000000
72929  62.313  5.724  11.044 0.0000000000
134769  63.128  5.644  11.566 0.0000000000
73917  63.503  7.073  11.500 0.0000000000
74861  64.183  7.415  11.852 0.0000000000
73906  64.087  6.832  12.700 0.0000000000
71048  63.606  3.299  3.682 0.0000000000
114857  64.293  3.178  3.977 0.0000000000
71047  64.973  2.874  3.229 0.0000000000
72971  64.316  5.828  7.164 0.0000000000
118829  64.730  6.721  7.123 0.0000000000
75825  66.325  7.977  8.165 0.0000000000
42108  32.011  -26.118  46.790 0.0000000000
43140  32.737  -25.823  46.666 0.0000000000
42078  32.845  -26.166  48.144 0.0000000000
42046  32.542  -26.475  50.008 0.0000000000
33966  15.216  -33.704  55.155 0.0000000000
33967  14.683  -33.690  55.753 0.0000000000
116534  15.298  -33.894  56.979 0.0000000000
33949  15.114  -33.952  58.605 0.0000000000
33138  14.738  -34.236  59.121 0.0000000000
66933  55.491  -0.709  16.707 0.0000000000
131796  55.693  -1.309  17.668 0.0000000000
64155  55.542  -2.678  18.110 0.0000000000
58380  53.784  -9.671  28.403 0.0000000000
58336  55.359  -9.212  30.031 0.0000000000
59402  55.858  -8.722  30.561 0.0000000000
59385  55.614  -8.738  31.452 0.0000000000
59384  56.633  -8.407  31.141 0.0000000000
36722  7.861  -30.980  54.359 0.0000000000
57347  47.622  -11.262  26.123 0.0000000000
57325  47.727  -11.455  27.403 0.0000000000
46335  37.242  -22.366  36.587 0.0000000000
127875  37.598  -22.449  37.053 0.0000000000
46288  37.624  -22.721  37.734 0.0000000000
45307  38.789  -23.228  38.452 0.0000000000
44261  39.953  -23.743  40.347 0.0000000000
40101  27.313  -27.468  46.604 0.0000000000
124132  26.824  -27.767  47.150 0.0000000000
40102  26.523  -27.693  46.363 0.0000000000
39012  25.329  -28.320  46.552 0.0000000000
119494  25.451  -27.758  45.530 0.0000000000
40103  25.064  -28.261  45.902 0.0000000000
39013  24.635  -28.817  46.507 0.0000000000
36818  17.770  -30.889  45.371 0.0000000000
36807  17.466  -31.132  46.060 0.0000000000
35853  17.126  -31.656  47.334 0.0000000000
133823  16.396  -31.813  47.371 0.0000000000
44270  28.203  -24.607  39.539 0.0000000000
43221  28.721  -25.259  41.893 0.0000000000
42160  28.614  -25.595  42.639 0.0000000000
122323  28.074  -26.053  43.259 0.0000000000
113588  27.344  -25.899  42.608 0.0000000000
42141  27.537  -26.416  44.007 0.0000000000
113423  28.143  -26.290  43.985 0.0000000000
41129  27.610  -26.911  45.254 0.0000000000
72903  63.362  5.180  14.206 0.0000000000
71885  64.050  5.248  14.569 0.0000000000
71878  64.202  4.598  14.833 0.0000000000
132850  64.386  4.045  15.091 0.0000000000
121330  62.595  3.891  14.751 0.0000000000
69894  64.490  3.488  15.378 0.0000000000
70912  65.165  3.524  16.098 0.0000000000
69881  65.200  2.627  17.813 0.0000000000
66907  61.620  -0.479  18.649 0.0000000000
66897  62.166  0.031  19.171 0.0000000000
67819  63.120  0.693  21.537 0.0000000000
132457  51.920  -4.617  19.732 0.0000000000
63173  53.072  -5.034  20.110 0.0000000000
62286  53.659  -5.795  20.646 0.0000000000
62272  53.115  -6.258  21.401 0.0000000000
130132  54.002  -6.061  21.478 0.0000000000
62271  54.803  -5.638  21.408 0.0000000000
62255  55.400  -5.399  22.313 0.0000000000
63154  56.637  -5.120  23.110 0.0000000000
63142  56.923  -4.979  23.415 0.0000000000
60406  59.340  -7.307  28.172 0.0000000000
60421  59.224  -7.458  26.949 0.0000000000
57277  42.380  -10.435  29.837 0.0000000000
58368  43.288  -10.389  30.055 0.0000000000
58347  43.730  -10.187  30.775 0.0000000000
59396  45.082  -9.537  31.875 0.0000000000
58299  44.743  -9.651  32.947 0.0000000000
59357  45.261  -9.130  33.052 0.0000000000
59375  45.478  -9.140  32.421 0.0000000000
113435  45.898  -8.917  32.991 0.0000000000
118987  47.007  -8.795  34.240 0.0000000000
59339  47.472  -8.899  34.645 0.0000000000
47231  43.305  -21.006  36.456 0.0000000000
48216  44.032  -20.461  36.832 0.0000000000
48215  44.814  -20.112  37.103 0.0000000000
47198  45.556  -20.811  38.476 0.0000000000
48205  45.927  -20.150  38.074 0.0000000000
48214  45.600  -19.815  37.362 0.0000000000
48213  46.407  -19.533  37.616 0.0000000000
49272  47.180  -19.193  37.955 0.0000000000
49271  47.989  -18.899  38.306 0.0000000000
71918  56.969  4.270  11.313 0.0000000000
71933  59.485  5.125  10.702 0.0000000000
123480  61.127  3.216  11.570 0.0000000000
70953  61.848  3.490  11.705 0.0000000000
71900  62.973  4.643  12.785 0.0000000000
72027  61.789  4.814  3.579 0.0000000000
73002  61.130  5.156  3.913 0.0000000000
72017  62.318  4.080  3.989 0.0000000000
71038  63.694  3.356  4.640 0.0000000000
71026  64.715  3.597  5.156 0.0000000000
72003  65.063  4.065  5.583 0.0000000000
71991  64.839  4.539  6.165 0.0000000000
71976  64.311  4.854  6.830 0.0000000000
71015  62.610  3.491  6.386 0.0000000000
72972  63.575  5.829  7.790 0.0000000000
45270  34.145  -23.661  40.811 0.0000000000
45269  35.071  -23.641  40.716 0.0000000000
44244  34.609  -23.963  41.580 0.0000000000
44226  35.158  -24.191  42.335 0.0000000000
128977  35.605  -24.041  42.887 0.0000000000
112821  36.024  -25.021  43.851 0.0000000000
114217  36.370  -25.171  45.378 0.0000000000
113498  33.417  -25.523  46.939 0.0000000000
113800  33.961  -25.349  46.684 0.0000000000
43117  34.596  -25.406  47.206 0.0000000000
113455  35.136  -25.573  47.618 0.0000000000
43138  35.430  -25.217  46.915 0.0000000000
34860  20.255  -32.538  52.922 0.0000000000
34849  19.829  -33.056  53.196 0.0000000000
33974  19.885  -34.297  54.552 0.0000000000
33975  18.786  -34.338  54.134 0.0000000000
33162  19.104  -34.682  54.968 0.0000000000
33156  19.800  -35.086  55.394 0.0000000000
32263  19.938  -35.686  55.572 0.0000000000
33965  16.216  -33.787  55.217 0.0000000000
33956  16.894  -34.321  55.535 0.0000000000
136040  17.001  -34.893  57.140 0.0000000000
32256  17.601  -35.177  56.790 0.0000000000
32255  18.454  -35.693  56.925 0.0000000000
68868  59.193  1.941  14.576 0.0000000000
69898  59.953  2.744  15.715 0.0000000000
69899  59.405  2.644  15.752 0.0000000000
68858  59.513  2.355  16.078 0.0000000000
67876  59.847  1.739  16.126 0.0000000000
133751  58.582  1.564  16.282 0.0000000000
68848  59.218  1.693  16.455 0.0000000000
125330  60.597  0.649  15.557 0.0000000000
66929  60.717  -0.757  15.964 0.0000000000
66000  61.052  -1.084  16.876 0.0000000000
67867  56.940  0.335  17.080 0.0000000000
121648  57.876  0.201  17.099 0.0000000000
66931  57.713  -0.437  17.132 0.0000000000
117427  59.345  -1.224  16.143 0.0000000000
65990  61.157  -1.057  18.005 0.0000000000
66908  61.167  -0.983  19.039 0.0000000000
66899  61.219  -0.988  19.911 0.0000000000
65983  60.116  -2.134  19.268 0.0000000000
66889  61.293  -0.942  20.765 0.0000000000
131242  52.414  -7.200  23.724 0.0000000000
61352  53.657  -7.165  24.743 0.0000000000
60440  54.654  -7.399  25.450 0.0000000000
60427  54.229  -8.020  25.969 0.0000000000
60425  56.007  -7.688  26.277 0.0000000000
60424  56.688  -7.755  26.542 0.0000000000
60408  57.732  -7.978  27.516 0.0000000000
59431  54.931  -8.956  28.183 0.0000000000
59430  55.667  -8.670  28.367 0.0000000000
59416  56.489  -8.371  29.475 0.0000000000
59429  56.395  -8.419  28.645 0.0000000000
59428  57.079  -8.270  28.102 0.0000000000
60407  58.567  -7.660  27.829 0.0000000000
55312  45.102  -12.836  31.444 0.0000000000
55299  45.846  -12.542  31.878 0.0000000000
55298  46.448  -12.834  32.323 0.0000000000
46234  46.473  -22.273  43.709 0.0000000000
46245  46.755  -22.209  42.765 0.0000000000
46233  47.495  -21.417  43.847 0.0000000000
70949  56.294  3.318  12.368 0.0000000000
69923  56.855  2.559  12.446 0.0000000000
68885  56.399  1.757  12.771 0.0000000000
68884  57.235  1.439  12.604 0.0000000000
118232  58.089  1.216  12.607 0.0000000000
68875  58.988  0.981  13.915 0.0000000000
74934  59.226  7.935  5.109 0.0000000000
123327  59.311  7.163  5.126 0.0000000000
35755  9.707  -32.196  58.152 0.0000000000
35763  8.258  -32.007  56.985 0.0000000000
35756  8.752  -32.141  57.811 0.0000000000
35750  8.765  -32.737  58.775 0.0000000000
62258  51.223  -6.277  21.902 0.0000000000
117545  50.089  -7.055  22.152 0.0000000000
61375  51.768  -7.266  23.262 0.0000000000
61365  51.197  -7.595  23.545 0.0000000000
60452  51.705  -7.609  24.144 0.0000000000
60443  51.993  -7.946  24.827 0.0000000000
59482  50.530  -8.375  24.585 0.0000000000
60444  51.266  -8.156  24.677 0.0000000000
58410  52.352  -9.205  26.491 0.0000000000
58395  52.717  -9.545  27.336 0.0000000000
58426  49.548  -9.549  25.538 0.0000000000
58414  49.043  -10.335  25.951 0.0000000000
58425  50.248  -9.390  25.812 0.0000000000
58396  51.887  -9.815  27.201 0.0000000000
58381  53.053  -9.926  28.145 0.0000000000
128437  53.360  -10.272  28.872 0.0000000000
57267  52.861  -10.532  29.288 0.0000000000
125324  53.367  -10.136  30.505 0.0000000000
58360  52.668  -10.465  29.984 0.0000000000
58318  53.165  -9.731  31.327 0.0000000000
59368  53.082  -9.159  32.739 0.0000000000
47276  40.749  -20.824  34.626 0.0000000000
47236  38.587  -21.637  35.579 0.0000000000
47235  39.298  -21.604  35.865 0.0000000000
47215  39.419  -21.858  36.129 0.0000000000
47234  40.002  -21.292  35.969 0.0000000000
47233  40.848  -21.881  35.739 0.0000000000
47212  42.653  -21.843  36.943 0.0000000000
46329  43.248  -22.004  37.796 0.0000000000
46302  43.665  -22.108  38.414 0.0000000000
46283  42.831  -22.792  39.246 0.0000000000
124289  43.502  -22.537  39.067 0.0000000000
46282  44.072  -22.682  39.640 0.0000000000
45285  44.837  -22.692  40.519 0.0000000000
45247  45.442  -22.724  42.492 0.0000000000
44265  35.865  -23.798  40.521 0.0000000000
44264  36.692  -24.193  40.219 0.0000000000
44224  37.002  -24.413  41.925 0.0000000000
44242  37.390  -24.432  40.814 0.0000000000
127305  37.312  -24.240  40.090 0.0000000000
44241  38.526  -24.492  40.736 0.0000000000
44240  39.566  -24.361  40.791 0.0000000000
45268  40.602  -23.974  40.982 0.0000000000
42137  39.699  -25.644  44.504 0.0000000000
42149  39.349  -25.544  43.741 0.0000000000
43176  40.188  -25.345  43.907 0.0000000000
43198  39.867  -25.274  43.090 0.0000000000
43214  40.454  -24.875  42.447 0.0000000000
44222  40.964  -24.217  41.961 0.0000000000
45267  41.068  -23.498  40.888 0.0000000000
45251  41.598  -23.681  41.672 0.0000000000
128622  42.471  -23.514  42.246 0.0000000000
46248  43.064  -23.490  42.277 0.0000000000
45233  43.425  -23.343  43.493 0.0000000000
46237  43.775  -23.302  42.966 0.0000000000
46247  43.752  -23.310  42.497 0.0000000000
46246  44.603  -22.684  42.983 0.0000000000
46235  45.474  -22.529  43.370 0.0000000000
40051  29.736  -27.361  51.888 0.0000000000
40053  27.598  -28.392  51.487 0.0000000000
40062  27.868  -28.101  50.895 0.0000000000
38949  27.012  -28.718  51.494 0.0000000000
38950  26.456  -29.207  51.566 0.0000000000
37738  25.772  -29.568  51.636 0.0000000000
40093  26.499  -28.139  47.775 0.0000000000
38989  26.240  -28.424  48.517 0.0000000000
123641  25.798  -28.882  49.255 0.0000000000
122765  25.537  -29.248  50.146 0.0000000000
37752  25.276  -29.547  50.873 0.0000000000
37739  25.037  -29.951  51.564 0.0000000000
37740  24.303  -30.376  51.190 0.0000000000
36750  22.816  -30.896  51.280 0.0000000000
36740  22.332  -31.222  51.791 0.0000000000
116997  20.788  -31.733  51.757 0.0000000000
40126  22.654  -28.462  43.910 0.0000000000
39044  23.113  -28.681  44.629 0.0000000000
39030  22.601  -29.071  45.256 0.0000000000
39015  22.123  -29.571  45.778 0.0000000000
37828  22.341  -29.694  46.558 0.0000000000
37850  19.633  -30.361  45.276 0.0000000000
37790  21.411  -30.422  47.971 0.0000000000
122688  20.341  -30.986  48.568 0.0000000000
36772  20.694  -31.219  49.322 0.0000000000
36761  20.660  -31.172  50.230 0.0000000000
34862  18.761  -33.280  52.034 0.0000000000
35806  18.455  -32.437  51.038 0.0000000000
126283  17.937  -32.837  51.392 0.0000000000
34863  18.016  -33.334  51.855 0.0000000000
125553  17.321  -33.383  52.348 0.0000000000
115763  16.103  -32.423  49.722 0.0000000000
35830  15.466  -32.404  49.149 0.0000000000
34893  16.130  -32.658  50.522 0.0000000000
34865  15.652  -32.936  52.035 0.0000000000
113566  15.012  -33.055  52.693 0.0000000000
113565  13.653  -33.056  53.082 0.0000000000
113564  12.822  -33.170  52.967 0.0000000000
113563  11.945  -33.112  52.889 0.0000000000
114777  11.062  -32.840  52.714 0.0000000000
35786  8.919  -32.223  52.866 0.0000000000
35787  8.338  -31.613  53.103 0.0000000000
47241  33.913  -21.871  35.568 0.0000000000
117032  34.378  -22.522  36.354 0.0000000000
133141  34.421  -22.655  38.108 0.0000000000
127806  34.100  -22.888  38.770 0.0000000000
45311  34.259  -23.002  39.575 0.0000000000
46340  31.630  -22.506  37.016 0.0000000000
45325  31.284  -22.839  38.417 0.0000000000
45312  33.448  -23.197  39.460 0.0000000000
45294  33.774  -23.308  40.208 0.0000000000
45271  33.267  -23.592  40.856 0.0000000000
44246  32.861  -23.933  41.467 0.0000000000
125416  32.246  -23.997  42.203 0.0000000000
44206  32.632  -24.373  42.929 0.0000000000
43203  32.249  -24.786  43.611 0.0000000000
43161  31.689  -25.460  45.315 0.0000000000
43220  29.763  -25.056  42.170 0.0000000000
43206  29.865  -25.302  43.064 0.0000000000
43186  30.231  -25.301  43.839 0.0000000000
122159  29.447  -25.998  44.553 0.0000000000
42139  30.182  -25.616  44.610 0.0000000000
43162  31.044  -25.555  44.956 0.0000000000
42125  31.212  -25.721  45.808 0.0000000000
42093  31.426  -26.245  47.388 0.0000000000
42065  31.047  -26.552  49.028 0.0000000000
41090  30.360  -26.781  48.740 0.0000000000
132748  30.156  -26.932  50.519 0.0000000000
34836  21.355  -33.420  54.145 0.0000000000
113166  12.337  -33.027  55.954 0.0000000000
112862  12.600  -33.153  56.624 0.0000000000
112863  11.845  -32.902  58.045 0.0000000000
113493  12.442  -32.967  58.064 0.0000000000
34811  13.098  -33.264  57.518 0.0000000000
33951  13.469  -33.785  59.080 0.0000000000
33934  13.925  -33.979  59.407 0.0000000000
68855  63.087  1.439  15.299 0.0000000000
67874  62.531  0.776  15.499 0.0000000000
67873  63.411  0.951  15.888 0.0000000000
68840  64.621  1.949  17.248 0.0000000000
69874  65.196  2.614  18.853 0.0000000000
67846  63.314  1.054  19.294 0.0000000000
68826  63.930  1.634  19.767 0.0000000000
68825  64.516  2.117  19.327 0.0000000000
65100  53.780  -2.133  17.830 0.0000000000
65081  54.814  -2.418  18.323 0.0000000000
120087  55.853  -3.650  18.179 0.0000000000
62284  55.183  -5.237  19.887 0.0000000000
114242  54.891  -4.676  19.172 0.0000000000
63198  54.514  -3.823  18.689 0.0000000000
63197  55.338  -4.221  18.604 0.0000000000
64142  56.701  -3.949  18.038 0.0000000000
64128  58.369  -3.520  20.143 0.0000000000
122656  59.653  -2.537  21.250 0.0000000000
61372  54.362  -6.297  23.691 0.0000000000
62238  55.147  -5.843  23.525 0.0000000000
61362  55.791  -6.104  24.681 0.0000000000
62237  55.911  -5.666  23.918 0.0000000000
62245  56.657  -5.220  23.633 0.0000000000
63132  57.041  -4.975  23.829 0.0000000000
60422  58.854  -7.180  25.894 0.0000000000
61347  58.636  -6.273  25.251 0.0000000000
61346  60.222  -6.323  25.729 0.0000000000
62223  59.494  -5.852  25.224 0.0000000000
129062  58.678  -5.273  24.895 0.0000000000
62234  58.066  -4.901  24.461 0.0000000000
63130  58.268  -4.555  24.220 0.0000000000
63140  58.141  -4.411  23.772 0.0000000000
64093  59.507  -3.504  23.788 0.0000000000
64092  60.199  -3.071  23.890 0.0000000000
64079  60.522  -3.189  24.289 0.0000000000
65034  61.571  -1.888  23.677 0.0000000000
57326  46.687  -11.731  27.626 0.0000000000
125589  47.968  -11.220  28.941 0.0000000000
58367  44.188  -10.440  30.193 0.0000000000
57275  44.692  -11.108  29.566 0.0000000000
57274  45.619  -11.237  29.679 0.0000000000
58344  46.347  -10.147  31.130 0.0000000000
58365  45.959  -10.668  30.440 0.0000000000
57273  46.603  -11.075  29.563 0.0000000000
57272  47.469  -10.993  29.546 0.0000000000
57271  49.247  -11.133  29.545 0.0000000000
58363  49.670  -10.796  30.243 0.0000000000
58341  50.105  -10.498  30.926 0.0000000000
59391  49.518  -9.977  32.029 0.0000000000
58321  50.426  -10.043  31.643 0.0000000000
58320  51.401  -9.944  31.560 0.0000000000
59389  51.989  -9.716  32.102 0.0000000000
126180  52.469  -9.394  32.571 0.0000000000
49316  43.781  -19.037  35.012 0.0000000000
53314  46.437  -15.230  32.565 0.0000000000
52290  46.581  -16.338  33.826 0.0000000000
52301  46.850  -15.512  33.295 0.0000000000
53313  47.092  -14.513  32.899 0.0000000000
54335  47.344  -13.524  33.129 0.0000000000
55288  46.876  -12.726  32.936 0.0000000000
46255  47.631  -21.293  41.836 0.0000000000
47175  47.772  -20.475  40.304 0.0000000000
48169  48.611  -19.980  41.686 0.0000000000
121519  48.215  -20.263  41.011 0.0000000000
125988  48.218  -20.016  40.383 0.0000000000
49255  48.287  -19.248  39.143 0.0000000000
50294  48.426  -18.192  37.953 0.0000000000
50260  50.147  -17.727  40.791 0.0000000000
51259  50.519  -16.941  40.339 0.0000000000
50277  49.398  -18.078  39.214 0.0000000000
50293  49.069  -17.826  38.374 0.0000000000
50310  48.800  -17.619  37.750 0.0000000000
52278  48.664  -15.487  35.424 0.0000000000
52266  49.630  -15.385  36.618 0.0000000000
53289  49.343  -15.038  35.873 0.0000000000
53302  48.816  -14.120  34.457 0.0000000000
55287  47.415  -12.657  33.550 0.0000000000
55278  47.535  -11.900  33.870 0.0000000000
56228  47.102  -11.265  34.164 0.0000000000
56218  47.381  -10.751  34.806 0.0000000000
56216  48.696  -11.269  35.455 0.0000000000
57200  47.653  -10.368  35.420 0.0000000000
57201  46.965  -10.031  35.107 0.0000000000
57191  47.457  -9.861  35.448 0.0000000000
58280  47.521  -9.433  35.326 0.0000000000
59326  47.781  -9.098  35.104 0.0000000000
56182  50.838  -11.543  38.435 0.0000000000
56183  50.234  -10.866  38.036 0.0000000000
57170  49.580  -10.318  37.670 0.0000000000
58246  50.175  -9.859  38.884 0.0000000000
58257  49.758  -10.002  38.263 0.0000000000
57171  49.454  -10.040  37.463 0.0000000000
59309  49.024  -9.578  36.356 0.0000000000
115727  48.987  -9.280  35.870 0.0000000000
59325  48.631  -9.139  35.394 0.0000000000
124582  49.157  -8.908  35.009 0.0000000000
119815  50.122  -9.008  35.211 0.0000000000
59337  50.747  -9.135  34.578 0.0000000000
59322  52.005  -9.255  35.524 0.0000000000
59336  51.625  -9.302  34.731 0.0000000000
73984  58.748  6.558  5.988 0.0000000000
71994  59.866  3.968  6.710 0.0000000000
71018  60.381  3.650  6.969 0.0000000000
71003  60.652  3.652  7.506 0.0000000000
71962  61.905  4.608  8.332 0.0000000000
73950  62.637  6.444  9.001 0.0000000000
72951  60.632  5.906  9.971 0.0000000000
72940  61.449  6.217  10.505 0.0000000000
73929  61.112  6.251  10.137 0.0000000000
73939  61.179  6.214  9.768 0.0000000000
73951  61.837  6.352  9.506 0.0000000000
73937  62.988  7.243  9.514 0.0000000000
74892  63.442  7.676  9.809 0.0000000000
74891  63.968  8.150  9.988 0.0000000000
32232  17.791  -36.394  57.783 0.0000000000
32234  16.536  -35.556  58.602 0.0000000000
33127  14.390  -34.495  59.230 0.0000000000
33148  17.161  -35.195  57.601 0.0000000000
33151  18.433  -35.321  56.060 0.0000000000
33933  13.059  -34.092  59.561 0.0000000000
33944  15.178  -34.292  58.826 0.0000000000
33945  14.488  -33.967  59.218 0.0000000000
33987  16.153  -33.617  53.629 0.0000000000
34798  12.438  -32.995  59.476 0.0000000000
34848  20.688  -32.884  53.428 0.0000000000
41057  30.418  -27.154  51.736 0.0000000000
42036  32.346  -26.555  50.902 0.0000000000
43139  34.700  -25.248  46.361 0.0000000000
43157  35.554  -25.108  45.434 0.0000000000
43158  34.876  -25.093  45.502 0.0000000000
45264  46.309  -22.636  42.055 0.0000000000
45304  44.475  -22.683  40.060 0.0000000000
46249  42.273  -23.529  41.485 0.0000000000
46258  44.211  -23.087  42.400 0.0000000000
46284  42.186  -22.808  38.938 0.0000000000
47259  39.251  -21.283  35.214 0.0000000000
48179  48.591  -19.695  40.929 0.0000000000
51284  48.904  -17.022  37.400 0.0000000000
51296  47.276  -17.181  35.654 0.0000000000
53288  49.855  -14.500  36.357 0.0000000000
54301  50.904  -13.352  37.501 0.0000000000
54318  49.759  -13.350  35.740 0.0000000000
54326  48.325  -13.524  34.149 0.0000000000
54342  46.797  -13.558  32.526 0.0000000000
55259  49.935  -12.497  36.073 0.0000000000
56175  50.537  -10.757  38.715 0.0000000000
56207  48.373  -10.670  35.701 0.0000000000
56250  43.726  -10.880  32.111 0.0000000000
57158  50.463  -10.240  39.164 0.0000000000
57223  45.391  -10.188  33.781 0.0000000000
57348  46.648  -11.519  26.401 0.0000000000
58268  49.200  -10.051  36.903 0.0000000000
58272  48.794  -9.844  36.353 0.0000000000
58281  46.860  -9.495  35.074 0.0000000000
58326  43.274  -10.215  30.906 0.0000000000
58342  49.241  -10.533  30.925 0.0000000000
58358  54.714  -9.532  29.556 0.0000000000
58359  53.440  -10.324  29.645 0.0000000000
59294  49.397  -9.801  37.074 0.0000000000
59355  46.472  -8.852  33.586 0.0000000000
59365  55.231  -8.610  32.334 0.0000000000
59376  44.918  -9.463  32.421 0.0000000000
62247  55.278  -5.600  22.953 0.0000000000
64123  58.288  -3.586  20.940 0.0000000000
65108  58.300  -2.078  16.719 0.0000000000
66946  60.264  -0.145  15.666 0.0000000000
69896  61.818  3.435  15.152 0.0000000000
69897  60.843  3.020  15.496 0.0000000000
69908  59.939  2.851  15.305 0.0000000000
69915  59.800  2.180  14.078 0.0000000000
69922  57.742  2.186  12.216 0.0000000000
69924  55.495  2.726  12.791 0.0000000000
71017  60.977  3.587  6.792 0.0000000000
72908  63.112  5.156  13.906 0.0000000000
72959  63.288  6.287  8.326 0.0000000000
72981  65.144  6.434  6.458 0.0000000000
74883  64.104  8.074  10.589 0.0000000000
74900  65.789  8.168  8.222 0.0000000000
76769  59.686  9.286  4.780 0.0000000000
113670  64.840  7.757  12.130 0.0000000000
116174  34.039  -24.507  43.334 0.0000000000
116314  45.094  -11.774  27.817 0.0000000000
116316  46.016  -8.947  32.334 0.0000000000
117419  29.890  -23.351  38.405 0.0000000000
118589  47.826  -8.896  34.083 0.0000000000
123120  63.353  2.146  15.191 0.0000000000
123763  47.740  -20.867  40.992 0.0000000000
128959  58.707  1.426  16.534 0.0000000000
129424  35.580  -22.940  39.205 0.0000000000
131507  29.272  -25.135  41.998 0.0000000000
132305  19.840  -34.637  55.080 0.0000000000
132371  13.530  -33.584  58.305 0.0000000000
133173  31.086  -26.326  46.864 0.0000000000
133213  47.834  -16.834  35.902 0.0000000000
133311  56.497  -7.439  26.172 0.0000000000
133494  21.029  -30.955  49.812 0.0000000000
133511  47.228  -9.627  31.635 0.0000000000
133713  52.208  -9.288  34.820 0.0000000000
134076  54.249  -5.858  20.931 0.0000000000
134263  44.627  -21.014  37.867 0.0000000000
134273  13.776  -33.931  59.368 0.0000000000
134763  17.064  -34.000  54.161 0.0000000000
136059  50.813  -9.441  32.639 0.0000000000
