#!ascii label  , from subject sub-003S6257 vox2ras=TkReg
806
113714  30.291  -27.685  52.210 0.0000000000
59348  53.485  -8.813  33.225 0.0000000000
60363  62.948  -7.215  30.767 0.0000000000
52227  54.239  -15.368  42.162 0.0000000000
129832  38.043  -25.402  46.301 0.0000000000
38961  35.344  -28.249  50.101 0.0000000000
60353  58.485  -7.312  32.231 0.0000000000
59290  58.330  -8.669  37.613 0.0000000000
49186  50.752  -18.600  44.258 0.0000000000
43109  43.285  -24.149  47.338 0.0000000000
67804  65.747  0.750  22.932 0.0000000000
128293  63.172  -3.961  27.140 0.0000000000
54282  51.471  -13.292  39.228 0.0000000000
59247  53.737  -8.624  40.342 0.0000000000
42061  34.467  -26.318  49.283 0.0000000000
40050  32.618  -27.427  51.450 0.0000000000
60356  55.697  -8.216  33.132 0.0000000000
60307  59.135  -7.548  35.127 0.0000000000
120943  56.433  -7.820  36.227 0.0000000000
43213  49.829  -23.785  42.987 0.0000000000
41089  39.693  -26.367  48.484 0.0000000000
113926  41.191  -24.795  46.528 0.0000000000
41104  41.706  -26.019  47.196 0.0000000000
66872  63.642  0.368  22.976 0.0000000000
65943  65.568  -0.816  23.641 0.0000000000
65928  64.904  -1.066  25.256 0.0000000000
61299  60.821  -6.684  29.281 0.0000000000
61336  61.499  -6.128  26.945 0.0000000000
62184  62.943  -5.531  29.189 0.0000000000
62211  65.085  -5.590  27.164 0.0000000000
59424  63.286  -7.709  28.530 0.0000000000
50200  52.863  -17.063  43.517 0.0000000000
114680  50.953  -15.765  41.908 0.0000000000
54251  52.049  -13.985  42.577 0.0000000000
57146  51.825  -10.431  40.565 0.0000000000
133627  54.461  -12.057  42.218 0.0000000000
57145  55.119  -10.015  40.543 0.0000000000
128648  54.834  -13.882  40.899 0.0000000000
42058  36.573  -26.368  49.127 0.0000000000
60381  58.320  -7.534  29.720 0.0000000000
112778  61.538  -6.611  31.950 0.0000000000
59332  61.038  -7.960  33.699 0.0000000000
58289  59.948  -9.661  34.810 0.0000000000
46193  47.435  -21.838  45.771 0.0000000000
45207  49.482  -21.698  44.824 0.0000000000
47155  51.512  -20.762  43.454 0.0000000000
48167  53.222  -19.765  41.545 0.0000000000
50275  53.669  -17.547  39.557 0.0000000000
46224  44.536  -22.810  45.222 0.0000000000
43130  45.456  -24.248  46.543 0.0000000000
66886  65.831  0.138  20.978 0.0000000000
65012  62.777  -2.689  25.593 0.0000000000
63102  64.996  -3.570  26.457 0.0000000000
61359  64.489  -6.434  25.159 0.0000000000
113085  53.551  -8.801  37.264 0.0000000000
60244  56.158  -8.525  38.868 0.0000000000
57168  56.936  -9.666  38.266 0.0000000000
37724  30.248  -28.589  51.799 0.0000000000
121612  31.602  -27.626  51.746 0.0000000000
37736  31.744  -28.251  51.260 0.0000000000
60343  55.034  -8.340  33.599 0.0000000000
60329  55.825  -7.849  34.491 0.0000000000
60312  55.214  -8.177  34.962 0.0000000000
41088  41.196  -25.983  47.999 0.0000000000
120763  62.938  -0.384  23.234 0.0000000000
66845  63.966  -0.584  24.331 0.0000000000
65930  63.399  -1.337  24.778 0.0000000000
61264  61.903  -6.500  30.825 0.0000000000
62168  62.085  -6.224  29.327 0.0000000000
112126  63.019  -6.487  30.253 0.0000000000
61297  63.931  -6.730  29.398 0.0000000000
50212  53.854  -16.910  42.883 0.0000000000
52218  52.308  -15.210  43.285 0.0000000000
53230  53.201  -14.601  42.967 0.0000000000
55210  53.101  -12.421  42.433 0.0000000000
114475  54.462  -13.794  42.154 0.0000000000
54267  54.824  -13.357  41.579 0.0000000000
52243  54.690  -14.721  41.282 0.0000000000
43081  35.665  -26.241  48.872 0.0000000000
41065  36.439  -26.694  50.092 0.0000000000
41076  37.446  -27.011  49.225 0.0000000000
133155  57.392  -7.782  31.185 0.0000000000
60382  57.227  -8.176  29.908 0.0000000000
60365  58.699  -7.262  31.413 0.0000000000
135496  59.734  -7.029  31.270 0.0000000000
61255  59.672  -6.995  31.924 0.0000000000
60352  61.323  -7.006  32.529 0.0000000000
61239  59.961  -6.958  33.305 0.0000000000
60289  58.868  -7.829  36.038 0.0000000000
59320  59.480  -8.138  35.499 0.0000000000
58271  59.249  -9.416  36.500 0.0000000000
57213  58.957  -10.588  35.235 0.0000000000
57187  58.710  -10.268  37.038 0.0000000000
44159  47.722  -22.759  45.921 0.0000000000
45195  48.774  -22.079  45.663 0.0000000000
44171  48.845  -22.771  44.981 0.0000000000
45229  51.299  -22.321  43.037 0.0000000000
47161  53.001  -20.636  42.143 0.0000000000
44152  42.411  -24.253  46.777 0.0000000000
44175  42.814  -23.680  45.553 0.0000000000
45201  44.229  -23.399  46.372 0.0000000000
135859  45.255  -23.097  46.399 0.0000000000
43107  44.699  -24.023  46.987 0.0000000000
115139  64.280  1.227  22.287 0.0000000000
66877  66.049  0.320  21.938 0.0000000000
65020  65.395  -1.998  24.562 0.0000000000
62213  61.835  -5.379  26.569 0.0000000000
62222  60.383  -5.339  25.358 0.0000000000
63105  62.029  -4.614  26.279 0.0000000000
64067  61.103  -3.587  24.811 0.0000000000
64061  63.235  -3.285  26.545 0.0000000000
65003  63.706  -2.464  26.244 0.0000000000
64052  64.047  -3.602  27.410 0.0000000000
60432  64.544  -7.124  26.534 0.0000000000
120355  65.025  -6.058  25.777 0.0000000000
48137  49.704  -19.490  44.134 0.0000000000
49194  49.858  -18.708  42.989 0.0000000000
53260  51.329  -14.541  40.747 0.0000000000
51258  50.716  -16.115  39.969 0.0000000000
128857  52.238  -9.172  40.410 0.0000000000
59264  50.685  -9.315  39.055 0.0000000000
117320  52.271  -8.695  39.238 0.0000000000
60297  52.111  -9.148  37.416 0.0000000000
60262  53.632  -8.431  39.171 0.0000000000
60277  55.362  -8.461  38.466 0.0000000000
60231  54.917  -8.576  39.747 0.0000000000
56173  54.690  -11.637  39.333 0.0000000000
135419  55.457  -10.357  39.372 0.0000000000
56189  55.217  -10.985  37.673 0.0000000000
112236  56.213  -11.149  36.749 0.0000000000
42034  33.667  -26.548  50.943 0.0000000000
38945  33.848  -27.619  50.882 0.0000000000
37747  34.157  -28.471  49.700 0.0000000000
38964  32.652  -28.134  50.694 0.0000000000
60354  57.647  -7.627  32.474 0.0000000000
130900  58.861  -7.293  33.561 0.0000000000
112552  57.209  -7.495  34.175 0.0000000000
60309  57.602  -7.449  35.901 0.0000000000
60291  57.595  -7.710  36.821 0.0000000000
43113  38.704  -25.306  47.782 0.0000000000
43154  39.593  -25.601  46.171 0.0000000000
43111  40.367  -25.092  47.814 0.0000000000
43090  41.759  -24.794  47.837 0.0000000000
42091  42.944  -24.866  47.449 0.0000000000
42090  44.006  -25.164  47.066 0.0000000000
112212  42.620  -26.171  46.324 0.0000000000
67805  65.347  0.684  23.145 0.0000000000
65956  65.715  -0.248  23.180 0.0000000000
131330  65.309  -0.371  24.036 0.0000000000
133729  65.331  -0.898  24.719 0.0000000000
65019  65.503  -1.990  24.890 0.0000000000
61300  60.081  -7.087  28.692 0.0000000000
127091  60.717  -6.737  28.332 0.0000000000
62185  62.297  -5.823  28.512 0.0000000000
63086  63.478  -4.986  28.336 0.0000000000
63094  64.178  -4.323  27.902 0.0000000000
62182  64.058  -5.379  28.802 0.0000000000
60403  64.366  -7.015  28.004 0.0000000000
50201  51.785  -17.628  44.094 0.0000000000
50214  50.700  -17.673  43.317 0.0000000000
51230  51.844  -16.266  43.465 0.0000000000
53242  51.469  -15.073  42.241 0.0000000000
54269  51.670  -13.762  41.109 0.0000000000
55224  51.544  -12.086  39.926 0.0000000000
123548  52.299  -12.040  41.398 0.0000000000
57115  52.616  -10.940  41.482 0.0000000000
58204  54.099  -10.155  41.524 0.0000000000
58216  54.856  -9.403  40.817 0.0000000000
57112  54.543  -11.062  41.384 0.0000000000
55222  54.813  -12.659  40.967 0.0000000000
54281  54.570  -13.343  39.596 0.0000000000
43097  34.590  -25.916  47.856 0.0000000000
43116  35.846  -25.392  47.755 0.0000000000
43114  37.697  -25.542  47.805 0.0000000000
119621  38.243  -25.795  48.920 0.0000000000
40070  38.579  -27.341  48.624 0.0000000000
61282  59.910  -7.069  29.652 0.0000000000
61265  61.173  -6.665  30.813 0.0000000000
61253  62.076  -6.523  31.523 0.0000000000
60351  62.125  -7.385  32.507 0.0000000000
59364  62.004  -8.310  32.718 0.0000000000
58297  60.622  -9.306  33.452 0.0000000000
60306  59.999  -7.765  34.705 0.0000000000
58288  60.524  -9.181  34.251 0.0000000000
46221  46.612  -21.823  44.813 0.0000000000
47146  47.834  -20.944  44.914 0.0000000000
48127  49.036  -20.587  44.992 0.0000000000
48125  50.030  -19.906  44.630 0.0000000000
44182  49.951  -22.929  43.924 0.0000000000
46218  50.750  -21.130  43.844 0.0000000000
48136  51.066  -19.715  44.226 0.0000000000
49193  52.517  -18.590  43.494 0.0000000000
49204  53.264  -18.515  42.469 0.0000000000
49203  53.525  -17.920  41.976 0.0000000000
51257  54.228  -16.582  40.656 0.0000000000
49235  53.375  -18.765  40.533 0.0000000000
46209  45.962  -22.556  45.961 0.0000000000
45198  46.120  -22.892  46.356 0.0000000000
43151  46.503  -24.323  45.875 0.0000000000
42122  44.636  -25.100  45.941 0.0000000000
42136  45.942  -25.147  44.760 0.0000000000
67838  66.072  0.595  20.211 0.0000000000
65022  61.700  -2.180  24.279 0.0000000000
118878  63.458  -1.980  25.512 0.0000000000
65001  64.912  -2.095  25.920 0.0000000000
64075  65.449  -2.833  25.282 0.0000000000
62210  65.178  -4.653  26.558 0.0000000000
62220  65.313  -4.974  25.653 0.0000000000
133758  64.993  -4.677  25.029 0.0000000000
51250  50.592  -17.038  41.288 0.0000000000
59322  52.005  -9.255  35.524 0.0000000000
128923  53.753  -8.693  34.560 0.0000000000
60294  55.132  -8.602  36.622 0.0000000000
60293  56.440  -8.213  37.281 0.0000000000
60258  57.203  -8.322  38.105 0.0000000000
58230  55.802  -9.136  39.767 0.0000000000
58256  57.083  -9.083  38.801 0.0000000000
57166  58.183  -9.400  37.892 0.0000000000
56201  58.076  -10.588  37.047 0.0000000000
113681  54.407  -15.936  40.214 0.0000000000
53272  54.179  -14.729  39.315 0.0000000000
38928  30.707  -28.216  52.140 0.0000000000
38929  29.738  -28.400  52.193 0.0000000000
40040  30.992  -27.625  52.072 0.0000000000
133538  31.266  -28.125  51.987 0.0000000000
59347  54.240  -8.499  33.215 0.0000000000
60330  55.192  -8.242  34.221 0.0000000000
128980  54.607  -8.398  33.844 0.0000000000
65944  63.026  -0.931  23.948 0.0000000000
65945  62.223  -1.171  23.421 0.0000000000
61263  62.494  -6.605  30.864 0.0000000000
61279  62.475  -6.344  30.033 0.0000000000
60379  63.392  -6.993  30.001 0.0000000000
59412  63.141  -7.775  30.198 0.0000000000
51237  54.033  -16.255  42.328 0.0000000000
51228  53.717  -16.121  42.964 0.0000000000
124348  53.653  -13.994  42.527 0.0000000000
53240  54.635  -14.386  41.738 0.0000000000
53249  54.741  -14.062  41.470 0.0000000000
52237  54.403  -15.496  41.742 0.0000000000
40047  34.957  -27.047  50.801 0.0000000000
41066  35.596  -26.632  50.345 0.0000000000
118647  35.863  -27.044  50.515 0.0000000000
38960  36.073  -28.204  49.814 0.0000000000
60366  57.903  -7.502  31.653 0.0000000000
60372  58.004  -7.484  30.966 0.0000000000
61256  59.097  -7.148  31.531 0.0000000000
61246  59.105  -7.109  32.222 0.0000000000
61245  59.832  -6.890  32.630 0.0000000000
112730  59.275  -7.017  33.052 0.0000000000
59305  58.625  -8.275  36.895 0.0000000000
59304  59.141  -8.596  36.351 0.0000000000
59289  59.016  -8.911  37.000 0.0000000000
57186  59.172  -10.071  36.553 0.0000000000
57175  58.878  -9.793  37.131 0.0000000000
44173  47.510  -23.545  45.686 0.0000000000
44172  48.277  -23.211  45.397 0.0000000000
44184  48.758  -23.644  44.608 0.0000000000
134992  42.711  -24.304  47.286 0.0000000000
44164  42.342  -24.113  46.070 0.0000000000
44163  42.972  -23.793  46.579 0.0000000000
44174  43.582  -23.590  46.017 0.0000000000
44150  43.918  -23.594  47.084 0.0000000000
45189  44.520  -23.454  46.616 0.0000000000
43108  44.143  -23.999  47.274 0.0000000000
68796  65.187  1.271  22.602 0.0000000000
68795  65.838  1.176  22.482 0.0000000000
113486  65.995  0.555  22.622 0.0000000000
62212  62.662  -4.688  27.153 0.0000000000
63104  62.581  -3.981  26.459 0.0000000000
64053  63.672  -3.708  27.356 0.0000000000
60433  64.051  -7.354  26.068 0.0000000000
49187  50.252  -18.870  43.908 0.0000000000
48148  49.825  -19.100  43.557 0.0000000000
127963  50.268  -18.459  43.431 0.0000000000
54276  51.567  -13.798  40.005 0.0000000000
119656  51.082  -14.025  39.063 0.0000000000
59237  52.727  -9.075  40.538 0.0000000000
59262  52.012  -8.795  39.530 0.0000000000
60234  52.652  -8.615  39.832 0.0000000000
60263  52.747  -8.538  38.800 0.0000000000
60248  53.072  -8.465  39.540 0.0000000000
134598  54.350  -8.491  39.410 0.0000000000
60232  54.168  -8.449  39.955 0.0000000000
55229  54.385  -12.470  38.957 0.0000000000
56180  54.904  -10.890  38.857 0.0000000000
56181  54.495  -11.639  38.321 0.0000000000
56190  54.399  -11.740  37.225 0.0000000000
41047  32.555  -26.875  51.496 0.0000000000
41055  33.087  -26.620  51.391 0.0000000000
41046  32.992  -26.830  51.552 0.0000000000
40037  33.438  -26.940  51.484 0.0000000000
40049  33.296  -27.279  51.393 0.0000000000
38963  33.554  -28.111  50.427 0.0000000000
38946  32.986  -27.689  51.088 0.0000000000
59365  55.231  -8.610  32.334 0.0000000000
59385  55.614  -8.738  31.452 0.0000000000
132577  56.178  -8.360  32.126 0.0000000000
60367  57.140  -8.039  31.883 0.0000000000
60355  56.734  -7.948  32.827 0.0000000000
60340  57.362  -7.583  33.379 0.0000000000
60341  56.393  -7.781  33.853 0.0000000000
60311  56.060  -7.709  35.247 0.0000000000
60328  56.629  -7.529  34.717 0.0000000000
60310  56.903  -7.488  35.527 0.0000000000
126520  57.121  -7.567  36.283 0.0000000000
42076  39.007  -25.445  48.607 0.0000000000
43112  39.578  -25.160  47.961 0.0000000000
42075  39.905  -25.559  48.370 0.0000000000
42074  41.531  -25.249  48.056 0.0000000000
41087  41.877  -25.435  47.911 0.0000000000
42073  42.206  -25.016  47.917 0.0000000000
41103  42.417  -25.282  47.420 0.0000000000
120640  42.579  -25.726  46.844 0.0000000000
67806  64.471  0.868  22.836 0.0000000000
67801  64.618  0.366  23.410 0.0000000000
67800  65.351  0.137  23.529 0.0000000000
66858  64.760  -0.163  23.977 0.0000000000
65935  64.326  -0.918  25.004 0.0000000000
66844  64.914  -0.579  24.690 0.0000000000
65927  65.461  -1.442  24.969 0.0000000000
65010  65.180  -1.450  25.334 0.0000000000
62203  62.954  -5.091  28.150 0.0000000000
62183  63.536  -5.428  28.952 0.0000000000
63085  63.858  -4.899  28.382 0.0000000000
60390  64.060  -7.220  28.683 0.0000000000
60404  63.971  -7.393  27.790 0.0000000000
60419  64.007  -7.409  26.944 0.0000000000
60405  63.313  -7.667  27.480 0.0000000000
131256  52.278  -17.497  43.830 0.0000000000
51221  51.638  -17.192  43.750 0.0000000000
51220  52.187  -16.782  43.681 0.0000000000
53232  52.180  -14.606  42.978 0.0000000000
52219  51.929  -15.200  43.087 0.0000000000
53250  51.713  -14.392  42.317 0.0000000000
53251  51.516  -14.435  41.706 0.0000000000
54268  51.783  -13.799  41.957 0.0000000000
55216  52.119  -12.963  41.392 0.0000000000
125770  52.116  -13.254  41.908 0.0000000000
55209  53.808  -12.069  42.458 0.0000000000
56148  52.818  -11.624  42.003 0.0000000000
56147  53.487  -11.542  42.233 0.0000000000
122640  53.180  -10.941  41.776 0.0000000000
57114  53.830  -10.861  41.943 0.0000000000
57113  54.224  -10.918  41.764 0.0000000000
56145  54.628  -11.873  41.849 0.0000000000
54275  54.821  -13.346  41.266 0.0000000000
55215  54.870  -12.730  41.659 0.0000000000
54280  54.797  -13.381  40.598 0.0000000000
55228  54.810  -12.538  39.937 0.0000000000
129371  54.628  -14.177  40.143 0.0000000000
43098  33.509  -26.214  48.190 0.0000000000
43118  33.923  -25.730  47.537 0.0000000000
125398  34.162  -26.214  48.253 0.0000000000
43080  36.393  -26.230  48.849 0.0000000000
43096  35.262  -25.895  48.277 0.0000000000
43095  36.132  -25.786  48.454 0.0000000000
115179  36.752  -25.475  47.944 0.0000000000
131965  36.818  -25.864  48.539 0.0000000000
43094  37.487  -25.703  48.435 0.0000000000
42057  37.557  -25.879  48.851 0.0000000000
117864  57.859  -7.672  30.252 0.0000000000
60380  59.020  -7.201  29.988 0.0000000000
131583  60.152  -6.894  31.713 0.0000000000
133425  60.385  -6.920  30.841 0.0000000000
61254  60.757  -6.781  31.476 0.0000000000
113349  61.603  -6.550  31.396 0.0000000000
135660  62.466  -7.283  31.934 0.0000000000
60350  62.077  -6.729  32.064 0.0000000000
60337  60.699  -7.335  33.327 0.0000000000
60336  61.514  -7.637  33.068 0.0000000000
59345  61.385  -8.234  33.264 0.0000000000
58296  61.162  -8.774  32.978 0.0000000000
59346  60.912  -8.605  33.701 0.0000000000
60326  58.650  -7.406  34.414 0.0000000000
61230  59.340  -7.249  33.715 0.0000000000
60325  59.408  -7.438  34.374 0.0000000000
58278  60.159  -9.073  34.975 0.0000000000
131474  60.051  -8.463  35.027 0.0000000000
57211  60.236  -9.791  34.012 0.0000000000
125098  46.918  -21.677  45.434 0.0000000000
46220  47.388  -21.352  44.917 0.0000000000
46207  47.448  -21.520  45.499 0.0000000000
46205  49.013  -21.338  45.292 0.0000000000
46206  48.569  -21.379  45.384 0.0000000000
119855  48.946  -21.026  45.226 0.0000000000
47137  49.406  -20.597  44.832 0.0000000000
46204  49.615  -21.079  44.860 0.0000000000
43193  49.677  -23.559  43.677 0.0000000000
44200  50.325  -23.243  43.278 0.0000000000
46232  51.439  -21.590  43.243 0.0000000000
45217  50.673  -21.915  43.640 0.0000000000
47144  50.888  -20.384  44.044 0.0000000000
47143  51.593  -19.932  43.633 0.0000000000
48135  51.744  -19.131  43.837 0.0000000000
47154  52.229  -20.364  43.103 0.0000000000
116367  53.163  -20.454  41.843 0.0000000000
48157  53.176  -19.694  42.196 0.0000000000
49215  53.360  -18.902  41.813 0.0000000000
49234  53.532  -18.313  41.188 0.0000000000
115094  53.260  -19.065  41.200 0.0000000000
43133  40.415  -25.183  46.947 0.0000000000
42123  39.970  -25.725  45.269 0.0000000000
43153  40.484  -25.328  45.861 0.0000000000
45220  43.849  -23.168  44.354 0.0000000000
112205  44.427  -22.979  44.013 0.0000000000
46223  45.125  -22.592  44.844 0.0000000000
46210  45.306  -22.645  45.790 0.0000000000
44147  45.490  -23.360  46.494 0.0000000000
45199  45.728  -22.859  46.312 0.0000000000
43105  45.641  -23.779  46.553 0.0000000000
43128  46.723  -23.790  46.071 0.0000000000
43129  46.059  -24.069  46.439 0.0000000000
42106  44.616  -24.912  46.731 0.0000000000
42135  46.824  -25.124  44.573 0.0000000000
67829  66.268  0.769  21.297 0.0000000000
131370  65.435  0.083  20.173 0.0000000000
61337  60.689  -6.574  26.605 0.0000000000
61338  59.778  -6.913  26.335 0.0000000000
61346  60.222  -6.323  25.729 0.0000000000
64066  61.853  -3.145  25.226 0.0000000000
64078  61.319  -2.820  24.514 0.0000000000
65013  62.009  -2.537  24.865 0.0000000000
65021  62.598  -2.054  24.843 0.0000000000
64059  64.509  -2.922  26.637 0.0000000000
65002  64.309  -2.336  26.234 0.0000000000
64058  65.161  -2.783  25.925 0.0000000000
63112  65.308  -3.789  25.815 0.0000000000
62202  64.465  -5.253  28.113 0.0000000000
131240  64.719  -4.753  27.429 0.0000000000
62232  64.829  -5.543  25.097 0.0000000000
50227  50.886  -16.913  42.824 0.0000000000
50228  50.443  -17.619  42.574 0.0000000000
122020  50.732  -16.413  41.756 0.0000000000
56167  51.621  -11.193  40.247 0.0000000000
59292  50.958  -9.274  38.223 0.0000000000
60296  52.823  -9.103  36.917 0.0000000000
59306  52.073  -9.168  36.590 0.0000000000
59321  52.881  -9.111  35.931 0.0000000000
120692  52.862  -9.069  34.892 0.0000000000
60314  53.753  -8.931  36.139 0.0000000000
112512  54.737  -8.566  35.828 0.0000000000
60295  54.317  -8.740  36.666 0.0000000000
60260  55.958  -8.486  38.871 0.0000000000
113575  55.621  -8.435  37.486 0.0000000000
60259  56.671  -8.468  38.553 0.0000000000
60275  56.968  -8.201  37.974 0.0000000000
59276  56.864  -8.531  38.592 0.0000000000
57129  54.768  -10.118  40.887 0.0000000000
59245  55.290  -9.006  40.298 0.0000000000
57144  55.662  -9.251  39.899 0.0000000000
57169  55.886  -10.267  38.544 0.0000000000
57156  56.150  -9.530  39.266 0.0000000000
58255  57.716  -8.991  38.446 0.0000000000
57167  57.782  -9.489  38.117 0.0000000000
57177  57.827  -10.238  37.566 0.0000000000
56202  56.845  -11.460  36.113 0.0000000000
131265  53.931  -17.223  40.270 0.0000000000
50274  54.045  -16.733  39.824 0.0000000000
126640  31.575  -27.212  51.588 0.0000000000
38926  32.049  -27.665  51.518 0.0000000000
38947  32.204  -27.956  51.324 0.0000000000
38927  31.613  -28.134  51.591 0.0000000000
120407  31.111  -28.357  51.738 0.0000000000
60357  54.869  -8.448  32.971 0.0000000000
60342  55.626  -8.105  33.938 0.0000000000
127867  40.462  -26.042  48.285 0.0000000000
40080  40.222  -26.877  47.779 0.0000000000
40079  40.928  -26.701  47.326 0.0000000000
66859  63.883  -0.140  23.615 0.0000000000
133097  63.429  -0.504  23.779 0.0000000000
61280  61.500  -6.463  30.000 0.0000000000
132792  61.470  -6.421  29.352 0.0000000000
62167  63.201  -5.907  29.652 0.0000000000
61277  64.025  -5.912  29.336 0.0000000000
61278  63.497  -6.355  29.754 0.0000000000
117291  53.501  -16.782  43.253 0.0000000000
51229  52.327  -15.879  43.480 0.0000000000
51219  52.933  -16.295  43.450 0.0000000000
52217  52.986  -15.395  43.382 0.0000000000
54250  52.609  -13.936  42.765 0.0000000000
54263  52.627  -13.251  42.467 0.0000000000
54249  53.178  -13.875  42.713 0.0000000000
54248  53.993  -13.279  42.522 0.0000000000
54262  54.874  -12.996  42.066 0.0000000000
129498  54.873  -12.534  41.904 0.0000000000
54261  54.818  -13.460  41.682 0.0000000000
53258  54.801  -13.945  41.259 0.0000000000
53259  54.748  -14.470  40.766 0.0000000000
43082  34.896  -26.193  48.821 0.0000000000
42060  35.194  -26.349  49.481 0.0000000000
42059  35.815  -26.348  49.299 0.0000000000
42041  36.708  -26.455  49.342 0.0000000000
129722  37.063  -26.228  48.942 0.0000000000
41064  37.014  -26.689  49.472 0.0000000000
59384  56.633  -8.407  31.141 0.0000000000
60373  57.294  -7.980  30.646 0.0000000000
112851  58.568  -7.344  30.652 0.0000000000
61266  59.029  -7.172  30.957 0.0000000000
112973  60.552  -6.802  32.185 0.0000000000
61238  60.525  -6.970  32.841 0.0000000000
60308  58.316  -7.466  35.487 0.0000000000
59319  59.577  -8.889  35.668 0.0000000000
58279  59.536  -9.598  35.682 0.0000000000
57198  59.408  -10.145  35.599 0.0000000000
57199  58.735  -10.546  36.297 0.0000000000
56200  58.331  -10.598  36.850 0.0000000000
45197  47.000  -22.586  46.155 0.0000000000
46192  48.156  -21.657  45.591 0.0000000000
45196  47.923  -22.076  45.820 0.0000000000
45209  48.404  -22.319  45.632 0.0000000000
45208  49.166  -22.211  45.357 0.0000000000
44199  50.951  -22.868  42.781 0.0000000000
46231  52.117  -21.164  42.835 0.0000000000
47162  52.570  -20.737  42.534 0.0000000000
46242  52.615  -21.383  42.185 0.0000000000
46241  52.915  -21.059  41.755 0.0000000000
43132  41.716  -24.672  47.225 0.0000000000
121510  41.041  -24.875  45.530 0.0000000000
130492  41.872  -24.427  46.509 0.0000000000
44185  42.663  -23.512  44.638 0.0000000000
45221  43.318  -23.272  45.024 0.0000000000
45212  44.100  -23.202  45.577 0.0000000000
45211  44.798  -22.994  46.139 0.0000000000
45200  44.876  -23.059  46.278 0.0000000000
44148  45.007  -23.715  46.658 0.0000000000
43106  45.198  -23.905  46.683 0.0000000000
68803  65.975  1.529  21.984 0.0000000000
67817  66.180  0.964  22.100 0.0000000000
65031  65.297  -1.686  24.016 0.0000000000
62214  61.102  -5.937  26.038 0.0000000000
62221  61.418  -5.069  25.690 0.0000000000
63115  60.813  -4.403  25.156 0.0000000000
63114  61.771  -4.077  25.575 0.0000000000
63113  62.451  -3.441  25.860 0.0000000000
64060  63.953  -2.952  26.865 0.0000000000
61335  65.013  -6.494  26.648 0.0000000000
127240  64.694  -6.849  25.897 0.0000000000
48149  49.299  -19.681  43.784 0.0000000000
122032  51.185  -15.213  41.369 0.0000000000
51249  50.804  -16.125  41.022 0.0000000000
52245  50.963  -15.338  40.414 0.0000000000
134949  50.853  -15.435  39.597 0.0000000000
58232  51.953  -9.670  40.512 0.0000000000
58245  50.695  -9.798  39.425 0.0000000000
59250  51.748  -9.100  39.935 0.0000000000
60249  51.608  -8.899  38.927 0.0000000000
60281  51.459  -9.205  38.139 0.0000000000
59307  51.429  -9.241  37.354 0.0000000000
60280  51.999  -9.164  37.789 0.0000000000
60279  52.554  -8.884  37.923 0.0000000000
112994  53.517  -8.538  38.258 0.0000000000
60278  54.522  -8.540  37.640 0.0000000000
113039  54.403  -8.481  38.749 0.0000000000
60261  55.048  -8.548  39.128 0.0000000000
60245  55.496  -8.612  39.310 0.0000000000
56172  55.078  -10.952  39.768 0.0000000000
57157  55.363  -10.072  39.950 0.0000000000
57178  56.601  -10.418  37.566 0.0000000000
120792  33.268  -26.458  49.750 0.0000000000
42035  33.076  -26.416  50.819 0.0000000000
42045  33.856  -26.434  50.014 0.0000000000
42033  34.193  -26.678  50.852 0.0000000000
41053  34.075  -26.843  51.130 0.0000000000
38944  34.729  -27.617  50.610 0.0000000000
38962  34.482  -28.184  50.281 0.0000000000
128491  58.159  -7.444  32.981 0.0000000000
60339  58.821  -7.179  32.964 0.0000000000
61231  58.118  -7.382  33.814 0.0000000000
60327  57.609  -7.391  34.901 0.0000000000
60290  58.215  -7.665  36.472 0.0000000000
60273  58.057  -8.022  37.379 0.0000000000
43171  48.686  -24.432  44.088 0.0000000000
113170  37.928  -25.470  47.005 0.0000000000
43155  38.561  -25.568  45.800 0.0000000000
43134  39.564  -25.238  47.378 0.0000000000
113271  40.798  -25.534  48.121 0.0000000000
43091  40.757  -25.068  47.967 0.0000000000
123115  41.318  -24.811  47.688 0.0000000000
43110  42.089  -24.640  47.458 0.0000000000
43089  42.452  -24.636  47.435 0.0000000000
122909  43.696  -24.588  47.347 0.0000000000
41102  43.200  -25.180  47.151 0.0000000000
41114  43.339  -25.570  46.673 0.0000000000
41126  43.211  -25.885  46.031 0.0000000000
66871  65.862  0.250  23.052 0.0000000000
67799  65.658  0.361  23.196 0.0000000000
66857  65.589  -0.142  23.490 0.0000000000
133294  65.463  -0.629  24.013 0.0000000000
65030  65.471  -1.250  24.418 0.0000000000
64076  65.412  -2.834  24.850 0.0000000000
61322  60.148  -7.019  27.486 0.0000000000
61321  61.050  -6.528  27.594 0.0000000000
61298  61.460  -6.363  28.631 0.0000000000
61320  61.731  -6.105  27.860 0.0000000000
62204  62.205  -5.525  27.581 0.0000000000
63096  63.375  -4.415  27.723 0.0000000000
63095  63.796  -4.304  27.885 0.0000000000
61319  64.624  -6.308  27.769 0.0000000000
61296  64.312  -6.536  28.679 0.0000000000
113031  64.355  -5.868  28.606 0.0000000000
60418  64.526  -7.088  27.250 0.0000000000
50202  51.248  -17.875  44.118 0.0000000000
50203  50.708  -18.143  43.852 0.0000000000
51222  51.138  -17.554  43.741 0.0000000000
51231  51.328  -16.955  43.401 0.0000000000
52220  51.477  -16.172  42.971 0.0000000000
120614  52.009  -15.615  43.345 0.0000000000
52228  51.687  -15.387  42.838 0.0000000000
52229  51.284  -15.723  42.471 0.0000000000
55230  51.293  -12.365  38.986 0.0000000000
55217  51.827  -12.959  40.484 0.0000000000
55223  51.981  -12.086  40.739 0.0000000000
56166  52.175  -11.315  40.966 0.0000000000
55211  52.518  -12.423  42.006 0.0000000000
56158  52.476  -11.506  41.590 0.0000000000
125281  52.328  -10.880  41.130 0.0000000000
57132  52.327  -10.288  40.960 0.0000000000
58218  53.057  -9.509  41.102 0.0000000000
59236  53.414  -8.996  40.688 0.0000000000
59235  54.149  -8.968  40.790 0.0000000000
125729  54.431  -9.482  41.068 0.0000000000
57130  54.443  -10.124  41.252 0.0000000000
117764  54.728  -11.074  41.007 0.0000000000
129602  54.829  -12.564  41.830 0.0000000000
56165  54.801  -11.948  41.177 0.0000000000
125380  54.945  -10.926  40.536 0.0000000000
126431  54.923  -11.748  40.307 0.0000000000
130742  37.074  -25.082  45.750 0.0000000000
43115  36.254  -25.196  47.061 0.0000000000
113313  37.086  -25.370  47.086 0.0000000000
114849  38.131  -25.537  48.200 0.0000000000
42056  39.077  -26.123  48.871 0.0000000000
41063  37.406  -26.239  49.054 0.0000000000
120178  38.237  -26.547  48.954 0.0000000000
41075  38.990  -26.679  48.708 0.0000000000
60391  59.373  -7.225  29.131 0.0000000000
61283  59.713  -7.059  30.486 0.0000000000
61281  60.581  -6.814  30.186 0.0000000000
61252  62.556  -6.895  31.496 0.0000000000
60371  62.882  -7.928  30.892 0.0000000000
60364  62.699  -7.646  31.429 0.0000000000
59363  62.546  -8.008  32.070 0.0000000000
59383  62.226  -8.569  32.022 0.0000000000
60338  60.044  -7.254  33.964 0.0000000000
60324  60.598  -7.647  34.107 0.0000000000
59333  60.603  -8.397  34.397 0.0000000000
128753  47.064  -21.789  44.187 0.0000000000
117841  48.073  -20.842  44.323 0.0000000000
47129  47.815  -21.279  45.509 0.0000000000
47138  48.477  -20.829  45.250 0.0000000000
47145  48.668  -20.673  44.852 0.0000000000
48138  49.064  -20.205  44.183 0.0000000000
48126  49.579  -19.999  44.609 0.0000000000
49177  50.172  -19.354  44.315 0.0000000000
45219  49.471  -22.482  44.625 0.0000000000
45230  50.581  -22.638  43.470 0.0000000000
45218  50.142  -22.243  44.238 0.0000000000
46219  50.185  -21.484  44.424 0.0000000000
46203  50.317  -20.799  44.516 0.0000000000
48124  50.498  -19.759  44.444 0.0000000000
49176  50.696  -19.158  44.409 0.0000000000
122567  51.242  -19.020  44.374 0.0000000000
49184  52.020  -18.270  44.128 0.0000000000
49183  52.789  -17.838  43.590 0.0000000000
47153  52.705  -19.987  42.622 0.0000000000
48146  52.777  -19.000  42.779 0.0000000000
49192  53.213  -18.170  43.143 0.0000000000
50226  53.624  -17.634  42.760 0.0000000000
50225  53.879  -17.061  42.231 0.0000000000
51248  54.183  -16.411  41.608 0.0000000000
50242  53.879  -17.342  41.199 0.0000000000
50259  53.681  -17.928  40.382 0.0000000000
49253  53.451  -18.443  39.738 0.0000000000
48189  53.115  -19.258  39.978 0.0000000000
48201  53.125  -18.873  39.279 0.0000000000
42124  39.193  -25.712  45.122 0.0000000000
43175  40.565  -25.339  44.826 0.0000000000
114557  45.809  -22.424  44.364 0.0000000000
46222  46.134  -22.247  45.390 0.0000000000
46208  46.787  -21.959  45.700 0.0000000000
45210  45.285  -22.874  46.275 0.0000000000
46194  46.474  -22.450  46.020 0.0000000000
44160  47.044  -23.178  46.207 0.0000000000
43150  47.274  -24.197  45.423 0.0000000000
42089  44.434  -24.539  47.132 0.0000000000
42105  45.138  -24.599  46.402 0.0000000000
130447  45.516  -24.830  45.859 0.0000000000
127944  45.810  -24.496  46.229 0.0000000000
42121  46.309  -24.710  45.531 0.0000000000
130197  29.621  -27.727  52.151 0.0000000000
65936  62.358  -1.577  24.163 0.0000000000
65929  64.147  -1.436  25.441 0.0000000000
65011  64.096  -1.974  25.916 0.0000000000
65920  64.641  -1.714  25.690 0.0000000000
65009  65.388  -2.006  25.389 0.0000000000
63103  64.576  -3.924  27.144 0.0000000000
121041  65.278  -5.647  26.319 0.0000000000
63126  65.212  -3.833  25.240 0.0000000000
63127  64.379  -4.876  24.441 0.0000000000
50215  50.233  -18.141  42.968 0.0000000000
50243  50.286  -17.735  41.759 0.0000000000
112341  51.253  -9.372  36.256 0.0000000000
59335  52.260  -9.245  34.147 0.0000000000
59334  53.266  -9.034  33.949 0.0000000000
60331  53.968  -8.518  33.814 0.0000000000
113937  54.541  -8.429  34.391 0.0000000000
117740  55.580  -8.146  35.815 0.0000000000
134921  55.871  -8.290  36.629 0.0000000000
60292  57.031  -7.865  37.072 0.0000000000
60274  57.491  -8.125  37.697 0.0000000000
59291  57.779  -8.356  37.864 0.0000000000
134661  55.054  -8.742  40.155 0.0000000000
59261  55.601  -8.690  39.527 0.0000000000
59260  56.448  -8.733  39.169 0.0000000000
58244  56.573  -9.079  39.270 0.0000000000
58243  57.139  -8.905  38.799 0.0000000000
59275  57.474  -8.677  38.401 0.0000000000
58254  57.988  -8.913  38.112 0.0000000000
58267  58.488  -9.341  37.604 0.0000000000
57176  58.511  -9.916  37.427 0.0000000000
115052  57.694  -11.089  36.416 0.0000000000
56188  57.352  -10.781  36.886 0.0000000000
112741  54.443  -15.700  41.042 0.0000000000
52244  54.629  -15.159  40.652 0.0000000000
52250  54.539  -15.200  39.922 0.0000000000
51261  54.051  -16.119  39.523 0.0000000000
128375  54.305  -13.985  39.251 0.0000000000
40038  32.955  -27.042  51.642 0.0000000000
40039  32.366  -27.135  51.555 0.0000000000
40048  34.067  -27.180  51.183 0.0000000000
40058  36.873  -27.291  49.657 0.0000000000
40060  35.582  -27.601  50.363 0.0000000000
41054  33.463  -26.706  51.297 0.0000000000
42042  36.168  -26.422  49.726 0.0000000000
42062  33.857  -26.243  48.984 0.0000000000
42077  38.123  -25.654  48.664 0.0000000000
43079  37.155  -26.018  48.758 0.0000000000
43092  39.694  -25.216  48.154 0.0000000000
43093  38.952  -25.302  48.411 0.0000000000
43131  44.927  -24.365  46.744 0.0000000000
43135  38.727  -25.509  46.774 0.0000000000
43136  37.394  -25.236  46.332 0.0000000000
43152  41.631  -24.407  45.741 0.0000000000
43156  37.710  -25.329  45.683 0.0000000000
44149  44.572  -23.696  46.861 0.0000000000
44151  43.161  -23.816  47.191 0.0000000000
44161  46.242  -23.344  46.412 0.0000000000
44162  43.604  -23.575  46.901 0.0000000000
44183  49.384  -23.268  44.320 0.0000000000
45188  44.971  -23.413  46.523 0.0000000000
46243  51.964  -21.890  42.551 0.0000000000
47136  50.153  -20.720  44.640 0.0000000000
47156  48.804  -20.309  44.039 0.0000000000
48147  52.322  -19.486  43.267 0.0000000000
49185  51.311  -18.412  44.257 0.0000000000
49205  49.996  -18.291  42.357 0.0000000000
50213  53.456  -17.428  43.237 0.0000000000
51238  50.939  -16.299  42.335 0.0000000000
51239  50.587  -16.966  42.099 0.0000000000
52216  53.576  -15.264  42.748 0.0000000000
52236  54.602  -14.778  41.613 0.0000000000
52255  53.865  -15.552  39.181 0.0000000000
53229  53.973  -14.612  42.359 0.0000000000
53231  52.683  -14.581  43.124 0.0000000000
53241  51.826  -14.762  42.692 0.0000000000
55196  53.408  -12.825  42.560 0.0000000000
55197  52.943  -13.238  42.628 0.0000000000
55207  54.912  -12.869  41.830 0.0000000000
55208  54.323  -12.567  42.367 0.0000000000
56146  54.129  -11.464  42.220 0.0000000000
56157  54.736  -12.049  41.556 0.0000000000
57131  52.786  -10.232  41.328 0.0000000000
57188  58.351  -10.294  37.271 0.0000000000
58205  53.489  -10.195  41.512 0.0000000000
58217  53.803  -9.488  41.186 0.0000000000
58219  52.474  -9.619  40.815 0.0000000000
58231  55.261  -9.341  40.400 0.0000000000
58233  51.331  -9.743  40.028 0.0000000000
59246  54.480  -8.648  40.312 0.0000000000
59248  53.010  -8.711  40.221 0.0000000000
59249  52.377  -8.783  40.100 0.0000000000
59263  51.386  -8.975  39.192 0.0000000000
59277  50.883  -9.016  38.949 0.0000000000
60233  53.387  -8.501  39.948 0.0000000000
60246  54.691  -8.541  39.646 0.0000000000
60247  53.879  -8.445  39.704 0.0000000000
60264  51.878  -8.969  38.555 0.0000000000
60265  51.442  -9.080  38.589 0.0000000000
60276  56.273  -8.376  38.247 0.0000000000
60313  54.281  -8.596  35.162 0.0000000000
116625  51.615  -12.900  39.725 0.0000000000
119941  35.649  -26.381  49.834 0.0000000000
122993  51.144  -9.346  39.505 0.0000000000
126128  58.060  -10.200  37.748 0.0000000000
128692  32.692  -26.632  51.352 0.0000000000
129102  34.381  -26.237  48.700 0.0000000000
129607  54.807  -8.980  40.738 0.0000000000
129999  50.490  -20.230  44.474 0.0000000000
130557  53.524  -8.862  35.326 0.0000000000
131197  41.056  -24.848  47.462 0.0000000000
131302  51.851  -15.672  43.196 0.0000000000
133789  49.293  -20.948  45.014 0.0000000000
134935  47.069  -21.897  43.435 0.0000000000
135290  30.049  -27.457  52.143 0.0000000000
135461  34.609  -26.155  48.401 0.0000000000
