#!ascii label  , from subject sub-003S6257 vox2ras=TkReg
1216
96176  42.177  35.871  -1.581 0.0000000000
101179  49.109  45.060  4.712 0.0000000000
95636  53.332  34.610  -0.087 0.0000000000
96669  41.475  37.934  4.822 0.0000000000
134278  45.588  36.053  5.270 0.0000000000
100130  46.864  43.465  -3.436 0.0000000000
102626  50.303  49.034  8.757 0.0000000000
104848  47.614  54.288  9.047 0.0000000000
94055  55.065  32.101  4.929 0.0000000000
92468  50.913  29.152  -1.474 0.0000000000
98998  45.941  41.062  -1.421 0.0000000000
95661  49.123  36.366  -2.167 0.0000000000
97808  48.726  39.406  3.624 0.0000000000
98319  54.906  40.488  6.001 0.0000000000
106691  46.099  58.338  6.108 0.0000000000
102204  46.902  47.871  3.051 0.0000000000
94067  49.308  32.746  3.447 0.0000000000
96716  40.940  36.296  1.309 0.0000000000
114814  43.880  37.453  4.589 0.0000000000
96697  44.112  37.608  1.739 0.0000000000
97875  44.386  39.673  -3.287 0.0000000000
96728  40.634  36.595  -0.306 0.0000000000
103135  45.418  49.739  10.057 0.0000000000
93521  53.852  32.105  7.504 0.0000000000
93026  51.357  30.485  4.153 0.0000000000
93006  49.158  31.113  6.228 0.0000000000
105880  49.338  55.780  2.453 0.0000000000
99539  45.905  42.910  2.115 0.0000000000
97836  46.507  39.262  1.458 0.0000000000
98928  46.821  41.599  5.734 0.0000000000
121291  55.049  43.246  12.444 0.0000000000
98887  53.768  41.584  7.957 0.0000000000
98276  56.267  40.826  9.392 0.0000000000
97235  53.689  38.816  6.002 0.0000000000
103172  48.275  50.078  7.238 0.0000000000
103767  45.666  50.461  6.328 0.0000000000
101712  47.061  46.224  3.632 0.0000000000
100101  47.745  43.246  0.210 0.0000000000
96169  51.384  36.194  -1.262 0.0000000000
132876  50.174  35.687  1.380 0.0000000000
94571  52.229  33.628  1.626 0.0000000000
95068  44.096  34.551  6.276 0.0000000000
94548  44.960  32.993  5.053 0.0000000000
101750  51.752  47.018  -0.167 0.0000000000
101252  47.011  45.036  -1.582 0.0000000000
121060  51.492  48.265  6.458 0.0000000000
101162  50.462  45.155  6.417 0.0000000000
104342  40.120  52.328  8.188 0.0000000000
105840  42.510  55.000  8.956 0.0000000000
126288  49.162  52.534  9.521 0.0000000000
95095  54.321  33.443  1.874 0.0000000000
93588  53.933  31.592  0.414 0.0000000000
92427  53.699  29.587  1.362 0.0000000000
91759  49.404  28.739  1.526 0.0000000000
125680  45.057  37.788  -4.862 0.0000000000
96187  46.000  36.557  -2.232 0.0000000000
96756  47.707  37.280  -2.916 0.0000000000
97295  49.394  37.944  -0.436 0.0000000000
97275  51.346  38.299  1.218 0.0000000000
98904  49.962  41.629  7.414 0.0000000000
98336  52.225  40.372  4.586 0.0000000000
96679  53.208  37.932  3.386 0.0000000000
96107  55.093  36.688  4.829 0.0000000000
95074  53.738  34.606  5.883 0.0000000000
106713  46.568  57.158  3.424 0.0000000000
105373  48.449  54.239  3.540 0.0000000000
104370  45.767  51.903  4.333 0.0000000000
135675  48.677  49.726  2.555 0.0000000000
101228  49.803  45.272  0.178 0.0000000000
99005  47.821  41.904  -3.964 0.0000000000
122678  47.350  37.005  1.956 0.0000000000
131435  48.022  34.514  4.484 0.0000000000
94071  45.728  32.369  3.630 0.0000000000
93592  49.814  31.208  1.538 0.0000000000
96727  41.939  36.335  0.107 0.0000000000
96698  42.921  37.358  1.819 0.0000000000
96726  42.904  37.029  -0.189 0.0000000000
97316  43.178  37.185  -3.083 0.0000000000
97862  42.690  38.383  -1.537 0.0000000000
96192  41.185  35.919  -1.268 0.0000000000
96161  40.372  35.825  0.041 0.0000000000
121926  52.203  31.644  8.599 0.0000000000
93534  50.879  31.552  6.838 0.0000000000
93524  50.590  31.600  7.801 0.0000000000
93556  42.686  31.200  4.547 0.0000000000
100071  46.902  43.194  4.086 0.0000000000
99520  45.691  42.095  3.658 0.0000000000
100058  47.133  43.053  5.438 0.0000000000
99415  55.689  42.183  13.174 0.0000000000
99443  55.968  41.927  11.348 0.0000000000
102192  48.433  46.648  5.581 0.0000000000
102193  47.319  46.902  5.454 0.0000000000
101190  48.139  45.065  4.272 0.0000000000
127540  47.477  43.915  3.041 0.0000000000
96153  52.389  35.704  -0.808 0.0000000000
95627  51.775  34.538  -0.076 0.0000000000
95115  52.920  33.845  -0.565 0.0000000000
131640  40.841  37.914  5.913 0.0000000000
96639  42.122  37.412  6.304 0.0000000000
96666  44.693  37.183  4.716 0.0000000000
96102  44.301  36.235  5.897 0.0000000000
95593  45.000  35.562  5.702 0.0000000000
95078  44.618  34.110  5.872 0.0000000000
95077  45.342  34.544  5.603 0.0000000000
100690  49.989  44.782  -2.440 0.0000000000
101775  49.709  45.870  -1.674 0.0000000000
100694  46.449  43.985  -2.529 0.0000000000
96686  39.506  36.705  3.171 0.0000000000
96670  39.560  37.353  4.332 0.0000000000
103154  51.600  49.910  8.125 0.0000000000
102637  53.074  48.622  7.503 0.0000000000
102170  51.908  48.642  8.878 0.0000000000
103157  47.754  49.429  9.234 0.0000000000
103706  46.876  50.926  10.066 0.0000000000
103132  49.429  50.585  9.452 0.0000000000
103750  50.430  51.119  8.240 0.0000000000
116100  55.228  32.907  4.425 0.0000000000
93587  54.774  31.305  1.376 0.0000000000
93024  54.305  30.791  3.719 0.0000000000
92405  49.368  29.533  4.022 0.0000000000
92417  50.485  29.521  2.778 0.0000000000
92432  49.040  29.056  2.529 0.0000000000
97873  46.371  39.470  -3.603 0.0000000000
96765  46.740  37.340  -4.255 0.0000000000
97315  46.046  38.647  -2.077 0.0000000000
97825  47.440  39.087  2.593 0.0000000000
97291  47.703  38.560  0.338 0.0000000000
126820  49.124  38.527  1.253 0.0000000000
97277  49.988  38.367  0.818 0.0000000000
97266  50.088  39.041  1.959 0.0000000000
101150  51.272  45.376  8.158 0.0000000000
100021  49.122  43.493  7.447 0.0000000000
100008  50.314  43.390  8.681 0.0000000000
98900  54.633  41.498  6.906 0.0000000000
116125  52.722  41.269  6.438 0.0000000000
98320  53.820  41.057  4.956 0.0000000000
97804  52.853  39.448  3.685 0.0000000000
130721  54.359  38.955  4.383 0.0000000000
96678  54.279  37.377  3.849 0.0000000000
96650  54.482  38.346  5.084 0.0000000000
96652  52.052  37.714  5.848 0.0000000000
96099  52.662  36.561  5.131 0.0000000000
107094  46.665  58.278  4.759 0.0000000000
106302  48.914  57.421  4.113 0.0000000000
124595  47.319  56.906  4.857 0.0000000000
105332  45.439  55.782  9.450 0.0000000000
106269  44.758  57.156  9.083 0.0000000000
105844  46.752  55.658  8.897 0.0000000000
103202  45.499  49.007  4.648 0.0000000000
104371  45.358  51.599  5.205 0.0000000000
130553  46.436  49.802  3.691 0.0000000000
124044  47.385  50.937  3.006 0.0000000000
103214  47.868  49.273  2.812 0.0000000000
102223  49.645  47.560  1.560 0.0000000000
101722  48.259  47.122  1.895 0.0000000000
98979  46.295  42.109  -0.290 0.0000000000
116172  47.786  42.746  -1.388 0.0000000000
98406  46.667  41.412  -2.191 0.0000000000
114994  46.294  40.132  -4.799 0.0000000000
96186  47.387  36.136  -2.459 0.0000000000
112124  46.794  36.730  -0.346 0.0000000000
96156  48.256  36.568  -0.004 0.0000000000
95091  50.057  34.295  3.595 0.0000000000
95601  48.699  35.537  3.738 0.0000000000
94544  48.375  33.938  4.221 0.0000000000
94056  47.044  33.043  4.162 0.0000000000
94069  47.513  32.541  3.453 0.0000000000
93071  52.172  29.289  -0.275 0.0000000000
93590  52.030  31.120  1.448 0.0000000000
93073  50.058  30.408  -0.604 0.0000000000
96700  41.174  36.967  2.528 0.0000000000
96668  42.378  38.014  4.600 0.0000000000
96684  42.654  37.481  2.694 0.0000000000
96682  44.310  37.585  3.443 0.0000000000
96681  45.503  37.437  3.047 0.0000000000
131543  45.735  42.017  -3.940 0.0000000000
96131  40.116  36.004  1.490 0.0000000000
93530  54.831  32.147  6.319 0.0000000000
93553  54.023  31.064  4.720 0.0000000000
93544  52.225  31.436  5.610 0.0000000000
115313  50.523  31.104  5.352 0.0000000000
99547  45.868  42.157  0.749 0.0000000000
97846  45.739  39.815  0.400 0.0000000000
98955  45.413  41.351  2.161 0.0000000000
131561  45.734  40.596  3.392 0.0000000000
97797  47.668  39.717  4.150 0.0000000000
99977  53.617  43.601  11.468 0.0000000000
99446  52.141  42.860  10.247 0.0000000000
99444  54.025  42.323  10.893 0.0000000000
128346  55.605  41.444  8.876 0.0000000000
98911  55.672  40.981  7.216 0.0000000000
97234  54.282  39.179  5.892 0.0000000000
97752  54.937  39.908  7.911 0.0000000000
97768  53.019  39.368  7.337 0.0000000000
97225  51.197  38.765  6.948 0.0000000000
115843  44.818  57.436  6.788 0.0000000000
104338  48.117  52.013  8.052 0.0000000000
104340  46.399  52.715  7.528 0.0000000000
103187  47.075  49.669  6.879 0.0000000000
102650  45.825  48.474  5.286 0.0000000000
101713  46.540  46.867  3.368 0.0000000000
100655  47.844  45.207  1.814 0.0000000000
101201  47.438  45.403  2.848 0.0000000000
100093  46.700  43.168  1.743 0.0000000000
95653  50.233  36.062  -1.425 0.0000000000
96155  49.687  35.989  -0.160 0.0000000000
95638  51.071  35.352  -0.424 0.0000000000
95106  51.298  34.762  1.656 0.0000000000
94065  51.079  33.143  3.071 0.0000000000
91801  49.428  28.941  -1.266 0.0000000000
114035  48.684  30.118  -2.356 0.0000000000
95070  42.752  33.850  7.072 0.0000000000
130431  43.168  36.510  6.443 0.0000000000
95584  43.520  35.136  6.553 0.0000000000
94531  42.967  33.128  6.782 0.0000000000
94530  43.343  32.852  6.209 0.0000000000
94052  43.672  32.345  5.508 0.0000000000
93555  43.536  31.512  4.323 0.0000000000
102244  50.751  47.339  -0.530 0.0000000000
101764  47.753  46.131  -0.587 0.0000000000
132419  50.381  46.939  5.657 0.0000000000
100622  49.692  44.830  5.437 0.0000000000
101687  51.475  46.603  5.988 0.0000000000
101682  52.816  46.964  7.135 0.0000000000
101140  53.013  45.817  9.366 0.0000000000
101132  54.096  46.252  10.926 0.0000000000
100558  54.299  45.046  12.453 0.0000000000
105343  41.132  53.949  8.716 0.0000000000
104850  44.095  54.009  9.070 0.0000000000
105331  46.492  54.245  9.499 0.0000000000
104841  48.165  53.590  9.571 0.0000000000
104337  49.103  52.142  8.352 0.0000000000
102640  49.648  48.627  6.592 0.0000000000
121693  53.992  33.968  1.030 0.0000000000
94580  53.741  33.258  0.048 0.0000000000
94101  54.574  31.947  0.466 0.0000000000
92454  53.932  30.181  0.677 0.0000000000
92456  52.171  29.077  -0.148 0.0000000000
93035  52.947  30.071  3.080 0.0000000000
92429  52.032  29.178  1.392 0.0000000000
91789  50.106  28.515  -0.534 0.0000000000
96210  43.558  36.582  -3.106 0.0000000000
96189  43.328  36.403  -2.426 0.0000000000
96208  45.015  36.419  -3.934 0.0000000000
96207  47.130  36.161  -4.045 0.0000000000
96198  48.680  36.085  -2.987 0.0000000000
97298  46.393  38.808  -0.705 0.0000000000
97306  48.079  37.905  -1.386 0.0000000000
96747  49.861  37.139  -1.890 0.0000000000
96735  50.761  37.356  -0.867 0.0000000000
96722  51.666  37.114  -0.150 0.0000000000
131525  52.177  36.740  0.611 0.0000000000
100040  48.028  43.321  6.388 0.0000000000
98314  48.082  41.099  6.445 0.0000000000
98339  48.855  40.067  5.068 0.0000000000
98889  51.250  41.708  8.128 0.0000000000
98311  51.057  40.706  6.115 0.0000000000
127415  50.495  39.845  4.090 0.0000000000
97821  51.408  39.356  2.616 0.0000000000
97264  52.185  38.648  2.528 0.0000000000
125070  52.390  36.322  1.373 0.0000000000
95616  53.411  35.148  2.995 0.0000000000
125245  54.869  35.069  4.367 0.0000000000
95081  55.459  34.265  5.455 0.0000000000
96651  54.385  37.768  5.174 0.0000000000
95599  54.652  35.983  5.135 0.0000000000
95065  55.484  33.996  6.205 0.0000000000
95058  54.573  33.315  7.942 0.0000000000
106705  48.740  57.456  3.402 0.0000000000
105869  49.571  55.865  3.401 0.0000000000
104904  49.942  53.107  2.671 0.0000000000
104866  45.410  53.199  6.370 0.0000000000
105864  45.949  54.909  5.142 0.0000000000
105374  46.968  53.611  3.685 0.0000000000
104389  48.451  51.359  2.658 0.0000000000
103803  50.338  50.596  2.070 0.0000000000
102673  50.691  48.326  1.503 0.0000000000
101751  51.125  46.289  0.041 0.0000000000
100119  49.831  44.506  -2.411 0.0000000000
100654  48.546  44.790  0.804 0.0000000000
100111  49.269  43.776  -1.541 0.0000000000
100141  47.571  42.834  -4.214 0.0000000000
99013  45.824  41.007  -4.545 0.0000000000
129442  44.592  38.715  -4.380 0.0000000000
96739  44.962  37.349  -0.725 0.0000000000
96711  46.211  37.325  1.670 0.0000000000
96119  46.703  36.835  3.572 0.0000000000
96127  49.018  36.429  1.875 0.0000000000
96117  48.153  36.343  3.305 0.0000000000
95075  46.736  35.099  5.308 0.0000000000
95085  46.713  34.304  5.051 0.0000000000
94058  45.382  32.654  4.407 0.0000000000
94091  53.096  31.999  1.301 0.0000000000
93572  51.302  31.771  2.298 0.0000000000
93574  49.258  31.672  2.302 0.0000000000
93631  48.036  30.672  -1.108 0.0000000000
93576  47.316  31.705  1.890 0.0000000000
92999  47.675  30.712  7.534 0.0000000000
92390  47.389  29.649  6.287 0.0000000000
96159  42.030  35.814  -0.811 0.0000000000
96741  42.923  36.418  -1.090 0.0000000000
96759  42.474  36.463  -2.356 0.0000000000
96750  41.722  36.353  -1.766 0.0000000000
96191  41.926  35.970  -1.913 0.0000000000
96177  41.460  35.804  -1.159 0.0000000000
114419  51.312  31.474  8.667 0.0000000000
100624  48.061  44.162  4.524 0.0000000000
121078  47.393  43.507  4.728 0.0000000000
100623  48.957  44.617  4.964 0.0000000000
101692  48.932  45.797  5.087 0.0000000000
100630  48.442  44.681  4.473 0.0000000000
100631  47.862  44.546  3.963 0.0000000000
95637  52.842  35.122  -0.475 0.0000000000
95120  52.767  34.198  -0.635 0.0000000000
95119  52.985  34.364  -0.636 0.0000000000
112614  40.670  37.674  5.055 0.0000000000
96656  41.493  37.943  5.783 0.0000000000
96111  45.599  36.744  4.630 0.0000000000
96101  44.898  36.507  5.303 0.0000000000
95592  45.882  35.305  5.419 0.0000000000
100692  48.429  44.446  -3.041 0.0000000000
101263  49.359  44.920  -2.669 0.0000000000
100693  47.516  43.979  -3.200 0.0000000000
112515  40.521  37.556  4.017 0.0000000000
115433  50.756  50.229  8.742 0.0000000000
102625  51.458  49.422  8.579 0.0000000000
103156  48.774  49.651  9.166 0.0000000000
103133  48.389  50.448  9.585 0.0000000000
120240  49.877  49.865  9.208 0.0000000000
103155  50.189  50.660  9.189 0.0000000000
134350  55.245  32.502  4.771 0.0000000000
125907  54.898  32.059  4.038 0.0000000000
93560  54.707  31.397  3.921 0.0000000000
92418  49.602  29.428  3.104 0.0000000000
135958  46.176  39.873  -2.833 0.0000000000
97874  45.811  39.286  -2.288 0.0000000000
97860  45.718  39.746  -1.477 0.0000000000
97809  47.617  39.354  3.358 0.0000000000
97268  48.182  38.723  1.813 0.0000000000
97824  48.434  39.027  2.727 0.0000000000
97267  49.180  38.843  1.992 0.0000000000
97823  49.488  39.181  2.743 0.0000000000
100579  51.692  44.904  9.478 0.0000000000
100580  50.687  44.442  8.653 0.0000000000
99992  50.978  43.686  9.365 0.0000000000
98924  54.949  40.955  6.019 0.0000000000
98925  54.293  41.179  5.584 0.0000000000
123769  54.492  40.769  5.387 0.0000000000
98334  54.150  40.517  4.663 0.0000000000
97791  54.338  39.706  4.486 0.0000000000
97250  54.554  38.092  4.615 0.0000000000
123210  54.573  39.123  5.007 0.0000000000
96637  51.007  37.540  6.177 0.0000000000
107082  45.813  58.491  5.853 0.0000000000
106700  45.910  58.376  5.231 0.0000000000
106690  46.477  58.303  5.463 0.0000000000
106699  47.328  58.168  5.016 0.0000000000
106289  46.804  57.934  5.478 0.0000000000
127879  47.036  54.903  9.356 0.0000000000
105833  46.382  55.857  9.284 0.0000000000
105347  47.084  54.958  8.912 0.0000000000
102663  46.519  48.153  3.743 0.0000000000
103788  45.861  49.702  4.251 0.0000000000
102662  47.061  48.734  3.237 0.0000000000
103209  47.088  49.563  3.306 0.0000000000
102669  47.711  48.420  2.643 0.0000000000
102212  47.466  47.497  2.525 0.0000000000
98989  46.428  41.741  -1.201 0.0000000000
98420  46.584  40.550  -3.448 0.0000000000
95656  48.165  35.947  -2.608 0.0000000000
96185  47.903  36.191  -1.683 0.0000000000
96171  48.496  36.178  -1.047 0.0000000000
94555  49.705  33.527  3.599 0.0000000000
94543  49.195  34.140  3.876 0.0000000000
94556  48.816  33.384  3.753 0.0000000000
94557  47.994  33.109  4.190 0.0000000000
94068  48.436  32.657  3.527 0.0000000000
93081  51.100  29.427  -1.183 0.0000000000
93072  51.113  30.005  -0.525 0.0000000000
131578  50.444  30.118  -1.112 0.0000000000
112619  42.414  37.724  3.564 0.0000000000
96699  41.914  37.077  1.844 0.0000000000
112627  43.753  37.636  2.705 0.0000000000
114254  44.728  37.636  2.830 0.0000000000
98421  44.532  40.651  -3.075 0.0000000000
99008  44.743  41.401  -2.613 0.0000000000
98409  44.031  39.919  -2.394 0.0000000000
97300  41.944  37.502  -1.298 0.0000000000
97853  42.351  38.733  -0.788 0.0000000000
96144  40.929  35.840  0.371 0.0000000000
96145  40.075  35.655  0.734 0.0000000000
94045  54.659  32.358  7.228 0.0000000000
93531  54.104  31.822  6.531 0.0000000000
93532  53.047  31.806  6.613 0.0000000000
93545  51.132  31.427  5.923 0.0000000000
93546  50.166  31.419  6.007 0.0000000000
93016  49.684  30.726  5.234 0.0000000000
93017  48.753  30.360  5.532 0.0000000000
106318  48.613  56.316  1.583 0.0000000000
99540  45.612  42.185  1.680 0.0000000000
98967  45.430  41.382  1.231 0.0000000000
99530  45.634  42.116  2.619 0.0000000000
98935  45.908  41.507  4.305 0.0000000000
135105  45.659  41.245  3.733 0.0000000000
98342  45.952  40.719  4.097 0.0000000000
98341  46.723  40.235  4.452 0.0000000000
98327  46.761  40.820  5.262 0.0000000000
99963  54.480  43.994  12.233 0.0000000000
99445  52.937  42.680  10.943 0.0000000000
99429  54.064  42.964  11.572 0.0000000000
98873  56.277  41.404  10.584 0.0000000000
98877  55.992  41.462  9.686 0.0000000000
98884  56.235  41.109  8.810 0.0000000000
98885  55.733  41.303  8.054 0.0000000000
98290  56.197  40.958  8.583 0.0000000000
97766  55.313  40.161  7.502 0.0000000000
97751  55.492  40.414  8.233 0.0000000000
97753  53.931  39.839  7.807 0.0000000000
97754  52.652  39.673  8.053 0.0000000000
97224  52.283  38.886  6.817 0.0000000000
97769  51.894  39.270  7.475 0.0000000000
103765  47.590  50.740  7.407 0.0000000000
101694  47.092  46.535  4.892 0.0000000000
102186  46.815  47.649  5.764 0.0000000000
118084  46.531  47.187  5.071 0.0000000000
102199  46.451  47.498  4.226 0.0000000000
117630  47.016  46.401  2.963 0.0000000000
135561  47.248  45.903  3.277 0.0000000000
100087  46.613  43.194  2.518 0.0000000000
100086  47.377  43.545  2.130 0.0000000000
115949  46.294  42.681  1.305 0.0000000000
95652  51.077  35.733  -1.327 0.0000000000
95645  50.667  35.641  -1.007 0.0000000000
125091  51.371  35.401  -1.077 0.0000000000
95105  51.949  34.180  1.173 0.0000000000
95097  51.524  34.120  2.410 0.0000000000
94553  51.194  33.734  2.993 0.0000000000
94563  51.882  33.288  2.416 0.0000000000
95061  42.171  34.602  7.546 0.0000000000
120523  42.840  34.869  6.988 0.0000000000
96667  43.154  37.782  4.337 0.0000000000
96654  43.233  37.467  5.274 0.0000000000
95583  44.239  35.381  6.186 0.0000000000
96092  43.703  36.010  6.437 0.0000000000
95069  43.443  34.265  6.639 0.0000000000
117066  43.363  33.531  6.540 0.0000000000
94529  43.998  33.752  6.219 0.0000000000
94537  44.456  33.413  5.583 0.0000000000
94051  44.283  32.686  5.222 0.0000000000
94060  44.040  31.974  4.847 0.0000000000
94059  44.672  32.399  4.555 0.0000000000
102672  51.739  48.326  0.977 0.0000000000
101749  51.847  47.291  -0.151 0.0000000000
101237  48.499  45.748  -1.457 0.0000000000
121716  48.776  46.287  -0.815 0.0000000000
101238  47.439  45.549  -1.128 0.0000000000
101253  46.210  44.983  -1.084 0.0000000000
102183  51.189  47.157  5.917 0.0000000000
102182  52.107  47.612  6.376 0.0000000000
101685  53.141  47.468  7.121 0.0000000000
101148  53.330  46.788  8.042 0.0000000000
125213  53.883  46.668  10.255 0.0000000000
100567  54.199  45.713  11.775 0.0000000000
104341  40.813  53.312  8.430 0.0000000000
104851  42.833  53.679  8.843 0.0000000000
104324  44.090  52.566  9.032 0.0000000000
104843  45.353  53.346  9.287 0.0000000000
103705  48.065  51.466  9.874 0.0000000000
124438  47.487  52.006  9.943 0.0000000000
104308  47.572  53.006  9.917 0.0000000000
104840  48.826  53.165  9.316 0.0000000000
104323  48.922  53.106  8.821 0.0000000000
104322  49.469  52.504  8.982 0.0000000000
103183  51.040  49.812  7.365 0.0000000000
103170  50.485  50.605  7.692 0.0000000000
102639  50.764  48.939  6.768 0.0000000000
115370  50.462  47.856  6.245 0.0000000000
95103  54.275  33.229  0.535 0.0000000000
94570  54.634  32.560  1.019 0.0000000000
93047  54.452  30.316  1.817 0.0000000000
93055  54.649  30.639  1.176 0.0000000000
92439  53.840  29.799  0.810 0.0000000000
92455  52.951  29.092  -0.041 0.0000000000
92440  53.276  29.335  0.563 0.0000000000
93025  52.945  31.107  4.690 0.0000000000
113158  53.485  30.607  3.827 0.0000000000
93036  51.922  30.041  3.249 0.0000000000
92431  49.956  29.141  2.102 0.0000000000
92430  50.944  29.256  1.687 0.0000000000
92443  50.394  28.619  1.101 0.0000000000
92442  51.478  28.768  0.619 0.0000000000
91773  49.815  28.462  0.563 0.0000000000
91790  49.256  28.705  -0.127 0.0000000000
91774  48.895  28.591  0.974 0.0000000000
96766  44.024  36.867  -3.922 0.0000000000
96209  44.275  36.556  -3.570 0.0000000000
96217  44.642  36.665  -4.130 0.0000000000
96757  47.064  37.443  -3.517 0.0000000000
96214  46.761  36.812  -4.348 0.0000000000
96764  47.397  36.650  -3.730 0.0000000000
96206  47.882  36.001  -3.372 0.0000000000
96763  48.099  36.428  -3.101 0.0000000000
97837  45.700  39.838  1.217 0.0000000000
97851  46.249  39.128  0.090 0.0000000000
97845  46.154  39.390  0.760 0.0000000000
97290  48.592  38.370  -0.041 0.0000000000
97297  47.910  38.351  -0.513 0.0000000000
97296  48.734  37.865  -0.877 0.0000000000
96748  49.007  37.424  -1.929 0.0000000000
96737  49.422  37.557  -1.231 0.0000000000
96736  50.076  37.505  -1.026 0.0000000000
97276  50.826  38.168  0.557 0.0000000000
96723  51.087  37.601  -0.158 0.0000000000
96710  51.371  37.741  0.434 0.0000000000
96721  52.186  36.602  -0.218 0.0000000000
96709  51.809  37.391  0.736 0.0000000000
100613  49.667  44.680  6.246 0.0000000000
100614  48.800  44.180  6.048 0.0000000000
100604  49.119  44.048  6.839 0.0000000000
99476  49.491  42.533  7.783 0.0000000000
124664  48.451  42.076  7.210 0.0000000000
98917  48.639  41.449  6.911 0.0000000000
98325  48.352  40.449  5.866 0.0000000000
98313  48.937  40.748  6.454 0.0000000000
120069  52.335  42.266  9.564 0.0000000000
99464  51.616  42.180  8.828 0.0000000000
98888  52.394  41.654  8.006 0.0000000000
98310  52.230  40.867  5.871 0.0000000000
98914  51.556  41.144  6.669 0.0000000000
98322  51.681  40.531  5.294 0.0000000000
98323  50.489  40.393  5.529 0.0000000000
98337  51.059  40.222  4.697 0.0000000000
97806  51.013  39.732  3.252 0.0000000000
97794  51.594  39.906  4.015 0.0000000000
97256  52.950  38.786  3.301 0.0000000000
96694  52.417  38.013  2.617 0.0000000000
96708  52.119  37.262  1.641 0.0000000000
96116  52.600  36.880  2.959 0.0000000000
95617  52.954  35.763  2.137 0.0000000000
96126  53.674  36.211  3.570 0.0000000000
96115  54.877  36.590  4.382 0.0000000000
95608  54.640  35.752  3.992 0.0000000000
95607  55.226  36.030  4.751 0.0000000000
114381  55.058  34.049  4.588 0.0000000000
115097  55.442  35.122  5.010 0.0000000000
97779  54.359  39.408  6.555 0.0000000000
97243  54.174  38.591  5.527 0.0000000000
116993  53.295  38.041  5.540 0.0000000000
95600  53.037  35.835  4.796 0.0000000000
96108  53.877  36.554  5.116 0.0000000000
95589  53.665  35.297  5.238 0.0000000000
95588  54.794  35.095  5.517 0.0000000000
95073  54.905  34.359  6.228 0.0000000000
94528  54.902  33.559  6.929 0.0000000000
106303  45.390  56.714  3.664 0.0000000000
106313  44.795  55.627  3.190 0.0000000000
106312  45.816  56.054  2.777 0.0000000000
106712  47.826  57.612  3.343 0.0000000000
127058  49.011  55.546  3.775 0.0000000000
105870  49.232  56.550  3.843 0.0000000000
105372  49.845  54.864  3.322 0.0000000000
104890  49.277  53.667  3.117 0.0000000000
104348  46.062  51.465  6.956 0.0000000000
104861  45.815  53.422  7.347 0.0000000000
104349  45.552  52.305  6.686 0.0000000000
104872  45.447  53.086  5.618 0.0000000000
105366  45.638  53.671  5.117 0.0000000000
104877  46.040  53.001  4.351 0.0000000000
105365  46.441  54.172  4.477 0.0000000000
103805  47.904  50.226  2.829 0.0000000000
104381  47.351  51.826  3.187 0.0000000000
103804  49.142  50.495  2.437 0.0000000000
102667  50.203  49.084  1.872 0.0000000000
101216  50.200  46.192  0.601 0.0000000000
115526  50.295  46.911  1.033 0.0000000000
134982  50.629  45.809  -0.008 0.0000000000
100673  50.708  44.828  -1.628 0.0000000000
128926  50.337  44.752  -0.643 0.0000000000
100664  48.298  43.918  0.561 0.0000000000
99563  48.028  42.680  -2.296 0.0000000000
99562  48.555  43.294  -1.857 0.0000000000
99571  48.066  42.641  -3.286 0.0000000000
99570  48.543  43.318  -2.730 0.0000000000
135021  47.800  42.040  -4.143 0.0000000000
134764  46.590  41.985  -4.562 0.0000000000
99012  47.379  41.786  -4.276 0.0000000000
97908  45.716  39.036  -5.132 0.0000000000
97904  45.047  39.226  -4.706 0.0000000000
97338  44.872  38.385  -4.730 0.0000000000
97326  44.325  37.792  -4.207 0.0000000000
96188  44.618  36.424  -2.690 0.0000000000
96174  44.437  36.704  -1.822 0.0000000000
96173  45.980  37.234  -1.165 0.0000000000
96158  46.758  36.912  0.563 0.0000000000
96724  46.157  37.256  0.889 0.0000000000
96143  46.828  37.103  1.310 0.0000000000
96680  46.268  37.290  2.668 0.0000000000
96130  47.049  37.002  2.755 0.0000000000
96140  49.527  36.155  0.970 0.0000000000
129987  49.008  36.365  0.196 0.0000000000
95619  49.653  35.886  2.179 0.0000000000
95083  48.697  34.725  4.217 0.0000000000
117924  48.049  35.196  4.453 0.0000000000
95602  47.273  35.545  4.726 0.0000000000
95084  47.409  34.764  4.836 0.0000000000
94070  46.559  32.510  3.519 0.0000000000
94057  46.174  32.852  4.271 0.0000000000
94072  44.957  32.176  3.773 0.0000000000
93561  45.270  31.802  3.012 0.0000000000
94103  53.740  32.713  0.107 0.0000000000
93589  53.065  31.142  1.109 0.0000000000
93591  50.900  31.128  1.592 0.0000000000
93573  50.240  31.677  2.344 0.0000000000
93084  47.705  30.581  -2.169 0.0000000000
93083  48.835  30.405  -2.120 0.0000000000
96715  41.938  36.619  1.037 0.0000000000
96714  42.948  37.183  0.853 0.0000000000
96713  44.020  37.407  0.674 0.0000000000
97876  43.767  38.854  -2.732 0.0000000000
97861  43.287  39.201  -1.968 0.0000000000
97309  43.033  37.829  -2.333 0.0000000000
96742  41.188  36.496  -1.096 0.0000000000
96179  40.330  35.909  -0.161 0.0000000000
96178  40.723  35.862  -0.720 0.0000000000
96160  41.132  35.743  -0.445 0.0000000000
93522  52.788  31.881  7.834 0.0000000000
93523  51.608  31.677  7.738 0.0000000000
93535  49.923  31.486  6.946 0.0000000000
100080  46.717  43.128  3.307 0.0000000000
99519  46.118  42.771  3.889 0.0000000000
100059  46.725  42.920  4.780 0.0000000000
99495  46.634  42.357  5.302 0.0000000000
99961  55.268  43.133  13.185 0.0000000000
112285  55.137  42.556  11.563 0.0000000000
99428  55.848  42.306  12.317 0.0000000000
98265  56.172  40.713  10.102 0.0000000000
102641  48.408  48.385  6.523 0.0000000000
103186  47.799  49.142  6.768 0.0000000000
102185  47.812  47.502  6.070 0.0000000000
101693  47.896  46.193  4.994 0.0000000000
101703  47.512  45.911  4.333 0.0000000000
101191  47.523  45.386  3.639 0.0000000000
100638  47.627  44.392  3.306 0.0000000000
127357  47.357  43.539  3.413 0.0000000000
96168  51.811  35.460  -1.167 0.0000000000
95644  51.867  34.768  -1.109 0.0000000000
95643  52.450  34.729  -0.864 0.0000000000
95121  52.485  34.311  -0.643 0.0000000000
95104  52.559  33.737  0.130 0.0000000000
96653  44.128  36.976  5.337 0.0000000000
122202  44.659  34.821  5.946 0.0000000000
94536  45.209  33.655  5.466 0.0000000000
101773  51.410  46.007  -1.233 0.0000000000
101774  50.849  46.082  -1.490 0.0000000000
101250  49.295  45.430  -2.275 0.0000000000
101251  48.207  45.170  -2.241 0.0000000000
100683  46.384  44.557  -1.715 0.0000000000
96687  38.873  36.783  3.573 0.0000000000
96657  40.074  37.526  5.490 0.0000000000
96641  40.531  37.571  6.411 0.0000000000
103182  51.718  49.518  7.628 0.0000000000
102638  52.415  48.714  6.968 0.0000000000
102634  52.535  49.189  7.876 0.0000000000
102623  52.986  48.932  8.133 0.0000000000
126470  46.322  49.921  9.942 0.0000000000
103134  47.339  50.189  9.757 0.0000000000
103704  49.124  51.545  9.663 0.0000000000
104321  49.914  51.930  8.934 0.0000000000
103728  50.457  51.082  8.888 0.0000000000
103169  51.102  50.438  7.916 0.0000000000
94552  54.489  33.167  3.359 0.0000000000
94075  54.732  31.995  1.735 0.0000000000
94064  54.597  32.304  3.114 0.0000000000
132386  54.557  30.916  3.051 0.0000000000
121080  54.312  30.442  2.636 0.0000000000
131650  50.532  30.208  4.051 0.0000000000
93037  50.955  29.970  3.408 0.0000000000
92404  50.130  29.769  3.670 0.0000000000
97337  46.122  38.571  -5.078 0.0000000000
96770  45.559  37.274  -4.952 0.0000000000
97325  46.306  38.194  -4.553 0.0000000000
117892  46.473  38.018  -3.595 0.0000000000
97313  46.649  38.029  -2.585 0.0000000000
97826  46.583  39.398  2.387 0.0000000000
97835  47.229  38.939  1.910 0.0000000000
97278  48.412  38.522  0.851 0.0000000000
97289  49.319  38.337  0.414 0.0000000000
133389  49.774  38.663  1.467 0.0000000000
116724  50.965  39.001  1.919 0.0000000000
100602  50.491  44.891  7.625 0.0000000000
100603  49.634  44.388  7.377 0.0000000000
100593  50.033  44.201  8.156 0.0000000000
99466  50.026  42.687  8.295 0.0000000000
99475  50.345  41.950  7.999 0.0000000000
98901  53.230  41.516  7.098 0.0000000000
98913  53.887  41.418  6.180 0.0000000000
98926  53.381  41.206  5.533 0.0000000000
98321  52.856  40.962  4.973 0.0000000000
97793  52.629  39.961  4.078 0.0000000000
97792  53.592  40.006  4.128 0.0000000000
97803  53.780  39.277  3.937 0.0000000000
97255  53.992  38.458  3.896 0.0000000000
96664  54.755  37.325  4.864 0.0000000000
97236  52.704  38.451  6.206 0.0000000000
114477  52.583  37.302  5.449 0.0000000000
95590  51.792  35.883  5.024 0.0000000000
106708  45.116  57.480  4.587 0.0000000000
106707  46.104  57.754  4.285 0.0000000000
106706  47.197  57.937  4.185 0.0000000000
106698  48.073  57.897  4.328 0.0000000000
107088  47.239  58.173  4.707 0.0000000000
105862  48.459  56.631  4.338 0.0000000000
105871  47.609  54.905  4.038 0.0000000000
105340  44.194  55.314  9.337 0.0000000000
105839  43.483  55.684  9.101 0.0000000000
105838  44.509  56.321  9.288 0.0000000000
126243  46.202  56.463  8.993 0.0000000000
103196  45.586  49.678  5.607 0.0000000000
103779  45.451  50.579  5.346 0.0000000000
103203  45.422  49.591  4.926 0.0000000000
103789  45.673  50.409  4.496 0.0000000000
104383  45.932  51.078  4.025 0.0000000000
129545  46.393  51.638  3.732 0.0000000000
103795  46.927  50.317  3.342 0.0000000000
102668  48.879  48.947  2.397 0.0000000000
102674  49.559  48.398  1.898 0.0000000000
102211  48.544  47.994  2.190 0.0000000000
101737  49.167  46.605  1.370 0.0000000000
99553  47.371  42.711  -0.500 0.0000000000
99564  47.260  42.190  -1.813 0.0000000000
98997  47.504  42.098  -2.864 0.0000000000
98436  46.627  41.145  -4.419 0.0000000000
114617  46.565  40.360  -4.357 0.0000000000
97889  46.300  39.280  -4.691 0.0000000000
120795  46.954  36.438  -1.400 0.0000000000
96157  47.345  36.631  0.139 0.0000000000
96142  47.533  36.754  1.020 0.0000000000
95609  50.283  34.926  3.227 0.0000000000
119753  49.686  35.532  3.166 0.0000000000
95082  49.461  34.896  3.685 0.0000000000
94545  47.437  33.890  4.500 0.0000000000
93056  52.764  30.266  0.410 0.0000000000
93057  51.644  30.423  0.545 0.0000000000
93058  50.502  30.677  0.583 0.0000000000
96685  41.435  37.641  3.771 0.0000000000
96683  43.545  37.679  3.639 0.0000000000
127674  44.323  37.480  4.078 0.0000000000
96665  45.062  37.410  3.839 0.0000000000
100143  46.470  42.900  -3.606 0.0000000000
100131  46.122  43.163  -2.844 0.0000000000
98999  44.330  41.587  -1.729 0.0000000000
96162  39.904  35.816  0.501 0.0000000000
96146  39.623  35.856  1.071 0.0000000000
96701  39.952  36.467  2.421 0.0000000000
123767  40.483  37.119  3.190 0.0000000000
102610  45.855  49.092  9.506 0.0000000000
103158  46.765  49.217  9.312 0.0000000000
129988  48.197  48.831  8.781 0.0000000000
94050  55.290  32.489  5.953 0.0000000000
93552  54.574  31.477  4.716 0.0000000000
93542  54.357  31.667  5.566 0.0000000000
93543  53.456  31.523  5.616 0.0000000000
133733  52.033  30.925  4.690 0.0000000000
93533  51.926  31.630  6.736 0.0000000000
93015  51.285  30.978  5.082 0.0000000000
112290  50.514  30.633  4.685 0.0000000000
92396  49.083  29.949  4.769 0.0000000000
98990  45.734  41.265  -0.624 0.0000000000
98378  45.583  40.483  -0.081 0.0000000000
98980  45.594  41.367  0.294 0.0000000000
98368  45.466  40.515  0.817 0.0000000000
98361  45.490  40.547  1.705 0.0000000000
98948  45.552  41.325  3.041 0.0000000000
98352  45.569  40.546  2.594 0.0000000000
97827  45.857  39.879  2.083 0.0000000000
134946  46.419  39.804  3.395 0.0000000000
97810  46.834  39.705  3.741 0.0000000000
99978  52.573  43.547  10.777 0.0000000000
99991  51.748  43.658  10.016 0.0000000000
132434  52.543  42.552  10.223 0.0000000000
98879  53.543  41.814  9.047 0.0000000000
98874  55.470  41.927  10.633 0.0000000000
98878  54.677  41.784  9.667 0.0000000000
98886  54.824  41.608  8.464 0.0000000000
134395  55.071  41.513  7.646 0.0000000000
98899  55.556  41.229  7.343 0.0000000000
98309  55.342  40.771  6.578 0.0000000000
131217  54.728  39.780  6.036 0.0000000000
97765  55.481  40.482  7.066 0.0000000000
122371  53.935  39.493  7.126 0.0000000000
97780  53.367  39.101  6.655 0.0000000000
97237  51.571  38.209  6.445 0.0000000000
106692  45.576  58.348  6.007 0.0000000000
104859  47.681  53.277  8.532 0.0000000000
104860  46.735  53.899  8.323 0.0000000000
104339  47.023  52.153  7.669 0.0000000000
103766  46.494  50.501  6.867 0.0000000000
103188  46.084  49.642  6.386 0.0000000000
133196  47.077  48.968  6.707 0.0000000000
126032  46.536  48.928  6.420 0.0000000000
102644  45.873  48.991  5.748 0.0000000000
134928  45.599  48.596  4.888 0.0000000000
102655  46.084  48.398  4.433 0.0000000000
101724  46.555  46.992  2.829 0.0000000000
101723  47.373  46.714  2.434 0.0000000000
118304  47.497  46.015  2.391 0.0000000000
119784  47.861  44.142  1.560 0.0000000000
100645  47.584  44.264  2.559 0.0000000000
100092  47.541  43.480  1.246 0.0000000000
99546  46.762  42.666  0.419 0.0000000000
95660  49.735  36.344  -1.925 0.0000000000
95647  49.084  36.029  -1.187 0.0000000000
95646  49.792  35.959  -0.952 0.0000000000
95639  50.279  35.694  -0.480 0.0000000000
95629  50.248  35.643  0.343 0.0000000000
95628  50.928  35.322  0.911 0.0000000000
95618  50.455  35.321  2.284 0.0000000000
95098  50.827  34.680  2.595 0.0000000000
94554  50.535  33.662  3.345 0.0000000000
94066  50.226  32.893  3.387 0.0000000000
91809  49.600  29.326  -1.775 0.0000000000
92481  49.840  29.637  -1.943 0.0000000000
92469  48.697  29.599  -2.187 0.0000000000
121399  41.905  33.632  7.626 0.0000000000
96655  42.323  37.781  5.569 0.0000000000
96104  42.905  37.198  6.135 0.0000000000
96103  43.587  36.724  5.946 0.0000000000
95585  43.005  35.912  6.929 0.0000000000
94523  42.503  32.915  7.284 0.0000000000
94046  42.715  32.467  6.581 0.0000000000
94538  43.845  33.114  5.737 0.0000000000
93547  43.369  31.627  5.169 0.0000000000
117557  49.951  46.535  -1.120 0.0000000000
102245  49.963  47.197  -0.541 0.0000000000
100121  45.546  43.430  -1.893 0.0000000000
101691  49.736  45.588  5.197 0.0000000000
101178  49.847  45.191  5.290 0.0000000000
101177  50.427  45.580  5.449 0.0000000000
101169  50.985  45.814  5.600 0.0000000000
129907  51.135  45.593  5.946 0.0000000000
101686  52.347  47.107  6.598 0.0000000000
101161  51.202  45.775  6.855 0.0000000000
118082  51.873  46.095  7.620 0.0000000000
101149  52.247  45.909  8.499 0.0000000000
100578  52.892  45.213  10.130 0.0000000000
100568  53.595  44.992  11.037 0.0000000000
100559  54.218  44.753  11.880 0.0000000000
105350  41.737  54.302  8.638 0.0000000000
104852  41.700  53.431  8.728 0.0000000000
105342  41.946  54.303  8.794 0.0000000000
105341  42.857  54.912  9.207 0.0000000000
104849  45.347  54.648  9.396 0.0000000000
103707  45.853  50.550  10.216 0.0000000000
123398  46.540  53.082  9.759 0.0000000000
104842  47.450  53.941  9.599 0.0000000000
104847  48.231  53.659  9.236 0.0000000000
103752  48.874  51.208  7.711 0.0000000000
103751  49.924  51.402  7.842 0.0000000000
103171  49.505  50.437  7.456 0.0000000000
103185  48.935  49.363  7.010 0.0000000000
102184  49.241  47.416  6.095 0.0000000000
102191  49.700  46.378  5.425 0.0000000000
122129  53.775  33.946  0.195 0.0000000000
95114  53.397  34.141  -0.356 0.0000000000
94102  54.376  32.274  0.340 0.0000000000
126147  54.572  31.798  0.465 0.0000000000
94090  54.700  31.912  0.791 0.0000000000
93608  54.660  31.424  0.736 0.0000000000
93610  53.697  30.498  0.648 0.0000000000
93070  53.218  29.608  0.192 0.0000000000
91787  51.555  28.838  -1.041 0.0000000000
93034  53.817  30.174  2.941 0.0000000000
92414  53.400  29.626  2.242 0.0000000000
92416  51.454  29.553  2.516 0.0000000000
92415  52.492  29.531  2.338 0.0000000000
92428  52.990  29.263  1.308 0.0000000000
92441  52.592  28.936  0.251 0.0000000000
91771  51.718  28.795  -0.328 0.0000000000
91788  51.023  28.513  -0.972 0.0000000000
96203  42.532  36.368  -2.240 0.0000000000
96175  43.080  36.318  -1.770 0.0000000000
112170  45.659  36.329  -3.015 0.0000000000
96215  46.181  36.625  -4.486 0.0000000000
95670  46.492  36.114  -3.914 0.0000000000
96199  46.741  36.084  -3.061 0.0000000000
95663  47.724  35.800  -3.077 0.0000000000
130172  48.166  35.731  -2.905 0.0000000000
95662  48.559  36.004  -2.744 0.0000000000
97852  45.860  39.633  -0.563 0.0000000000
97307  47.313  37.853  -1.882 0.0000000000
112329  46.959  38.529  -0.133 0.0000000000
114726  47.151  38.303  -0.979 0.0000000000
96749  48.218  37.516  -2.213 0.0000000000
96754  49.268  36.653  -2.369 0.0000000000
96197  49.122  36.415  -2.350 0.0000000000
96184  49.940  36.487  -2.005 0.0000000000
96183  50.603  36.247  -1.486 0.0000000000
96745  50.954  36.720  -1.241 0.0000000000
97288  50.226  37.914  -0.081 0.0000000000
96734  51.348  36.886  -0.768 0.0000000000
96154  51.897  36.308  -0.866 0.0000000000
96139  52.558  36.032  0.025 0.0000000000
100057  47.960  43.745  5.440 0.0000000000
100041  47.486  43.066  5.998 0.0000000000
99494  47.061  42.426  5.970 0.0000000000
100022  48.578  43.425  6.946 0.0000000000
99484  48.154  42.669  6.973 0.0000000000
98927  47.383  41.694  6.342 0.0000000000
98326  47.422  40.856  5.905 0.0000000000
98340  47.684  40.161  5.108 0.0000000000
97796  48.470  39.756  4.470 0.0000000000
99458  51.396  42.785  9.711 0.0000000000
99465  50.680  42.387  8.572 0.0000000000
98903  50.897  41.429  7.436 0.0000000000
98902  51.976  41.462  7.305 0.0000000000
98915  50.495  41.084  6.833 0.0000000000
98312  49.948  40.688  6.305 0.0000000000
98338  49.933  40.035  4.926 0.0000000000
97795  49.408  39.677  4.306 0.0000000000
97807  49.941  39.474  3.458 0.0000000000
97822  50.496  39.362  2.620 0.0000000000
97265  51.655  38.768  2.133 0.0000000000
97805  51.969  39.565  3.402 0.0000000000
96695  51.881  38.074  1.783 0.0000000000
95626  52.955  35.445  0.567 0.0000000000
95625  53.536  34.776  1.187 0.0000000000
95096  53.799  34.325  2.357 0.0000000000
95089  54.083  34.837  3.510 0.0000000000
95088  54.153  34.077  3.478 0.0000000000
94542  55.502  33.589  5.211 0.0000000000
97242  54.426  39.156  5.532 0.0000000000
96097  54.839  36.866  5.065 0.0000000000
96098  53.683  37.242  5.273 0.0000000000
115454  55.162  36.310  4.925 0.0000000000
95587  55.244  34.778  5.552 0.0000000000
94541  55.710  33.712  5.808 0.0000000000
94534  55.697  33.420  6.164 0.0000000000
117997  55.316  32.741  6.928 0.0000000000
133180  55.002  32.838  7.716 0.0000000000
94040  54.474  32.615  8.065 0.0000000000
93514  53.635  32.345  8.377 0.0000000000
132453  49.574  56.150  3.104 0.0000000000
106301  49.254  56.785  3.459 0.0000000000
123852  50.091  55.129  3.153 0.0000000000
105385  50.090  54.162  2.829 0.0000000000
116896  50.367  52.296  2.228 0.0000000000
106291  45.510  57.876  6.721 0.0000000000
106290  45.962  57.716  6.723 0.0000000000
105348  46.188  54.661  8.141 0.0000000000
104358  45.309  52.275  5.804 0.0000000000
105855  45.654  55.581  5.972 0.0000000000
106298  46.415  56.611  5.523 0.0000000000
105863  46.935  55.660  4.665 0.0000000000
104892  46.619  52.470  3.718 0.0000000000
104891  47.821  53.004  3.334 0.0000000000
104905  48.654  52.509  2.802 0.0000000000
122204  49.483  52.121  2.577 0.0000000000
103212  50.868  49.818  1.719 0.0000000000
102221  51.792  47.691  0.416 0.0000000000
101736  51.275  46.917  0.523 0.0000000000
101227  51.469  46.263  -0.828 0.0000000000
100672  51.084  45.610  -1.425 0.0000000000
100681  50.674  44.928  -2.066 0.0000000000
100706  48.686  43.958  -3.286 0.0000000000
101738  48.027  46.258  1.755 0.0000000000
101217  48.846  45.690  1.097 0.0000000000
100663  49.250  44.428  -0.116 0.0000000000
100100  48.804  43.757  -0.494 0.0000000000
100674  49.834  44.311  -1.121 0.0000000000
100120  49.373  43.899  -2.338 0.0000000000
100129  48.985  43.859  -3.080 0.0000000000
100142  46.923  43.050  -4.153 0.0000000000
99582  46.417  42.348  -4.220 0.0000000000
99014  45.277  41.278  -3.825 0.0000000000
122345  44.843  40.452  -3.992 0.0000000000
98437  46.125  40.421  -4.830 0.0000000000
97890  44.725  39.511  -4.153 0.0000000000
97891  44.199  38.523  -3.571 0.0000000000
118925  43.477  37.871  -3.084 0.0000000000
96758  43.107  36.585  -2.829 0.0000000000
96740  43.845  36.737  -1.186 0.0000000000
96725  44.001  37.239  -0.343 0.0000000000
116946  45.168  37.788  0.393 0.0000000000
96738  46.071  37.470  -0.069 0.0000000000
96712  45.608  37.493  1.247 0.0000000000
96696  45.384  37.601  2.052 0.0000000000
96120  45.977  37.175  3.735 0.0000000000
96110  46.372  36.644  4.277 0.0000000000
96170  49.086  36.130  -0.620 0.0000000000
96141  48.545  36.493  1.038 0.0000000000
96128  48.140  36.638  2.145 0.0000000000
95610  48.930  36.101  2.855 0.0000000000
96129  47.623  36.703  2.790 0.0000000000
96118  47.407  36.528  3.504 0.0000000000
96109  47.023  36.284  4.243 0.0000000000
95603  46.381  35.959  4.905 0.0000000000
95076  46.134  34.612  5.362 0.0000000000
94535  45.962  33.905  5.296 0.0000000000
94547  45.693  33.257  4.873 0.0000000000
94546  46.507  33.523  4.713 0.0000000000
94581  53.252  33.537  -0.254 0.0000000000
127164  53.190  33.329  -0.064 0.0000000000
94562  52.888  32.909  1.254 0.0000000000
93571  52.294  31.877  2.008 0.0000000000
94077  51.590  32.578  2.506 0.0000000000
94078  50.696  32.375  2.863 0.0000000000
94079  49.757  32.151  3.013 0.0000000000
94080  48.838  32.103  2.995 0.0000000000
93082  49.716  30.224  -1.715 0.0000000000
93074  49.002  30.501  -0.798 0.0000000000
93611  49.368  30.927  0.404 0.0000000000
93632  47.159  31.068  -1.439 0.0000000000
93612  48.405  31.062  0.161 0.0000000000
93593  48.843  31.459  1.306 0.0000000000
93575  48.249  31.739  2.236 0.0000000000
127470  48.097  32.186  3.014 0.0000000000
94081  47.566  32.058  2.667 0.0000000000
94082  46.861  32.140  2.670 0.0000000000
93526  48.962  31.336  7.675 0.0000000000
93007  48.343  31.238  6.979 0.0000000000
93008  47.761  30.499  6.637 0.0000000000
126074  48.400  30.622  6.223 0.0000000000
91772  50.788  28.524  0.078 0.0000000000
91799  50.859  28.793  -1.465 0.0000000000
91800  50.262  28.755  -1.326 0.0000000000
91808  50.137  28.949  -1.629 0.0000000000
92426  54.295  30.006  1.297 0.0000000000
92438  54.363  30.233  0.945 0.0000000000
92480  50.410  29.288  -1.627 0.0000000000
92482  49.238  29.788  -2.304 0.0000000000
93027  49.852  30.156  4.385 0.0000000000
93048  54.115  29.846  2.096 0.0000000000
93069  54.534  30.725  0.858 0.0000000000
93097  50.220  29.759  -1.653 0.0000000000
93098  49.423  30.086  -2.225 0.0000000000
93525  49.678  31.467  7.810 0.0000000000
93536  49.159  31.394  7.104 0.0000000000
93541  54.873  31.942  5.508 0.0000000000
93570  54.658  31.492  2.744 0.0000000000
93609  54.352  31.138  0.653 0.0000000000
94034  54.683  32.999  8.160 0.0000000000
94049  55.634  32.959  6.307 0.0000000000
94054  55.591  32.966  5.489 0.0000000000
94076  52.369  32.536  2.021 0.0000000000
94522  55.127  33.074  7.538 0.0000000000
94527  55.438  33.266  6.700 0.0000000000
94561  54.547  32.675  2.175 0.0000000000
94579  54.426  32.368  0.384 0.0000000000
94588  53.135  33.913  -0.544 0.0000000000
95090  50.758  34.256  3.118 0.0000000000
95598  55.267  35.633  5.104 0.0000000000
95611  47.806  35.949  4.069 0.0000000000
95654  49.427  36.165  -1.580 0.0000000000
95655  48.698  36.211  -1.870 0.0000000000
95664  46.985  35.899  -3.466 0.0000000000
95665  46.099  36.214  -3.504 0.0000000000
95668  48.124  35.728  -2.994 0.0000000000
95669  47.453  35.916  -3.385 0.0000000000
95671  45.605  36.297  -3.810 0.0000000000
95676  45.664  36.348  -4.136 0.0000000000
96172  47.629  36.461  -0.686 0.0000000000
96190  42.329  36.108  -1.974 0.0000000000
96200  44.951  36.385  -3.409 0.0000000000
96201  43.847  36.437  -2.971 0.0000000000
96202  42.928  36.477  -2.548 0.0000000000
96216  45.249  36.617  -4.479 0.0000000000
96677  54.845  37.116  4.620 0.0000000000
96746  50.459  36.927  -1.506 0.0000000000
96755  48.649  36.842  -2.705 0.0000000000
96769  46.251  37.533  -4.840 0.0000000000
96771  44.784  36.980  -4.647 0.0000000000
96781  45.969  37.948  -5.154 0.0000000000
96782  45.519  38.080  -5.051 0.0000000000
96783  45.356  38.568  -4.979 0.0000000000
97257  52.226  39.194  2.854 0.0000000000
97279  47.485  38.730  1.183 0.0000000000
97280  46.802  38.830  0.646 0.0000000000
97299  45.987  39.086  -1.407 0.0000000000
97308  46.514  38.444  -1.546 0.0000000000
97310  42.294  37.272  -1.937 0.0000000000
97314  46.287  38.622  -2.913 0.0000000000
97327  43.616  37.313  -3.513 0.0000000000
97349  45.816  38.604  -5.191 0.0000000000
97767  54.773  39.668  7.294 0.0000000000
97778  55.168  39.817  6.852 0.0000000000
97785  55.220  40.257  6.531 0.0000000000
97790  54.633  40.025  5.272 0.0000000000
97811  46.024  39.889  2.999 0.0000000000
97902  46.054  39.376  -5.087 0.0000000000
97903  45.686  39.487  -4.958 0.0000000000
97909  45.302  39.003  -4.931 0.0000000000
98264  56.397  40.950  9.819 0.0000000000
98275  56.355  40.935  9.298 0.0000000000
98303  55.756  40.827  7.729 0.0000000000
98324  49.387  40.330  5.744 0.0000000000
98335  53.280  40.619  4.494 0.0000000000
98351  46.234  40.137  3.688 0.0000000000
98392  45.654  40.429  -1.020 0.0000000000
98407  45.969  40.397  -2.162 0.0000000000
98429  47.163  41.233  -4.118 0.0000000000
98430  45.431  40.159  -4.576 0.0000000000
98872  56.505  41.014  10.704 0.0000000000
98876  56.373  41.086  9.785 0.0000000000
98898  55.895  41.083  7.933 0.0000000000
98905  49.043  41.859  7.436 0.0000000000
98912  55.320  41.135  6.644 0.0000000000
98916  49.482  41.205  6.925 0.0000000000
98918  47.994  41.884  6.809 0.0000000000
98934  46.373  41.620  5.007 0.0000000000
99006  47.047  41.448  -3.328 0.0000000000
99019  46.946  41.895  -4.603 0.0000000000
99020  46.375  41.430  -4.517 0.0000000000
99457  53.215  42.214  10.092 0.0000000000
99459  50.857  42.836  9.113 0.0000000000
99463  52.693  41.822  8.667 0.0000000000
99477  48.714  42.682  7.435 0.0000000000
99485  47.618  42.543  6.476 0.0000000000
99507  46.204  42.331  4.490 0.0000000000
99529  46.017  42.751  3.033 0.0000000000
99554  47.022  42.320  -1.035 0.0000000000
99580  48.334  43.211  -3.453 0.0000000000
99581  48.068  42.524  -4.033 0.0000000000
99592  47.478  42.240  -4.354 0.0000000000
99593  46.987  42.403  -4.515 0.0000000000
99594  46.047  41.726  -4.430 0.0000000000
100009  49.640  43.507  8.049 0.0000000000
100070  47.651  43.771  3.938 0.0000000000
100079  47.258  43.502  2.834 0.0000000000
100102  47.054  42.998  1.022 0.0000000000
100110  50.171  44.415  -1.975 0.0000000000
100112  48.262  43.255  -0.928 0.0000000000
100140  48.209  43.359  -3.635 0.0000000000
100662  50.960  45.513  -0.671 0.0000000000
100682  47.326  44.616  -2.517 0.0000000000
100691  49.277  44.416  -2.839 0.0000000000
100707  48.182  43.812  -3.487 0.0000000000
100708  47.616  43.411  -3.799 0.0000000000
101118  54.083  45.795  12.328 0.0000000000
101159  52.824  46.554  7.676 0.0000000000
101160  52.072  46.568  6.950 0.0000000000
101168  51.483  46.250  6.165 0.0000000000
101170  50.422  45.279  5.583 0.0000000000
101239  46.515  45.422  -0.731 0.0000000000
101248  50.903  45.363  -1.655 0.0000000000
101249  50.312  45.206  -2.199 0.0000000000
101654  53.906  46.747  10.696 0.0000000000
101690  50.712  46.193  5.439 0.0000000000
101702  48.335  45.456  4.639 0.0000000000
101704  46.777  46.681  4.282 0.0000000000
101761  51.573  46.707  -0.538 0.0000000000
101762  51.114  46.607  -0.952 0.0000000000
101763  48.973  46.831  -0.474 0.0000000000
102181  53.016  47.994  6.745 0.0000000000
102187  46.270  47.917  5.373 0.0000000000
102194  46.064  47.990  4.917 0.0000000000
102220  52.102  47.773  0.115 0.0000000000
102222  51.165  47.548  1.123 0.0000000000
102243  51.716  47.240  -0.326 0.0000000000
102624  52.359  49.179  8.276 0.0000000000
102642  47.160  48.342  6.425 0.0000000000
102643  46.354  48.351  5.865 0.0000000000
103184  50.086  49.628  7.224 0.0000000000
103210  46.280  49.037  3.869 0.0000000000
103213  49.727  49.773  2.265 0.0000000000
103702  50.100  51.404  9.088 0.0000000000
103703  49.902  51.283  9.309 0.0000000000
103753  46.984  51.308  7.385 0.0000000000
103796  46.198  50.392  3.856 0.0000000000
104306  49.669  51.961  9.275 0.0000000000
104307  48.472  52.799  9.833 0.0000000000
104335  50.187  51.544  8.763 0.0000000000
104336  49.849  51.739  8.556 0.0000000000
104382  46.638  51.021  3.478 0.0000000000
104388  49.790  51.382  2.336 0.0000000000
104878  45.439  52.541  5.010 0.0000000000
105330  47.599  54.159  9.299 0.0000000000
105339  47.267  54.752  9.182 0.0000000000
105837  46.883  55.470  9.136 0.0000000000
106263  45.532  56.687  9.185 0.0000000000
106270  43.986  56.397  9.067 0.0000000000
106297  47.886  57.707  4.553 0.0000000000
106701  45.258  58.112  5.571 0.0000000000
107081  46.105  58.481  5.679 0.0000000000
107089  46.608  58.323  5.193 0.0000000000
115291  44.590  37.480  -4.540 0.0000000000
117258  45.885  42.531  -3.359 0.0000000000
117738  45.389  51.372  6.120 0.0000000000
117762  51.552  49.124  6.997 0.0000000000
119696  53.202  46.445  8.530 0.0000000000
119971  45.253  48.974  5.139 0.0000000000
120960  54.670  30.802  2.076 0.0000000000
121419  46.291  40.950  4.655 0.0000000000
123637  50.835  50.642  8.347 0.0000000000
126091  46.776  37.216  2.016 0.0000000000
126125  50.539  38.609  1.298 0.0000000000
127382  52.423  30.576  3.924 0.0000000000
127977  54.049  32.861  8.598 0.0000000000
128078  43.635  33.335  6.188 0.0000000000
128205  46.312  55.211  9.452 0.0000000000
128518  55.969  41.559  13.092 0.0000000000
129985  50.910  45.222  -1.682 0.0000000000
130716  46.752  39.488  3.118 0.0000000000
131204  40.654  35.947  -0.841 0.0000000000
131838  50.137  36.227  -1.759 0.0000000000
131889  45.569  51.107  4.665 0.0000000000
131933  53.358  29.568  0.393 0.0000000000
132169  46.553  47.422  3.458 0.0000000000
132234  44.911  37.823  1.223 0.0000000000
133200  54.690  41.239  6.191 0.0000000000
133920  45.357  40.768  -4.285 0.0000000000
134455  46.451  42.803  4.337 0.0000000000
134697  48.789  52.211  9.777 0.0000000000
134893  54.563  39.533  5.513 0.0000000000
135200  46.520  40.968  -2.776 0.0000000000
135749  46.358  38.650  -3.889 0.0000000000
136034  45.961  38.923  -5.234 0.0000000000
