#!ascii label  , from subject sub-003S6257 vox2ras=TkReg
1069
128556  45.414  28.128  18.758 0.0000000000
89786  52.174  25.864  8.622 0.0000000000
91137  43.563  28.153  0.588 0.0000000000
83086  47.726  15.816  -3.242 0.0000000000
89009  51.618  25.057  20.498 0.0000000000
91741  48.093  28.777  3.945 0.0000000000
87178  51.950  22.408  0.487 0.0000000000
90478  42.080  26.145  2.103 0.0000000000
90427  44.563  26.462  9.260 0.0000000000
89723  50.482  25.585  15.536 0.0000000000
89736  54.481  25.805  13.300 0.0000000000
93636  43.671  31.892  -1.925 0.0000000000
89211  43.942  25.397  -1.958 0.0000000000
88508  45.671  23.548  3.192 0.0000000000
112900  48.281  23.363  -4.041 0.0000000000
91765  40.485  29.095  2.205 0.0000000000
89071  46.064  24.739  14.478 0.0000000000
90364  48.457  26.318  18.155 0.0000000000
89702  55.093  25.519  17.803 0.0000000000
92459  46.504  29.745  -0.885 0.0000000000
93647  46.711  31.091  -2.174 0.0000000000
92473  43.984  30.641  -2.158 0.0000000000
91152  42.516  27.967  -1.998 0.0000000000
90514  44.173  26.589  -2.611 0.0000000000
89116  48.462  24.632  9.271 0.0000000000
89157  44.806  24.924  6.362 0.0000000000
135517  48.885  23.554  5.803 0.0000000000
132734  49.632  19.005  -2.044 0.0000000000
88569  50.674  23.160  -2.779 0.0000000000
86428  49.638  20.087  -3.368 0.0000000000
87194  47.404  21.268  -2.465 0.0000000000
83935  47.188  17.225  -1.271 0.0000000000
82164  46.823  15.641  1.864 0.0000000000
90966  45.074  27.455  21.218 0.0000000000
90953  49.590  27.864  21.770 0.0000000000
91761  45.956  28.637  2.617 0.0000000000
118820  54.092  24.534  6.338 0.0000000000
88494  52.221  24.228  4.168 0.0000000000
87146  50.986  21.808  3.339 0.0000000000
132834  48.581  17.901  0.534 0.0000000000
92373  47.200  30.062  8.886 0.0000000000
91060  45.371  27.503  11.365 0.0000000000
113169  47.128  23.856  11.859 0.0000000000
89751  51.574  25.809  12.095 0.0000000000
90973  53.024  27.920  19.979 0.0000000000
117322  55.316  28.298  15.932 0.0000000000
91057  55.160  27.453  10.898 0.0000000000
116611  52.685  23.948  8.834 0.0000000000
90332  42.570  26.742  20.548 0.0000000000
112940  46.172  31.437  0.380 0.0000000000
93599  42.681  31.323  0.737 0.0000000000
91793  41.482  28.851  -0.201 0.0000000000
89853  42.710  25.860  0.237 0.0000000000
134033  43.302  21.648  0.418 0.0000000000
91727  46.338  28.648  6.352 0.0000000000
91108  44.947  26.774  4.286 0.0000000000
90486  44.300  26.135  2.045 0.0000000000
87907  49.769  23.228  1.608 0.0000000000
88554  46.918  23.696  -0.262 0.0000000000
89209  45.843  25.183  -1.520 0.0000000000
88573  45.544  24.022  -3.083 0.0000000000
87188  43.931  21.434  -0.781 0.0000000000
92420  40.190  30.106  3.074 0.0000000000
93060  41.155  30.564  2.179 0.0000000000
89707  46.156  26.276  17.114 0.0000000000
90997  47.460  27.759  19.032 0.0000000000
130741  44.630  29.361  1.311 0.0000000000
121259  44.642  30.083  -1.006 0.0000000000
92462  43.759  29.254  0.195 0.0000000000
91144  43.186  28.099  -1.734 0.0000000000
91143  43.806  27.458  -1.484 0.0000000000
131214  50.550  25.321  9.249 0.0000000000
133042  48.608  24.381  7.659 0.0000000000
89155  50.673  24.834  6.972 0.0000000000
83950  49.039  17.426  -3.111 0.0000000000
85637  49.555  19.069  -3.004 0.0000000000
84825  48.637  17.999  -3.136 0.0000000000
85633  48.225  18.863  -2.409 0.0000000000
83946  47.538  17.018  -2.365 0.0000000000
82192  47.023  15.741  -0.412 0.0000000000
120298  47.394  14.903  -1.427 0.0000000000
90328  46.929  26.554  21.029 0.0000000000
120683  47.593  28.584  2.489 0.0000000000
91749  47.376  28.463  3.495 0.0000000000
87850  53.199  22.884  6.060 0.0000000000
87859  53.223  23.007  5.059 0.0000000000
87135  50.090  21.361  4.098 0.0000000000
118097  48.389  17.845  1.383 0.0000000000
83053  48.477  16.264  0.726 0.0000000000
83934  48.782  16.682  -1.159 0.0000000000
89062  48.160  24.603  15.448 0.0000000000
89078  47.206  24.277  13.849 0.0000000000
89076  49.625  24.837  14.097 0.0000000000
89086  49.508  24.620  12.643 0.0000000000
89730  51.204  25.936  14.490 0.0000000000
90324  51.221  26.412  21.321 0.0000000000
90964  51.543  28.073  21.106 0.0000000000
89658  53.393  26.552  20.507 0.0000000000
89720  55.353  26.077  15.506 0.0000000000
90360  55.616  27.173  16.983 0.0000000000
90383  55.572  27.271  14.251 0.0000000000
91046  55.425  27.710  13.057 0.0000000000
89742  55.333  26.801  11.845 0.0000000000
89758  54.895  26.169  9.624 0.0000000000
89092  53.927  25.467  11.577 0.0000000000
87096  50.399  20.978  8.684 0.0000000000
93634  45.454  31.626  -1.785 0.0000000000
93614  46.757  31.350  -0.480 0.0000000000
93616  44.782  31.805  -1.172 0.0000000000
93597  44.649  31.567  0.254 0.0000000000
118849  43.255  31.728  -0.912 0.0000000000
93075  41.889  30.928  -0.109 0.0000000000
93087  41.996  30.469  -1.048 0.0000000000
90501  42.899  26.567  -1.857 0.0000000000
89861  42.744  26.274  -0.848 0.0000000000
114577  43.541  24.885  -0.086 0.0000000000
128758  43.792  24.111  0.420 0.0000000000
112266  44.056  23.985  -0.463 0.0000000000
91714  45.414  28.565  8.497 0.0000000000
92382  46.526  29.655  7.586 0.0000000000
91087  45.213  27.721  7.270 0.0000000000
89173  45.246  23.740  4.923 0.0000000000
90456  44.794  26.091  5.258 0.0000000000
89182  44.664  24.805  3.660 0.0000000000
129065  44.482  25.505  2.939 0.0000000000
89194  44.891  24.781  2.184 0.0000000000
115352  52.384  23.157  1.403 0.0000000000
112284  51.055  23.613  2.943 0.0000000000
88524  52.137  23.385  0.958 0.0000000000
88570  50.059  23.324  -3.490 0.0000000000
88562  49.590  23.401  -1.932 0.0000000000
88564  47.800  23.855  -2.397 0.0000000000
89202  46.492  24.516  -1.198 0.0000000000
89215  46.411  24.670  -3.201 0.0000000000
133653  45.623  25.365  -3.018 0.0000000000
88580  46.889  23.755  -3.796 0.0000000000
86410  46.823  19.948  -0.653 0.0000000000
86421  45.507  21.241  -1.313 0.0000000000
86398  45.310  20.410  -0.003 0.0000000000
86399  44.081  20.585  0.033 0.0000000000
92397  48.364  29.582  5.142 0.0000000000
91126  40.654  28.020  2.511 0.0000000000
91125  41.193  27.426  1.991 0.0000000000
90394  45.559  26.200  13.580 0.0000000000
89726  45.675  25.615  15.352 0.0000000000
89716  47.497  25.251  16.840 0.0000000000
89703  50.029  25.679  17.379 0.0000000000
89017  53.619  25.085  19.703 0.0000000000
92471  46.414  29.906  -2.046 0.0000000000
92485  45.855  30.516  -2.418 0.0000000000
93101  43.292  31.203  -2.225 0.0000000000
93102  42.692  30.677  -2.101 0.0000000000
91810  42.541  28.919  -2.132 0.0000000000
90516  42.912  27.521  -2.148 0.0000000000
89873  43.704  26.466  -2.563 0.0000000000
89119  45.972  24.472  9.134 0.0000000000
89800  44.772  25.501  7.748 0.0000000000
89144  46.245  24.057  7.773 0.0000000000
88476  46.357  23.238  6.561 0.0000000000
87876  46.877  22.562  4.124 0.0000000000
86409  50.125  20.494  -1.089 0.0000000000
87192  51.790  22.638  -1.201 0.0000000000
86426  50.600  21.037  -2.834 0.0000000000
87210  50.185  22.045  -3.853 0.0000000000
87212  48.942  22.476  -4.381 0.0000000000
87214  47.195  22.470  -3.927 0.0000000000
86429  48.643  20.964  -3.191 0.0000000000
86419  47.806  19.962  -1.580 0.0000000000
84812  46.973  18.198  -0.624 0.0000000000
82179  46.999  15.055  0.849 0.0000000000
91623  45.772  28.360  20.783 0.0000000000
91632  46.996  28.528  20.293 0.0000000000
90956  46.999  27.836  21.511 0.0000000000
90326  48.792  26.657  21.207 0.0000000000
132228  49.752  25.026  20.048 0.0000000000
91791  48.467  28.887  0.313 0.0000000000
91776  46.147  29.195  1.734 0.0000000000
91778  44.270  28.799  1.766 0.0000000000
89796  53.864  26.180  7.849 0.0000000000
89154  52.860  25.220  5.963 0.0000000000
89161  53.788  24.387  5.482 0.0000000000
87883  52.920  23.466  3.381 0.0000000000
87167  51.042  21.756  1.388 0.0000000000
85574  48.531  19.355  3.109 0.0000000000
86385  48.870  19.985  1.646 0.0000000000
86397  49.905  20.693  0.265 0.0000000000
85624  49.270  18.892  -1.115 0.0000000000
83945  48.800  16.989  -1.943 0.0000000000
83085  48.425  16.096  -3.066 0.0000000000
81380  47.765  14.024  -2.346 0.0000000000
91708  46.218  29.075  9.880 0.0000000000
122954  44.641  27.145  9.985 0.0000000000
89739  45.521  25.401  13.088 0.0000000000
89090  44.810  24.846  12.027 0.0000000000
134361  45.499  24.737  10.641 0.0000000000
89097  47.809  23.986  11.033 0.0000000000
89753  50.162  24.999  10.932 0.0000000000
114224  51.782  25.929  10.213 0.0000000000
90976  48.781  28.110  20.038 0.0000000000
90994  50.870  27.467  19.347 0.0000000000
90361  51.534  26.824  17.588 0.0000000000
90336  54.507  27.269  19.258 0.0000000000
91011  54.494  28.078  18.054 0.0000000000
90371  52.552  27.219  16.226 0.0000000000
90384  52.773  26.984  14.031 0.0000000000
133950  53.690  27.183  11.559 0.0000000000
90426  53.755  26.734  9.643 0.0000000000
89772  54.780  26.114  8.873 0.0000000000
89127  54.276  24.873  8.108 0.0000000000
87842  52.214  22.254  6.891 0.0000000000
88445  51.738  23.473  10.198 0.0000000000
133469  50.919  21.176  7.963 0.0000000000
91625  44.053  28.176  20.413 0.0000000000
90331  43.375  26.762  20.744 0.0000000000
89684  42.513  25.348  20.103 0.0000000000
93594  47.954  31.536  1.013 0.0000000000
93577  46.343  31.614  1.722 0.0000000000
92447  41.460  30.601  1.003 0.0000000000
91794  41.175  29.506  0.631 0.0000000000
91132  41.363  27.661  1.008 0.0000000000
91803  41.765  29.068  -1.251 0.0000000000
90494  41.857  27.261  0.205 0.0000000000
89845  42.559  25.774  1.274 0.0000000000
91732  47.210  28.685  5.143 0.0000000000
90448  44.756  26.470  6.319 0.0000000000
91101  45.644  27.254  5.324 0.0000000000
91743  46.663  28.210  4.735 0.0000000000
91751  45.696  27.913  3.803 0.0000000000
91123  44.234  27.435  2.752 0.0000000000
90487  43.784  27.348  1.206 0.0000000000
88483  50.301  23.962  5.238 0.0000000000
88497  49.082  23.062  4.118 0.0000000000
135776  47.701  22.625  2.575 0.0000000000
88540  50.441  23.390  0.036 0.0000000000
112408  48.271  23.125  0.790 0.0000000000
88529  46.708  23.246  1.433 0.0000000000
89199  45.805  24.453  0.628 0.0000000000
89850  45.320  25.361  0.181 0.0000000000
90500  44.323  26.745  -0.929 0.0000000000
90506  44.675  26.263  -2.603 0.0000000000
89872  44.487  26.040  -2.769 0.0000000000
89210  44.496  24.946  -2.428 0.0000000000
87938  46.372  22.644  -3.438 0.0000000000
87932  44.958  22.850  -1.809 0.0000000000
87924  44.341  22.551  -1.102 0.0000000000
87925  43.633  21.796  -0.571 0.0000000000
83026  46.512  16.442  2.522 0.0000000000
93039  41.165  30.532  3.273 0.0000000000
129762  42.172  30.705  2.864 0.0000000000
114854  45.801  27.806  18.501 0.0000000000
90355  46.337  27.318  18.317 0.0000000000
90998  46.640  27.859  18.824 0.0000000000
91779  43.622  28.845  1.096 0.0000000000
92446  44.005  29.361  0.867 0.0000000000
120316  43.433  28.882  -0.063 0.0000000000
120771  43.462  28.148  -0.643 0.0000000000
116901  51.239  25.596  8.941 0.0000000000
89140  50.457  25.144  7.936 0.0000000000
89798  51.336  25.297  7.543 0.0000000000
83957  48.389  16.872  -3.172 0.0000000000
84830  48.759  17.574  -3.208 0.0000000000
83958  48.090  16.753  -3.240 0.0000000000
83952  47.828  16.792  -3.107 0.0000000000
116175  47.508  16.076  -2.940 0.0000000000
134617  47.393  15.591  -2.635 0.0000000000
82204  47.511  15.049  -2.630 0.0000000000
92405  49.368  29.533  4.022 0.0000000000
92419  48.794  29.170  3.499 0.0000000000
91748  48.226  28.760  3.019 0.0000000000
87124  51.085  21.337  5.839 0.0000000000
122286  51.879  21.943  5.493 0.0000000000
86343  50.194  21.096  5.230 0.0000000000
82190  48.725  15.469  0.703 0.0000000000
132683  48.661  15.762  0.226 0.0000000000
121266  42.479  25.377  2.303 0.0000000000
89724  49.671  25.162  15.818 0.0000000000
89068  48.473  24.554  14.710 0.0000000000
89732  49.949  25.074  14.902 0.0000000000
89738  50.520  25.385  14.091 0.0000000000
89722  51.150  26.044  15.204 0.0000000000
89661  51.145  25.633  20.902 0.0000000000
90323  51.964  26.682  21.262 0.0000000000
89008  52.385  25.252  20.525 0.0000000000
112490  54.825  25.927  14.955 0.0000000000
128628  55.416  26.603  14.746 0.0000000000
89728  55.212  26.472  13.931 0.0000000000
90390  55.613  27.395  13.197 0.0000000000
89743  54.568  26.127  12.215 0.0000000000
93635  44.476  31.883  -1.904 0.0000000000
93617  44.066  31.869  -1.097 0.0000000000
93619  42.328  31.209  -0.939 0.0000000000
93637  42.932  31.580  -1.677 0.0000000000
89860  43.412  25.696  -1.244 0.0000000000
89204  43.824  24.884  -1.043 0.0000000000
91082  44.600  27.191  8.556 0.0000000000
91081  45.002  27.848  8.060 0.0000000000
90436  44.582  26.287  8.201 0.0000000000
117214  45.563  23.503  4.116 0.0000000000
117952  44.955  24.235  4.231 0.0000000000
89181  45.151  24.179  3.469 0.0000000000
89188  44.799  24.673  2.975 0.0000000000
89187  45.341  24.193  2.654 0.0000000000
87906  52.421  22.982  0.971 0.0000000000
115706  52.136  23.489  1.521 0.0000000000
87916  52.445  22.926  0.151 0.0000000000
88571  49.162  23.341  -3.835 0.0000000000
88563  48.686  23.566  -2.426 0.0000000000
88572  48.315  23.612  -3.334 0.0000000000
89214  47.307  24.097  -3.250 0.0000000000
132394  47.671  23.650  -3.716 0.0000000000
89221  47.040  24.045  -3.645 0.0000000000
88579  47.578  23.475  -3.980 0.0000000000
85627  46.236  19.984  0.219 0.0000000000
86411  46.009  20.580  -0.529 0.0000000000
85611  45.221  19.853  0.690 0.0000000000
92433  40.236  29.993  2.263 0.0000000000
91753  40.290  28.659  3.119 0.0000000000
116557  45.491  27.030  15.150 0.0000000000
90380  45.476  26.509  15.683 0.0000000000
90365  47.465  26.464  18.078 0.0000000000
89706  46.974  25.867  17.480 0.0000000000
89705  47.954  25.715  17.568 0.0000000000
89715  48.432  25.143  16.876 0.0000000000
90363  49.510  26.257  18.142 0.0000000000
92457  48.549  29.215  -0.979 0.0000000000
92470  47.454  29.675  -1.887 0.0000000000
113591  45.639  29.941  -1.683 0.0000000000
92472  45.064  30.440  -2.095 0.0000000000
93085  44.982  31.098  -2.218 0.0000000000
92486  42.902  30.109  -2.075 0.0000000000
91150  43.511  27.326  -2.276 0.0000000000
91151  42.851  28.113  -1.975 0.0000000000
90515  43.346  26.871  -2.489 0.0000000000
129376  46.765  24.394  9.057 0.0000000000
89131  46.520  24.303  8.454 0.0000000000
89130  47.305  24.367  8.603 0.0000000000
88474  48.370  23.570  6.318 0.0000000000
88475  47.289  23.384  6.532 0.0000000000
112841  47.699  23.142  5.888 0.0000000000
87862  46.904  22.610  4.966 0.0000000000
87861  47.611  22.774  5.247 0.0000000000
85623  49.774  19.609  -1.691 0.0000000000
86417  50.852  21.146  -1.770 0.0000000000
86418  50.290  20.220  -2.412 0.0000000000
87201  50.131  21.107  -3.633 0.0000000000
87211  49.611  21.820  -4.064 0.0000000000
135132  49.498  21.142  -3.695 0.0000000000
87202  48.792  21.732  -3.981 0.0000000000
84811  47.450  18.073  -1.817 0.0000000000
85625  47.287  19.142  -1.123 0.0000000000
83071  47.020  16.483  -0.893 0.0000000000
82191  47.195  14.927  -0.232 0.0000000000
135387  46.946  15.444  0.264 0.0000000000
129050  45.154  28.091  21.092 0.0000000000
91614  46.464  28.153  21.278 0.0000000000
126768  46.283  27.721  21.416 0.0000000000
90327  47.861  26.598  21.187 0.0000000000
89662  48.395  25.937  20.470 0.0000000000
122410  49.317  25.826  20.508 0.0000000000
89678  48.977  25.125  19.860 0.0000000000
129310  46.940  28.681  2.088 0.0000000000
91777  45.170  29.187  2.010 0.0000000000
91762  44.879  28.515  2.620 0.0000000000
89151  54.382  25.222  7.086 0.0000000000
89806  54.110  25.320  6.656 0.0000000000
117318  53.893  24.423  5.741 0.0000000000
87145  51.833  22.314  3.569 0.0000000000
87872  53.167  23.274  4.205 0.0000000000
87155  51.813  22.405  2.582 0.0000000000
87156  51.029  21.778  2.362 0.0000000000
85567  48.459  19.390  4.062 0.0000000000
122304  48.207  17.988  3.145 0.0000000000
84799  48.527  18.575  0.853 0.0000000000
84783  48.377  18.614  1.811 0.0000000000
85594  48.643  19.290  1.256 0.0000000000
86384  49.474  20.428  1.203 0.0000000000
85609  48.836  19.171  0.198 0.0000000000
85608  49.513  19.773  -0.400 0.0000000000
84810  48.836  18.311  -0.187 0.0000000000
118617  48.662  15.556  -1.621 0.0000000000
83079  48.684  16.208  -2.446 0.0000000000
83951  48.788  16.902  -2.829 0.0000000000
82215  48.370  15.235  -2.831 0.0000000000
81379  48.098  14.375  -2.561 0.0000000000
128197  46.297  28.599  10.935 0.0000000000
91701  46.899  29.055  10.833 0.0000000000
91702  45.759  28.237  11.016 0.0000000000
115465  45.360  28.242  10.227 0.0000000000
91067  44.769  27.014  10.848 0.0000000000
89733  45.615  25.582  14.085 0.0000000000
89080  45.756  24.905  13.688 0.0000000000
115088  46.940  24.154  12.924 0.0000000000
129807  46.130  24.592  13.019 0.0000000000
115537  46.153  24.232  12.275 0.0000000000
89754  45.223  24.988  11.172 0.0000000000
89098  46.303  24.142  11.434 0.0000000000
112799  46.441  24.247  10.587 0.0000000000
89096  48.139  24.209  11.814 0.0000000000
125041  50.903  25.434  12.453 0.0000000000
122393  50.068  24.752  11.866 0.0000000000
89752  50.804  25.364  11.611 0.0000000000
89760  50.954  25.423  10.581 0.0000000000
89759  51.622  25.844  11.163 0.0000000000
91620  48.569  28.491  21.197 0.0000000000
91631  48.283  28.457  20.551 0.0000000000
91630  49.248  28.570  20.922 0.0000000000
90974  52.017  27.924  20.488 0.0000000000
124985  51.340  27.761  20.039 0.0000000000
90993  52.000  27.655  19.419 0.0000000000
90350  51.196  27.115  18.528 0.0000000000
91013  52.284  27.464  18.293 0.0000000000
89039  54.542  25.109  18.364 0.0000000000
89676  53.992  26.025  20.018 0.0000000000
89696  55.046  25.992  18.639 0.0000000000
91020  55.789  27.943  16.488 0.0000000000
91010  55.231  27.925  17.763 0.0000000000
91022  54.366  28.047  16.342 0.0000000000
91023  53.403  27.709  16.801 0.0000000000
91033  53.457  27.641  15.811 0.0000000000
91040  53.457  27.556  14.777 0.0000000000
91053  55.297  27.591  12.317 0.0000000000
90391  54.219  27.756  12.795 0.0000000000
114855  54.844  27.477  10.908 0.0000000000
90403  54.047  27.270  11.004 0.0000000000
91065  54.944  27.294  10.166 0.0000000000
90425  54.724  27.044  9.664 0.0000000000
91073  55.072  27.096  9.911 0.0000000000
89114  53.463  24.527  8.953 0.0000000000
89113  54.349  25.420  9.074 0.0000000000
88459  53.404  24.160  8.140 0.0000000000
87841  52.835  22.991  7.194 0.0000000000
87835  52.543  23.268  8.238 0.0000000000
87827  51.230  22.781  9.712 0.0000000000
87085  51.027  21.858  8.463 0.0000000000
128151  50.583  20.203  7.524 0.0000000000
119935  43.303  28.364  19.323 0.0000000000
90968  42.297  27.582  20.298 0.0000000000
114166  43.038  27.341  20.534 0.0000000000
125750  43.751  26.140  20.652 0.0000000000
89667  42.922  26.023  20.588 0.0000000000
93613  47.585  31.254  -0.175 0.0000000000
93595  47.023  31.438  0.799 0.0000000000
93576  47.316  31.705  1.890 0.0000000000
114955  44.159  31.430  1.405 0.0000000000
125633  43.365  31.314  1.418 0.0000000000
93059  41.961  30.937  1.381 0.0000000000
126922  41.481  30.262  0.171 0.0000000000
91780  41.214  28.541  0.768 0.0000000000
127147  41.569  28.035  0.023 0.0000000000
91811  42.202  28.762  -2.151 0.0000000000
91812  41.944  29.316  -2.140 0.0000000000
91146  41.941  28.415  -1.829 0.0000000000
91138  42.289  26.987  -0.762 0.0000000000
90488  42.330  26.469  0.413 0.0000000000
89196  42.962  24.952  1.667 0.0000000000
89200  43.077  25.313  0.672 0.0000000000
88545  43.815  23.254  0.235 0.0000000000
92991  47.013  30.325  8.032 0.0000000000
91720  46.126  28.946  7.174 0.0000000000
92381  47.170  30.010  7.113 0.0000000000
92391  46.731  29.337  6.714 0.0000000000
92398  47.640  29.277  5.511 0.0000000000
92399  46.953  29.011  5.908 0.0000000000
89146  45.041  24.844  7.250 0.0000000000
90442  44.601  26.218  7.162 0.0000000000
89807  44.605  25.780  6.393 0.0000000000
90463  44.715  26.126  4.566 0.0000000000
90455  45.089  26.600  5.614 0.0000000000
90462  45.263  26.594  4.970 0.0000000000
131891  46.211  27.822  5.250 0.0000000000
91100  45.938  27.650  4.593 0.0000000000
115624  46.328  28.089  4.161 0.0000000000
91115  45.277  27.349  4.004 0.0000000000
90476  44.303  26.573  2.891 0.0000000000
90477  43.896  26.965  2.131 0.0000000000
133952  44.193  26.582  1.376 0.0000000000
131840  52.349  24.614  5.437 0.0000000000
122816  51.486  24.351  5.158 0.0000000000
88515  50.468  23.399  2.212 0.0000000000
88506  49.972  23.316  3.570 0.0000000000
87897  49.415  23.009  2.325 0.0000000000
87887  48.033  22.516  3.202 0.0000000000
87898  48.495  22.672  2.496 0.0000000000
87929  51.722  22.928  -1.669 0.0000000000
121886  51.481  23.492  -0.352 0.0000000000
88551  51.490  23.320  -1.196 0.0000000000
117307  48.004  23.330  -0.278 0.0000000000
88553  49.141  23.201  -0.754 0.0000000000
88528  47.625  22.988  1.425 0.0000000000
88542  47.283  23.334  0.645 0.0000000000
88544  46.079  23.746  1.225 0.0000000000
88543  46.499  23.746  0.625 0.0000000000
89203  45.772  24.811  -0.504 0.0000000000
89858  45.401  25.622  -1.038 0.0000000000
89859  44.838  26.087  -0.349 0.0000000000
90499  44.915  26.327  -1.685 0.0000000000
89865  45.415  25.783  -2.327 0.0000000000
89216  45.370  24.843  -3.218 0.0000000000
89224  45.202  25.479  -3.048 0.0000000000
117522  44.764  25.334  -2.935 0.0000000000
113391  44.956  24.470  -2.831 0.0000000000
87204  46.685  21.929  -3.165 0.0000000000
86422  44.589  21.487  -1.258 0.0000000000
87931  45.156  22.302  -2.037 0.0000000000
87197  44.442  21.946  -1.432 0.0000000000
124768  43.873  21.718  -0.774 0.0000000000
85612  43.779  20.096  0.771 0.0000000000
86400  42.802  20.577  0.267 0.0000000000
127910  46.493  16.809  0.901 0.0000000000
83042  46.529  16.612  1.609 0.0000000000
93049  40.455  30.238  2.453 0.0000000000
90374  45.468  26.774  16.604 0.0000000000
90367  45.743  27.095  17.631 0.0000000000
90366  46.573  26.647  17.938 0.0000000000
90353  47.960  27.138  18.533 0.0000000000
92444  46.355  29.470  0.596 0.0000000000
121784  44.618  29.670  0.400 0.0000000000
92461  44.026  29.726  -0.400 0.0000000000
122459  43.473  29.585  -1.105 0.0000000000
91792  43.180  28.825  -1.097 0.0000000000
112312  49.190  24.895  8.985 0.0000000000
112175  47.927  24.425  8.084 0.0000000000
89128  49.726  24.904  8.505 0.0000000000
89141  49.557  24.615  7.609 0.0000000000
88473  49.445  23.941  6.059 0.0000000000
84823  49.318  18.203  -2.992 0.0000000000
85631  49.813  19.192  -2.806 0.0000000000
84824  49.109  18.160  -3.180 0.0000000000
85638  49.160  19.067  -3.079 0.0000000000
85632  48.740  19.861  -2.849 0.0000000000
84819  48.022  17.695  -2.728 0.0000000000
83070  47.300  16.309  -1.984 0.0000000000
81366  47.330  13.975  -1.053 0.0000000000
90330  45.158  26.660  21.111 0.0000000000
90329  46.008  26.543  21.057 0.0000000000
89665  45.422  26.031  20.547 0.0000000000
91760  48.460  28.667  1.981 0.0000000000
120458  46.841  28.461  2.857 0.0000000000
88464  53.642  23.746  6.656 0.0000000000
88472  53.764  23.948  6.024 0.0000000000
87113  52.629  22.450  5.539 0.0000000000
87133  51.809  22.200  4.550 0.0000000000
83894  48.290  17.838  2.365 0.0000000000
83909  48.304  16.903  1.812 0.0000000000
125150  48.446  17.185  0.704 0.0000000000
129486  48.710  17.443  -0.260 0.0000000000
83922  48.554  16.731  -0.052 0.0000000000
83069  48.641  16.038  -0.357 0.0000000000
125172  45.676  27.298  12.260 0.0000000000
89063  47.268  24.611  15.579 0.0000000000
113626  46.672  24.458  14.391 0.0000000000
89069  47.451  24.453  14.739 0.0000000000
118383  48.121  24.414  14.033 0.0000000000
113408  47.903  24.106  13.242 0.0000000000
89087  48.533  24.300  12.593 0.0000000000
89085  49.992  24.912  13.365 0.0000000000
89745  50.750  25.423  13.208 0.0000000000
89744  51.460  25.878  12.918 0.0000000000
90311  50.291  27.161  21.485 0.0000000000
90952  50.525  27.780  21.574 0.0000000000
90310  51.213  27.284  21.449 0.0000000000
90309  51.908  27.592  21.257 0.0000000000
90321  53.308  27.430  20.366 0.0000000000
89712  55.143  25.492  16.370 0.0000000000
89701  55.520  26.037  16.978 0.0000000000
89711  55.648  26.473  16.057 0.0000000000
90370  55.954  27.440  15.925 0.0000000000
91030  55.561  27.608  14.832 0.0000000000
91038  55.326  27.875  14.001 0.0000000000
90382  55.490  27.615  13.812 0.0000000000
90389  55.400  27.422  12.409 0.0000000000
90397  55.357  27.270  11.688 0.0000000000
89757  55.142  26.523  10.229 0.0000000000
89750  54.919  26.304  11.132 0.0000000000
89101  54.364  25.624  10.304 0.0000000000
89102  53.433  24.726  9.944 0.0000000000
87817  50.493  22.189  9.996 0.0000000000
127706  50.313  18.836  7.924 0.0000000000
93648  46.159  31.428  -2.181 0.0000000000
93632  47.159  31.068  -1.439 0.0000000000
93633  46.359  31.382  -1.687 0.0000000000
115183  46.028  31.350  -0.796 0.0000000000
93596  45.495  31.469  0.994 0.0000000000
93598  43.595  31.528  0.298 0.0000000000
135594  42.946  31.592  -0.049 0.0000000000
93600  42.077  31.154  0.383 0.0000000000
93618  42.563  31.446  -0.427 0.0000000000
92463  41.600  29.683  -0.557 0.0000000000
90509  42.834  27.071  -2.287 0.0000000000
91145  42.392  27.514  -1.643 0.0000000000
90502  42.616  26.829  -1.683 0.0000000000
89852  43.073  25.638  -0.251 0.0000000000
118664  43.498  24.529  0.994 0.0000000000
87917  43.551  22.183  -0.040 0.0000000000
92375  46.102  29.107  8.999 0.0000000000
92383  45.842  29.277  8.039 0.0000000000
91721  45.539  28.467  7.631 0.0000000000
91728  45.730  28.256  6.821 0.0000000000
89164  45.166  24.084  5.799 0.0000000000
89165  44.745  24.841  5.554 0.0000000000
89174  44.831  24.467  4.955 0.0000000000
119978  44.649  24.831  4.340 0.0000000000
89827  44.503  25.458  4.030 0.0000000000
90471  44.494  26.281  3.753 0.0000000000
89844  44.565  25.416  1.852 0.0000000000
123958  52.475  23.653  2.815 0.0000000000
88505  51.870  23.950  3.493 0.0000000000
114394  52.228  23.756  2.730 0.0000000000
88514  51.683  23.604  2.000 0.0000000000
88526  50.921  23.435  1.453 0.0000000000
128075  50.216  23.417  -2.755 0.0000000000
118896  50.800  23.364  -2.027 0.0000000000
113877  49.395  23.496  -3.053 0.0000000000
126443  48.389  23.491  -1.467 0.0000000000
134035  47.395  23.887  -1.303 0.0000000000
89207  46.905  24.421  -2.376 0.0000000000
89208  46.148  25.114  -2.424 0.0000000000
89222  46.458  24.375  -3.471 0.0000000000
89223  46.083  24.332  -3.435 0.0000000000
86420  46.945  20.790  -1.355 0.0000000000
87195  46.194  21.529  -2.134 0.0000000000
86412  44.537  20.956  -0.770 0.0000000000
92406  48.593  29.327  4.347 0.0000000000
91766  40.194  29.575  3.061 0.0000000000
90479  41.453  26.687  2.415 0.0000000000
90386  45.448  25.966  14.917 0.0000000000
89725  45.958  24.947  15.170 0.0000000000
89718  45.785  25.938  16.182 0.0000000000
89717  46.558  25.433  16.483 0.0000000000
89056  46.559  24.896  15.702 0.0000000000
89054  47.893  24.751  16.202 0.0000000000
89714  49.377  25.290  16.704 0.0000000000
89713  50.279  25.594  16.454 0.0000000000
89018  52.815  24.765  19.996 0.0000000000
89041  53.198  24.307  19.273 0.0000000000
89040  53.932  24.676  18.850 0.0000000000
133741  54.667  24.772  17.714 0.0000000000
127833  54.955  24.983  17.122 0.0000000000
89058  54.643  25.257  15.787 0.0000000000
89721  53.593  25.431  15.263 0.0000000000
89074  53.616  25.068  13.728 0.0000000000
89083  53.698  25.304  12.658 0.0000000000
92483  47.728  30.172  -2.325 0.0000000000
131637  46.984  30.674  -2.190 0.0000000000
92484  46.781  30.312  -2.339 0.0000000000
93099  46.375  31.023  -2.376 0.0000000000
93649  45.720  31.322  -2.254 0.0000000000
117607  44.954  31.568  -2.003 0.0000000000
93650  43.337  31.610  -2.131 0.0000000000
93651  42.980  31.349  -2.180 0.0000000000
92487  42.257  29.638  -2.158 0.0000000000
91802  42.892  28.954  -2.014 0.0000000000
91156  42.551  28.259  -2.049 0.0000000000
89867  43.515  26.253  -2.360 0.0000000000
89789  44.902  25.482  8.772 0.0000000000
89799  45.221  24.895  8.063 0.0000000000
89145  45.567  24.307  7.543 0.0000000000
89156  45.345  24.125  6.784 0.0000000000
89143  47.088  24.021  7.958 0.0000000000
88466  46.721  23.613  7.256 0.0000000000
88477  45.709  23.445  6.374 0.0000000000
88487  45.689  23.374  5.558 0.0000000000
88498  46.255  22.904  4.520 0.0000000000
88507  46.205  22.952  3.648 0.0000000000
120825  51.466  22.041  -0.268 0.0000000000
87186  52.039  22.616  -0.479 0.0000000000
87187  51.512  21.966  -1.108 0.0000000000
87193  51.174  22.102  -2.059 0.0000000000
87930  51.013  22.772  -2.560 0.0000000000
87200  50.657  21.987  -3.230 0.0000000000
87936  50.417  22.800  -3.588 0.0000000000
87943  49.656  22.577  -4.111 0.0000000000
87944  48.368  22.873  -4.398 0.0000000000
87945  47.696  22.938  -4.305 0.0000000000
87213  48.115  22.395  -4.171 0.0000000000
87203  47.736  21.748  -3.598 0.0000000000
130888  47.898  20.570  -2.209 0.0000000000
85626  46.579  19.144  -0.178 0.0000000000
83923  46.426  17.403  0.601 0.0000000000
113985  46.704  15.993  0.761 0.0000000000
81337  47.200  14.697  1.816 0.0000000000
91646  45.676  28.320  19.257 0.0000000000
90979  46.275  28.231  19.215 0.0000000000
91622  46.730  28.417  20.825 0.0000000000
91613  47.348  28.192  21.368 0.0000000000
90955  47.908  27.834  21.653 0.0000000000
90313  48.338  27.361  21.668 0.0000000000
90312  49.212  27.411  21.699 0.0000000000
90325  49.751  26.517  21.103 0.0000000000
89011  50.288  25.540  20.557 0.0000000000
89010  50.950  24.971  20.395 0.0000000000
92458  47.514  29.386  0.029 0.0000000000
91775  47.853  28.621  1.338 0.0000000000
122214  47.027  29.037  1.249 0.0000000000
92445  45.384  29.505  1.086 0.0000000000
91131  43.602  28.120  1.477 0.0000000000
112233  53.100  26.104  8.237 0.0000000000
135472  51.983  25.392  7.323 0.0000000000
113324  52.755  25.526  6.996 0.0000000000
89172  53.155  24.264  4.200 0.0000000000
87871  53.585  23.727  4.574 0.0000000000
88492  53.646  24.047  4.383 0.0000000000
88504  52.903  23.820  3.323 0.0000000000
87895  52.453  23.362  2.352 0.0000000000
87896  52.524  22.939  1.844 0.0000000000
85566  48.809  20.163  4.400 0.0000000000
86351  49.385  20.778  3.786 0.0000000000
86361  49.422  20.696  2.852 0.0000000000
84768  48.360  18.617  2.722 0.0000000000
86373  48.798  20.067  2.539 0.0000000000
87157  50.111  21.296  2.163 0.0000000000
87168  50.095  21.064  1.265 0.0000000000
87179  50.795  21.596  0.443 0.0000000000
86408  50.690  21.371  -0.561 0.0000000000
84818  49.100  17.759  -1.409 0.0000000000
84817  49.434  18.310  -2.075 0.0000000000
83944  49.193  17.609  -2.593 0.0000000000
83084  48.603  16.824  -3.084 0.0000000000
82220  47.924  15.400  -3.150 0.0000000000
82216  47.651  14.901  -2.905 0.0000000000
121013  48.200  13.427  -2.512 0.0000000000
92367  46.924  29.563  9.625 0.0000000000
91709  45.462  28.541  9.510 0.0000000000
91075  44.618  27.354  9.278 0.0000000000
91056  45.779  26.978  13.120 0.0000000000
132152  45.362  26.658  12.349 0.0000000000
90401  45.039  26.050  11.962 0.0000000000
89746  44.963  25.177  12.297 0.0000000000
90407  44.762  26.261  11.190 0.0000000000
89763  44.844  25.620  10.725 0.0000000000
89777  44.778  25.601  9.803 0.0000000000
89106  45.769  24.548  10.122 0.0000000000
89118  46.605  24.382  9.750 0.0000000000
135269  47.953  24.458  9.740 0.0000000000
89095  49.069  24.537  11.873 0.0000000000
89103  49.424  24.649  10.467 0.0000000000
89115  49.290  24.715  9.629 0.0000000000
89761  50.171  25.124  9.912 0.0000000000
89774  51.105  25.541  9.693 0.0000000000
121993  52.018  25.978  9.339 0.0000000000
90978  47.006  28.354  19.552 0.0000000000
90996  48.372  27.585  19.264 0.0000000000
90995  49.275  27.495  19.451 0.0000000000
90965  50.211  28.265  20.780 0.0000000000
126749  50.050  27.592  19.522 0.0000000000
90351  50.042  26.971  18.847 0.0000000000
90362  50.547  26.469  17.902 0.0000000000
90373  50.920  26.115  17.035 0.0000000000
90372  51.704  26.724  16.597 0.0000000000
89677  53.206  25.566  20.371 0.0000000000
90337  54.092  26.993  20.043 0.0000000000
90972  53.823  27.615  19.702 0.0000000000
90348  55.500  27.428  17.941 0.0000000000
90990  54.983  27.677  18.537 0.0000000000
121992  53.797  27.931  18.683 0.0000000000
91012  53.421  27.893  17.936 0.0000000000
91024  52.454  27.370  17.228 0.0000000000
90378  51.856  26.647  15.579 0.0000000000
122098  51.636  26.393  14.837 0.0000000000
90385  51.814  26.462  14.213 0.0000000000
90393  51.989  26.539  13.432 0.0000000000
91048  53.942  27.709  13.733 0.0000000000
90392  53.089  27.018  13.142 0.0000000000
90400  52.183  26.463  12.577 0.0000000000
90404  53.190  26.757  11.282 0.0000000000
89773  52.786  26.392  9.842 0.0000000000
89785  53.143  26.445  8.933 0.0000000000
90435  53.774  26.456  8.426 0.0000000000
90433  54.403  26.093  8.081 0.0000000000
89138  54.437  25.317  7.633 0.0000000000
132328  54.515  25.522  8.172 0.0000000000
88463  54.123  24.498  7.245 0.0000000000
87114  52.250  22.037  6.187 0.0000000000
132466  51.648  21.534  6.231 0.0000000000
89084  53.048  24.667  12.111 0.0000000000
88444  52.429  24.142  10.618 0.0000000000
88451  52.587  24.031  9.646 0.0000000000
130252  50.848  22.274  9.246 0.0000000000
115542  51.594  22.642  8.801 0.0000000000
87105  51.496  21.675  7.491 0.0000000000
87115  51.176  21.028  6.589 0.0000000000
91647  44.914  28.333  19.156 0.0000000000
91634  45.328  28.561  19.979 0.0000000000
91624  44.871  28.310  20.544 0.0000000000
123374  44.499  27.794  20.916 0.0000000000
91626  43.204  27.945  20.299 0.0000000000
90967  43.725  27.505  20.723 0.0000000000
116217  44.272  26.890  21.042 0.0000000000
89666  44.565  26.120  20.676 0.0000000000
89668  42.086  25.928  20.428 0.0000000000
89027  43.024  24.915  19.540 0.0000000000
94083  46.050  31.991  2.818 0.0000000000
112786  45.465  31.619  2.112 0.0000000000
93561  45.270  31.802  3.012 0.0000000000
134097  41.944  30.790  2.068 0.0000000000
93061  40.693  30.238  1.767 0.0000000000
131670  41.039  30.096  1.064 0.0000000000
92448  40.637  29.784  1.560 0.0000000000
91133  40.894  28.268  1.632 0.0000000000
90489  41.722  26.811  1.357 0.0000000000
93086  42.541  30.986  -1.836 0.0000000000
92474  41.825  29.776  -1.617 0.0000000000
122641  41.757  28.392  -0.905 0.0000000000
91139  41.963  27.781  -0.862 0.0000000000
134797  42.246  26.332  1.314 0.0000000000
92389  48.024  30.016  5.855 0.0000000000
92407  47.922  28.929  4.772 0.0000000000
91094  44.859  27.088  6.829 0.0000000000
127280  45.416  27.637  6.598 0.0000000000
112873  44.670  26.098  5.850 0.0000000000
91093  45.332  27.136  6.101 0.0000000000
91734  45.840  27.944  5.971 0.0000000000
91733  46.527  28.405  5.534 0.0000000000
91742  47.389  28.519  4.373 0.0000000000
123301  46.883  28.249  4.064 0.0000000000
91750  46.366  28.279  3.471 0.0000000000
113679  45.500  28.238  3.178 0.0000000000
91116  44.620  27.088  3.532 0.0000000000
91752  44.805  27.853  3.234 0.0000000000
91763  44.145  28.160  2.472 0.0000000000
91124  43.723  27.771  2.106 0.0000000000
128602  51.821  25.198  6.784 0.0000000000
114084  50.537  24.304  6.079 0.0000000000
123471  49.334  23.580  5.304 0.0000000000
113365  50.813  23.672  3.764 0.0000000000
88496  49.951  23.521  4.464 0.0000000000
112246  49.016  23.274  4.803 0.0000000000
115759  48.272  22.587  3.943 0.0000000000
121732  47.531  22.503  3.811 0.0000000000
87888  47.006  22.689  3.097 0.0000000000
87922  52.322  23.279  0.010 0.0000000000
88539  51.485  23.524  0.557 0.0000000000
126229  50.157  23.333  0.855 0.0000000000
88552  50.420  23.322  -0.938 0.0000000000
88541  49.232  23.240  0.245 0.0000000000
88527  49.196  23.067  1.036 0.0000000000
87909  47.901  22.703  2.014 0.0000000000
87899  47.181  22.737  2.100 0.0000000000
88516  46.513  23.156  2.298 0.0000000000
89193  45.570  24.167  1.720 0.0000000000
89843  45.037  24.949  1.218 0.0000000000
128162  46.331  24.288  -0.079 0.0000000000
89851  44.567  25.833  0.956 0.0000000000
90493  44.314  26.646  0.378 0.0000000000
91136  43.852  27.374  -0.131 0.0000000000
90507  44.302  26.883  -2.189 0.0000000000
133548  45.071  25.851  -2.894 0.0000000000
89866  44.111  25.865  -2.670 0.0000000000
87946  46.983  23.113  -4.030 0.0000000000
88581  46.263  23.517  -3.477 0.0000000000
87205  45.771  22.120  -2.637 0.0000000000
87939  45.577  22.992  -2.698 0.0000000000
88574  45.164  23.636  -2.418 0.0000000000
88565  44.701  23.766  -1.873 0.0000000000
88555  44.216  24.414  -1.500 0.0000000000
134126  44.329  23.485  -1.052 0.0000000000
88556  44.029  22.834  -0.482 0.0000000000
87180  42.893  21.177  -0.230 0.0000000000
86413  43.324  20.969  -0.524 0.0000000000
126785  42.801  20.945  -0.230 0.0000000000
82205  47.266  15.664  -1.703 0.0000000000
83080  47.561  15.381  -3.037 0.0000000000
83090  48.116  16.242  -3.290 0.0000000000
83956  48.761  17.308  -3.151 0.0000000000
84829  49.034  17.694  -3.232 0.0000000000
85582  48.513  19.369  2.177 0.0000000000
85593  49.256  19.836  0.753 0.0000000000
86362  48.708  20.164  3.493 0.0000000000
86372  49.418  20.595  1.953 0.0000000000
86427  50.105  20.031  -3.203 0.0000000000
87086  50.392  21.569  9.376 0.0000000000
87134  50.936  21.858  4.352 0.0000000000
87147  50.091  21.372  3.095 0.0000000000
87166  51.888  22.422  1.592 0.0000000000
87189  43.299  21.251  -0.456 0.0000000000
87196  45.194  21.781  -1.805 0.0000000000
87858  53.600  23.578  5.267 0.0000000000
87860  52.598  22.568  4.783 0.0000000000
87873  52.652  22.729  3.842 0.0000000000
87874  48.339  22.813  4.700 0.0000000000
87875  47.566  22.564  4.499 0.0000000000
87882  53.411  23.902  3.903 0.0000000000
87884  52.574  22.887  2.846 0.0000000000
87885  49.976  23.248  2.866 0.0000000000
87886  49.102  22.679  3.217 0.0000000000
87908  48.658  22.903  1.640 0.0000000000
87923  52.129  23.066  -0.692 0.0000000000
87937  49.673  23.068  -3.936 0.0000000000
87949  48.063  23.114  -4.302 0.0000000000
87950  47.473  23.238  -4.129 0.0000000000
88452  52.059  23.320  9.263 0.0000000000
88465  47.846  23.925  7.275 0.0000000000
88467  45.865  23.567  7.178 0.0000000000
88482  53.865  24.125  5.038 0.0000000000
88484  48.453  23.218  5.455 0.0000000000
88485  46.862  22.901  5.822 0.0000000000
88486  46.289  22.990  5.305 0.0000000000
88493  53.382  24.047  3.928 0.0000000000
88495  51.124  23.981  4.373 0.0000000000
88499  45.796  23.295  4.884 0.0000000000
88513  52.254  23.531  2.108 0.0000000000
88517  45.850  23.579  2.422 0.0000000000
88523  52.265  23.350  1.441 0.0000000000
88525  51.831  23.530  1.302 0.0000000000
88530  46.115  23.540  1.809 0.0000000000
88537  52.287  23.239  0.715 0.0000000000
88538  52.169  23.439  0.279 0.0000000000
88550  52.054  23.365  -0.424 0.0000000000
88560  51.828  23.138  -1.178 0.0000000000
88561  51.396  23.151  -1.951 0.0000000000
88578  48.889  23.018  -4.321 0.0000000000
89053  48.804  24.755  16.099 0.0000000000
89055  47.135  24.875  16.189 0.0000000000
89061  49.083  24.675  15.296 0.0000000000
89067  49.228  24.685  14.642 0.0000000000
89070  46.566  24.591  15.039 0.0000000000
89077  48.956  24.463  13.460 0.0000000000
89079  46.407  24.503  13.737 0.0000000000
89088  47.700  24.058  12.494 0.0000000000
89089  45.426  24.863  12.530 0.0000000000
89093  53.224  24.769  11.035 0.0000000000
89094  50.289  25.056  12.622 0.0000000000
89099  45.468  24.540  11.786 0.0000000000
89104  48.454  24.409  10.195 0.0000000000
89105  47.404  24.274  10.228 0.0000000000
89117  47.511  24.454  9.336 0.0000000000
89129  48.801  24.617  8.416 0.0000000000
89132  45.799  24.467  8.272 0.0000000000
89139  54.476  24.934  6.941 0.0000000000
89142  48.902  24.227  6.910 0.0000000000
89152  54.156  24.833  6.267 0.0000000000
89153  53.566  25.419  6.454 0.0000000000
89162  53.831  25.060  5.885 0.0000000000
89163  52.499  24.440  4.783 0.0000000000
89171  53.648  24.157  4.622 0.0000000000
89659  52.625  26.109  20.842 0.0000000000
89660  51.869  25.780  21.040 0.0000000000
89675  54.598  26.480  19.377 0.0000000000
89695  55.476  26.507  17.922 0.0000000000
89697  54.332  25.520  19.204 0.0000000000
89704  48.976  25.654  17.519 0.0000000000
89729  54.060  25.624  14.445 0.0000000000
89731  50.669  25.613  14.837 0.0000000000
89735  55.316  26.651  12.800 0.0000000000
89737  51.305  25.898  13.737 0.0000000000
89749  55.427  26.888  11.078 0.0000000000
89755  44.863  25.456  11.598 0.0000000000
89762  45.205  25.037  10.314 0.0000000000
89775  49.883  25.024  9.135 0.0000000000
89776  45.302  24.954  9.480 0.0000000000
89784  54.562  25.850  8.257 0.0000000000
89787  50.494  25.258  8.671 0.0000000000
89788  45.415  24.825  8.760 0.0000000000
89794  54.393  25.580  7.728 0.0000000000
89795  53.899  25.853  7.490 0.0000000000
89797  52.250  25.595  7.883 0.0000000000
89813  44.650  25.527  5.708 0.0000000000
89818  44.695  25.350  4.918 0.0000000000
89879  45.845  24.928  -3.347 0.0000000000
90314  47.423  27.245  21.493 0.0000000000
90315  46.548  27.161  21.386 0.0000000000
90316  45.769  27.224  21.370 0.0000000000
90322  52.680  27.086  20.932 0.0000000000
90349  55.234  26.921  18.726 0.0000000000
90352  48.921  26.874  18.803 0.0000000000
90354  47.040  27.217  18.454 0.0000000000
90376  55.784  27.000  15.187 0.0000000000
90377  52.336  26.878  14.814 0.0000000000
90379  51.035  26.163  16.035 0.0000000000
90396  55.301  27.337  11.657 0.0000000000
90398  54.413  27.519  11.791 0.0000000000
90399  53.289  26.962  12.153 0.0000000000
90402  55.328  27.211  10.948 0.0000000000
90405  52.281  26.406  11.688 0.0000000000
90406  45.078  26.841  11.655 0.0000000000
90412  55.292  27.040  10.329 0.0000000000
90413  54.521  27.242  10.175 0.0000000000
90414  53.493  26.813  10.417 0.0000000000
90415  52.421  26.436  10.743 0.0000000000
90416  44.643  26.359  10.296 0.0000000000
90424  54.646  26.465  9.049 0.0000000000
90434  54.252  26.398  8.442 0.0000000000
90508  43.264  26.667  -2.438 0.0000000000
90951  51.247  27.876  21.422 0.0000000000
90954  48.768  27.907  21.898 0.0000000000
90957  45.726  27.948  21.275 0.0000000000
90963  52.411  27.726  20.683 0.0000000000
90975  50.551  27.810  20.092 0.0000000000
90977  47.913  28.233  19.700 0.0000000000
90991  54.189  27.758  18.938 0.0000000000
90992  53.130  27.818  19.006 0.0000000000
91009  55.497  27.806  17.220 0.0000000000
91021  55.189  28.164  16.936 0.0000000000
91031  55.285  27.990  15.006 0.0000000000
91032  54.473  28.039  15.345 0.0000000000
91039  54.688  28.046  14.318 0.0000000000
91047  54.945  28.101  13.357 0.0000000000
91054  54.961  27.894  12.539 0.0000000000
91058  55.128  27.524  11.681 0.0000000000
91059  46.259  27.880  11.973 0.0000000000
91064  55.229  27.195  10.445 0.0000000000
91066  45.100  27.661  10.496 0.0000000000
91074  44.898  27.856  9.721 0.0000000000
91088  44.716  27.059  7.672 0.0000000000
91107  45.453  27.115  4.665 0.0000000000
91609  50.835  28.087  21.353 0.0000000000
91610  50.024  28.194  21.355 0.0000000000
91611  49.100  28.294  21.609 0.0000000000
91612  48.302  28.196  21.498 0.0000000000
91619  50.744  28.223  21.116 0.0000000000
91621  47.675  28.486  20.942 0.0000000000
91633  46.247  28.576  19.996 0.0000000000
91636  43.588  28.361  19.917 0.0000000000
91715  44.744  28.044  8.913 0.0000000000
91764  43.806  28.314  1.835 0.0000000000
91781  40.804  29.062  1.346 0.0000000000
92374  46.552  29.717  8.505 0.0000000000
92460  45.492  29.755  -0.166 0.0000000000
93100  44.069  31.563  -2.173 0.0000000000
93103  42.165  30.143  -2.042 0.0000000000
93615  45.431  31.533  -0.357 0.0000000000
112194  51.600  24.686  6.099 0.0000000000
112569  53.663  25.680  7.174 0.0000000000
112634  48.009  24.561  8.718 0.0000000000
112830  55.003  26.580  9.770 0.0000000000
112915  51.281  25.492  8.285 0.0000000000
113576  46.239  23.178  2.929 0.0000000000
113796  45.747  24.485  10.967 0.0000000000
115316  45.913  28.683  10.403 0.0000000000
115774  51.679  21.528  6.776 0.0000000000
116428  44.732  25.451  6.980 0.0000000000
117026  55.819  28.015  15.740 0.0000000000
117064  52.996  24.463  5.028 0.0000000000
117146  54.021  26.638  8.870 0.0000000000
117695  46.711  28.454  11.573 0.0000000000
117767  53.351  23.696  7.500 0.0000000000
118174  46.083  25.354  15.742 0.0000000000
118202  45.308  26.020  12.748 0.0000000000
118511  51.099  28.080  20.712 0.0000000000
119111  53.190  25.846  7.651 0.0000000000
120020  51.896  22.464  7.824 0.0000000000
121102  49.804  24.394  6.721 0.0000000000
121691  49.658  27.979  20.160 0.0000000000
121967  54.331  24.879  7.595 0.0000000000
122234  55.509  27.120  12.368 0.0000000000
122241  52.816  24.051  3.367 0.0000000000
123590  48.314  17.272  -3.119 0.0000000000
124337  48.745  24.359  11.085 0.0000000000
126299  45.597  26.469  14.431 0.0000000000
126723  47.814  16.287  -3.238 0.0000000000
127264  50.573  26.251  21.133 0.0000000000
127307  51.072  21.772  5.155 0.0000000000
128263  49.755  23.239  -0.297 0.0000000000
128787  54.199  27.955  17.230 0.0000000000
130511  49.517  24.654  11.234 0.0000000000
130517  48.880  24.585  14.178 0.0000000000
131422  46.119  23.047  5.971 0.0000000000
131432  52.655  27.242  15.424 0.0000000000
131746  47.560  28.467  20.217 0.0000000000
131763  45.712  25.202  14.647 0.0000000000
131870  53.630  27.803  19.307 0.0000000000
133427  49.479  20.748  4.586 0.0000000000
133802  55.644  28.164  16.282 0.0000000000
134388  55.726  26.774  16.464 0.0000000000
134542  51.930  23.580  -0.006 0.0000000000
134945  48.449  17.174  -3.153 0.0000000000
135378  47.022  23.971  11.037 0.0000000000
135715  42.194  31.216  -0.272 0.0000000000
135932  50.506  25.150  12.154 0.0000000000
