#!ascii label  , from subject sub-003S6257 vox2ras=TkReg
1206
45275  24.261  -20.182  42.548 0.0000000000
49143  38.891  -16.428  48.930 0.0000000000
65037  46.402  -0.723  23.544 0.0000000000
59342  37.131  -8.770  34.798 0.0000000000
55225  43.322  -12.691  41.059 0.0000000000
76696  56.321  10.030  13.019 0.0000000000
62207  47.065  -3.953  28.010 0.0000000000
61307  41.271  -4.634  27.587 0.0000000000
44214  18.608  -22.547  43.453 0.0000000000
47139  31.107  -17.971  45.792 0.0000000000
49208  35.158  -16.442  43.434 0.0000000000
48193  26.895  -18.087  39.720 0.0000000000
70899  51.308  3.760  18.518 0.0000000000
45203  27.718  -20.678  46.914 0.0000000000
43143  22.890  -21.625  47.189 0.0000000000
67810  52.186  1.061  22.748 0.0000000000
42100  17.877  -24.137  48.066 0.0000000000
38979  14.060  -26.914  49.290 0.0000000000
62137  40.233  -3.782  33.201 0.0000000000
122694  39.890  -10.377  38.746 0.0000000000
51312  40.665  -15.777  35.507 0.0000000000
50266  38.614  -15.520  39.838 0.0000000000
62143  46.804  -3.704  30.535 0.0000000000
61304  44.268  -4.445  27.814 0.0000000000
63070  43.965  -3.691  29.686 0.0000000000
62153  49.610  -3.190  30.032 0.0000000000
113428  22.416  -20.321  40.857 0.0000000000
44252  19.666  -22.891  40.636 0.0000000000
45239  21.304  -20.737  43.484 0.0000000000
46250  28.148  -19.344  43.806 0.0000000000
48172  29.004  -17.800  42.371 0.0000000000
114372  25.810  -18.827  41.136 0.0000000000
46293  23.978  -19.643  38.919 0.0000000000
66883  46.445  -0.247  21.648 0.0000000000
65023  48.594  -0.687  25.486 0.0000000000
66875  49.020  0.530  22.971 0.0000000000
67833  48.924  1.513  21.239 0.0000000000
43083  21.911  -22.520  48.201 0.0000000000
134705  19.679  -22.451  47.536 0.0000000000
42067  19.877  -23.597  49.407 0.0000000000
38913  16.336  -26.181  53.299 0.0000000000
114343  16.281  -25.979  50.923 0.0000000000
128954  13.981  -26.442  51.294 0.0000000000
38939  11.959  -27.029  51.899 0.0000000000
38906  12.155  -26.546  54.273 0.0000000000
59266  41.505  -7.884  40.259 0.0000000000
56185  41.774  -11.927  39.413 0.0000000000
55262  41.323  -12.834  37.147 0.0000000000
53283  42.271  -14.214  38.267 0.0000000000
49260  33.181  -16.412  40.467 0.0000000000
50250  36.742  -15.515  41.778 0.0000000000
120930  34.765  -15.197  39.051 0.0000000000
51289  37.090  -14.674  37.147 0.0000000000
61242  38.364  -6.115  33.754 0.0000000000
61271  37.487  -5.810  30.597 0.0000000000
60369  35.681  -7.752  31.597 0.0000000000
79336  58.478  12.679  10.546 0.0000000000
76712  55.964  10.078  10.925 0.0000000000
64071  46.366  -2.652  26.113 0.0000000000
62227  43.654  -3.877  25.987 0.0000000000
64063  48.876  -1.995  27.376 0.0000000000
48099  35.610  -16.985  47.937 0.0000000000
117468  37.357  -16.494  46.150 0.0000000000
48152  33.344  -17.231  44.410 0.0000000000
49225  31.644  -16.760  41.495 0.0000000000
49280  28.802  -16.788  38.989 0.0000000000
70890  54.285  3.937  20.212 0.0000000000
72878  54.594  5.494  18.484 0.0000000000
73882  54.341  6.737  16.588 0.0000000000
74848  54.322  7.645  14.093 0.0000000000
120218  26.320  -20.369  44.649 0.0000000000
124149  23.473  -21.348  45.187 0.0000000000
44167  25.550  -20.877  46.919 0.0000000000
46211  29.340  -19.580  45.560 0.0000000000
69862  51.982  2.505  20.573 0.0000000000
43189  20.428  -21.988  45.622 0.0000000000
43169  17.670  -23.375  45.526 0.0000000000
41121  15.558  -25.812  46.272 0.0000000000
41071  17.769  -24.692  50.707 0.0000000000
134974  15.991  -25.942  49.009 0.0000000000
40015  9.970  -26.218  55.679 0.0000000000
63041  42.836  -2.749  32.978 0.0000000000
60315  38.901  -6.626  36.192 0.0000000000
60282  40.285  -7.503  38.551 0.0000000000
58274  38.810  -9.417  37.535 0.0000000000
56221  40.020  -12.732  35.186 0.0000000000
52292  41.579  -15.081  34.445 0.0000000000
50374  38.976  -16.856  33.324 0.0000000000
50208  39.049  -15.906  44.672 0.0000000000
50231  40.545  -15.345  42.051 0.0000000000
50263  41.623  -15.560  39.583 0.0000000000
49291  39.847  -15.657  37.552 0.0000000000
50348  38.239  -16.112  35.502 0.0000000000
113054  40.659  -4.067  29.846 0.0000000000
130978  38.819  -5.760  27.197 0.0000000000
63050  47.014  -2.862  31.632 0.0000000000
62145  45.201  -3.473  30.582 0.0000000000
63062  44.840  -2.928  31.269 0.0000000000
63049  47.840  -2.852  31.566 0.0000000000
45276  23.240  -20.103  41.948 0.0000000000
45277  21.591  -20.801  41.290 0.0000000000
45254  22.903  -20.334  42.885 0.0000000000
46252  25.787  -19.943  42.897 0.0000000000
47171  26.841  -18.776  42.545 0.0000000000
46262  25.196  -19.834  42.217 0.0000000000
46275  23.616  -19.623  40.656 0.0000000000
65961  46.889  -0.337  22.733 0.0000000000
65025  47.405  -0.829  24.419 0.0000000000
65947  48.783  0.081  24.369 0.0000000000
65949  47.368  -0.369  23.616 0.0000000000
66876  47.343  0.341  22.258 0.0000000000
38914  15.701  -26.350  53.689 0.0000000000
38936  14.721  -26.390  52.303 0.0000000000
113559  14.197  -26.510  53.050 0.0000000000
121418  12.601  -26.809  51.614 0.0000000000
38938  12.758  -26.778  52.579 0.0000000000
127689  12.201  -26.966  52.719 0.0000000000
58247  42.429  -9.911  41.418 0.0000000000
56177  42.676  -12.199  40.411 0.0000000000
55238  42.362  -12.655  38.922 0.0000000000
53276  42.708  -13.516  39.447 0.0000000000
50173  40.120  -16.113  48.462 0.0000000000
50304  32.554  -16.257  38.984 0.0000000000
50284  34.329  -15.670  40.105 0.0000000000
50319  32.709  -15.814  38.528 0.0000000000
51291  34.101  -14.800  37.774 0.0000000000
59358  37.203  -7.880  34.444 0.0000000000
60359  36.818  -7.189  32.827 0.0000000000
76683  56.744  9.709  14.421 0.0000000000
77549  57.629  10.486  14.308 0.0000000000
77562  57.341  10.808  12.904 0.0000000000
78434  57.613  11.410  11.645 0.0000000000
76704  56.116  10.066  12.068 0.0000000000
63119  46.659  -3.195  26.691 0.0000000000
116869  45.141  -3.315  26.169 0.0000000000
62217  45.285  -3.902  26.992 0.0000000000
61328  42.720  -4.570  27.100 0.0000000000
113033  43.034  -4.524  26.598 0.0000000000
61341  41.775  -5.100  26.097 0.0000000000
62188  48.016  -3.484  28.916 0.0000000000
63099  48.040  -2.845  28.095 0.0000000000
64069  47.804  -1.958  26.524 0.0000000000
45258  19.183  -22.595  41.656 0.0000000000
42154  16.946  -24.161  43.954 0.0000000000
48119  33.487  -17.441  46.179 0.0000000000
112805  34.479  -17.123  45.798 0.0000000000
48142  32.598  -17.474  44.919 0.0000000000
48182  27.917  -17.644  41.269 0.0000000000
48180  29.592  -17.346  41.667 0.0000000000
49246  29.222  -16.957  41.006 0.0000000000
49263  30.517  -16.670  40.197 0.0000000000
49265  28.199  -17.264  39.569 0.0000000000
48207  26.560  -18.047  38.520 0.0000000000
55290  40.317  -12.570  33.838 0.0000000000
70891  53.569  4.038  19.551 0.0000000000
71850  54.229  4.601  19.421 0.0000000000
71855  53.456  4.688  18.777 0.0000000000
72890  53.223  5.575  16.403 0.0000000000
72895  53.111  5.607  15.505 0.0000000000
73886  54.132  7.070  15.609 0.0000000000
123795  27.168  -20.670  45.772 0.0000000000
131708  26.524  -20.789  45.871 0.0000000000
44177  26.894  -20.894  46.547 0.0000000000
46196  28.777  -19.871  46.266 0.0000000000
113897  28.282  -20.228  45.359 0.0000000000
68817  53.270  2.136  21.368 0.0000000000
68809  51.561  1.713  21.390 0.0000000000
68828  48.917  2.245  19.745 0.0000000000
44181  23.299  -21.281  45.919 0.0000000000
44194  22.073  -21.660  45.119 0.0000000000
43165  21.712  -21.708  46.505 0.0000000000
42114  19.194  -22.977  47.781 0.0000000000
134449  18.837  -22.935  47.045 0.0000000000
42116  17.568  -23.931  47.037 0.0000000000
42117  16.679  -24.451  46.456 0.0000000000
42101  16.995  -24.565  47.571 0.0000000000
41060  18.113  -24.687  51.712 0.0000000000
38967  14.810  -26.415  50.236 0.0000000000
40065  16.447  -25.587  50.098 0.0000000000
128509  15.240  -26.324  49.216 0.0000000000
40096  14.715  -26.582  47.715 0.0000000000
116240  39.465  -5.620  36.275 0.0000000000
59281  40.634  -9.103  39.429 0.0000000000
120282  41.053  -7.574  39.502 0.0000000000
59296  40.003  -8.815  38.951 0.0000000000
59297  39.734  -8.068  38.367 0.0000000000
58269  39.381  -9.423  38.307 0.0000000000
119922  39.342  -11.675  36.592 0.0000000000
132981  39.853  -11.804  37.200 0.0000000000
131372  41.817  -14.798  36.479 0.0000000000
54327  41.253  -13.934  35.863 0.0000000000
129084  41.253  -15.415  34.969 0.0000000000
51339  41.075  -16.122  33.529 0.0000000000
50360  39.919  -16.335  34.624 0.0000000000
49190  35.988  -16.589  44.711 0.0000000000
49178  38.718  -16.124  45.556 0.0000000000
49196  37.221  -16.146  44.166 0.0000000000
50249  37.788  -15.459  41.066 0.0000000000
113526  38.277  -15.517  41.930 0.0000000000
49219  39.614  -15.415  40.403 0.0000000000
50247  40.907  -15.361  40.968 0.0000000000
49238  40.007  -15.414  39.415 0.0000000000
49273  40.782  -15.546  38.622 0.0000000000
49276  39.499  -15.709  38.368 0.0000000000
52282  35.491  -14.647  34.832 0.0000000000
50335  38.095  -15.833  35.582 0.0000000000
63042  41.811  -2.813  33.396 0.0000000000
63065  41.569  -3.350  31.968 0.0000000000
133512  40.383  -3.761  31.652 0.0000000000
61272  36.949  -6.436  29.774 0.0000000000
61309  38.565  -5.427  28.740 0.0000000000
79352  58.561  12.307  8.649 0.0000000000
61286  46.771  -4.378  28.787 0.0000000000
61302  45.756  -4.359  27.855 0.0000000000
61287  45.392  -4.411  28.860 0.0000000000
62171  43.966  -4.144  29.039 0.0000000000
62173  42.333  -4.129  28.900 0.0000000000
64023  49.423  -2.703  31.482 0.0000000000
62141  48.250  -3.505  30.424 0.0000000000
45299  20.966  -21.608  40.117 0.0000000000
127132  20.349  -21.412  42.113 0.0000000000
44232  19.205  -22.258  42.805 0.0000000000
121855  29.780  -18.908  44.911 0.0000000000
47157  30.349  -18.105  44.528 0.0000000000
47164  28.651  -18.803  43.868 0.0000000000
47177  27.472  -18.213  41.888 0.0000000000
47187  26.401  -18.468  40.379 0.0000000000
117638  25.332  -18.946  38.641 0.0000000000
135717  24.287  -19.459  39.796 0.0000000000
121023  23.353  -20.311  39.652 0.0000000000
70908  50.790  3.584  17.554 0.0000000000
44153  27.686  -21.089  47.678 0.0000000000
65937  49.966  -0.018  25.086 0.0000000000
66864  50.280  0.543  23.836 0.0000000000
127423  50.392  0.991  22.803 0.0000000000
67823  50.234  1.394  22.281 0.0000000000
67813  48.993  0.946  22.296 0.0000000000
67826  47.683  0.699  21.417 0.0000000000
43122  22.669  -22.240  47.674 0.0000000000
115290  21.150  -21.854  47.221 0.0000000000
42096  20.585  -22.366  48.286 0.0000000000
119464  20.015  -23.285  48.434 0.0000000000
42084  18.913  -24.137  49.104 0.0000000000
114567  17.151  -25.602  52.167 0.0000000000
38934  16.388  -26.215  52.554 0.0000000000
38952  14.882  -26.470  51.202 0.0000000000
38968  14.121  -26.505  50.357 0.0000000000
38954  12.598  -27.139  50.748 0.0000000000
129842  41.288  -10.104  40.094 0.0000000000
57173  40.879  -11.068  39.211 0.0000000000
56196  40.708  -12.162  38.124 0.0000000000
56194  41.753  -12.422  38.643 0.0000000000
54304  41.978  -13.190  37.845 0.0000000000
51297  41.996  -15.733  36.847 0.0000000000
49241  34.006  -16.348  41.317 0.0000000000
50236  36.224  -15.878  42.614 0.0000000000
50252  35.268  -15.638  41.341 0.0000000000
50282  35.908  -14.915  40.128 0.0000000000
128882  36.769  -14.906  39.473 0.0000000000
50300  37.953  -15.335  38.152 0.0000000000
51290  35.942  -14.555  37.751 0.0000000000
52263  35.109  -14.546  37.121 0.0000000000
62134  39.183  -4.887  33.479 0.0000000000
62139  39.215  -4.673  32.672 0.0000000000
61248  37.979  -5.731  32.873 0.0000000000
60374  36.147  -6.967  31.042 0.0000000000
123178  58.065  12.106  11.266 0.0000000000
78441  57.471  11.485  10.716 0.0000000000
65026  46.328  -1.203  24.635 0.0000000000
65039  44.604  -1.671  23.411 0.0000000000
64085  45.104  -2.260  25.260 0.0000000000
61339  44.706  -4.143  26.971 0.0000000000
117295  42.815  -4.366  25.557 0.0000000000
64038  51.160  -2.552  29.755 0.0000000000
64054  50.568  -1.998  28.527 0.0000000000
65005  50.001  -0.980  27.259 0.0000000000
65015  48.914  -0.927  26.243 0.0000000000
64082  47.489  -1.655  25.861 0.0000000000
49159  37.126  -16.671  48.265 0.0000000000
126751  38.577  -16.467  47.769 0.0000000000
48108  36.786  -16.299  47.171 0.0000000000
48128  35.765  -16.700  45.215 0.0000000000
49199  34.743  -16.921  44.255 0.0000000000
48162  31.083  -17.636  43.559 0.0000000000
48161  32.390  -16.784  43.116 0.0000000000
124640  32.923  -16.909  42.296 0.0000000000
49243  32.540  -16.478  41.179 0.0000000000
49278  31.109  -16.442  39.366 0.0000000000
49294  30.549  -16.307  38.159 0.0000000000
73875  56.571  6.673  17.947 0.0000000000
71863  52.912  5.145  17.985 0.0000000000
73877  54.752  6.362  17.395 0.0000000000
73881  55.349  7.091  16.984 0.0000000000
74842  55.943  8.157  15.994 0.0000000000
74847  54.921  8.274  14.622 0.0000000000
75767  54.673  8.523  13.695 0.0000000000
75775  55.130  8.967  12.197 0.0000000000
120348  25.438  -20.644  43.724 0.0000000000
45237  23.676  -20.741  43.816 0.0000000000
44209  25.010  -21.101  44.828 0.0000000000
44191  25.127  -20.775  45.716 0.0000000000
43142  24.001  -21.310  46.991 0.0000000000
44155  26.496  -20.953  47.327 0.0000000000
43121  23.682  -21.556  47.419 0.0000000000
130522  23.492  -21.814  47.886 0.0000000000
49129  37.840  -16.680  49.762 0.0000000000
49146  36.097  -16.810  49.201 0.0000000000
48100  34.642  -17.194  48.166 0.0000000000
47120  31.942  -18.006  47.211 0.0000000000
114442  30.818  -18.757  47.110 0.0000000000
47140  30.436  -18.528  45.863 0.0000000000
46225  28.838  -19.856  44.764 0.0000000000
46238  27.235  -20.143  44.323 0.0000000000
69859  54.185  2.947  21.459 0.0000000000
69868  53.169  3.091  20.546 0.0000000000
135152  51.739  3.083  20.076 0.0000000000
68819  50.647  2.055  21.012 0.0000000000
68827  49.976  2.425  20.038 0.0000000000
69875  50.495  3.350  18.437 0.0000000000
45238  22.404  -20.673  43.731 0.0000000000
44212  20.694  -21.231  44.120 0.0000000000
44197  19.210  -22.230  44.466 0.0000000000
43167  19.893  -22.221  46.333 0.0000000000
43190  19.334  -22.325  45.404 0.0000000000
43191  17.699  -23.387  44.696 0.0000000000
42129  17.183  -24.065  44.966 0.0000000000
41143  16.172  -25.609  44.729 0.0000000000
42068  19.124  -23.835  49.974 0.0000000000
41094  18.319  -24.523  49.556 0.0000000000
41083  17.051  -25.117  49.678 0.0000000000
41096  16.880  -25.268  48.957 0.0000000000
41110  15.610  -25.786  47.891 0.0000000000
38894  11.298  -26.602  54.824 0.0000000000
131515  44.375  -2.495  33.087 0.0000000000
62132  40.046  -4.052  34.105 0.0000000000
62124  39.407  -4.855  34.514 0.0000000000
60332  38.652  -6.449  35.322 0.0000000000
60317  37.942  -8.024  35.838 0.0000000000
61217  39.776  -6.713  37.385 0.0000000000
60298  38.919  -7.584  36.751 0.0000000000
57205  37.740  -9.773  35.852 0.0000000000
57204  38.245  -10.470  36.246 0.0000000000
56231  39.391  -12.307  34.799 0.0000000000
55281  40.086  -12.648  33.928 0.0000000000
56219  40.838  -12.662  36.695 0.0000000000
55280  40.486  -13.316  34.845 0.0000000000
54336  40.798  -13.559  34.086 0.0000000000
131009  41.205  -15.431  33.186 0.0000000000
51357  39.917  -16.840  31.895 0.0000000000
135797  43.864  -13.339  41.971 0.0000000000
50193  39.585  -16.366  47.003 0.0000000000
50198  40.152  -15.913  46.062 0.0000000000
124331  40.753  -15.526  45.510 0.0000000000
50234  37.742  -15.909  43.143 0.0000000000
50219  39.999  -15.773  43.448 0.0000000000
50217  41.060  -15.462  43.999 0.0000000000
51241  42.392  -14.777  42.494 0.0000000000
52239  43.346  -14.337  41.611 0.0000000000
53261  43.386  -14.004  40.891 0.0000000000
51265  42.164  -15.203  39.041 0.0000000000
50314  41.273  -15.680  37.512 0.0000000000
50331  40.136  -15.694  36.074 0.0000000000
50318  38.096  -15.001  37.028 0.0000000000
50333  38.577  -16.090  35.970 0.0000000000
115221  39.381  -16.112  35.171 0.0000000000
114355  38.429  -16.400  33.969 0.0000000000
63063  43.110  -3.064  31.165 0.0000000000
63080  42.262  -3.614  29.807 0.0000000000
62174  40.880  -4.315  29.046 0.0000000000
62161  38.903  -4.488  30.608 0.0000000000
62193  39.547  -4.849  28.598 0.0000000000
61308  40.244  -5.057  27.830 0.0000000000
75785  55.081  8.752  11.278 0.0000000000
64014  46.456  -2.388  32.262 0.0000000000
64024  46.150  -2.810  31.729 0.0000000000
64015  45.706  -2.474  32.448 0.0000000000
134967  46.945  -2.321  32.135 0.0000000000
134969  23.762  -20.300  42.971 0.0000000000
45253  25.174  -20.283  42.958 0.0000000000
45274  24.601  -20.007  42.189 0.0000000000
46263  23.798  -19.784  41.622 0.0000000000
65962  45.931  -0.625  22.304 0.0000000000
65950  45.363  -1.134  22.923 0.0000000000
65948  48.044  -0.274  24.097 0.0000000000
128221  15.030  -26.587  54.217 0.0000000000
115145  14.969  -26.521  53.359 0.0000000000
38915  14.248  -26.658  53.781 0.0000000000
38916  13.518  -26.637  53.224 0.0000000000
38917  12.867  -26.768  53.299 0.0000000000
56169  43.127  -11.628  41.445 0.0000000000
117681  42.598  -11.425  40.884 0.0000000000
56176  43.141  -12.351  41.009 0.0000000000
55231  43.109  -12.736  40.215 0.0000000000
54283  43.253  -13.090  40.170 0.0000000000
50161  40.104  -15.967  49.257 0.0000000000
50174  39.668  -16.296  48.667 0.0000000000
50320  32.025  -16.133  38.066 0.0000000000
51292  32.371  -15.481  37.669 0.0000000000
59341  37.680  -7.919  35.059 0.0000000000
59359  36.592  -8.489  34.052 0.0000000000
76687  56.598  9.860  13.768 0.0000000000
76686  57.109  10.220  14.072 0.0000000000
77553  56.949  10.360  13.368 0.0000000000
77563  56.755  10.481  12.529 0.0000000000
62215  46.951  -3.631  27.535 0.0000000000
112726  45.953  -3.627  26.973 0.0000000000
62216  45.909  -3.881  27.331 0.0000000000
61306  42.255  -4.541  27.630 0.0000000000
134083  42.339  -4.701  26.508 0.0000000000
61329  41.698  -4.793  26.825 0.0000000000
61342  41.004  -5.461  26.140 0.0000000000
130597  47.589  -3.554  28.464 0.0000000000
62205  48.197  -3.131  28.508 0.0000000000
62206  47.523  -3.296  28.063 0.0000000000
118028  47.084  -3.346  27.116 0.0000000000
44233  18.646  -22.779  42.358 0.0000000000
44215  18.095  -23.389  42.485 0.0000000000
43210  17.148  -24.483  43.019 0.0000000000
43209  17.699  -23.466  43.540 0.0000000000
48132  32.012  -17.714  45.642 0.0000000000
48131  32.997  -17.439  45.546 0.0000000000
48143  31.569  -17.823  45.112 0.0000000000
48181  28.744  -17.499  41.518 0.0000000000
49247  28.405  -17.183  40.669 0.0000000000
49264  28.924  -16.756  40.154 0.0000000000
48206  27.334  -17.531  39.058 0.0000000000
131317  40.731  -12.721  33.817 0.0000000000
70897  52.803  4.154  19.092 0.0000000000
70898  52.053  4.281  18.509 0.0000000000
73887  53.456  6.288  15.087 0.0000000000
45213  27.765  -20.511  46.056 0.0000000000
45204  27.346  -20.754  46.501 0.0000000000
46197  28.171  -20.431  46.496 0.0000000000
66873  51.731  0.842  23.303 0.0000000000
67821  52.591  1.323  22.207 0.0000000000
122466  52.213  1.588  21.660 0.0000000000
67822  51.771  1.411  22.077 0.0000000000
43164  22.592  -21.455  46.555 0.0000000000
43187  22.321  -21.575  45.876 0.0000000000
42099  18.673  -23.745  48.408 0.0000000000
42115  18.348  -23.411  47.549 0.0000000000
124163  18.016  -25.006  52.304 0.0000000000
127678  14.205  -26.613  49.678 0.0000000000
40076  14.648  -26.555  49.420 0.0000000000
126747  14.165  -27.071  48.863 0.0000000000
58259  40.364  -10.100  39.238 0.0000000000
57183  39.564  -10.906  38.139 0.0000000000
57182  40.243  -11.606  38.186 0.0000000000
51311  41.133  -15.688  36.229 0.0000000000
52281  41.130  -15.513  35.653 0.0000000000
51322  40.912  -15.671  35.124 0.0000000000
51323  40.914  -16.022  34.526 0.0000000000
50359  40.407  -16.019  34.891 0.0000000000
49198  35.406  -16.593  44.125 0.0000000000
49189  36.934  -16.490  44.867 0.0000000000
49197  36.261  -16.317  44.213 0.0000000000
132393  38.882  -15.503  40.514 0.0000000000
50265  39.128  -15.774  39.569 0.0000000000
49218  40.202  -15.300  40.218 0.0000000000
49239  39.480  -15.594  39.608 0.0000000000
123429  39.756  -15.722  39.092 0.0000000000
50280  39.139  -15.964  39.041 0.0000000000
63043  40.990  -3.459  33.753 0.0000000000
63053  41.076  -3.092  32.856 0.0000000000
62146  40.499  -3.628  32.278 0.0000000000
119358  47.093  -3.832  29.915 0.0000000000
126628  46.069  -4.546  28.866 0.0000000000
62155  46.360  -3.967  29.957 0.0000000000
62157  44.768  -3.751  29.894 0.0000000000
135196  44.524  -3.995  29.345 0.0000000000
62172  43.263  -4.284  28.614 0.0000000000
63079  43.165  -3.819  29.334 0.0000000000
64010  50.129  -2.439  32.253 0.0000000000
63059  47.552  -3.389  31.152 0.0000000000
63058  48.128  -3.381  31.025 0.0000000000
62142  47.561  -3.634  30.576 0.0000000000
124295  47.764  -3.720  29.910 0.0000000000
45256  21.054  -20.963  42.333 0.0000000000
45278  20.665  -21.418  41.261 0.0000000000
45257  19.729  -21.739  42.497 0.0000000000
45240  20.460  -21.237  43.108 0.0000000000
115149  28.823  -19.361  44.432 0.0000000000
132955  28.196  -18.847  43.465 0.0000000000
46261  25.993  -19.410  42.193 0.0000000000
134075  26.388  -18.965  41.826 0.0000000000
115232  26.667  -18.478  41.509 0.0000000000
47188  25.547  -18.809  39.829 0.0000000000
47179  24.907  -19.120  40.355 0.0000000000
46276  23.058  -19.897  40.694 0.0000000000
45297  22.745  -20.789  39.528 0.0000000000
65933  49.405  -0.509  25.634 0.0000000000
65938  49.098  -0.234  24.968 0.0000000000
66865  48.490  0.280  23.710 0.0000000000
66850  49.651  0.305  24.474 0.0000000000
114017  49.349  0.470  23.808 0.0000000000
117862  49.950  0.700  23.201 0.0000000000
67812  49.678  0.984  22.592 0.0000000000
66882  46.870  0.173  21.017 0.0000000000
43099  22.372  -22.570  48.074 0.0000000000
112795  21.762  -22.562  47.872 0.0000000000
43100  21.145  -22.268  48.304 0.0000000000
42082  20.176  -23.220  48.656 0.0000000000
42083  19.605  -23.857  49.136 0.0000000000
40033  17.222  -25.577  53.488 0.0000000000
40045  16.857  -25.829  52.897 0.0000000000
113191  15.633  -26.393  51.927 0.0000000000
117118  13.335  -26.746  50.509 0.0000000000
38953  13.191  -26.644  51.262 0.0000000000
38955  11.987  -27.485  51.048 0.0000000000
38918  11.981  -26.864  53.269 0.0000000000
57161  41.746  -10.940  40.109 0.0000000000
58248  41.931  -9.921  40.626 0.0000000000
57172  41.309  -11.075  39.585 0.0000000000
56186  41.266  -11.957  39.089 0.0000000000
54293  42.444  -13.428  38.790 0.0000000000
55248  42.315  -12.994  38.480 0.0000000000
54303  42.159  -13.681  38.106 0.0000000000
52269  42.330  -14.853  37.244 0.0000000000
133055  42.356  -15.183  37.345 0.0000000000
49240  34.637  -15.911  41.415 0.0000000000
50270  33.797  -16.204  40.600 0.0000000000
50302  34.159  -15.554  39.488 0.0000000000
50283  35.048  -14.987  39.944 0.0000000000
116070  36.891  -15.129  40.127 0.0000000000
51267  35.969  -14.846  39.198 0.0000000000
51276  36.585  -14.786  38.255 0.0000000000
51277  35.545  -14.821  38.737 0.0000000000
52272  34.143  -14.529  36.568 0.0000000000
61241  38.904  -5.583  34.033 0.0000000000
61247  38.699  -5.286  33.246 0.0000000000
60360  36.129  -7.649  32.413 0.0000000000
60368  36.478  -7.026  31.951 0.0000000000
77577  57.023  11.036  11.186 0.0000000000
132164  56.560  10.610  10.806 0.0000000000
118811  57.002  10.868  10.322 0.0000000000
77578  56.531  10.217  10.095 0.0000000000
64084  46.135  -1.964  25.431 0.0000000000
64096  45.515  -1.558  24.865 0.0000000000
63121  44.456  -3.560  26.120 0.0000000000
63134  44.694  -3.086  25.624 0.0000000000
63135  43.680  -3.464  25.331 0.0000000000
62239  42.977  -3.968  25.320 0.0000000000
61303  45.021  -4.359  27.843 0.0000000000
61325  45.247  -4.208  27.471 0.0000000000
61326  44.525  -4.320  27.305 0.0000000000
61353  42.203  -4.800  25.445 0.0000000000
61340  43.029  -4.474  26.135 0.0000000000
62240  42.362  -4.471  24.432 0.0000000000
63055  50.352  -2.763  30.653 0.0000000000
64032  51.165  -2.622  30.485 0.0000000000
63069  50.461  -2.914  29.950 0.0000000000
64056  49.201  -2.411  27.895 0.0000000000
64045  50.062  -2.616  28.828 0.0000000000
64055  49.855  -2.187  28.206 0.0000000000
65000  50.321  -1.485  27.938 0.0000000000
64062  49.592  -1.749  27.626 0.0000000000
65006  49.261  -1.287  26.977 0.0000000000
64070  47.112  -2.431  26.311 0.0000000000
135016  46.875  -2.080  25.777 0.0000000000
64083  47.086  -1.466  25.203 0.0000000000
48098  36.553  -16.735  47.774 0.0000000000
48109  35.869  -16.573  46.978 0.0000000000
48130  33.991  -17.204  45.351 0.0000000000
131329  35.206  -16.798  45.628 0.0000000000
48140  34.443  -17.062  44.738 0.0000000000
48139  35.216  -16.844  44.651 0.0000000000
48151  34.063  -17.102  44.379 0.0000000000
48163  29.977  -17.754  43.611 0.0000000000
113028  31.466  -17.747  44.177 0.0000000000
49226  30.606  -16.909  41.828 0.0000000000
48170  31.584  -16.861  42.983 0.0000000000
131919  31.388  -16.742  42.266 0.0000000000
49211  33.152  -16.708  42.888 0.0000000000
49224  32.260  -16.816  42.124 0.0000000000
115571  32.993  -16.803  41.723 0.0000000000
122284  29.607  -16.579  39.638 0.0000000000
49279  30.273  -16.492  39.184 0.0000000000
115560  29.573  -16.459  38.488 0.0000000000
47189  24.759  -19.259  39.252 0.0000000000
47201  24.602  -19.630  37.987 0.0000000000
71845  55.662  4.357  20.581 0.0000000000
71853  54.851  5.192  19.200 0.0000000000
72873  55.708  5.416  19.560 0.0000000000
72877  55.456  5.704  18.793 0.0000000000
72882  56.017  6.254  18.398 0.0000000000
72883  55.113  6.044  18.121 0.0000000000
71873  51.708  4.265  16.796 0.0000000000
71864  52.252  4.665  17.595 0.0000000000
72889  53.936  5.922  16.931 0.0000000000
74840  55.578  7.513  16.267 0.0000000000
73885  54.900  7.245  16.197 0.0000000000
73892  53.876  6.936  14.557 0.0000000000
74844  54.454  7.560  14.896 0.0000000000
75764  55.489  9.085  14.195 0.0000000000
45235  26.159  -20.594  43.993 0.0000000000
45225  25.633  -20.687  44.393 0.0000000000
44178  26.158  -20.891  46.464 0.0000000000
44179  25.332  -20.792  46.421 0.0000000000
44180  24.318  -21.038  46.302 0.0000000000
44168  24.793  -20.937  46.855 0.0000000000
44154  27.176  -21.070  47.471 0.0000000000
44143  25.618  -21.040  47.491 0.0000000000
44156  24.559  -21.295  47.417 0.0000000000
122915  24.382  -21.438  47.647 0.0000000000
44144  23.359  -21.832  47.764 0.0000000000
49130  36.918  -16.650  49.785 0.0000000000
48112  32.600  -17.675  47.421 0.0000000000
46195  29.618  -19.466  46.362 0.0000000000
47131  30.396  -19.014  46.539 0.0000000000
47130  30.896  -18.376  46.553 0.0000000000
47141  29.947  -19.160  45.762 0.0000000000
121303  29.989  -19.891  44.930 0.0000000000
47149  29.371  -19.943  44.864 0.0000000000
132765  27.016  -20.085  44.927 0.0000000000
46227  27.694  -20.103  44.787 0.0000000000
45234  26.678  -20.385  44.230 0.0000000000
69861  52.793  2.446  20.871 0.0000000000
69869  52.468  3.044  20.256 0.0000000000
68811  49.928  1.715  21.563 0.0000000000
68820  49.458  2.007  20.729 0.0000000000
124497  49.388  2.576  19.036 0.0000000000
69871  50.280  2.962  19.290 0.0000000000
44210  24.068  -21.260  44.635 0.0000000000
129262  22.906  -21.166  44.642 0.0000000000
44195  21.009  -21.793  44.914 0.0000000000
134333  20.317  -21.616  44.502 0.0000000000
44196  19.950  -21.824  44.871 0.0000000000
43124  20.483  -22.028  47.701 0.0000000000
114833  20.135  -21.955  47.253 0.0000000000
43146  18.093  -23.184  46.446 0.0000000000
127582  18.982  -22.607  46.306 0.0000000000
43168  18.343  -22.848  45.488 0.0000000000
41132  15.931  -25.195  45.783 0.0000000000
40104  15.183  -26.762  45.642 0.0000000000
41070  18.275  -24.337  50.942 0.0000000000
41081  18.279  -24.431  50.200 0.0000000000
42069  18.778  -24.128  49.754 0.0000000000
41082  17.749  -24.746  49.951 0.0000000000
40055  16.735  -25.702  51.611 0.0000000000
120291  16.771  -25.428  50.910 0.0000000000
40075  15.885  -26.004  49.354 0.0000000000
41084  16.403  -25.602  49.315 0.0000000000
41097  16.102  -25.671  48.679 0.0000000000
41109  16.361  -25.213  48.042 0.0000000000
38884  11.803  -26.435  55.870 0.0000000000
40014  10.893  -26.480  55.683 0.0000000000
115392  42.388  -2.713  34.911 0.0000000000
128576  39.973  -4.366  35.065 0.0000000000
114241  39.414  -5.226  35.465 0.0000000000
61223  39.293  -6.049  35.884 0.0000000000
60333  38.234  -7.119  35.229 0.0000000000
60316  38.509  -7.292  36.008 0.0000000000
60266  40.619  -7.223  39.051 0.0000000000
60283  40.007  -7.328  37.765 0.0000000000
121671  39.213  -8.081  37.692 0.0000000000
59311  38.713  -8.523  37.088 0.0000000000
59312  38.367  -8.282  36.495 0.0000000000
58275  38.203  -9.417  36.762 0.0000000000
132668  39.666  -12.258  36.167 0.0000000000
57203  39.574  -12.367  35.509 0.0000000000
56230  39.754  -12.657  34.318 0.0000000000
56208  41.134  -12.587  37.608 0.0000000000
56209  40.550  -12.311  37.351 0.0000000000
53306  41.358  -14.455  35.250 0.0000000000
54328  41.009  -13.667  35.164 0.0000000000
53315  41.297  -14.351  34.240 0.0000000000
52303  41.334  -14.876  33.508 0.0000000000
50373  39.776  -16.734  33.679 0.0000000000
51340  40.301  -16.499  32.715 0.0000000000
51341  39.516  -16.974  32.581 0.0000000000
51342  38.794  -17.118  32.262 0.0000000000
49168  37.972  -16.396  47.354 0.0000000000
49167  38.734  -16.396  47.140 0.0000000000
49174  38.018  -16.349  46.654 0.0000000000
113304  39.547  -16.085  46.230 0.0000000000
113785  39.661  -15.838  45.406 0.0000000000
114951  40.328  -15.651  45.428 0.0000000000
50235  36.699  -16.029  43.379 0.0000000000
113112  37.205  -15.659  42.334 0.0000000000
50232  39.580  -15.473  42.646 0.0000000000
129169  40.106  -15.464  42.620 0.0000000000
50218  40.473  -15.518  43.403 0.0000000000
118272  40.990  -15.104  43.033 0.0000000000
50216  41.685  -14.980  43.005 0.0000000000
50246  41.108  -15.586  40.145 0.0000000000
50245  41.947  -15.457  40.934 0.0000000000
50244  42.137  -15.412  40.412 0.0000000000
52246  43.157  -14.515  40.817 0.0000000000
114141  42.456  -14.859  39.970 0.0000000000
52251  42.679  -14.284  40.078 0.0000000000
50262  42.147  -15.291  39.782 0.0000000000
49290  40.364  -15.727  37.813 0.0000000000
50297  40.791  -15.639  37.992 0.0000000000
50315  40.880  -15.727  37.276 0.0000000000
50316  40.349  -15.721  36.975 0.0000000000
51275  37.604  -15.056  37.683 0.0000000000
51288  37.979  -15.171  36.518 0.0000000000
50349  37.696  -15.775  35.064 0.0000000000
114867  38.228  -16.206  35.721 0.0000000000
50347  38.225  -16.119  35.618 0.0000000000
50346  38.715  -16.174  35.421 0.0000000000
50362  38.393  -16.171  35.113 0.0000000000
50361  39.078  -16.371  34.514 0.0000000000
64000  43.598  -2.549  33.384 0.0000000000
64017  43.874  -2.590  32.510 0.0000000000
63051  43.025  -2.794  32.076 0.0000000000
113301  41.031  -3.565  31.346 0.0000000000
63072  42.098  -3.259  30.895 0.0000000000
62159  41.327  -3.691  30.345 0.0000000000
62158  41.511  -4.001  29.429 0.0000000000
61270  38.361  -5.180  31.165 0.0000000000
62148  39.046  -4.564  31.623 0.0000000000
61290  38.384  -5.267  30.008 0.0000000000
61331  38.298  -6.115  27.656 0.0000000000
116207  39.076  -5.328  27.731 0.0000000000
61330  39.443  -5.621  26.873 0.0000000000
79344  58.918  13.116  9.116 0.0000000000
79351  58.985  12.959  8.129 0.0000000000
80362  59.573  13.599  7.653 0.0000000000
75796  54.626  8.090  10.941 0.0000000000
63060  46.497  -3.395  31.159 0.0000000000
62144  46.041  -3.626  30.562 0.0000000000
63061  45.703  -3.203  31.220 0.0000000000
120044  44.140  -3.379  30.624 0.0000000000
115491  22.415  -20.336  41.943 0.0000000000
45255  21.948  -20.561  42.648 0.0000000000
46260  26.561  -19.730  43.256 0.0000000000
46251  27.499  -19.171  43.378 0.0000000000
46273  25.075  -19.368  41.369 0.0000000000
113433  24.372  -19.607  41.490 0.0000000000
117666  48.281  -0.480  24.777 0.0000000000
117590  48.018  0.489  23.084 0.0000000000
113899  47.516  -0.016  23.092 0.0000000000
43084  20.450  -22.296  49.036 0.0000000000
38937  13.523  -26.444  52.237 0.0000000000
38905  12.907  -26.536  53.937 0.0000000000
57149  42.833  -10.749  41.508 0.0000000000
57160  42.306  -10.745  40.775 0.0000000000
56178  42.195  -11.633  40.144 0.0000000000
56184  42.315  -12.310  39.481 0.0000000000
122611  42.585  -12.933  39.033 0.0000000000
53277  42.381  -13.997  38.849 0.0000000000
50286  32.981  -16.474  39.736 0.0000000000
50285  33.701  -16.216  39.902 0.0000000000
50303  33.369  -15.841  39.210 0.0000000000
51278  34.107  -15.142  38.838 0.0000000000
51279  33.267  -15.268  38.304 0.0000000000
121686  33.106  -14.868  37.163 0.0000000000
60345  37.752  -6.972  34.374 0.0000000000
60358  37.555  -6.630  33.331 0.0000000000
60346  37.010  -7.476  33.723 0.0000000000
59378  36.306  -8.025  33.168 0.0000000000
76679  56.848  9.448  15.119 0.0000000000
76678  57.441  9.635  15.380 0.0000000000
76682  57.274  9.971  14.686 0.0000000000
78426  58.067  11.756  12.161 0.0000000000
78427  57.728  11.232  12.471 0.0000000000
77571  56.593  10.551  11.592 0.0000000000
63133  45.561  -2.805  25.873 0.0000000000
63120  45.817  -3.256  26.431 0.0000000000
62226  45.191  -3.637  26.588 0.0000000000
114115  44.512  -3.882  26.575 0.0000000000
61327  43.648  -4.467  27.227 0.0000000000
126992  42.408  -4.796  26.025 0.0000000000
125021  41.791  -5.124  25.554 0.0000000000
62170  48.502  -3.461  29.365 0.0000000000
63078  49.862  -3.021  29.409 0.0000000000
63098  48.702  -2.766  28.221 0.0000000000
63106  48.423  -2.537  27.735 0.0000000000
64064  48.081  -2.288  27.178 0.0000000000
63118  47.415  -2.782  26.873 0.0000000000
48110  34.671  -16.858  47.253 0.0000000000
48118  35.047  -16.711  46.361 0.0000000000
133615  34.222  -17.121  46.486 0.0000000000
116229  29.797  -17.478  42.599 0.0000000000
49245  30.132  -16.902  41.040 0.0000000000
49244  31.098  -16.897  40.912 0.0000000000
136005  29.677  -16.725  40.479 0.0000000000
49281  27.955  -17.160  38.330 0.0000000000
56241  39.355  -12.474  34.011 0.0000000000
71849  55.088  4.707  20.018 0.0000000000
71854  54.129  5.119  18.859 0.0000000000
71871  52.802  5.239  16.662 0.0000000000
72896  52.713  5.141  15.896 0.0000000000
73883  53.565  6.292  16.098 0.0000000000
73893  53.387  6.206  14.108 0.0000000000
132910  26.582  -20.332  45.273 0.0000000000
46212  28.790  -19.973  45.306 0.0000000000
46213  28.314  -20.200  45.914 0.0000000000
45223  27.731  -20.288  45.298 0.0000000000
68808  52.905  1.690  21.656 0.0000000000
117765  52.271  1.926  21.119 0.0000000000
68818  51.505  2.145  20.908 0.0000000000
68821  48.457  1.639  20.322 0.0000000000
44193  22.820  -21.403  45.368 0.0000000000
43188  21.401  -21.789  45.768 0.0000000000
43147  17.253  -23.850  45.977 0.0000000000
41120  16.169  -25.103  46.937 0.0000000000
41059  18.560  -24.351  51.436 0.0000000000
40066  15.537  -26.140  50.022 0.0000000000
40085  15.443  -26.160  48.558 0.0000000000
40086  14.710  -26.607  48.668 0.0000000000
62115  39.750  -4.593  36.041 0.0000000000
62107  39.596  -5.222  36.957 0.0000000000
125406  39.332  -6.376  36.659 0.0000000000
59280  41.191  -8.466  39.637 0.0000000000
59295  40.606  -8.033  39.197 0.0000000000
57193  38.725  -10.637  36.886 0.0000000000
57192  39.151  -10.755  37.597 0.0000000000
54320  41.528  -13.762  36.496 0.0000000000
132175  41.338  -13.136  36.616 0.0000000000
53305  41.517  -14.553  36.113 0.0000000000
52291  41.415  -15.078  35.468 0.0000000000
52293  41.541  -15.611  34.175 0.0000000000
51324  40.548  -16.527  34.049 0.0000000000
49180  37.214  -16.569  45.514 0.0000000000
49179  37.915  -16.301  45.938 0.0000000000
113307  37.775  -16.392  45.271 0.0000000000
50209  38.296  -16.166  44.872 0.0000000000
112204  39.194  -15.442  41.625 0.0000000000
50248  39.938  -15.359  41.470 0.0000000000
127587  40.441  -15.365  40.914 0.0000000000
131128  40.696  -15.469  40.134 0.0000000000
49217  40.885  -15.541  39.614 0.0000000000
49256  40.841  -15.492  39.152 0.0000000000
49257  40.443  -15.491  38.959 0.0000000000
49275  39.970  -15.747  38.352 0.0000000000
51301  36.343  -14.692  36.376 0.0000000000
51300  37.384  -15.191  36.181 0.0000000000
119849  37.156  -15.343  35.478 0.0000000000
51313  36.727  -15.377  34.674 0.0000000000
50363  37.991  -16.018  34.610 0.0000000000
127237  37.022  -15.623  33.718 0.0000000000
63052  42.096  -2.965  32.527 0.0000000000
113078  40.343  -3.889  30.907 0.0000000000
61291  37.665  -5.864  29.381 0.0000000000
78440  57.890  12.040  10.168 0.0000000000
79345  58.414  12.538  9.600 0.0000000000
118085  46.770  -4.252  28.314 0.0000000000
61323  46.364  -4.277  27.910 0.0000000000
131438  46.252  -4.453  28.294 0.0000000000
118093  45.600  -4.473  28.301 0.0000000000
124201  44.871  -4.391  28.330 0.0000000000
61269  45.148  -4.127  29.377 0.0000000000
61288  44.679  -4.280  28.887 0.0000000000
61289  44.080  -4.402  28.411 0.0000000000
61305  43.307  -4.591  27.870 0.0000000000
62189  42.630  -4.474  28.243 0.0000000000
62190  41.855  -4.427  28.239 0.0000000000
64022  50.252  -2.627  31.429 0.0000000000
63056  49.532  -2.895  30.782 0.0000000000
63048  48.621  -2.826  31.488 0.0000000000
63057  48.785  -3.099  30.883 0.0000000000
62154  48.888  -3.301  30.285 0.0000000000
124747  48.361  -3.551  29.859 0.0000000000
61301  47.339  -3.946  28.733 0.0000000000
45300  20.322  -22.288  40.423 0.0000000000
45279  19.842  -21.884  41.361 0.0000000000
47147  30.269  -18.662  45.237 0.0000000000
48155  31.093  -18.040  44.829 0.0000000000
47158  29.338  -18.556  44.357 0.0000000000
47169  28.531  -18.339  43.024 0.0000000000
47170  27.807  -18.469  42.843 0.0000000000
48173  28.279  -18.010  42.154 0.0000000000
47178  27.121  -17.948  40.889 0.0000000000
48194  26.068  -18.442  39.197 0.0000000000
46274  24.228  -19.416  40.590 0.0000000000
132316  23.741  -19.752  39.791 0.0000000000
70906  51.502  4.179  17.687 0.0000000000
45191  27.956  -20.804  47.496 0.0000000000
45185  28.108  -20.896  47.892 0.0000000000
66842  50.880  0.187  25.189 0.0000000000
66849  50.588  0.453  24.517 0.0000000000
113472  51.205  0.672  23.885 0.0000000000
66874  50.819  0.783  23.255 0.0000000000
67811  51.166  1.132  22.620 0.0000000000
68810  50.917  1.484  21.765 0.0000000000
67824  49.364  1.394  22.001 0.0000000000
67825  48.539  1.063  21.651 0.0000000000
67814  48.282  0.707  22.278 0.0000000000
67834  47.999  1.128  20.842 0.0000000000
67835  47.211  0.643  20.434 0.0000000000
115957  22.055  -21.739  47.029 0.0000000000
43144  22.009  -22.279  47.460 0.0000000000
43123  21.059  -22.058  47.883 0.0000000000
42097  20.196  -22.425  47.828 0.0000000000
42113  19.904  -22.616  47.908 0.0000000000
42098  19.448  -23.512  48.501 0.0000000000
42085  18.260  -24.517  48.866 0.0000000000
40044  17.432  -25.523  52.751 0.0000000000
122059  16.684  -25.938  52.238 0.0000000000
40056  16.264  -26.210  51.832 0.0000000000
38951  15.618  -26.325  51.015 0.0000000000
38969  13.547  -26.954  49.699 0.0000000000
38970  12.701  -27.417  50.017 0.0000000000
58249  41.485  -8.962  40.383 0.0000000000
134856  41.121  -9.333  39.776 0.0000000000
58258  40.859  -10.154  39.655 0.0000000000
119778  40.366  -11.084  38.925 0.0000000000
57181  40.784  -11.866  38.727 0.0000000000
56195  41.327  -12.424  38.375 0.0000000000
55250  41.609  -12.667  38.003 0.0000000000
55239  42.089  -12.432  38.882 0.0000000000
55249  42.021  -12.680  38.347 0.0000000000
55261  41.628  -13.333  37.150 0.0000000000
134374  41.909  -13.996  36.999 0.0000000000
116588  42.129  -15.251  36.788 0.0000000000
51299  41.087  -15.697  36.398 0.0000000000
128682  34.894  -16.181  42.808 0.0000000000
49207  35.791  -16.251  43.486 0.0000000000
49221  34.991  -15.742  42.100 0.0000000000
50251  35.864  -15.558  41.804 0.0000000000
50269  34.991  -15.464  40.675 0.0000000000
50268  35.981  -15.487  40.862 0.0000000000
50267  36.878  -15.441  40.981 0.0000000000
121665  37.844  -15.204  40.053 0.0000000000
115504  37.707  -15.183  39.186 0.0000000000
50281  38.494  -15.672  39.169 0.0000000000
51266  37.169  -14.959  38.668 0.0000000000
112242  34.957  -14.763  38.304 0.0000000000
52271  35.216  -14.433  35.820 0.0000000000
62133  39.529  -4.520  33.660 0.0000000000
62138  39.735  -4.287  32.889 0.0000000000
61257  38.597  -5.206  32.265 0.0000000000
61258  37.756  -5.718  31.795 0.0000000000
61249  37.344  -6.494  32.329 0.0000000000
61259  37.013  -6.390  31.380 0.0000000000
127574  36.744  -6.467  30.582 0.0000000000
77583  57.093  10.477  9.477 0.0000000000
65038  45.452  -1.213  24.057 0.0000000000
64097  44.731  -1.874  24.447 0.0000000000
64086  44.152  -2.693  24.864 0.0000000000
134544  45.408  -4.050  27.301 0.0000000000
112298  43.832  -4.301  26.760 0.0000000000
62218  43.754  -4.120  26.397 0.0000000000
64039  50.481  -2.719  29.412 0.0000000000
64044  50.894  -2.361  29.095 0.0000000000
65923  50.522  -0.509  26.598 0.0000000000
65014  49.686  -0.698  26.441 0.0000000000
64068  48.502  -1.546  26.769 0.0000000000
65016  48.148  -1.178  26.076 0.0000000000
65024  47.830  -0.993  25.301 0.0000000000
49144  38.036  -16.516  49.075 0.0000000000
131300  38.327  -16.464  48.403 0.0000000000
49158  37.806  -16.468  47.994 0.0000000000
49169  37.305  -16.481  47.594 0.0000000000
49175  37.383  -16.210  46.886 0.0000000000
48117  35.873  -16.560  46.006 0.0000000000
49181  36.628  -16.624  45.693 0.0000000000
112771  36.518  -16.607  45.181 0.0000000000
129375  34.856  -16.714  43.833 0.0000000000
48154  31.957  -17.641  44.563 0.0000000000
48153  32.694  -17.390  44.324 0.0000000000
48171  30.766  -17.207  42.808 0.0000000000
126565  31.770  -17.324  43.548 0.0000000000
48160  33.215  -17.009  43.733 0.0000000000
49210  33.796  -16.480  43.084 0.0000000000
49209  34.557  -16.459  43.275 0.0000000000
49223  33.560  -16.708  42.057 0.0000000000
49242  33.357  -16.411  41.211 0.0000000000
49261  32.417  -16.510  40.359 0.0000000000
121082  31.871  -16.662  40.827 0.0000000000
49262  31.565  -16.628  40.278 0.0000000000
49277  32.105  -16.463  39.594 0.0000000000
50305  31.655  -16.353  38.599 0.0000000000
50321  31.166  -16.302  37.452 0.0000000000
48208  25.844  -18.662  37.966 0.0000000000
58292  37.327  -9.627  35.055 0.0000000000
71856  52.698  4.615  18.408 0.0000000000
71862  53.748  5.306  18.215 0.0000000000
72885  53.331  5.450  17.315 0.0000000000
72884  54.253  5.722  17.749 0.0000000000
73876  55.705  6.533  17.702 0.0000000000
73880  56.222  6.976  17.383 0.0000000000
74836  56.924  7.191  17.537 0.0000000000
74839  56.309  7.552  16.798 0.0000000000
75756  56.738  8.308  16.349 0.0000000000
74843  55.145  7.713  15.491 0.0000000000
75760  55.724  8.533  15.091 0.0000000000
75763  56.246  9.216  14.760 0.0000000000
76688  55.961  9.511  13.492 0.0000000000
76697  55.695  9.570  12.616 0.0000000000
75766  55.177  9.136  13.179 0.0000000000
113329  24.586  -20.542  43.401 0.0000000000
45236  24.809  -21.028  44.099 0.0000000000
45224  25.861  -20.489  45.230 0.0000000000
44192  24.246  -21.248  45.387 0.0000000000
43163  23.392  -21.226  46.635 0.0000000000
45192  27.443  -20.887  47.316 0.0000000000
44165  26.988  -20.874  47.154 0.0000000000
44166  26.357  -20.847  46.995 0.0000000000
44142  26.695  -21.162  47.601 0.0000000000
112981  25.606  -20.940  47.245 0.0000000000
43120  24.882  -20.952  47.001 0.0000000000
129844  22.772  -22.409  48.039 0.0000000000
44135  22.686  -22.122  48.247 0.0000000000
50152  39.203  -16.098  50.293 0.0000000000
49128  38.647  -16.438  49.713 0.0000000000
49145  37.099  -16.579  49.038 0.0000000000
49160  36.301  -16.830  48.543 0.0000000000
48084  35.379  -17.211  48.849 0.0000000000
48111  33.523  -17.338  47.095 0.0000000000
127789  32.765  -17.671  46.822 0.0000000000
130334  31.500  -17.977  46.322 0.0000000000
48121  31.357  -18.292  46.931 0.0000000000
47148  29.926  -19.648  45.118 0.0000000000
113606  29.351  -19.546  44.785 0.0000000000
132962  28.551  -19.662  44.443 0.0000000000
120236  28.865  -20.061  45.138 0.0000000000
115508  28.075  -19.888  44.491 0.0000000000
115173  27.388  -19.928  43.882 0.0000000000
46239  26.678  -20.359  43.845 0.0000000000
45252  25.996  -20.382  43.470 0.0000000000
70881  55.587  3.735  21.143 0.0000000000
70882  54.681  3.448  20.949 0.0000000000
69860  53.506  2.686  21.132 0.0000000000
70883  53.865  3.262  20.776 0.0000000000
134017  53.571  3.539  20.169 0.0000000000
114232  52.990  3.497  19.787 0.0000000000
70892  52.086  3.591  19.404 0.0000000000
69863  51.028  2.716  20.295 0.0000000000
69870  51.149  3.278  19.392 0.0000000000
44211  21.761  -21.273  44.410 0.0000000000
44213  19.714  -21.733  43.803 0.0000000000
43166  20.783  -21.813  46.473 0.0000000000
43145  19.438  -22.443  47.079 0.0000000000
43208  18.444  -22.738  44.546 0.0000000000
42142  16.622  -24.977  44.314 0.0000000000
42130  16.553  -24.577  45.386 0.0000000000
131405  17.684  -25.190  52.055 0.0000000000
121482  17.818  -24.792  51.363 0.0000000000
40064  17.187  -25.058  50.449 0.0000000000
41095  17.689  -24.875  49.291 0.0000000000
41108  17.381  -24.786  48.534 0.0000000000
127471  15.727  -25.598  47.245 0.0000000000
128288  15.191  -26.253  47.557 0.0000000000
40095  15.320  -26.169  46.880 0.0000000000
38908  10.346  -26.645  53.873 0.0000000000
63998  45.170  -2.450  33.258 0.0000000000
63032  41.715  -3.015  34.289 0.0000000000
61240  39.100  -5.334  34.134 0.0000000000
61233  38.827  -5.851  34.686 0.0000000000
61232  39.014  -5.799  35.153 0.0000000000
60344  38.509  -6.294  34.597 0.0000000000
58282  37.549  -8.855  35.516 0.0000000000
117428  39.407  -7.098  37.088 0.0000000000
59328  37.853  -8.881  36.179 0.0000000000
112356  38.143  -10.802  35.474 0.0000000000
130045  38.811  -11.600  35.855 0.0000000000
56240  40.010  -12.612  34.049 0.0000000000
120619  40.326  -12.705  33.714 0.0000000000
56220  40.250  -12.492  36.343 0.0000000000
55272  40.987  -12.896  36.272 0.0000000000
115278  40.356  -12.867  35.582 0.0000000000
134170  40.007  -12.779  34.278 0.0000000000
53316  41.233  -14.115  33.251 0.0000000000
52304  41.267  -15.155  32.353 0.0000000000
52305  41.038  -15.965  32.406 0.0000000000
51356  40.571  -16.482  31.831 0.0000000000
55219  43.649  -12.608  41.940 0.0000000000
49157  39.190  -16.480  48.145 0.0000000000
126181  39.780  -16.342  47.897 0.0000000000
123302  39.926  -16.328  47.324 0.0000000000
49173  38.763  -16.256  46.435 0.0000000000
50192  40.134  -16.059  46.812 0.0000000000
50191  40.372  -15.844  46.757 0.0000000000
51225  41.665  -15.127  45.389 0.0000000000
50221  38.281  -15.822  44.107 0.0000000000
50233  38.756  -15.548  42.895 0.0000000000
50220  39.306  -15.682  43.720 0.0000000000
50207  39.928  -15.767  44.442 0.0000000000
50206  40.566  -15.556  44.577 0.0000000000
50205  41.077  -15.268  45.011 0.0000000000
50204  41.618  -15.022  44.287 0.0000000000
51233  42.408  -14.575  43.815 0.0000000000
50230  41.276  -15.377  41.960 0.0000000000
52231  43.360  -14.112  42.554 0.0000000000
129188  43.566  -14.025  41.511 0.0000000000
125618  43.577  -13.515  41.389 0.0000000000
122096  43.438  -13.114  41.122 0.0000000000
53267  43.112  -13.622  40.293 0.0000000000
53268  42.495  -14.131  39.351 0.0000000000
52259  42.392  -14.723  38.403 0.0000000000
50295  41.436  -15.533  38.430 0.0000000000
51274  41.892  -15.409  38.324 0.0000000000
51286  42.034  -15.469  37.583 0.0000000000
51287  41.823  -15.779  37.170 0.0000000000
51298  41.772  -15.767  36.822 0.0000000000
50344  40.518  -15.712  35.729 0.0000000000
50299  38.376  -15.491  38.527 0.0000000000
50317  38.451  -15.155  37.588 0.0000000000
49292  39.210  -15.312  37.600 0.0000000000
50334  38.191  -15.793  35.959 0.0000000000
115926  38.283  -15.350  36.491 0.0000000000
49307  39.333  -15.553  36.646 0.0000000000
130537  39.847  -15.660  36.572 0.0000000000
50345  39.928  -15.936  35.322 0.0000000000
50376  37.674  -16.270  33.157 0.0000000000
50375  38.224  -16.843  32.766 0.0000000000
64016  44.857  -2.541  32.521 0.0000000000
64026  43.924  -2.807  31.574 0.0000000000
63071  43.137  -3.472  30.235 0.0000000000
63064  42.398  -3.116  31.731 0.0000000000
115950  41.545  -4.292  28.786 0.0000000000
62147  39.774  -4.080  31.920 0.0000000000
126687  39.510  -4.199  31.075 0.0000000000
62160  39.726  -4.189  30.194 0.0000000000
62176  39.127  -4.641  29.554 0.0000000000
62175  40.023  -4.367  29.277 0.0000000000
62192  40.363  -4.591  28.602 0.0000000000
117903  40.624  -5.217  26.876 0.0000000000
76705  55.568  9.452  11.631 0.0000000000
76713  55.462  9.194  10.660 0.0000000000
75795  55.034  8.550  10.549 0.0000000000
41049  18.476  -24.625  52.233 0.0000000000
42051  18.684  -24.163  50.351 0.0000000000
44190  25.874  -20.775  45.935 0.0000000000
46226  28.336  -20.142  44.937 0.0000000000
48116  36.711  -16.480  46.430 0.0000000000
48120  32.271  -17.772  46.398 0.0000000000
48129  34.879  -17.032  45.153 0.0000000000
48141  33.585  -17.212  44.883 0.0000000000
48144  30.639  -18.225  45.278 0.0000000000
48164  29.132  -18.094  43.302 0.0000000000
48192  27.652  -17.608  40.215 0.0000000000
49188  37.695  -16.301  44.710 0.0000000000
49200  34.203  -16.883  43.843 0.0000000000
49220  35.451  -16.063  42.750 0.0000000000
49222  34.368  -16.272  42.297 0.0000000000
49237  40.532  -15.418  39.501 0.0000000000
49258  40.039  -15.633  38.811 0.0000000000
49259  39.671  -15.811  38.791 0.0000000000
49274  40.388  -15.629  38.453 0.0000000000
49293  38.793  -15.296  36.746 0.0000000000
50162  39.445  -16.184  49.494 0.0000000000
50186  39.414  -16.440  47.554 0.0000000000
50229  41.890  -15.204  41.767 0.0000000000
50264  41.168  -15.577  39.537 0.0000000000
50278  41.735  -15.491  38.977 0.0000000000
50279  41.181  -15.529  38.904 0.0000000000
50296  41.120  -15.576  38.204 0.0000000000
50298  38.912  -15.608  38.431 0.0000000000
50301  34.860  -15.182  39.386 0.0000000000
50313  41.568  -15.560  37.828 0.0000000000
50329  41.398  -15.819  37.073 0.0000000000
50330  40.826  -15.700  36.529 0.0000000000
50332  39.389  -16.033  35.835 0.0000000000
51240  42.898  -14.586  41.974 0.0000000000
51251  42.805  -14.996  40.826 0.0000000000
51252  42.429  -15.149  41.378 0.0000000000
51273  42.266  -15.171  38.266 0.0000000000
51285  42.304  -15.248  37.510 0.0000000000
51314  36.191  -14.981  35.270 0.0000000000
52270  42.280  -15.507  37.101 0.0000000000
52280  41.475  -15.097  36.056 0.0000000000
53290  42.255  -14.360  37.760 0.0000000000
53296  41.952  -14.480  36.758 0.0000000000
54271  43.832  -13.093  41.944 0.0000000000
54284  42.903  -13.003  39.468 0.0000000000
54312  42.000  -13.968  37.403 0.0000000000
54321  41.119  -13.357  36.063 0.0000000000
55232  42.710  -12.669  39.536 0.0000000000
61267  46.621  -4.271  29.355 0.0000000000
61268  45.873  -4.300  29.407 0.0000000000
61284  47.867  -3.664  29.364 0.0000000000
61285  47.274  -3.986  29.323 0.0000000000
61324  45.845  -4.152  27.595 0.0000000000
62156  45.571  -3.910  29.953 0.0000000000
62169  49.160  -3.277  29.389 0.0000000000
62191  41.038  -4.502  28.333 0.0000000000
62208  46.398  -4.003  27.616 0.0000000000
63107  47.591  -2.923  27.572 0.0000000000
63108  46.598  -3.570  27.147 0.0000000000
63109  46.339  -3.787  27.350 0.0000000000
64013  47.483  -2.373  32.166 0.0000000000
64025  45.330  -2.654  31.832 0.0000000000
66866  47.874  0.064  23.584 0.0000000000
70889  55.087  3.994  20.552 0.0000000000
76684  56.270  9.440  14.117 0.0000000000
77570  57.245  10.881  12.040 0.0000000000
78417  57.815  11.164  13.246 0.0000000000
112351  32.273  -17.383  43.917 0.0000000000
113305  33.064  -17.477  47.945 0.0000000000
113999  33.963  -17.249  47.773 0.0000000000
114070  42.138  -15.695  36.997 0.0000000000
114443  29.996  -19.070  45.332 0.0000000000
114565  40.666  -13.159  35.605 0.0000000000
115101  42.384  -14.809  39.153 0.0000000000
115538  48.887  -3.390  29.785 0.0000000000
117467  40.078  -16.156  47.117 0.0000000000
119022  34.260  -15.934  40.795 0.0000000000
119173  41.446  -15.437  40.957 0.0000000000
122866  41.549  -15.566  40.197 0.0000000000
123037  47.115  -3.543  31.042 0.0000000000
126453  42.402  -14.841  37.734 0.0000000000
128536  41.758  -13.008  37.686 0.0000000000
129417  37.636  -16.523  48.559 0.0000000000
130419  39.464  -15.865  39.161 0.0000000000
132091  27.252  -20.764  46.956 0.0000000000
132141  44.579  -2.626  31.921 0.0000000000
132754  52.824  2.027  21.202 0.0000000000
133161  43.608  -13.802  41.477 0.0000000000
133897  40.270  -15.743  43.937 0.0000000000
134762  33.764  -17.116  44.119 0.0000000000
135700  41.350  -15.187  43.597 0.0000000000
135769  43.465  -11.464  42.045 0.0000000000
