#!ascii label  , from subject sub-003S6257 vox2ras=TkReg
1958
120821  62.068  -7.063  21.705 0.0000000000
41211  45.440  -25.812  39.068 0.0000000000
39065  29.843  -28.251  43.313 0.0000000000
112941  21.729  -32.092  46.045 0.0000000000
37795  39.938  -29.600  46.590 0.0000000000
37943  36.703  -30.265  36.302 0.0000000000
117247  55.012  -9.224  22.638 0.0000000000
66914  64.198  -0.670  18.241 0.0000000000
55285  56.082  -12.435  33.297 0.0000000000
48316  45.997  -19.278  30.898 0.0000000000
45405  37.866  -22.809  29.559 0.0000000000
37805  30.306  -29.295  47.876 0.0000000000
36830  25.786  -30.704  44.126 0.0000000000
115015  26.752  -31.279  49.452 0.0000000000
39025  35.174  -28.086  45.756 0.0000000000
57230  60.067  -10.062  32.361 0.0000000000
43149  48.120  -24.145  44.938 0.0000000000
45282  51.747  -22.498  40.904 0.0000000000
48233  51.220  -18.887  36.198 0.0000000000
46367  45.511  -22.276  35.456 0.0000000000
45404  41.934  -22.754  29.013 0.0000000000
43301  41.517  -24.569  33.875 0.0000000000
114144  32.820  -26.276  33.882 0.0000000000
38017  31.927  -29.996  31.148 0.0000000000
65063  61.639  -2.732  20.670 0.0000000000
63205  61.247  -5.249  15.867 0.0000000000
41220  28.704  -26.553  37.614 0.0000000000
37928  24.280  -29.209  38.487 0.0000000000
39075  43.690  -29.296  42.394 0.0000000000
39136  39.905  -28.653  38.237 0.0000000000
37891  39.229  -29.235  41.383 0.0000000000
41206  34.543  -26.241  39.873 0.0000000000
59521  58.577  -8.423  21.621 0.0000000000
33992  23.109  -33.636  52.891 0.0000000000
32337  17.919  -34.756  49.052 0.0000000000
64077  64.926  -3.806  24.719 0.0000000000
60434  63.229  -7.630  25.766 0.0000000000
58406  59.321  -9.205  26.770 0.0000000000
56312  55.140  -10.858  27.648 0.0000000000
55357  51.058  -13.004  27.302 0.0000000000
55236  54.101  -12.452  37.918 0.0000000000
52313  51.138  -15.306  31.834 0.0000000000
52367  46.250  -15.697  27.314 0.0000000000
50479  41.404  -17.281  26.532 0.0000000000
41275  36.338  -26.948  32.998 0.0000000000
37751  30.286  -29.039  50.412 0.0000000000
36778  28.435  -30.214  48.552 0.0000000000
130945  28.452  -30.068  51.056 0.0000000000
124373  32.868  -28.457  49.502 0.0000000000
42170  47.679  -25.622  41.598 0.0000000000
43254  48.399  -24.429  39.894 0.0000000000
45334  49.041  -21.918  38.315 0.0000000000
43281  45.909  -24.217  36.998 0.0000000000
43299  44.151  -24.501  34.374 0.0000000000
42228  43.772  -24.900  36.330 0.0000000000
40270  30.613  -26.965  33.907 0.0000000000
37988  30.019  -29.125  32.700 0.0000000000
63161  62.168  -4.913  21.795 0.0000000000
126920  61.696  -4.804  19.589 0.0000000000
61405  62.492  -6.221  20.586 0.0000000000
40197  29.801  -27.442  40.357 0.0000000000
39125  26.825  -27.788  38.689 0.0000000000
37901  27.030  -28.792  41.094 0.0000000000
35866  23.807  -31.503  45.304 0.0000000000
35898  22.790  -31.037  42.045 0.0000000000
34952  20.944  -31.836  42.839 0.0000000000
34036  19.061  -32.751  44.095 0.0000000000
41125  43.916  -25.641  45.408 0.0000000000
39035  41.605  -29.500  44.620 0.0000000000
36851  41.160  -31.131  42.116 0.0000000000
113073  40.159  -30.173  44.886 0.0000000000
113862  32.971  -27.799  44.336 0.0000000000
40160  34.995  -27.214  42.665 0.0000000000
40180  32.276  -27.416  41.492 0.0000000000
112197  31.901  -26.237  38.790 0.0000000000
59516  56.931  -8.607  21.982 0.0000000000
59544  57.236  -8.629  19.363 0.0000000000
58488  55.362  -9.509  19.414 0.0000000000
112789  15.951  -34.965  50.986 0.0000000000
59456  61.321  -8.433  26.427 0.0000000000
59426  61.687  -8.603  28.647 0.0000000000
56246  57.387  -11.032  33.103 0.0000000000
57254  57.970  -10.373  30.043 0.0000000000
56276  55.368  -11.489  30.764 0.0000000000
55354  53.230  -12.011  28.091 0.0000000000
55337  53.408  -12.820  29.934 0.0000000000
48269  49.403  -19.298  33.850 0.0000000000
50354  51.121  -17.340  34.751 0.0000000000
50404  49.244  -17.435  31.475 0.0000000000
51386  49.300  -16.235  29.697 0.0000000000
50438  46.172  -17.798  29.441 0.0000000000
51413  43.910  -16.532  27.406 0.0000000000
49404  43.439  -18.225  28.951 0.0000000000
46452  40.372  -22.174  26.699 0.0000000000
36908  38.479  -30.770  37.287 0.0000000000
40257  38.596  -27.476  35.747 0.0000000000
114291  36.447  -30.180  34.297 0.0000000000
40332  31.757  -27.399  30.160 0.0000000000
66941  67.507  -0.800  15.775 0.0000000000
66944  64.109  -1.017  15.829 0.0000000000
120897  30.444  -28.817  45.759 0.0000000000
37878  27.874  -29.410  43.562 0.0000000000
36815  28.161  -29.865  46.091 0.0000000000
130047  26.311  -31.100  46.559 0.0000000000
124723  24.440  -31.843  47.672 0.0000000000
38973  37.822  -28.557  48.729 0.0000000000
37842  37.637  -29.315  46.498 0.0000000000
135725  35.437  -29.026  48.147 0.0000000000
37822  32.822  -28.604  46.540 0.0000000000
58314  61.912  -8.883  31.585 0.0000000000
135918  58.149  -10.983  36.300 0.0000000000
47196  51.631  -20.213  38.487 0.0000000000
47230  49.122  -20.722  36.243 0.0000000000
47286  45.515  -20.744  33.373 0.0000000000
47320  43.325  -20.275  30.877 0.0000000000
45377  43.762  -23.419  32.536 0.0000000000
112787  42.362  -24.575  31.456 0.0000000000
118372  39.562  -23.803  31.507 0.0000000000
40259  34.631  -28.140  34.648 0.0000000000
134415  34.403  -30.791  33.338 0.0000000000
39190  32.151  -29.614  32.476 0.0000000000
65981  62.915  -1.476  19.772 0.0000000000
65092  62.328  -2.303  17.144 0.0000000000
127998  61.042  -4.024  18.286 0.0000000000
36868  24.945  -29.963  41.106 0.0000000000
41149  46.034  -26.395  43.109 0.0000000000
40187  44.775  -27.751  40.756 0.0000000000
41203  42.273  -26.830  39.311 0.0000000000
39096  41.945  -29.620  40.629 0.0000000000
36888  39.554  -30.794  39.110 0.0000000000
37912  38.236  -29.932  39.027 0.0000000000
40137  37.674  -27.674  43.405 0.0000000000
113659  37.325  -26.885  40.698 0.0000000000
40218  36.767  -27.181  37.998 0.0000000000
42216  34.206  -25.697  36.808 0.0000000000
42236  31.153  -25.386  35.925 0.0000000000
134812  60.794  -8.243  22.241 0.0000000000
60502  60.984  -7.803  19.778 0.0000000000
59542  59.047  -8.352  19.271 0.0000000000
34875  24.909  -32.427  51.178 0.0000000000
34010  22.075  -32.927  49.065 0.0000000000
118126  20.475  -34.315  50.925 0.0000000000
34018  19.623  -33.332  47.448 0.0000000000
117696  64.063  -1.331  21.553 0.0000000000
64107  62.701  -3.377  22.984 0.0000000000
63139  62.926  -5.052  23.263 0.0000000000
60460  62.329  -7.407  23.479 0.0000000000
59479  60.856  -8.323  24.344 0.0000000000
58436  58.932  -9.002  25.152 0.0000000000
118300  57.118  -9.459  24.870 0.0000000000
135631  59.650  -9.698  29.831 0.0000000000
57317  57.392  -10.091  27.680 0.0000000000
57371  55.126  -10.022  25.025 0.0000000000
57363  53.254  -10.645  25.150 0.0000000000
56330  50.761  -11.673  25.190 0.0000000000
128144  55.709  -12.486  35.185 0.0000000000
52261  52.603  -15.962  37.409 0.0000000000
53292  52.504  -14.251  35.499 0.0000000000
54333  54.119  -13.553  33.233 0.0000000000
53366  51.504  -14.590  29.793 0.0000000000
53390  49.323  -14.367  27.603 0.0000000000
48348  41.247  -19.959  28.495 0.0000000000
42231  40.875  -25.401  36.605 0.0000000000
42268  39.000  -24.943  34.043 0.0000000000
43345  36.324  -24.406  31.873 0.0000000000
39201  34.345  -28.683  31.606 0.0000000000
43347  34.523  -25.530  30.903 0.0000000000
36756  29.610  -29.232  50.870 0.0000000000
37725  29.327  -29.110  51.786 0.0000000000
41199  46.462  -26.271  40.429 0.0000000000
42169  48.371  -25.199  41.191 0.0000000000
132301  47.147  -25.020  39.334 0.0000000000
134258  47.039  -24.247  38.457 0.0000000000
42210  45.280  -25.079  37.719 0.0000000000
42227  44.391  -24.870  36.591 0.0000000000
42203  44.601  -25.387  38.022 0.0000000000
113935  62.406  -5.916  21.993 0.0000000000
62283  62.354  -5.661  20.850 0.0000000000
60485  61.997  -7.027  21.093 0.0000000000
39088  30.214  -28.041  41.869 0.0000000000
39101  28.522  -28.138  40.895 0.0000000000
39081  28.814  -28.463  42.302 0.0000000000
34926  22.943  -31.775  45.523 0.0000000000
34937  22.060  -31.595  43.914 0.0000000000
34938  21.348  -31.821  44.524 0.0000000000
34946  20.036  -32.159  43.111 0.0000000000
34939  20.458  -32.261  44.637 0.0000000000
38985  39.638  -28.106  47.279 0.0000000000
40091  40.351  -27.633  46.896 0.0000000000
40100  41.283  -27.651  46.119 0.0000000000
37813  40.726  -29.783  45.640 0.0000000000
36813  40.873  -30.328  44.914 0.0000000000
130415  39.987  -30.309  46.007 0.0000000000
39063  31.449  -28.097  43.664 0.0000000000
132916  32.805  -27.746  42.946 0.0000000000
39087  31.060  -28.080  42.031 0.0000000000
40182  30.857  -27.744  41.347 0.0000000000
58462  55.554  -8.996  22.203 0.0000000000
58475  56.035  -8.856  20.675 0.0000000000
116044  54.814  -9.241  20.844 0.0000000000
118495  63.533  -7.411  29.406 0.0000000000
59425  62.576  -8.190  29.012 0.0000000000
59413  62.775  -8.260  29.884 0.0000000000
56247  56.524  -11.661  32.833 0.0000000000
56261  56.296  -11.361  32.018 0.0000000000
56262  55.561  -11.774  31.687 0.0000000000
56277  54.576  -11.758  30.303 0.0000000000
55297  54.721  -12.918  32.277 0.0000000000
48285  47.539  -19.490  32.340 0.0000000000
49349  49.242  -18.380  32.605 0.0000000000
121018  47.450  -18.566  31.113 0.0000000000
50424  47.775  -17.713  30.163 0.0000000000
49401  46.485  -18.295  30.046 0.0000000000
112733  45.209  -18.024  29.237 0.0000000000
49388  45.370  -18.972  30.276 0.0000000000
36910  37.587  -30.664  36.655 0.0000000000
37957  37.491  -30.247  35.457 0.0000000000
36929  36.379  -30.691  35.067 0.0000000000
66925  65.102  -0.335  16.825 0.0000000000
123900  64.215  -0.673  17.362 0.0000000000
112502  30.548  -28.865  47.204 0.0000000000
37846  29.438  -29.055  45.952 0.0000000000
37806  29.827  -29.289  47.377 0.0000000000
35824  27.956  -30.555  49.114 0.0000000000
35838  27.186  -30.990  47.918 0.0000000000
35839  26.578  -31.284  48.520 0.0000000000
34913  24.956  -31.735  47.088 0.0000000000
34907  25.273  -31.869  48.642 0.0000000000
38959  36.729  -28.109  49.490 0.0000000000
37779  36.498  -29.153  48.424 0.0000000000
37762  35.498  -28.792  49.186 0.0000000000
37784  31.722  -28.746  48.463 0.0000000000
37802  33.272  -28.563  48.024 0.0000000000
37803  32.151  -28.635  47.730 0.0000000000
114718  31.837  -28.654  46.309 0.0000000000
44258  51.317  -23.191  41.255 0.0000000000
45245  52.309  -22.065  41.991 0.0000000000
47174  52.601  -21.360  41.186 0.0000000000
47183  52.430  -20.446  39.817 0.0000000000
46280  51.761  -21.578  39.924 0.0000000000
45348  47.342  -22.197  37.331 0.0000000000
46327  48.860  -21.556  37.564 0.0000000000
46365  47.299  -21.152  36.016 0.0000000000
47274  47.654  -20.382  34.527 0.0000000000
46373  46.012  -21.310  34.981 0.0000000000
46391  44.586  -21.267  33.241 0.0000000000
46375  44.645  -22.612  34.116 0.0000000000
129557  43.130  -24.630  33.641 0.0000000000
114761  43.301  -24.564  32.615 0.0000000000
133580  42.214  -24.626  32.622 0.0000000000
43342  41.129  -24.404  31.242 0.0000000000
43328  41.031  -24.528  32.168 0.0000000000
41266  33.561  -26.634  34.184 0.0000000000
39168  33.544  -29.235  33.498 0.0000000000
40280  32.908  -28.131  33.074 0.0000000000
65062  62.448  -1.929  20.350 0.0000000000
127149  62.093  -2.288  18.813 0.0000000000
135092  61.369  -3.480  19.712 0.0000000000
62298  61.713  -5.102  18.907 0.0000000000
41246  28.250  -26.309  35.884 0.0000000000
40251  27.187  -26.980  36.170 0.0000000000
36834  27.208  -30.042  43.891 0.0000000000
36844  26.300  -29.864  42.796 0.0000000000
133838  25.064  -30.413  42.500 0.0000000000
35900  21.554  -31.229  41.385 0.0000000000
36871  22.685  -30.642  40.540 0.0000000000
40119  42.753  -27.004  43.828 0.0000000000
134348  44.381  -25.724  44.295 0.0000000000
40133  44.927  -27.469  42.660 0.0000000000
40154  45.310  -27.849  42.054 0.0000000000
120437  44.654  -28.488  41.843 0.0000000000
39094  43.725  -28.813  40.857 0.0000000000
37889  43.473  -29.865  41.837 0.0000000000
36853  40.250  -30.637  41.628 0.0000000000
36864  40.835  -31.040  41.184 0.0000000000
128389  39.830  -30.937  40.188 0.0000000000
114738  38.976  -30.911  39.153 0.0000000000
39108  38.458  -29.464  39.877 0.0000000000
39009  36.645  -28.899  46.449 0.0000000000
39036  37.746  -28.442  44.977 0.0000000000
39037  36.763  -28.009  45.047 0.0000000000
41179  34.504  -26.705  41.151 0.0000000000
40177  35.720  -26.970  42.022 0.0000000000
41193  35.996  -26.253  40.301 0.0000000000
40207  37.044  -26.852  38.839 0.0000000000
41215  35.953  -26.394  38.669 0.0000000000
129280  35.280  -26.329  37.619 0.0000000000
41216  34.202  -25.834  38.377 0.0000000000
119597  30.473  -26.368  38.481 0.0000000000
42219  31.556  -25.798  37.534 0.0000000000
41229  30.155  -25.653  37.019 0.0000000000
59520  59.463  -8.347  21.755 0.0000000000
59531  60.144  -8.141  21.234 0.0000000000
59532  59.281  -8.308  20.784 0.0000000000
58500  58.239  -9.167  18.139 0.0000000000
33996  23.858  -33.217  52.243 0.0000000000
34891  23.655  -32.542  49.901 0.0000000000
34001  22.515  -33.235  50.775 0.0000000000
32315  18.358  -35.101  50.497 0.0000000000
32325  19.105  -34.678  50.242 0.0000000000
33181  20.245  -33.985  49.295 0.0000000000
116998  19.124  -34.272  48.577 0.0000000000
34025  18.513  -33.538  46.303 0.0000000000
115840  18.129  -34.203  47.571 0.0000000000
65973  64.615  -0.798  21.040 0.0000000000
65032  64.461  -2.259  23.574 0.0000000000
130849  64.020  -2.940  23.828 0.0000000000
128820  62.847  -4.159  23.328 0.0000000000
63138  63.580  -4.539  23.743 0.0000000000
61345  64.239  -7.048  25.435 0.0000000000
61360  63.835  -7.003  24.759 0.0000000000
60448  63.135  -7.472  24.926 0.0000000000
59496  61.411  -8.043  23.946 0.0000000000
59478  61.560  -8.062  24.737 0.0000000000
58405  60.017  -8.804  27.085 0.0000000000
59468  59.642  -8.695  25.500 0.0000000000
58420  59.038  -9.092  25.985 0.0000000000
58438  57.611  -9.246  24.400 0.0000000000
58421  58.256  -9.397  25.626 0.0000000000
58315  60.987  -9.496  31.714 0.0000000000
58334  60.567  -9.687  30.957 0.0000000000
58335  59.875  -9.906  30.835 0.0000000000
56302  56.179  -10.722  28.649 0.0000000000
57289  57.603  -10.145  28.492 0.0000000000
57318  56.627  -10.376  27.405 0.0000000000
57341  56.420  -10.248  26.684 0.0000000000
57343  54.885  -10.543  26.250 0.0000000000
57362  53.877  -10.486  25.363 0.0000000000
133974  54.430  -10.844  26.687 0.0000000000
55355  52.444  -12.509  27.846 0.0000000000
56323  52.323  -11.920  26.768 0.0000000000
55373  51.241  -12.177  26.263 0.0000000000
55369  50.023  -12.838  26.303 0.0000000000
56204  54.446  -11.977  36.377 0.0000000000
49302  52.362  -18.368  37.525 0.0000000000
128472  53.327  -16.570  38.581 0.0000000000
50324  52.268  -17.594  36.897 0.0000000000
51334  50.814  -16.183  33.618 0.0000000000
52277  51.559  -15.868  35.084 0.0000000000
53301  52.071  -14.413  33.997 0.0000000000
53299  53.556  -13.393  34.182 0.0000000000
53325  52.547  -14.295  32.487 0.0000000000
53342  52.782  -14.285  31.634 0.0000000000
52324  51.406  -15.175  31.014 0.0000000000
52363  48.011  -15.793  28.429 0.0000000000
123476  49.027  -15.399  28.624 0.0000000000
52366  47.780  -15.324  27.521 0.0000000000
53401  47.400  -14.187  26.086 0.0000000000
53397  45.978  -14.703  25.972 0.0000000000
52383  45.250  -15.071  25.992 0.0000000000
50478  42.107  -16.843  26.927 0.0000000000
51438  42.320  -16.042  25.713 0.0000000000
46414  42.424  -21.606  30.240 0.0000000000
48320  42.540  -20.005  30.080 0.0000000000
46425  41.685  -21.812  28.755 0.0000000000
47367  40.378  -21.114  26.810 0.0000000000
40215  41.257  -26.984  38.992 0.0000000000
41223  41.471  -26.108  38.136 0.0000000000
41224  39.917  -26.713  37.563 0.0000000000
40267  37.575  -27.452  34.652 0.0000000000
41252  38.493  -26.489  35.261 0.0000000000
42270  37.482  -25.929  33.710 0.0000000000
43330  37.489  -24.609  32.820 0.0000000000
43331  36.594  -24.936  32.531 0.0000000000
36989  33.716  -30.729  32.531 0.0000000000
37997  34.283  -30.317  32.294 0.0000000000
39202  33.531  -29.305  31.358 0.0000000000
42296  32.796  -26.322  30.205 0.0000000000
43378  34.185  -24.262  30.056 0.0000000000
64157  61.265  -3.926  16.510 0.0000000000
65112  62.327  -2.846  15.438 0.0000000000
60510  61.700  -7.833  19.091 0.0000000000
37767  30.401  -29.098  49.494 0.0000000000
37786  29.545  -29.594  47.936 0.0000000000
36767  29.670  -29.563  50.081 0.0000000000
36758  28.404  -30.240  50.356 0.0000000000
132462  27.822  -30.556  50.417 0.0000000000
135583  32.020  -28.532  49.662 0.0000000000
42146  47.957  -25.589  43.389 0.0000000000
129870  49.186  -23.861  44.043 0.0000000000
42158  48.550  -25.114  42.603 0.0000000000
43242  49.556  -24.210  40.856 0.0000000000
44260  49.724  -23.550  40.250 0.0000000000
45321  50.159  -22.038  39.274 0.0000000000
44286  48.194  -23.460  38.985 0.0000000000
45336  47.139  -23.138  37.709 0.0000000000
45350  45.750  -23.413  36.245 0.0000000000
44317  45.016  -23.821  34.951 0.0000000000
43289  44.938  -24.311  35.423 0.0000000000
43291  43.908  -24.797  35.346 0.0000000000
42246  42.466  -24.663  35.297 0.0000000000
40269  31.273  -26.759  33.565 0.0000000000
40281  31.639  -27.401  32.986 0.0000000000
39182  30.526  -28.230  33.073 0.0000000000
63168  61.748  -4.222  21.124 0.0000000000
63181  61.561  -4.407  20.267 0.0000000000
62269  62.018  -4.974  20.966 0.0000000000
119418  62.753  -5.730  20.119 0.0000000000
131664  29.466  -27.190  39.574 0.0000000000
40222  27.508  -27.371  38.165 0.0000000000
40212  27.791  -27.698  39.063 0.0000000000
39111  27.157  -27.928  39.774 0.0000000000
37913  25.926  -28.838  40.052 0.0000000000
35872  24.460  -31.322  44.570 0.0000000000
127124  24.709  -30.874  43.076 0.0000000000
35880  23.426  -31.404  43.501 0.0000000000
35890  22.367  -31.402  42.593 0.0000000000
34954  19.243  -32.324  42.511 0.0000000000
40109  42.060  -27.351  45.266 0.0000000000
39056  42.159  -29.469  43.764 0.0000000000
36839  42.248  -30.504  42.511 0.0000000000
36823  41.597  -30.449  43.753 0.0000000000
36833  40.683  -30.526  43.387 0.0000000000
37874  39.687  -29.544  43.309 0.0000000000
39040  33.815  -27.817  44.649 0.0000000000
39059  35.354  -27.587  44.225 0.0000000000
39061  33.655  -27.731  43.751 0.0000000000
128744  33.453  -27.303  42.242 0.0000000000
41180  33.594  -26.763  40.975 0.0000000000
41207  33.162  -26.294  39.640 0.0000000000
40208  32.104  -26.955  40.196 0.0000000000
40210  30.400  -27.021  39.687 0.0000000000
59515  57.769  -8.577  22.251 0.0000000000
59533  58.335  -8.388  20.603 0.0000000000
59523  56.777  -8.524  21.036 0.0000000000
59545  56.518  -8.927  19.154 0.0000000000
32305  17.533  -35.534  51.690 0.0000000000
128868  17.192  -34.887  49.979 0.0000000000
33189  17.026  -34.435  48.051 0.0000000000
114845  16.009  -34.564  48.843 0.0000000000
60420  63.320  -7.642  26.610 0.0000000000
59455  62.360  -8.017  26.254 0.0000000000
121294  62.673  -7.862  27.097 0.0000000000
59442  61.577  -8.478  27.810 0.0000000000
58390  60.247  -9.007  27.865 0.0000000000
57231  59.410  -10.334  32.478 0.0000000000
132387  59.057  -10.251  31.159 0.0000000000
114308  58.102  -10.409  31.048 0.0000000000
56275  56.146  -10.876  30.037 0.0000000000
56291  55.713  -11.097  29.220 0.0000000000
116536  54.595  -11.298  27.943 0.0000000000
130958  54.144  -11.690  28.595 0.0000000000
55343  53.412  -12.468  29.007 0.0000000000
55338  52.880  -13.108  29.429 0.0000000000
48252  50.314  -19.099  34.870 0.0000000000
49312  51.339  -18.146  35.789 0.0000000000
49334  50.192  -18.307  33.801 0.0000000000
126059  50.313  -17.769  33.450 0.0000000000
130769  50.240  -16.703  32.193 0.0000000000
51376  50.103  -16.034  30.754 0.0000000000
50422  48.981  -17.106  30.726 0.0000000000
51388  47.803  -16.846  29.316 0.0000000000
51401  46.162  -16.724  28.385 0.0000000000
52368  45.325  -15.735  26.907 0.0000000000
51402  45.319  -16.833  28.258 0.0000000000
50468  43.417  -17.115  27.900 0.0000000000
112856  42.872  -17.699  28.338 0.0000000000
44397  41.330  -23.763  28.857 0.0000000000
124823  41.477  -22.576  28.302 0.0000000000
44441  40.361  -23.374  27.385 0.0000000000
45456  39.420  -22.905  26.519 0.0000000000
45474  38.408  -22.536  25.451 0.0000000000
39137  39.269  -29.981  37.471 0.0000000000
40247  38.943  -28.228  36.971 0.0000000000
39145  38.485  -29.480  36.196 0.0000000000
39178  37.321  -28.387  34.410 0.0000000000
40279  36.457  -27.713  33.401 0.0000000000
39221  32.531  -28.656  30.637 0.0000000000
40318  31.286  -28.180  30.299 0.0000000000
66924  66.229  0.120  16.782 0.0000000000
66026  65.647  -1.041  15.340 0.0000000000
66037  64.139  -1.874  14.758 0.0000000000
37875  30.142  -28.631  44.076 0.0000000000
37884  29.071  -28.416  43.111 0.0000000000
37876  29.233  -28.807  44.275 0.0000000000
36827  28.047  -29.558  45.138 0.0000000000
36817  26.747  -30.572  45.263 0.0000000000
36789  28.409  -30.186  47.782 0.0000000000
36803  27.581  -30.324  46.536 0.0000000000
35863  26.241  -31.020  45.753 0.0000000000
35859  25.068  -31.385  46.274 0.0000000000
34919  23.464  -31.637  46.257 0.0000000000
112498  23.204  -31.924  47.067 0.0000000000
37776  38.796  -29.200  47.579 0.0000000000
37816  39.042  -29.752  46.717 0.0000000000
37798  37.701  -29.433  47.784 0.0000000000
37818  37.032  -29.291  47.268 0.0000000000
37819  35.437  -28.779  47.199 0.0000000000
37782  34.077  -28.666  48.614 0.0000000000
37820  34.530  -28.684  47.301 0.0000000000
37821  33.800  -28.488  46.572 0.0000000000
37843  33.190  -28.334  45.948 0.0000000000
37860  31.623  -28.281  45.139 0.0000000000
58464  53.515  -9.621  22.310 0.0000000000
58477  54.169  -9.459  21.022 0.0000000000
58472  52.770  -9.909  20.803 0.0000000000
60371  62.882  -7.928  30.892 0.0000000000
57220  60.242  -9.900  33.193 0.0000000000
57222  59.089  -10.498  34.224 0.0000000000
56235  58.322  -11.066  34.682 0.0000000000
56227  56.803  -12.018  34.430 0.0000000000
48201  53.125  -18.873  39.279 0.0000000000
47207  51.777  -19.362  37.424 0.0000000000
46299  49.812  -21.682  38.561 0.0000000000
47209  49.998  -20.738  37.320 0.0000000000
47252  50.235  -19.911  36.014 0.0000000000
47272  49.259  -19.929  34.995 0.0000000000
47284  47.354  -20.190  33.701 0.0000000000
48287  45.933  -19.770  31.976 0.0000000000
48306  44.861  -19.651  31.145 0.0000000000
47307  44.187  -20.376  31.796 0.0000000000
46400  43.565  -21.413  32.173 0.0000000000
131029  43.034  -22.965  31.493 0.0000000000
44331  44.204  -23.904  32.915 0.0000000000
43339  43.286  -24.160  31.449 0.0000000000
44372  42.305  -23.927  29.682 0.0000000000
43376  41.182  -24.229  29.553 0.0000000000
44354  40.040  -23.718  29.961 0.0000000000
44355  39.177  -23.416  30.271 0.0000000000
39156  35.643  -29.325  35.534 0.0000000000
37970  35.761  -30.521  34.776 0.0000000000
37972  34.075  -29.765  33.735 0.0000000000
37986  33.483  -30.641  33.216 0.0000000000
120787  32.045  -30.384  31.715 0.0000000000
39191  31.469  -29.296  32.374 0.0000000000
36991  31.162  -29.919  31.470 0.0000000000
65988  63.486  -1.244  18.506 0.0000000000
132161  63.674  -1.093  17.770 0.0000000000
132194  62.706  -1.783  18.365 0.0000000000
128422  61.733  -2.758  17.501 0.0000000000
112917  61.047  -4.496  17.386 0.0000000000
63194  61.352  -4.512  18.877 0.0000000000
63200  61.170  -4.875  18.156 0.0000000000
37893  27.266  -28.891  41.915 0.0000000000
37894  26.520  -29.228  41.597 0.0000000000
37904  24.618  -29.509  40.275 0.0000000000
36856  24.064  -30.362  41.455 0.0000000000
36870  23.514  -30.348  40.647 0.0000000000
120061  47.441  -25.066  44.447 0.0000000000
41148  46.750  -26.138  43.008 0.0000000000
41175  46.555  -26.775  41.539 0.0000000000
41192  45.066  -27.104  40.319 0.0000000000
41213  43.735  -26.133  38.899 0.0000000000
40202  43.575  -27.361  40.094 0.0000000000
40203  42.670  -27.545  39.888 0.0000000000
121738  41.097  -28.697  39.638 0.0000000000
37899  41.985  -30.436  41.035 0.0000000000
37910  40.568  -30.377  39.873 0.0000000000
39121  40.075  -29.798  38.610 0.0000000000
113040  38.783  -30.817  38.172 0.0000000000
36891  38.179  -30.755  38.079 0.0000000000
37934  37.354  -30.144  37.074 0.0000000000
37840  39.061  -29.845  45.752 0.0000000000
115604  39.239  -29.093  44.166 0.0000000000
40156  38.850  -28.454  42.387 0.0000000000
40138  36.735  -27.470  43.541 0.0000000000
40176  37.709  -27.363  41.877 0.0000000000
40175  38.499  -28.115  41.592 0.0000000000
39109  38.176  -28.628  39.395 0.0000000000
39124  37.138  -28.559  37.732 0.0000000000
123794  36.818  -28.641  37.050 0.0000000000
40250  35.739  -28.028  36.043 0.0000000000
118750  35.064  -26.485  35.919 0.0000000000
135323  33.664  -25.590  35.377 0.0000000000
42208  32.596  -25.925  38.421 0.0000000000
42235  32.724  -25.363  36.435 0.0000000000
134502  31.649  -25.531  34.531 0.0000000000
41256  30.197  -25.779  34.768 0.0000000000
60487  60.855  -8.051  21.660 0.0000000000
125723  61.337  -7.657  21.154 0.0000000000
60495  60.808  -7.841  20.761 0.0000000000
59543  58.158  -8.464  19.511 0.0000000000
59566  58.940  -8.773  17.801 0.0000000000
58489  54.422  -9.540  19.921 0.0000000000
126244  28.087  -29.711  52.199 0.0000000000
35790  27.589  -30.409  51.813 0.0000000000
34887  26.838  -31.435  51.130 0.0000000000
135349  26.109  -31.758  52.263 0.0000000000
115930  25.799  -32.012  50.014 0.0000000000
34903  24.362  -32.325  49.597 0.0000000000
34909  23.363  -32.276  48.522 0.0000000000
34915  22.184  -32.393  47.738 0.0000000000
135343  21.642  -34.114  51.770 0.0000000000
34007  21.462  -33.216  49.642 0.0000000000
122686  21.072  -32.892  48.079 0.0000000000
34022  21.062  -32.822  47.234 0.0000000000
34031  19.749  -32.740  46.015 0.0000000000
66895  64.858  -0.279  19.674 0.0000000000
66896  64.310  -0.721  20.046 0.0000000000
65974  63.576  -1.259  20.503 0.0000000000
65056  62.664  -2.106  21.752 0.0000000000
65957  65.515  -0.857  22.889 0.0000000000
65049  63.876  -2.014  22.839 0.0000000000
65057  62.060  -2.676  21.603 0.0000000000
63150  62.371  -4.335  22.612 0.0000000000
62254  62.548  -5.449  22.608 0.0000000000
117279  62.561  -6.406  22.678 0.0000000000
122979  63.670  -5.649  23.954 0.0000000000
61371  62.755  -6.851  23.384 0.0000000000
115610  62.274  -7.107  22.773 0.0000000000
59511  61.302  -8.100  23.180 0.0000000000
59512  60.789  -8.320  22.755 0.0000000000
130221  59.464  -8.528  23.435 0.0000000000
130009  60.944  -8.278  25.052 0.0000000000
134887  59.535  -8.643  24.782 0.0000000000
59499  58.721  -8.588  23.310 0.0000000000
58452  57.360  -9.116  23.678 0.0000000000
58453  56.498  -9.290  23.543 0.0000000000
132223  55.630  -9.549  23.931 0.0000000000
59414  61.939  -8.776  30.334 0.0000000000
116953  60.251  -9.486  29.464 0.0000000000
58391  59.501  -9.332  27.946 0.0000000000
57264  58.603  -9.997  29.666 0.0000000000
57288  58.351  -9.821  28.925 0.0000000000
58393  57.926  -9.703  27.148 0.0000000000
58409  56.912  -9.782  26.201 0.0000000000
58424  55.818  -9.835  25.228 0.0000000000
58441  54.922  -9.793  24.323 0.0000000000
57380  54.105  -9.879  24.057 0.0000000000
57382  52.483  -10.424  23.534 0.0000000000
118038  53.065  -11.540  26.671 0.0000000000
118036  51.966  -11.446  25.493 0.0000000000
56215  56.937  -11.735  35.584 0.0000000000
55276  55.954  -12.732  34.309 0.0000000000
54291  53.738  -14.137  38.477 0.0000000000
118798  52.240  -16.137  36.543 0.0000000000
52265  52.429  -15.021  36.636 0.0000000000
55245  53.376  -13.056  36.841 0.0000000000
54315  54.308  -12.621  34.955 0.0000000000
54324  54.896  -13.151  34.324 0.0000000000
54339  55.136  -13.229  33.340 0.0000000000
54355  53.736  -13.621  31.787 0.0000000000
54371  52.836  -13.845  30.525 0.0000000000
54397  51.530  -13.756  28.752 0.0000000000
118735  50.735  -15.203  29.946 0.0000000000
52360  50.150  -14.682  28.712 0.0000000000
54408  50.500  -13.606  27.682 0.0000000000
129905  48.889  -13.527  26.312 0.0000000000
52376  43.927  -15.635  26.185 0.0000000000
53415  43.196  -15.057  24.598 0.0000000000
48333  43.833  -19.150  29.938 0.0000000000
131130  42.634  -18.962  29.315 0.0000000000
49433  41.215  -18.565  27.508 0.0000000000
46445  40.837  -21.721  27.418 0.0000000000
48360  40.425  -20.069  26.941 0.0000000000
42205  43.427  -25.601  38.163 0.0000000000
42214  41.879  -25.419  37.152 0.0000000000
135786  40.791  -24.838  35.404 0.0000000000
41241  39.290  -26.467  36.307 0.0000000000
42255  40.032  -24.963  35.169 0.0000000000
43302  40.472  -24.610  34.181 0.0000000000
116130  39.308  -24.178  32.413 0.0000000000
44340  37.808  -23.525  31.500 0.0000000000
44357  36.661  -23.289  30.896 0.0000000000
37985  35.544  -30.203  33.401 0.0000000000
37995  35.660  -29.424  32.935 0.0000000000
40290  35.322  -27.744  32.288 0.0000000000
117312  33.011  -27.903  30.619 0.0000000000
41292  34.311  -26.972  31.191 0.0000000000
42279  35.471  -26.335  32.003 0.0000000000
43346  35.048  -25.196  31.344 0.0000000000
44358  35.788  -23.385  30.525 0.0000000000
66013  63.516  -1.369  16.208 0.0000000000
65111  63.234  -2.259  15.058 0.0000000000
133705  63.467  -3.324  14.243 0.0000000000
60493  62.371  -6.837  20.241 0.0000000000
41200  45.943  -26.115  39.724 0.0000000000
42194  46.692  -25.596  39.676 0.0000000000
42195  46.117  -25.576  39.103 0.0000000000
42201  46.577  -25.037  38.750 0.0000000000
42202  45.808  -25.335  38.444 0.0000000000
123117  45.122  -25.511  38.430 0.0000000000
61381  62.309  -6.756  22.108 0.0000000000
61394  62.331  -6.337  21.415 0.0000000000
39080  29.565  -28.145  42.480 0.0000000000
39089  29.285  -28.127  41.613 0.0000000000
120506  22.265  -31.866  45.628 0.0000000000
129839  21.722  -31.873  45.317 0.0000000000
34928  20.969  -32.190  45.491 0.0000000000
38998  40.113  -28.841  46.779 0.0000000000
38997  40.634  -28.299  46.344 0.0000000000
39008  40.409  -29.385  46.190 0.0000000000
37814  40.290  -30.094  45.991 0.0000000000
39064  30.659  -28.185  43.483 0.0000000000
39078  31.250  -27.940  42.869 0.0000000000
39079  30.404  -27.988  42.693 0.0000000000
58469  55.423  -8.956  21.254 0.0000000000
58470  54.763  -9.212  21.795 0.0000000000
126037  63.094  -7.888  29.442 0.0000000000
59412  63.141  -7.775  30.198 0.0000000000
55295  55.837  -12.136  32.511 0.0000000000
116349  55.258  -12.455  32.169 0.0000000000
55296  55.414  -12.882  32.885 0.0000000000
48303  47.205  -19.148  31.573 0.0000000000
129899  47.931  -19.009  31.912 0.0000000000
49387  46.603  -18.787  30.998 0.0000000000
133379  46.534  -18.539  30.563 0.0000000000
118882  46.002  -18.839  30.529 0.0000000000
49402  45.743  -18.473  29.869 0.0000000000
48317  45.570  -19.312  30.727 0.0000000000
36911  37.238  -30.590  36.375 0.0000000000
113300  36.989  -30.725  35.790 0.0000000000
36930  36.440  -30.522  35.587 0.0000000000
66913  64.923  -0.265  17.889 0.0000000000
121184  27.312  -30.941  48.846 0.0000000000
35840  25.779  -31.530  48.223 0.0000000000
34901  25.940  -31.624  49.171 0.0000000000
40059  36.299  -27.495  50.089 0.0000000000
38975  36.514  -28.597  49.250 0.0000000000
38976  35.812  -28.599  49.542 0.0000000000
37804  31.134  -28.867  47.826 0.0000000000
112666  31.437  -28.640  47.050 0.0000000000
45263  51.826  -22.589  41.643 0.0000000000
46254  52.589  -21.587  41.712 0.0000000000
46265  52.105  -21.749  40.597 0.0000000000
134740  52.177  -21.383  40.179 0.0000000000
45302  51.423  -22.207  40.234 0.0000000000
45358  45.912  -22.498  36.224 0.0000000000
46354  46.644  -21.827  36.689 0.0000000000
46366  46.329  -21.568  35.830 0.0000000000
46374  45.058  -22.099  34.710 0.0000000000
45364  45.074  -23.051  35.049 0.0000000000
43300  42.451  -24.634  33.697 0.0000000000
43312  42.764  -24.647  32.862 0.0000000000
128015  41.960  -24.570  33.098 0.0000000000
43313  41.730  -24.570  32.451 0.0000000000
43314  40.968  -24.478  33.182 0.0000000000
41276  32.947  -27.084  33.516 0.0000000000
65069  61.768  -2.507  19.689 0.0000000000
41231  27.955  -26.624  36.592 0.0000000000
36829  26.568  -30.427  44.410 0.0000000000
133619  25.949  -30.176  43.039 0.0000000000
36836  25.504  -30.541  43.233 0.0000000000
35908  21.230  -31.005  40.464 0.0000000000
123711  43.464  -28.600  42.776 0.0000000000
40134  43.588  -27.366  43.040 0.0000000000
40155  44.342  -28.482  42.312 0.0000000000
39074  44.084  -29.270  41.946 0.0000000000
133348  39.759  -29.985  41.708 0.0000000000
123522  40.343  -30.857  40.891 0.0000000000
36866  39.638  -30.484  40.806 0.0000000000
37900  38.808  -30.069  40.398 0.0000000000
39024  36.191  -28.337  45.764 0.0000000000
39038  35.728  -27.868  45.004 0.0000000000
41178  35.527  -26.649  41.175 0.0000000000
41194  35.029  -26.323  40.490 0.0000000000
41205  35.432  -26.128  39.688 0.0000000000
114760  34.866  -26.070  39.036 0.0000000000
118713  33.970  -26.107  39.339 0.0000000000
121397  29.615  -26.448  38.171 0.0000000000
131797  30.127  -26.168  37.712 0.0000000000
113442  29.486  -26.117  37.206 0.0000000000
41230  28.783  -26.143  36.495 0.0000000000
133105  58.987  -8.380  22.124 0.0000000000
33997  22.821  -33.419  51.761 0.0000000000
130633  23.366  -33.144  51.102 0.0000000000
116913  17.803  -34.902  49.831 0.0000000000
32326  18.474  -34.727  49.626 0.0000000000
33182  19.327  -34.403  49.318 0.0000000000
33183  18.545  -34.568  48.804 0.0000000000
116995  18.595  -34.211  48.102 0.0000000000
33188  17.904  -34.534  48.232 0.0000000000
66878  65.836  -0.139  22.553 0.0000000000
66871  65.862  0.250  23.052 0.0000000000
64089  64.828  -2.703  24.287 0.0000000000
64090  64.201  -3.730  24.146 0.0000000000
60447  63.759  -7.323  25.387 0.0000000000
60435  62.358  -7.823  25.270 0.0000000000
59458  59.793  -8.756  26.319 0.0000000000
58407  58.511  -9.463  26.543 0.0000000000
134279  60.411  -9.766  32.035 0.0000000000
58316  60.110  -9.936  31.522 0.0000000000
57291  55.951  -10.607  27.926 0.0000000000
57319  55.813  -10.561  27.187 0.0000000000
57320  55.016  -10.679  26.963 0.0000000000
55356  51.794  -12.807  27.559 0.0000000000
55367  51.632  -12.414  26.861 0.0000000000
55368  50.802  -12.645  26.632 0.0000000000
56190  54.399  -11.740  37.225 0.0000000000
50309  52.679  -17.420  37.733 0.0000000000
49303  51.773  -18.228  36.609 0.0000000000
51351  50.846  -15.636  32.698 0.0000000000
52287  51.443  -15.359  34.112 0.0000000000
52300  51.285  -15.347  33.269 0.0000000000
53311  51.872  -14.610  33.283 0.0000000000
53326  51.587  -14.931  32.516 0.0000000000
53343  51.930  -14.686  31.687 0.0000000000
119786  46.942  -15.654  27.621 0.0000000000
52373  46.846  -15.218  27.035 0.0000000000
117376  47.358  -14.785  26.786 0.0000000000
52374  46.073  -15.235  26.566 0.0000000000
51426  41.863  -16.621  26.177 0.0000000000
117796  42.393  -22.607  29.823 0.0000000000
46424  42.093  -21.783  29.438 0.0000000000
40216  40.364  -27.728  38.794 0.0000000000
41214  40.614  -26.782  38.208 0.0000000000
40231  40.067  -27.550  38.075 0.0000000000
41274  36.843  -26.842  33.681 0.0000000000
41264  37.440  -26.719  34.232 0.0000000000
42271  36.703  -26.201  33.325 0.0000000000
42277  36.979  -25.383  33.199 0.0000000000
42278  36.131  -25.987  32.716 0.0000000000
38016  32.719  -30.147  31.394 0.0000000000
38015  33.600  -30.319  31.829 0.0000000000
39220  32.845  -29.311  31.019 0.0000000000
116341  61.244  -4.530  15.988 0.0000000000
128791  61.475  -4.622  15.501 0.0000000000
36746  28.930  -29.593  51.352 0.0000000000
36757  28.966  -29.753  50.587 0.0000000000
35801  27.913  -30.504  51.120 0.0000000000
132485  31.176  -28.392  51.362 0.0000000000
37736  31.744  -28.251  51.260 0.0000000000
37750  31.205  -28.548  50.377 0.0000000000
37766  31.398  -28.726  49.226 0.0000000000
42159  47.898  -25.581  42.521 0.0000000000
42145  48.309  -25.318  43.146 0.0000000000
123642  48.268  -25.308  41.969 0.0000000000
42192  48.054  -24.987  40.367 0.0000000000
43228  49.010  -24.722  41.243 0.0000000000
43243  48.751  -24.614  40.617 0.0000000000
43253  49.079  -23.999  40.137 0.0000000000
44276  49.352  -23.397  39.733 0.0000000000
44277  48.660  -23.757  39.544 0.0000000000
43276  46.320  -24.352  37.594 0.0000000000
43275  46.955  -23.936  38.041 0.0000000000
44297  46.429  -23.805  37.291 0.0000000000
44306  45.901  -23.897  36.564 0.0000000000
44307  45.493  -23.971  35.767 0.0000000000
43282  45.411  -24.379  36.346 0.0000000000
43284  44.192  -24.731  35.854 0.0000000000
135746  43.566  -24.780  35.770 0.0000000000
42245  43.324  -24.681  35.286 0.0000000000
42229  42.888  -24.936  36.175 0.0000000000
40282  30.974  -27.439  33.190 0.0000000000
134046  30.535  -27.601  33.755 0.0000000000
61409  63.224  -6.192  19.778 0.0000000000
40211  28.622  -27.419  39.361 0.0000000000
40198  28.967  -27.632  40.194 0.0000000000
39102  27.547  -28.277  40.597 0.0000000000
39103  26.667  -28.430  40.359 0.0000000000
39112  26.312  -28.202  39.519 0.0000000000
35879  24.193  -31.170  43.724 0.0000000000
35873  23.654  -31.436  44.338 0.0000000000
34945  21.363  -31.747  43.621 0.0000000000
35881  22.666  -31.599  43.275 0.0000000000
35882  21.868  -31.663  43.072 0.0000000000
35891  21.615  -31.481  42.304 0.0000000000
35892  20.858  -31.626  41.864 0.0000000000
133268  20.112  -31.601  41.439 0.0000000000
34953  20.054  -31.842  42.213 0.0000000000
113348  19.874  -32.328  43.967 0.0000000000
34947  19.401  -32.449  43.377 0.0000000000
34955  18.529  -32.690  42.498 0.0000000000
34041  18.783  -32.731  43.189 0.0000000000
41115  41.856  -26.531  46.461 0.0000000000
40110  41.401  -28.073  45.531 0.0000000000
39020  41.653  -28.429  44.899 0.0000000000
125990  41.935  -28.682  44.184 0.0000000000
37857  41.660  -30.162  44.177 0.0000000000
36814  40.656  -30.404  44.628 0.0000000000
36825  40.971  -30.604  44.202 0.0000000000
37858  40.381  -30.394  44.087 0.0000000000
37873  40.248  -30.180  43.353 0.0000000000
37859  39.841  -29.961  44.150 0.0000000000
40162  32.708  -27.522  42.377 0.0000000000
40179  33.093  -27.051  41.695 0.0000000000
40193  32.844  -27.066  41.048 0.0000000000
41196  32.895  -26.762  40.368 0.0000000000
40194  32.348  -27.151  40.774 0.0000000000
40196  30.671  -27.410  40.561 0.0000000000
59522  57.634  -8.452  21.318 0.0000000000
58487  55.962  -9.121  19.704 0.0000000000
116404  55.973  -9.323  19.044 0.0000000000
58502  56.597  -9.607  18.597 0.0000000000
58503  55.680  -9.815  18.856 0.0000000000
32306  16.701  -35.400  51.547 0.0000000000
32316  17.550  -35.207  50.499 0.0000000000
32317  16.747  -35.129  50.549 0.0000000000
32328  16.498  -34.743  49.594 0.0000000000
113168  15.985  -34.856  50.210 0.0000000000
60405  63.313  -7.667  27.480 0.0000000000
59427  61.010  -8.759  28.062 0.0000000000
58375  60.739  -9.096  28.650 0.0000000000
57232  58.473  -10.531  32.751 0.0000000000
57243  58.765  -10.370  31.838 0.0000000000
57233  57.791  -10.708  32.056 0.0000000000
115231  56.267  -11.214  31.075 0.0000000000
132743  55.349  -11.395  29.895 0.0000000000
56292  54.785  -11.506  29.330 0.0000000000
55324  53.942  -12.506  30.646 0.0000000000
55336  53.946  -12.026  29.629 0.0000000000
55344  52.690  -12.761  28.632 0.0000000000
48253  49.678  -19.451  34.553 0.0000000000
49323  50.502  -18.461  34.561 0.0000000000
49324  50.015  -18.943  34.147 0.0000000000
49367  48.909  -18.099  31.815 0.0000000000
49348  49.914  -18.083  33.018 0.0000000000
50387  49.544  -17.732  32.270 0.0000000000
50386  50.142  -17.333  32.736 0.0000000000
50403  49.837  -17.080  31.891 0.0000000000
51365  49.595  -16.729  31.126 0.0000000000
50437  47.192  -17.556  29.642 0.0000000000
50436  48.074  -17.288  29.753 0.0000000000
50453  46.622  -17.187  28.960 0.0000000000
50452  47.230  -16.921  29.074 0.0000000000
50454  45.772  -17.361  28.780 0.0000000000
49417  44.360  -17.798  28.832 0.0000000000
50456  43.715  -17.569  28.460 0.0000000000
44398  40.845  -23.680  28.477 0.0000000000
44420  41.016  -23.531  28.198 0.0000000000
44421  40.562  -23.576  27.965 0.0000000000
45457  39.097  -23.081  26.849 0.0000000000
113153  38.726  -22.727  26.185 0.0000000000
37941  38.999  -30.236  37.325 0.0000000000
39144  38.897  -29.483  36.939 0.0000000000
37942  38.568  -30.306  36.775 0.0000000000
37969  36.945  -30.300  34.827 0.0000000000
39155  37.507  -29.216  35.060 0.0000000000
37983  36.870  -29.397  34.316 0.0000000000
39179  36.731  -28.556  33.739 0.0000000000
66943  64.814  -0.615  15.845 0.0000000000
66942  65.776  -0.366  16.068 0.0000000000
66027  64.558  -1.260  15.256 0.0000000000
37862  29.797  -28.708  45.010 0.0000000000
37847  28.667  -29.418  45.764 0.0000000000
36828  27.297  -30.078  44.756 0.0000000000
36816  27.446  -30.180  45.642 0.0000000000
36777  29.045  -29.707  48.786 0.0000000000
36788  28.847  -29.837  48.053 0.0000000000
35850  27.000  -30.808  47.006 0.0000000000
36790  27.739  -30.474  47.423 0.0000000000
36804  26.890  -30.685  46.112 0.0000000000
35864  25.539  -31.203  45.552 0.0000000000
127248  25.781  -31.260  46.189 0.0000000000
134429  24.591  -31.595  46.615 0.0000000000
34918  24.103  -31.784  46.945 0.0000000000
40072  37.343  -27.977  49.179 0.0000000000
40071  37.930  -27.645  48.777 0.0000000000
40082  38.466  -28.188  48.378 0.0000000000
38987  38.338  -28.951  48.304 0.0000000000
37777  38.135  -29.294  48.119 0.0000000000
120456  35.956  -29.135  48.096 0.0000000000
37799  36.781  -29.470  48.026 0.0000000000
117217  36.114  -29.153  47.674 0.0000000000
123806  36.181  -28.963  47.007 0.0000000000
37764  33.742  -28.506  49.208 0.0000000000
37763  34.734  -28.766  49.033 0.0000000000
128701  32.845  -28.712  47.263 0.0000000000
37801  34.300  -28.778  47.923 0.0000000000
112180  33.601  -28.709  47.254 0.0000000000
37845  31.347  -28.671  45.707 0.0000000000
37861  30.794  -28.421  44.905 0.0000000000
58471  53.414  -9.625  21.347 0.0000000000
57221  59.829  -10.193  33.726 0.0000000000
57212  59.685  -10.154  34.618 0.0000000000
56225  58.248  -11.094  35.608 0.0000000000
56236  57.508  -11.445  34.107 0.0000000000
56226  57.531  -11.564  34.948 0.0000000000
43213  49.829  -23.785  42.987 0.0000000000
116504  52.102  -20.332  39.207 0.0000000000
48190  52.633  -19.629  39.380 0.0000000000
121200  52.231  -19.609  38.570 0.0000000000
48212  52.284  -19.163  37.843 0.0000000000
129712  51.822  -19.627  37.994 0.0000000000
45322  49.394  -22.344  38.964 0.0000000000
46352  48.624  -21.194  36.846 0.0000000000
46351  49.331  -20.979  37.041 0.0000000000
47229  49.810  -20.450  36.514 0.0000000000
47228  50.612  -20.142  36.843 0.0000000000
47253  49.563  -20.233  35.711 0.0000000000
48235  49.927  -19.633  35.294 0.0000000000
47254  48.845  -20.468  35.478 0.0000000000
47275  46.684  -20.644  34.353 0.0000000000
47285  46.468  -20.449  33.477 0.0000000000
47293  47.067  -19.971  32.876 0.0000000000
47294  46.233  -20.151  32.710 0.0000000000
47306  45.144  -20.056  31.835 0.0000000000
47295  45.318  -20.410  32.621 0.0000000000
46392  43.795  -22.167  32.918 0.0000000000
46393  43.343  -22.632  32.146 0.0000000000
46401  43.000  -21.934  31.600 0.0000000000
43298  44.562  -24.261  34.642 0.0000000000
44318  44.588  -23.842  34.155 0.0000000000
44325  44.284  -24.091  33.517 0.0000000000
43326  42.909  -24.773  32.032 0.0000000000
43325  43.337  -24.441  32.089 0.0000000000
123762  42.900  -24.545  31.349 0.0000000000
44353  42.676  -24.107  30.587 0.0000000000
43340  42.265  -24.420  30.675 0.0000000000
43355  42.123  -24.333  29.847 0.0000000000
43356  41.694  -24.466  30.034 0.0000000000
43358  40.447  -23.987  30.744 0.0000000000
44338  39.668  -23.632  30.706 0.0000000000
40258  35.279  -28.213  35.261 0.0000000000
133147  35.073  -29.210  34.832 0.0000000000
39167  34.336  -29.158  34.169 0.0000000000
39180  32.774  -29.438  32.845 0.0000000000
37987  32.803  -30.503  32.646 0.0000000000
36958  32.749  -30.603  32.392 0.0000000000
39181  31.186  -28.181  32.670 0.0000000000
39192  30.682  -29.111  32.497 0.0000000000
37999  31.324  -29.914  32.068 0.0000000000
130148  31.464  -29.972  31.280 0.0000000000
65980  63.565  -1.129  19.482 0.0000000000
65989  62.805  -1.583  19.038 0.0000000000
65077  61.493  -3.037  18.258 0.0000000000
65093  61.325  -3.562  17.444 0.0000000000
130029  61.349  -4.250  19.493 0.0000000000
62301  61.714  -5.409  18.143 0.0000000000
129063  26.951  -27.611  37.723 0.0000000000
40223  26.282  -27.892  37.724 0.0000000000
37877  28.704  -28.837  43.676 0.0000000000
37885  28.327  -28.796  42.935 0.0000000000
37886  27.556  -29.150  42.693 0.0000000000
36854  26.016  -29.581  42.133 0.0000000000
37895  25.781  -29.586  41.308 0.0000000000
37903  25.461  -29.349  40.565 0.0000000000
35888  23.905  -31.067  42.925 0.0000000000
36846  24.326  -30.574  42.354 0.0000000000
36847  23.552  -30.782  42.179 0.0000000000
132670  22.542  -30.414  39.897 0.0000000000
121572  23.041  -30.183  39.961 0.0000000000
42107  44.034  -25.407  46.451 0.0000000000
41137  45.332  -25.726  43.792 0.0000000000
133325  45.023  -25.355  45.164 0.0000000000
42136  45.942  -25.147  44.760 0.0000000000
42148  46.459  -25.630  43.748 0.0000000000
42147  47.372  -25.590  43.713 0.0000000000
40174  44.972  -27.986  41.395 0.0000000000
40153  46.142  -27.163  42.026 0.0000000000
40186  45.552  -27.479  40.866 0.0000000000
41176  46.316  -27.023  40.931 0.0000000000
40201  44.350  -27.234  40.246 0.0000000000
39095  42.856  -29.109  40.734 0.0000000000
40189  43.148  -28.211  40.448 0.0000000000
39105  41.996  -28.528  40.304 0.0000000000
39106  41.156  -29.508  40.130 0.0000000000
113044  41.590  -30.758  42.498 0.0000000000
36838  42.786  -30.398  42.018 0.0000000000
36850  41.799  -30.772  41.743 0.0000000000
36865  40.207  -30.903  40.283 0.0000000000
36878  40.541  -30.813  40.519 0.0000000000
36879  40.041  -30.911  39.707 0.0000000000
39107  40.560  -29.670  39.345 0.0000000000
37924  40.066  -30.328  39.082 0.0000000000
37925  39.457  -30.637  38.492 0.0000000000
36890  38.598  -30.744  38.626 0.0000000000
37926  37.978  -30.455  38.252 0.0000000000
37933  37.817  -30.736  37.708 0.0000000000
39138  37.523  -29.925  37.761 0.0000000000
37841  38.639  -29.706  46.385 0.0000000000
115585  39.442  -30.103  46.180 0.0000000000
39022  38.723  -29.017  44.971 0.0000000000
39058  38.358  -28.263  44.074 0.0000000000
39057  39.078  -28.702  43.273 0.0000000000
40136  38.427  -28.050  43.178 0.0000000000
40139  35.150  -27.397  43.449 0.0000000000
132605  35.900  -27.473  43.665 0.0000000000
40159  36.041  -27.196  42.898 0.0000000000
41177  36.494  -26.762  41.381 0.0000000000
114494  36.700  -27.040  42.073 0.0000000000
40190  38.076  -27.574  40.896 0.0000000000
39098  38.322  -28.334  40.164 0.0000000000
40191  37.813  -27.607  40.005 0.0000000000
40217  37.309  -27.787  38.448 0.0000000000
40233  36.537  -27.732  37.274 0.0000000000
40249  36.339  -28.311  36.616 0.0000000000
40234  35.988  -27.305  36.790 0.0000000000
41227  34.721  -25.999  37.502 0.0000000000
41243  34.930  -26.204  36.600 0.0000000000
42233  34.412  -25.886  35.836 0.0000000000
42234  33.601  -25.440  36.165 0.0000000000
41218  32.556  -26.147  39.205 0.0000000000
41217  33.291  -25.834  38.896 0.0000000000
131997  31.975  -26.027  38.096 0.0000000000
42220  30.934  -25.534  36.860 0.0000000000
114809  31.808  -25.468  36.675 0.0000000000
118919  32.022  -25.282  35.706 0.0000000000
42250  31.376  -25.265  35.032 0.0000000000
42261  30.984  -25.633  34.643 0.0000000000
42251  30.583  -25.458  35.217 0.0000000000
131800  59.407  -8.170  19.910 0.0000000000
59541  60.061  -7.872  20.231 0.0000000000
112263  59.908  -7.891  19.179 0.0000000000
59534  57.459  -8.486  20.321 0.0000000000
58511  59.475  -9.408  17.592 0.0000000000
58478  53.552  -9.773  20.422 0.0000000000
57410  54.230  -10.291  19.403 0.0000000000
134820  28.333  -28.966  52.313 0.0000000000
36735  27.373  -30.238  52.504 0.0000000000
35791  27.070  -31.055  52.047 0.0000000000
35802  27.243  -30.949  51.507 0.0000000000
34857  26.658  -31.406  51.904 0.0000000000
34874  25.566  -32.242  52.019 0.0000000000
115360  25.663  -32.100  50.923 0.0000000000
34889  25.004  -32.235  50.237 0.0000000000
34890  24.286  -32.556  50.433 0.0000000000
34904  22.936  -32.590  49.342 0.0000000000
34910  22.539  -32.501  48.466 0.0000000000
34015  21.782  -32.715  48.309 0.0000000000
33179  19.742  -34.832  50.894 0.0000000000
33175  20.226  -34.777  51.695 0.0000000000
33174  21.011  -34.446  51.734 0.0000000000
121889  21.262  -33.952  51.028 0.0000000000
33178  20.739  -33.644  50.169 0.0000000000
34013  19.886  -33.465  48.117 0.0000000000
34012  20.511  -33.445  48.572 0.0000000000
34017  20.361  -33.060  47.737 0.0000000000
34023  20.243  -32.910  46.789 0.0000000000
34024  19.308  -33.207  46.608 0.0000000000
33206  18.271  -33.277  45.355 0.0000000000
131370  65.435  0.083  20.173 0.0000000000
125519  65.122  -0.351  20.559 0.0000000000
65967  65.065  -0.801  22.031 0.0000000000
65975  63.007  -1.672  21.277 0.0000000000
65055  63.374  -1.748  22.102 0.0000000000
65956  65.715  -0.248  23.180 0.0000000000
65943  65.568  -0.816  23.641 0.0000000000
65033  63.445  -2.706  23.242 0.0000000000
65050  62.757  -2.458  22.459 0.0000000000
64108  62.129  -3.351  22.195 0.0000000000
62244  62.906  -6.026  23.338 0.0000000000
63127  64.379  -4.876  24.441 0.0000000000
62233  64.346  -5.838  24.613 0.0000000000
61361  63.029  -7.227  24.105 0.0000000000
61370  63.398  -6.582  24.012 0.0000000000
60461  61.773  -7.644  22.927 0.0000000000
132636  61.774  -7.782  23.591 0.0000000000
59497  60.796  -8.355  23.536 0.0000000000
59498  60.137  -8.448  23.071 0.0000000000
59480  60.045  -8.551  24.035 0.0000000000
59466  61.553  -8.239  25.564 0.0000000000
59467  60.574  -8.512  25.754 0.0000000000
59481  58.990  -8.697  24.240 0.0000000000
59500  57.903  -8.743  23.119 0.0000000000
58451  58.113  -8.895  23.945 0.0000000000
118299  57.001  -9.384  24.169 0.0000000000
58439  56.314  -9.553  24.546 0.0000000000
59382  62.533  -8.332  31.385 0.0000000000
59400  62.642  -8.334  30.597 0.0000000000
58313  62.191  -8.694  31.014 0.0000000000
114101  60.066  -9.685  30.261 0.0000000000
58356  60.928  -9.322  30.248 0.0000000000
58376  59.832  -9.432  28.590 0.0000000000
58357  59.234  -9.713  29.324 0.0000000000
57253  58.812  -10.153  30.472 0.0000000000
57316  58.130  -9.724  28.054 0.0000000000
58408  57.713  -9.659  26.359 0.0000000000
57340  57.171  -9.947  26.927 0.0000000000
57360  55.385  -10.241  25.719 0.0000000000
57359  56.129  -10.024  25.966 0.0000000000
58440  55.547  -9.723  24.623 0.0000000000
57372  54.396  -10.142  24.797 0.0000000000
57373  53.625  -10.335  24.565 0.0000000000
57374  52.786  -10.642  24.442 0.0000000000
57375  52.074  -10.752  24.060 0.0000000000
56304  53.986  -11.532  27.842 0.0000000000
118039  53.534  -11.536  27.320 0.0000000000
56324  51.834  -11.842  26.228 0.0000000000
118035  51.368  -11.404  24.946 0.0000000000
55255  55.870  -11.722  35.852 0.0000000000
135192  56.381  -12.030  35.464 0.0000000000
55266  56.317  -12.475  34.976 0.0000000000
55267  55.615  -12.790  34.570 0.0000000000
51282  52.844  -16.650  37.994 0.0000000000
51270  53.638  -16.218  38.972 0.0000000000
52256  53.221  -15.772  38.339 0.0000000000
53273  53.639  -15.028  38.716 0.0000000000
53280  53.265  -14.755  37.961 0.0000000000
50340  51.410  -17.551  35.461 0.0000000000
135089  51.670  -17.129  35.853 0.0000000000
51307  51.481  -16.842  35.235 0.0000000000
52276  52.030  -15.410  35.771 0.0000000000
53287  52.676  -14.098  36.311 0.0000000000
53286  52.824  -14.376  37.139 0.0000000000
54308  53.084  -13.465  36.406 0.0000000000
55258  53.751  -12.714  35.881 0.0000000000
54316  53.482  -12.998  35.325 0.0000000000
53309  53.498  -13.560  33.617 0.0000000000
54325  54.240  -13.406  33.887 0.0000000000
54332  54.764  -13.356  33.631 0.0000000000
54340  54.515  -13.450  32.992 0.0000000000
54354  54.299  -13.404  32.356 0.0000000000
54341  53.849  -13.666  32.488 0.0000000000
114892  52.075  -14.603  30.932 0.0000000000
119357  52.620  -14.213  30.909 0.0000000000
53365  52.175  -14.348  30.213 0.0000000000
54385  51.876  -14.123  29.474 0.0000000000
52339  50.101  -15.766  29.943 0.0000000000
52351  49.665  -15.630  29.417 0.0000000000
53380  49.325  -14.875  28.233 0.0000000000
53389  49.964  -14.258  27.983 0.0000000000
54409  49.713  -13.786  27.359 0.0000000000
53394  48.911  -14.052  26.961 0.0000000000
51423  44.390  -16.018  26.812 0.0000000000
52375  44.652  -15.530  26.317 0.0000000000
51453  42.002  -15.786  24.888 0.0000000000
52386  42.746  -15.502  25.195 0.0000000000
52399  42.527  -15.429  24.285 0.0000000000
47319  43.952  -19.991  31.278 0.0000000000
48318  44.149  -19.503  30.598 0.0000000000
48319  43.207  -19.743  30.340 0.0000000000
48336  41.606  -20.185  29.018 0.0000000000
48335  42.097  -19.872  29.578 0.0000000000
48347  41.827  -19.368  28.943 0.0000000000
49419  41.519  -18.977  28.243 0.0000000000
45437  40.730  -22.861  27.301 0.0000000000
46435  41.322  -21.739  28.091 0.0000000000
48370  39.926  -20.425  26.329 0.0000000000
49446  40.028  -19.450  26.438 0.0000000000
41202  43.183  -26.727  39.485 0.0000000000
120643  42.893  -26.216  38.759 0.0000000000
42215  40.634  -25.888  37.514 0.0000000000
42230  41.798  -25.009  36.086 0.0000000000
42247  41.077  -25.074  35.882 0.0000000000
40256  38.955  -27.401  36.287 0.0000000000
42257  38.574  -25.669  34.584 0.0000000000
42248  39.093  -25.605  35.242 0.0000000000
42256  39.464  -25.044  34.480 0.0000000000
43303  39.837  -24.629  33.684 0.0000000000
43315  38.988  -24.578  33.334 0.0000000000
43344  37.311  -24.092  32.186 0.0000000000
134875  37.900  -24.137  32.525 0.0000000000
44341  36.884  -23.646  31.531 0.0000000000
118642  37.360  -23.283  31.075 0.0000000000
36944  34.938  -30.844  33.998 0.0000000000
36943  35.617  -30.507  34.458 0.0000000000
36955  35.064  -30.741  33.646 0.0000000000
38014  34.731  -29.457  32.126 0.0000000000
118133  35.277  -29.238  32.447 0.0000000000
39200  35.001  -28.534  32.146 0.0000000000
39189  35.571  -28.553  32.590 0.0000000000
40298  34.757  -27.627  31.719 0.0000000000
40317  31.991  -28.237  30.335 0.0000000000
40316  32.451  -27.699  30.380 0.0000000000
42295  33.442  -26.202  30.482 0.0000000000
41305  33.780  -26.852  30.723 0.0000000000
42294  34.151  -26.176  30.817 0.0000000000
41291  34.980  -26.687  31.541 0.0000000000
42286  34.742  -26.124  31.217 0.0000000000
42285  35.248  -25.985  31.523 0.0000000000
44359  34.899  -23.791  30.352 0.0000000000
130271  35.250  -23.140  29.942 0.0000000000
65999  62.974  -1.645  17.624 0.0000000000
65998  63.558  -1.247  17.039 0.0000000000
66014  62.881  -1.768  16.664 0.0000000000
65121  62.863  -3.043  14.671 0.0000000000
65120  63.779  -2.666  14.469 0.0000000000
60494  61.587  -7.510  20.512 0.0000000000
37737  30.453  -28.602  51.255 0.0000000000
36745  29.660  -28.955  51.537 0.0000000000
41190  47.005  -26.225  41.105 0.0000000000
42181  47.618  -25.565  40.801 0.0000000000
42193  47.453  -25.360  39.997 0.0000000000
43255  47.706  -24.735  39.607 0.0000000000
43266  47.911  -24.126  39.273 0.0000000000
43267  47.190  -24.490  38.893 0.0000000000
43269  46.114  -24.859  37.945 0.0000000000
43277  45.650  -24.604  37.237 0.0000000000
43278  45.031  -24.822  36.816 0.0000000000
42211  44.676  -25.087  37.275 0.0000000000
42212  44.028  -25.244  37.401 0.0000000000
62268  62.305  -5.548  21.411 0.0000000000
39100  29.338  -27.889  40.816 0.0000000000
39090  28.509  -28.409  41.678 0.0000000000
39091  27.825  -28.535  41.393 0.0000000000
35867  23.146  -31.673  44.815 0.0000000000
34927  22.344  -31.724  44.836 0.0000000000
113787  20.660  -31.995  43.785 0.0000000000
34930  19.706  -32.651  44.743 0.0000000000
40090  41.119  -27.116  46.675 0.0000000000
39007  40.909  -28.857  45.861 0.0000000000
39021  41.248  -29.262  45.333 0.0000000000
37837  41.190  -30.124  45.046 0.0000000000
37838  40.655  -30.149  45.435 0.0000000000
37839  40.407  -30.187  45.445 0.0000000000
115902  39.832  -30.212  45.661 0.0000000000
39062  32.199  -27.930  43.978 0.0000000000
127226  32.873  -27.778  43.501 0.0000000000
39077  32.165  -27.859  43.064 0.0000000000
39086  31.822  -27.779  42.215 0.0000000000
40181  31.527  -27.714  41.586 0.0000000000
39099  30.022  -27.750  41.124 0.0000000000
58461  56.295  -8.894  22.606 0.0000000000
58468  56.149  -8.759  21.656 0.0000000000
58476  55.324  -9.200  20.267 0.0000000000
59424  63.286  -7.709  28.530 0.0000000000
113737  62.164  -8.558  29.604 0.0000000000
56260  56.993  -11.147  32.292 0.0000000000
55310  54.742  -12.269  31.384 0.0000000000
55311  54.137  -13.082  31.587 0.0000000000
48284  48.296  -19.268  32.626 0.0000000000
49336  48.927  -18.966  32.937 0.0000000000
49350  48.573  -18.689  32.214 0.0000000000
49368  48.186  -18.466  31.420 0.0000000000
50405  48.583  -17.755  31.069 0.0000000000
49385  47.968  -18.079  30.689 0.0000000000
49386  47.167  -18.243  30.446 0.0000000000
125375  45.080  -18.636  29.767 0.0000000000
49403  44.314  -18.511  29.472 0.0000000000
36909  38.087  -30.798  36.660 0.0000000000
37956  38.109  -30.309  36.067 0.0000000000
36927  37.498  -30.579  35.883 0.0000000000
36928  36.911  -30.677  35.300 0.0000000000
36942  36.294  -30.641  34.768 0.0000000000
66912  65.762  0.188  17.600 0.0000000000
66926  64.166  -0.771  16.490 0.0000000000
37824  30.084  -28.929  46.603 0.0000000000
37825  29.416  -29.230  46.824 0.0000000000
37826  28.827  -29.525  46.522 0.0000000000
36779  27.889  -30.611  48.267 0.0000000000
35851  26.306  -31.272  47.504 0.0000000000
35858  25.678  -31.446  46.846 0.0000000000
35852  25.560  -31.553  47.513 0.0000000000
34912  25.047  -31.695  47.967 0.0000000000
38974  37.183  -28.584  48.963 0.0000000000
38988  37.711  -29.052  48.648 0.0000000000
37760  36.940  -28.931  48.754 0.0000000000
37761  36.172  -28.853  48.955 0.0000000000
37780  35.608  -28.933  48.571 0.0000000000
37765  32.287  -28.621  49.041 0.0000000000
114952  33.171  -28.444  48.857 0.0000000000
37783  32.523  -28.579  48.456 0.0000000000
130548  32.177  -28.627  46.949 0.0000000000
37823  30.973  -28.848  46.368 0.0000000000
44220  50.521  -23.413  42.544 0.0000000000
44238  51.274  -23.136  42.032 0.0000000000
45246  51.665  -22.492  42.344 0.0000000000
47167  52.880  -20.515  41.171 0.0000000000
48177  53.005  -19.566  40.818 0.0000000000
113205  52.504  -21.007  40.419 0.0000000000
46279  52.155  -21.033  39.774 0.0000000000
46298  51.505  -21.075  39.144 0.0000000000
45335  48.189  -22.386  37.901 0.0000000000
46328  48.148  -21.685  37.346 0.0000000000
46353  47.686  -21.440  36.785 0.0000000000
46364  48.296  -20.885  36.114 0.0000000000
47255  48.018  -20.681  35.290 0.0000000000
46372  47.031  -20.906  35.150 0.0000000000
46382  45.707  -21.042  34.187 0.0000000000
46383  44.826  -21.602  33.978 0.0000000000
46384  44.326  -22.416  33.576 0.0000000000
45376  44.085  -23.212  33.144 0.0000000000
123793  43.681  -24.567  34.110 0.0000000000
117672  44.016  -24.402  33.674 0.0000000000
43311  43.491  -24.529  33.277 0.0000000000
43341  41.753  -24.461  30.873 0.0000000000
43327  41.750  -24.567  31.701 0.0000000000
113211  40.316  -24.250  31.813 0.0000000000
41265  34.330  -27.061  34.625 0.0000000000
40268  33.774  -27.865  33.921 0.0000000000
65068  62.396  -1.970  19.508 0.0000000000
126772  61.468  -2.889  19.058 0.0000000000
64139  61.334  -3.514  18.855 0.0000000000
116222  62.402  -5.379  19.643 0.0000000000
39126  25.957  -28.170  38.616 0.0000000000
36843  27.043  -29.739  43.134 0.0000000000
36845  25.676  -30.063  42.607 0.0000000000
36855  25.342  -29.926  41.927 0.0000000000
35899  22.408  -30.974  41.316 0.0000000000
36857  23.211  -30.773  41.326 0.0000000000
35907  21.953  -30.855  40.712 0.0000000000
35914  21.909  -30.627  39.864 0.0000000000
41138  42.851  -26.586  44.984 0.0000000000
41151  43.447  -26.206  43.981 0.0000000000
41150  44.431  -26.391  43.346 0.0000000000
116418  45.348  -26.674  43.000 0.0000000000
40132  45.727  -27.116  42.528 0.0000000000
39093  44.386  -28.457  41.057 0.0000000000
39084  44.439  -28.667  41.540 0.0000000000
39085  43.977  -29.135  41.427 0.0000000000
37898  42.654  -29.865  40.986 0.0000000000
36852  40.727  -31.057  41.794 0.0000000000
36880  39.579  -30.787  39.489 0.0000000000
36889  39.095  -30.928  38.798 0.0000000000
36867  39.148  -30.557  39.924 0.0000000000
37911  38.661  -30.502  39.434 0.0000000000
127172  38.159  -29.223  45.767 0.0000000000
39023  37.190  -28.691  45.743 0.0000000000
40121  37.277  -27.845  44.232 0.0000000000
40178  34.786  -27.056  41.857 0.0000000000
132081  36.471  -26.576  40.711 0.0000000000
40192  36.994  -26.805  39.875 0.0000000000
41204  36.300  -26.402  39.491 0.0000000000
41226  35.912  -26.730  37.637 0.0000000000
125704  35.154  -26.148  38.165 0.0000000000
42206  34.004  -25.643  37.574 0.0000000000
41209  31.089  -26.483  39.191 0.0000000000
41219  31.307  -26.193  38.294 0.0000000000
41228  30.785  -26.029  37.647 0.0000000000
42237  30.328  -25.501  36.115 0.0000000000
41244  29.538  -25.724  36.284 0.0000000000
41245  28.982  -25.954  35.638 0.0000000000
59519  60.274  -8.350  22.178 0.0000000000
133495  58.862  -8.384  20.037 0.0000000000
131051  57.078  -8.953  18.759 0.0000000000
59555  57.763  -8.769  18.719 0.0000000000
58501  57.501  -9.398  18.385 0.0000000000
33995  24.864  -32.944  52.091 0.0000000000
34000  24.166  -32.884  51.263 0.0000000000
129874  23.688  -32.805  50.569 0.0000000000
34005  23.007  -32.733  50.295 0.0000000000
34006  22.232  -32.871  49.973 0.0000000000
32304  18.625  -35.367  51.321 0.0000000000
112887  19.840  -34.116  50.195 0.0000000000
33186  19.800  -34.032  48.643 0.0000000000
33187  19.266  -33.800  48.058 0.0000000000
33194  18.766  -33.798  47.263 0.0000000000
113151  17.986  -34.024  46.816 0.0000000000
66887  65.503  -0.300  21.535 0.0000000000
65048  65.032  -1.554  23.224 0.0000000000
65031  65.297  -1.686  24.016 0.0000000000
64091  63.413  -3.555  23.571 0.0000000000
61359  64.489  -6.434  25.159 0.0000000000
120176  64.010  -6.361  24.511 0.0000000000
60449  62.225  -7.673  24.304 0.0000000000
59457  60.507  -8.643  26.602 0.0000000000
58437  58.276  -9.127  24.754 0.0000000000
134627  57.765  -9.377  25.042 0.0000000000
58422  57.415  -9.561  25.599 0.0000000000
58333  61.499  -9.226  30.989 0.0000000000
57263  59.344  -9.862  30.219 0.0000000000
57255  57.104  -10.535  29.630 0.0000000000
57265  57.822  -10.213  29.235 0.0000000000
57266  57.035  -10.536  28.876 0.0000000000
57290  56.818  -10.452  28.155 0.0000000000
57342  55.612  -10.398  26.469 0.0000000000
57361  54.657  -10.374  25.526 0.0000000000
57344  54.156  -10.722  26.095 0.0000000000
56327  53.343  -11.060  25.911 0.0000000000
56314  52.753  -11.939  27.344 0.0000000000
55366  52.194  -12.354  27.269 0.0000000000
55379  50.068  -11.858  25.000 0.0000000000
55374  50.565  -12.216  25.803 0.0000000000
55375  49.700  -12.452  25.525 0.0000000000
56203  55.089  -11.480  36.504 0.0000000000
55256  55.012  -12.024  35.711 0.0000000000
50291  52.966  -17.900  38.344 0.0000000000
51262  53.611  -16.847  39.112 0.0000000000
50308  53.174  -17.161  38.432 0.0000000000
51283  52.536  -16.841  37.118 0.0000000000
51318  51.209  -16.489  34.495 0.0000000000
52286  51.917  -14.765  34.845 0.0000000000
54317  53.152  -13.410  34.874 0.0000000000
53300  52.729  -13.844  34.332 0.0000000000
53310  52.668  -13.942  33.406 0.0000000000
117416  53.353  -13.711  32.871 0.0000000000
53324  53.267  -13.974  32.245 0.0000000000
52337  51.399  -14.901  30.275 0.0000000000
51398  48.295  -16.277  28.936 0.0000000000
52352  48.970  -15.823  29.159 0.0000000000
52362  48.593  -15.722  28.666 0.0000000000
122722  48.589  -15.331  28.161 0.0000000000
53391  48.687  -14.800  27.546 0.0000000000
53395  48.069  -14.513  26.871 0.0000000000
53396  46.676  -14.705  26.345 0.0000000000
53402  46.423  -14.139  25.475 0.0000000000
52384  44.353  -15.182  25.657 0.0000000000
51414  43.007  -16.642  27.211 0.0000000000
51424  43.529  -16.185  26.642 0.0000000000
51425  42.676  -16.373  26.421 0.0000000000
46413  42.736  -21.258  31.016 0.0000000000
47321  42.636  -20.575  30.471 0.0000000000
47332  42.248  -20.807  29.848 0.0000000000
47333  41.852  -20.925  29.197 0.0000000000
47344  41.510  -20.927  28.537 0.0000000000
46453  39.736  -22.388  26.262 0.0000000000
47368  39.897  -21.502  26.181 0.0000000000
122256  42.078  -26.343  38.661 0.0000000000
41240  39.904  -25.959  36.737 0.0000000000
40266  38.078  -27.436  35.237 0.0000000000
41263  37.989  -26.607  34.742 0.0000000000
42258  37.960  -26.032  34.241 0.0000000000
42269  38.324  -25.306  33.896 0.0000000000
43316  37.925  -24.972  33.378 0.0000000000
36969  33.585  -31.065  32.921 0.0000000000
36968  34.203  -30.952  32.972 0.0000000000
123252  34.165  -29.728  31.727 0.0000000000
41326  31.713  -26.568  29.846 0.0000000000
41325  32.299  -26.834  30.203 0.0000000000
115619  33.862  -25.263  30.455 0.0000000000
65106  61.690  -2.977  16.800 0.0000000000
65105  62.311  -2.469  16.315 0.0000000000
125583  30.786  -28.975  48.528 0.0000000000
37785  29.854  -29.318  48.636 0.0000000000
36776  29.539  -29.469  49.330 0.0000000000
36768  28.937  -29.837  49.759 0.0000000000
36769  28.465  -30.181  49.404 0.0000000000
35809  28.013  -30.457  49.852 0.0000000000
35825  27.375  -30.766  49.834 0.0000000000
37748  33.220  -28.462  49.899 0.0000000000
37749  32.301  -28.378  50.258 0.0000000000
115124  48.199  -24.763  44.312 0.0000000000
43195  48.729  -24.829  43.290 0.0000000000
133797  49.254  -24.521  42.604 0.0000000000
43227  49.472  -24.457  41.692 0.0000000000
43226  49.933  -23.926  42.170 0.0000000000
43241  50.061  -24.026  41.418 0.0000000000
44259  50.481  -23.610  40.850 0.0000000000
45283  51.088  -22.943  40.516 0.0000000000
45303  50.623  -22.486  39.863 0.0000000000
44275  49.795  -22.796  39.560 0.0000000000
44285  48.975  -23.047  39.281 0.0000000000
45323  48.574  -22.717  38.670 0.0000000000
44287  47.447  -23.935  38.679 0.0000000000
45324  47.712  -23.264  38.360 0.0000000000
45349  46.418  -23.007  36.888 0.0000000000
45359  45.409  -23.253  35.607 0.0000000000
43283  44.698  -24.629  35.992 0.0000000000
43290  44.336  -24.623  35.144 0.0000000000
112457  43.933  -24.724  34.770 0.0000000000
123661  43.673  -24.682  34.748 0.0000000000
43292  43.024  -24.626  34.439 0.0000000000
43293  42.037  -24.607  34.524 0.0000000000
41277  32.111  -26.623  33.501 0.0000000000
64114  61.686  -3.410  21.349 0.0000000000
64122  61.498  -3.644  20.622 0.0000000000
62295  62.108  -5.187  20.279 0.0000000000
40220  29.094  -26.905  38.734 0.0000000000
40235  27.984  -27.014  37.608 0.0000000000
40221  28.294  -27.191  38.437 0.0000000000
39110  28.111  -27.877  39.986 0.0000000000
39113  25.569  -28.555  39.267 0.0000000000
37914  25.143  -29.039  39.784 0.0000000000
35878  24.991  -30.962  43.912 0.0000000000
35889  23.153  -31.362  42.748 0.0000000000
35874  22.872  -31.509  44.118 0.0000000000
133258  22.132  -31.176  41.953 0.0000000000
40099  41.885  -26.939  45.859 0.0000000000
41127  42.519  -26.544  45.752 0.0000000000
40120  42.204  -27.663  44.412 0.0000000000
40135  42.642  -28.272  43.479 0.0000000000
39055  42.917  -29.412  42.930 0.0000000000
37881  43.165  -29.996  42.350 0.0000000000
37872  42.246  -30.204  43.255 0.0000000000
112398  41.655  -30.531  43.121 0.0000000000
36824  41.249  -30.435  44.334 0.0000000000
36831  41.239  -30.598  43.685 0.0000000000
36841  40.876  -30.772  42.704 0.0000000000
36842  40.539  -30.571  42.538 0.0000000000
37882  40.101  -30.037  42.469 0.0000000000
37883  39.520  -29.287  42.395 0.0000000000
39039  34.740  -27.726  44.920 0.0000000000
39060  34.485  -27.629  44.017 0.0000000000
40140  34.305  -27.550  43.188 0.0000000000
39076  33.433  -27.633  42.909 0.0000000000
40161  34.150  -27.334  42.438 0.0000000000
124284  33.918  -27.023  41.743 0.0000000000
130848  34.275  -26.523  40.525 0.0000000000
41195  33.738  -26.532  40.099 0.0000000000
130494  32.522  -26.540  39.794 0.0000000000
41208  31.906  -26.553  39.543 0.0000000000
40195  31.598  -27.396  40.835 0.0000000000
40209  31.314  -27.040  39.977 0.0000000000
135512  30.466  -26.610  39.129 0.0000000000
40219  29.912  -26.722  39.000 0.0000000000
59535  56.660  -8.756  20.062 0.0000000000
127489  18.154  -35.506  51.724 0.0000000000
121788  17.921  -35.458  51.099 0.0000000000
32338  17.432  -34.640  48.673 0.0000000000
32327  17.298  -34.759  49.312 0.0000000000
32339  16.750  -34.628  48.746 0.0000000000
32329  15.440  -34.639  49.493 0.0000000000
113269  61.877  -8.250  27.134 0.0000000000
59441  62.438  -8.124  27.947 0.0000000000
59443  60.930  -8.614  27.289 0.0000000000
132422  59.619  -9.171  27.401 0.0000000000
57242  59.567  -10.195  31.695 0.0000000000
56274  57.108  -10.944  31.468 0.0000000000
117172  57.106  -10.645  30.523 0.0000000000
132017  56.432  -10.729  29.261 0.0000000000
56303  55.234  -11.150  28.444 0.0000000000
55345  52.008  -13.117  28.307 0.0000000000
54290  54.127  -13.299  38.642 0.0000000000
49313  50.830  -18.634  35.325 0.0000000000
49322  50.995  -17.999  35.004 0.0000000000
50355  50.601  -17.736  34.216 0.0000000000
49335  49.538  -18.697  33.428 0.0000000000
50368  50.848  -17.045  34.132 0.0000000000
50369  50.547  -17.155  33.492 0.0000000000
51335  50.470  -16.510  32.810 0.0000000000
51352  50.508  -15.977  32.057 0.0000000000
52325  50.638  -15.658  31.257 0.0000000000
51364  50.164  -16.370  31.527 0.0000000000
51377  49.486  -16.458  30.351 0.0000000000
51378  48.833  -16.845  30.067 0.0000000000
50423  48.384  -17.439  30.303 0.0000000000
133398  48.453  -17.087  29.895 0.0000000000
51387  48.532  -16.644  29.543 0.0000000000
51399  47.609  -16.431  28.764 0.0000000000
51400  46.933  -16.583  28.578 0.0000000000
51410  46.563  -16.156  27.976 0.0000000000
51411  45.755  -16.269  27.720 0.0000000000
51412  44.849  -16.414  27.543 0.0000000000
50455  45.011  -17.465  28.621 0.0000000000
116543  44.369  -17.068  28.192 0.0000000000
50469  42.484  -17.286  27.621 0.0000000000
50470  41.634  -17.593  27.280 0.0000000000
44396  41.884  -23.586  29.111 0.0000000000
45419  41.475  -23.268  28.537 0.0000000000
130303  40.758  -23.353  27.729 0.0000000000
44442  39.805  -23.338  27.036 0.0000000000
45455  40.152  -22.991  26.754 0.0000000000
123495  39.421  -29.068  37.460 0.0000000000
40232  39.547  -27.845  37.548 0.0000000000
40248  38.678  -28.461  36.297 0.0000000000
39154  38.215  -28.537  35.603 0.0000000000
124634  38.041  -29.588  35.626 0.0000000000
39166  37.758  -28.173  35.002 0.0000000000
40278  37.100  -27.613  33.976 0.0000000000
39222  31.825  -29.195  30.565 0.0000000000
38034  32.337  -29.630  30.911 0.0000000000
124862  31.065  -27.251  29.939 0.0000000000
131177  31.418  -26.932  29.925 0.0000000000
66923  66.944  -0.271  16.255 0.0000000000
122662  66.461  -0.662  15.741 0.0000000000
66036  65.149  -1.720  14.706 0.0000000000
65119  64.749  -2.461  14.298 0.0000000000
62308  61.499  -5.998  15.258 0.0000000000
134101  29.428  -28.621  43.739 0.0000000000
37863  28.415  -29.252  44.300 0.0000000000
114223  28.886  -29.045  45.080 0.0000000000
37864  27.782  -29.697  44.285 0.0000000000
36801  29.019  -29.616  47.374 0.0000000000
36802  28.292  -29.980  46.974 0.0000000000
35870  26.046  -30.915  44.960 0.0000000000
35871  25.289  -31.173  44.740 0.0000000000
35865  24.741  -31.339  45.431 0.0000000000
35860  24.246  -31.358  46.174 0.0000000000
34920  22.565  -31.982  46.384 0.0000000000
40081  39.209  -27.466  48.102 0.0000000000
38986  38.938  -28.570  47.729 0.0000000000
38999  39.538  -29.129  47.209 0.0000000000
37796  39.325  -29.568  46.976 0.0000000000
37797  38.571  -29.457  47.385 0.0000000000
37817  38.148  -29.560  47.062 0.0000000000
37778  37.355  -29.324  48.366 0.0000000000
39010  35.733  -28.560  46.453 0.0000000000
37746  35.068  -28.632  49.718 0.0000000000
37781  34.904  -28.906  48.334 0.0000000000
37800  35.263  -29.026  47.906 0.0000000000
39011  34.768  -28.410  46.532 0.0000000000
39026  34.042  -28.026  45.706 0.0000000000
39027  33.069  -27.982  45.226 0.0000000000
37844  32.297  -28.380  45.691 0.0000000000
39041  32.259  -28.032  44.821 0.0000000000
39042  31.527  -28.197  44.423 0.0000000000
39043  30.912  -28.387  44.102 0.0000000000
58463  54.318  -9.414  22.563 0.0000000000
122987  54.040  -9.447  21.833 0.0000000000
57400  53.086  -10.254  20.109 0.0000000000
59383  62.226  -8.569  32.022 0.0000000000
58306  61.555  -8.973  32.278 0.0000000000
58307  60.694  -9.485  32.563 0.0000000000
126401  59.874  -10.231  33.005 0.0000000000
113430  59.234  -10.441  33.310 0.0000000000
56245  58.322  -10.785  33.710 0.0000000000
57213  58.957  -10.588  35.235 0.0000000000
56237  56.688  -11.868  33.687 0.0000000000
127749  56.259  -12.473  34.015 0.0000000000
49269  53.378  -18.213  38.968 0.0000000000
48202  52.755  -18.814  38.537 0.0000000000
133523  52.097  -18.973  37.412 0.0000000000
49286  51.766  -18.887  36.995 0.0000000000
46281  51.035  -21.844  39.532 0.0000000000
126795  50.620  -21.456  38.798 0.0000000000
46324  50.998  -20.769  38.275 0.0000000000
46326  49.558  -21.342  37.800 0.0000000000
46325  50.227  -21.076  38.084 0.0000000000
47208  50.624  -20.571  37.600 0.0000000000
47227  51.328  -20.084  37.554 0.0000000000
48222  51.313  -19.526  36.840 0.0000000000
48223  50.774  -19.532  36.306 0.0000000000
48234  50.574  -19.295  35.643 0.0000000000
48254  48.984  -19.712  34.256 0.0000000000
47273  48.523  -20.175  34.746 0.0000000000
47283  48.184  -19.878  33.989 0.0000000000
48270  48.699  -19.458  33.450 0.0000000000
48271  47.881  -19.722  33.147 0.0000000000
48286  46.753  -19.660  32.104 0.0000000000
48304  46.371  -19.384  31.404 0.0000000000
48305  45.712  -19.548  31.220 0.0000000000
47296  44.348  -20.841  32.526 0.0000000000
47308  43.386  -20.812  31.534 0.0000000000
46402  42.694  -22.543  30.784 0.0000000000
45365  44.767  -23.281  34.448 0.0000000000
45370  44.417  -23.456  33.695 0.0000000000
43310  43.850  -24.309  32.868 0.0000000000
44332  43.698  -24.061  32.260 0.0000000000
45382  43.403  -23.613  31.788 0.0000000000
45383  43.088  -23.629  30.971 0.0000000000
45391  42.588  -23.412  30.205 0.0000000000
45403  42.278  -23.311  29.526 0.0000000000
44373  41.885  -24.068  29.315 0.0000000000
43395  41.548  -24.173  29.407 0.0000000000
43397  40.762  -23.951  29.144 0.0000000000
43357  41.193  -24.378  30.300 0.0000000000
43377  40.699  -24.139  29.730 0.0000000000
44374  40.252  -23.861  29.152 0.0000000000
44375  39.480  -23.461  29.429 0.0000000000
37944  36.010  -29.854  36.016 0.0000000000
37958  35.844  -30.245  35.425 0.0000000000
134054  35.518  -29.870  35.052 0.0000000000
37971  34.917  -30.313  34.283 0.0000000000
36956  34.320  -30.778  33.469 0.0000000000
120589  33.840  -31.050  33.142 0.0000000000
36957  33.323  -30.907  32.803 0.0000000000
36990  33.052  -30.676  32.328 0.0000000000
133017  32.317  -27.452  33.087 0.0000000000
40291  32.035  -28.368  32.594 0.0000000000
38000  30.460  -29.777  32.100 0.0000000000
37998  32.091  -30.320  32.220 0.0000000000
66905  64.196  -0.677  19.117 0.0000000000
65076  62.240  -2.298  17.937 0.0000000000
63182  61.229  -3.967  19.029 0.0000000000
40236  27.420  -27.289  37.148 0.0000000000
40237  26.633  -27.568  36.733 0.0000000000
37892  28.045  -28.676  42.164 0.0000000000
37887  26.780  -29.394  42.387 0.0000000000
37902  26.255  -29.112  40.803 0.0000000000
37915  24.415  -29.311  39.426 0.0000000000
115680  24.743  -30.224  41.871 0.0000000000
36869  24.176  -29.999  40.697 0.0000000000
36881  23.781  -29.761  39.945 0.0000000000
37916  23.751  -29.695  38.947 0.0000000000
43173  47.062  -24.651  45.143 0.0000000000
43172  47.733  -24.673  44.715 0.0000000000
42134  47.948  -25.238  44.079 0.0000000000
41147  47.347  -25.934  42.791 0.0000000000
41174  47.183  -26.059  41.941 0.0000000000
41162  46.272  -26.660  42.539 0.0000000000
41161  46.736  -26.447  42.249 0.0000000000
41191  45.747  -26.754  40.405 0.0000000000
119506  45.214  -26.432  39.727 0.0000000000
41212  44.562  -25.980  39.022 0.0000000000
41201  44.621  -26.660  39.815 0.0000000000
117687  44.012  -26.655  39.620 0.0000000000
40188  44.042  -28.005  40.599 0.0000000000
40204  41.714  -27.727  39.601 0.0000000000
133896  40.838  -27.934  39.320 0.0000000000
40205  40.415  -28.715  39.044 0.0000000000
37890  42.728  -30.212  41.507 0.0000000000
129423  41.236  -30.874  41.012 0.0000000000
37909  41.199  -30.395  40.548 0.0000000000
39122  39.636  -29.888  37.928 0.0000000000
37932  39.166  -30.588  37.828 0.0000000000
36897  38.778  -30.757  37.706 0.0000000000
36898  38.366  -30.878  37.723 0.0000000000
36900  37.684  -30.852  37.173 0.0000000000
37815  39.720  -30.006  46.420 0.0000000000
121176  39.560  -29.615  44.995 0.0000000000
40122  36.286  -27.701  44.272 0.0000000000
40158  37.182  -27.263  42.754 0.0000000000
40157  38.080  -27.717  42.551 0.0000000000
39097  38.673  -28.711  40.693 0.0000000000
40206  37.691  -27.653  39.095 0.0000000000
39123  37.766  -29.007  38.525 0.0000000000
39139  37.187  -29.383  37.208 0.0000000000
39146  36.641  -29.418  36.599 0.0000000000
39147  36.065  -29.020  36.133 0.0000000000
41253  35.269  -27.223  35.647 0.0000000000
41242  35.493  -26.907  36.311 0.0000000000
133485  34.866  -27.454  35.099 0.0000000000
41254  34.697  -26.652  35.333 0.0000000000
41255  34.103  -26.112  34.880 0.0000000000
42259  33.125  -25.687  34.581 0.0000000000
42207  33.337  -25.770  37.975 0.0000000000
42217  33.413  -25.563  37.081 0.0000000000
42218  32.492  -25.707  37.466 0.0000000000
42249  32.919  -25.264  35.476 0.0000000000
42260  32.208  -25.303  34.822 0.0000000000
41267  32.251  -25.773  34.117 0.0000000000
41268  31.517  -26.071  34.069 0.0000000000
41269  30.811  -26.292  34.306 0.0000000000
42238  29.798  -25.692  35.426 0.0000000000
40271  30.092  -26.523  34.544 0.0000000000
60486  61.462  -7.476  21.712 0.0000000000
59554  58.566  -8.607  18.584 0.0000000000
59553  59.379  -8.447  18.485 0.0000000000
59565  59.777  -8.712  17.876 0.0000000000
57409  54.946  -10.001  19.151 0.0000000000
38930  28.762  -28.371  52.149 0.0000000000
36733  28.498  -29.644  51.814 0.0000000000
36734  27.851  -30.133  51.903 0.0000000000
36747  28.202  -30.069  51.524 0.0000000000
35810  27.339  -30.955  50.776 0.0000000000
35811  26.837  -31.328  50.324 0.0000000000
34858  26.289  -31.510  52.516 0.0000000000
34873  26.239  -31.775  51.502 0.0000000000
34888  26.350  -31.768  50.627 0.0000000000
128445  26.399  -31.692  49.927 0.0000000000
34902  25.135  -32.077  49.351 0.0000000000
34908  24.395  -32.090  48.577 0.0000000000
128593  23.752  -32.411  49.168 0.0000000000
34914  23.723  -31.994  47.769 0.0000000000
122729  22.906  -32.158  47.804 0.0000000000
132956  22.540  -32.191  47.180 0.0000000000
132890  21.828  -32.398  46.946 0.0000000000
33173  22.312  -33.965  52.254 0.0000000000
33998  22.015  -33.651  51.315 0.0000000000
34002  21.669  -33.373  50.472 0.0000000000
34008  20.876  -33.557  49.267 0.0000000000
34011  21.309  -33.156  48.822 0.0000000000
34921  21.048  -32.490  46.426 0.0000000000
34922  20.402  -32.498  46.044 0.0000000000
34929  20.156  -32.593  45.350 0.0000000000
131517  19.561  -32.774  45.363 0.0000000000
34032  19.024  -32.957  45.803 0.0000000000
33195  17.484  -34.308  47.384 0.0000000000
66904  64.852  -0.284  18.807 0.0000000000
66894  65.465  0.145  19.427 0.0000000000
117776  62.352  -2.283  21.100 0.0000000000
65958  64.552  -1.458  22.431 0.0000000000
63151  61.929  -4.054  21.846 0.0000000000
60473  61.796  -7.321  22.250 0.0000000000
60474  61.211  -7.935  22.388 0.0000000000
59513  59.386  -8.450  22.615 0.0000000000
114108  60.238  -8.437  24.915 0.0000000000
59514  58.543  -8.503  22.505 0.0000000000
58460  57.102  -8.879  22.891 0.0000000000
58454  55.659  -9.221  23.082 0.0000000000
134116  62.448  -8.484  30.156 0.0000000000
58374  61.302  -8.991  29.478 0.0000000000
57252  59.514  -10.087  30.979 0.0000000000
58377  58.962  -9.529  28.406 0.0000000000
58392  58.856  -9.482  27.456 0.0000000000
58423  56.613  -9.643  25.430 0.0000000000
58455  54.779  -9.501  23.426 0.0000000000
58456  53.811  -9.709  23.226 0.0000000000
57381  53.307  -10.181  23.806 0.0000000000
56313  54.382  -11.164  27.287 0.0000000000
56322  53.832  -11.172  26.654 0.0000000000
118037  52.540  -11.506  26.060 0.0000000000
56328  52.654  -11.067  25.303 0.0000000000
56331  52.069  -11.075  24.741 0.0000000000
56214  57.548  -11.421  35.685 0.0000000000
55265  56.874  -12.015  35.053 0.0000000000
135986  56.403  -12.418  34.578 0.0000000000
55286  55.720  -12.864  33.660 0.0000000000
128375  54.305  -13.985  39.251 0.0000000000
54299  53.672  -13.199  37.689 0.0000000000
50325  51.730  -17.609  36.194 0.0000000000
51294  52.088  -17.005  36.401 0.0000000000
51306  51.798  -16.424  35.843 0.0000000000
123423  52.805  -15.180  37.544 0.0000000000
54300  53.285  -13.855  37.466 0.0000000000
55244  53.886  -12.428  36.795 0.0000000000
55257  54.315  -12.346  35.831 0.0000000000
55268  54.847  -12.470  35.228 0.0000000000
121204  53.935  -13.006  34.503 0.0000000000
134235  55.174  -12.739  34.796 0.0000000000
54331  55.401  -13.152  33.995 0.0000000000
134700  54.813  -13.245  32.807 0.0000000000
54370  53.442  -13.329  30.855 0.0000000000
54356  53.157  -13.911  31.301 0.0000000000
54383  53.036  -13.409  30.086 0.0000000000
54384  52.529  -13.736  29.796 0.0000000000
54396  52.283  -13.451  29.062 0.0000000000
54407  51.276  -13.390  28.004 0.0000000000
52338  50.742  -15.420  30.472 0.0000000000
53367  50.979  -14.838  29.757 0.0000000000
52361  49.587  -15.258  28.924 0.0000000000
52350  50.331  -15.123  29.415 0.0000000000
53379  51.009  -14.455  29.209 0.0000000000
54398  50.722  -14.011  28.411 0.0000000000
54415  50.268  -13.205  27.018 0.0000000000
54416  49.517  -13.428  26.666 0.0000000000
54417  48.237  -13.814  26.291 0.0000000000
51437  43.122  -15.809  25.970 0.0000000000
52385  43.547  -15.320  25.453 0.0000000000
132265  45.048  -19.318  30.504 0.0000000000
49389  44.676  -19.031  30.063 0.0000000000
135044  43.454  -18.814  29.504 0.0000000000
48334  42.963  -19.377  29.809 0.0000000000
49418  42.394  -18.488  28.665 0.0000000000
49432  41.908  -17.962  28.072 0.0000000000
49444  40.971  -18.132  26.785 0.0000000000
47356  41.102  -20.827  27.921 0.0000000000
47357  40.685  -20.709  27.404 0.0000000000
48359  40.819  -19.708  27.729 0.0000000000
42204  44.096  -25.691  38.289 0.0000000000
42213  43.140  -25.339  37.189 0.0000000000
41222  42.484  -25.689  38.084 0.0000000000
131822  41.541  -24.711  35.311 0.0000000000
43294  41.050  -24.585  34.751 0.0000000000
41225  39.349  -27.024  36.928 0.0000000000
41251  38.929  -26.485  35.809 0.0000000000
42232  39.550  -25.725  35.867 0.0000000000
125269  40.356  -25.352  35.929 0.0000000000
114651  40.106  -24.416  32.777 0.0000000000
43329  38.353  -24.332  32.797 0.0000000000
43343  38.440  -23.829  32.074 0.0000000000
44339  38.840  -23.503  31.132 0.0000000000
44356  38.200  -23.260  30.707 0.0000000000
45392  37.513  -22.991  30.393 0.0000000000
130235  37.262  -22.752  29.969 0.0000000000
36954  35.813  -30.481  33.965 0.0000000000
37996  35.025  -30.224  32.776 0.0000000000
37984  36.242  -29.652  33.605 0.0000000000
39188  36.105  -28.603  33.155 0.0000000000
40289  35.850  -27.786  32.835 0.0000000000
41283  35.686  -26.978  32.469 0.0000000000
121721  33.211  -28.481  30.965 0.0000000000
40300  33.755  -28.334  31.272 0.0000000000
41306  33.065  -27.078  30.485 0.0000000000
40315  33.625  -27.609  30.899 0.0000000000
40299  34.155  -27.811  31.334 0.0000000000
41284  35.223  -27.065  31.941 0.0000000000
42284  35.685  -25.306  32.018 0.0000000000
118334  35.636  -24.609  31.534 0.0000000000
43361  34.630  -24.718  30.693 0.0000000000
43360  35.333  -24.274  30.942 0.0000000000
43359  36.074  -23.912  31.234 0.0000000000
44377  36.665  -22.885  30.244 0.0000000000
45406  36.928  -22.486  29.455 0.0000000000
66029  62.881  -1.911  15.798 0.0000000000
66028  63.682  -1.549  15.432 0.0000000000
64162  64.288  -3.147  13.912 0.0000000000
116188  61.608  -5.116  15.069 0.0000000000
60501  62.033  -7.477  19.832 0.0000000000
34016  21.568  -32.591  47.673 0.0000000000
36826  40.771  -30.620  43.993 0.0000000000
36832  40.959  -30.679  43.538 0.0000000000
36835  26.332  -30.207  43.515 0.0000000000
36840  41.192  -30.686  42.935 0.0000000000
36899  37.898  -30.921  37.658 0.0000000000
37726  27.976  -29.490  52.384 0.0000000000
37897  43.298  -29.511  41.228 0.0000000000
40173  45.827  -27.414  41.447 0.0000000000
42133  48.337  -25.093  43.736 0.0000000000
42157  48.835  -24.924  41.890 0.0000000000
42182  47.070  -25.827  40.449 0.0000000000
43194  49.247  -24.204  43.455 0.0000000000
43268  46.709  -24.507  38.252 0.0000000000
43396  41.014  -23.897  28.979 0.0000000000
44239  50.649  -23.597  41.714 0.0000000000
45262  52.241  -21.988  41.351 0.0000000000
45436  41.175  -23.126  27.871 0.0000000000
47173  52.669  -20.064  40.295 0.0000000000
50290  53.423  -17.526  38.843 0.0000000000
51409  47.304  -15.948  28.227 0.0000000000
53341  53.420  -13.957  31.911 0.0000000000
54309  52.923  -13.567  35.676 0.0000000000
55229  54.385  -12.470  38.957 0.0000000000
56329  51.284  -11.747  25.676 0.0000000000
113529  42.332  -24.675  32.156 0.0000000000
113582  38.013  -31.076  37.231 0.0000000000
114001  17.289  -35.427  51.053 0.0000000000
116299  50.219  -23.055  40.138 0.0000000000
118894  35.404  -26.554  37.092 0.0000000000
119577  18.979  -32.835  45.011 0.0000000000
122311  44.299  -24.231  34.054 0.0000000000
129151  37.345  -26.972  41.396 0.0000000000
129758  41.142  -22.474  27.743 0.0000000000
133199  47.694  -18.788  31.486 0.0000000000
133693  49.160  -19.152  33.403 0.0000000000
134071  54.285  -12.494  35.395 0.0000000000
134984  49.759  -23.177  39.879 0.0000000000
