#!ascii label  , from subject sub-003S6257 vox2ras=TkReg
1194
51117  21.216  -16.689  57.511 0.0000000000
45241  12.540  -23.089  43.749 0.0000000000
45117  15.071  -23.481  58.449 0.0000000000
49052  12.926  -17.280  57.095 0.0000000000
54175  10.032  -14.242  50.755 0.0000000000
134941  19.186  -20.056  61.210 0.0000000000
131312  16.650  -16.467  63.213 0.0000000000
48041  20.317  -19.527  54.150 0.0000000000
43044  19.530  -22.892  58.069 0.0000000000
39990  14.716  -25.517  57.915 0.0000000000
125861  11.496  -13.136  60.073 0.0000000000
50105  9.402  -16.528  54.584 0.0000000000
56002  13.295  -11.527  55.375 0.0000000000
45139  11.366  -23.549  55.569 0.0000000000
46146  13.833  -21.888  53.643 0.0000000000
48030  16.349  -19.022  58.603 0.0000000000
52087  12.316  -15.182  62.269 0.0000000000
49138  13.845  -18.493  50.398 0.0000000000
49164  9.832  -17.659  48.129 0.0000000000
52211  7.597  -16.213  45.759 0.0000000000
55168  12.393  -12.851  46.348 0.0000000000
115866  20.475  -18.380  59.670 0.0000000000
124041  19.876  -16.292  60.861 0.0000000000
49065  20.978  -18.240  55.630 0.0000000000
46126  20.368  -21.539  56.569 0.0000000000
47064  20.737  -19.890  58.515 0.0000000000
127847  19.579  -21.650  59.780 0.0000000000
55993  12.475  -11.794  57.869 0.0000000000
45128  13.066  -23.508  56.592 0.0000000000
46123  14.300  -22.741  56.660 0.0000000000
46118  16.128  -21.842  58.586 0.0000000000
54092  16.395  -13.860  62.171 0.0000000000
135342  14.700  -15.889  62.256 0.0000000000
43036  14.591  -24.393  59.194 0.0000000000
39994  12.261  -26.064  57.344 0.0000000000
43042  12.923  -24.332  57.348 0.0000000000
113337  10.176  -24.456  56.418 0.0000000000
48038  15.261  -18.774  55.251 0.0000000000
47085  14.961  -20.197  52.094 0.0000000000
49093  13.855  -17.831  53.619 0.0000000000
53148  8.746  -15.128  53.247 0.0000000000
49127  9.522  -17.021  51.890 0.0000000000
51170  8.448  -15.720  51.024 0.0000000000
119360  8.500  -17.244  47.378 0.0000000000
53192  8.276  -14.640  49.026 0.0000000000
45111  16.357  -22.197  60.890 0.0000000000
47058  17.248  -20.359  60.372 0.0000000000
49019  17.669  -18.411  61.576 0.0000000000
53089  17.901  -14.982  61.940 0.0000000000
47084  20.075  -20.450  51.899 0.0000000000
126247  19.699  -23.188  51.745 0.0000000000
121473  19.504  -22.450  54.227 0.0000000000
42016  19.272  -23.726  55.884 0.0000000000
39987  16.716  -25.565  58.421 0.0000000000
41985  17.130  -24.103  60.736 0.0000000000
51113  10.730  -15.942  59.781 0.0000000000
50096  11.074  -16.959  56.007 0.0000000000
122549  10.634  -15.028  57.560 0.0000000000
53125  11.123  -14.347  55.141 0.0000000000
54150  12.430  -13.777  53.253 0.0000000000
51139  21.186  -16.100  54.649 0.0000000000
45168  23.111  -20.907  48.786 0.0000000000
48089  23.991  -19.451  49.271 0.0000000000
49121  20.534  -18.017  51.415 0.0000000000
50135  21.271  -17.136  52.960 0.0000000000
44115  9.645  -24.327  53.804 0.0000000000
45155  11.118  -23.623  53.008 0.0000000000
46138  12.442  -23.180  54.904 0.0000000000
46134  15.424  -21.610  55.821 0.0000000000
49050  14.538  -17.994  57.672 0.0000000000
48025  16.368  -18.627  60.079 0.0000000000
49033  14.247  -17.283  59.990 0.0000000000
50077  11.576  -16.450  59.907 0.0000000000
54107  10.829  -13.837  61.774 0.0000000000
45159  12.828  -23.009  51.639 0.0000000000
45181  13.755  -21.961  49.193 0.0000000000
47124  13.398  -20.336  47.364 0.0000000000
112788  11.133  -17.581  52.295 0.0000000000
48095  12.205  -18.081  49.171 0.0000000000
129956  11.453  -20.385  45.390 0.0000000000
47134  9.594  -19.645  45.639 0.0000000000
48145  7.969  -18.830  44.810 0.0000000000
128898  13.545  -10.376  52.666 0.0000000000
125286  13.852  -12.760  51.166 0.0000000000
56067  14.699  -11.836  48.516 0.0000000000
135657  11.017  -13.679  48.517 0.0000000000
55173  8.892  -13.030  46.016 0.0000000000
50078  20.717  -17.372  59.245 0.0000000000
52092  20.358  -16.226  59.646 0.0000000000
52101  20.843  -16.477  58.107 0.0000000000
50094  21.116  -17.822  56.754 0.0000000000
49048  21.004  -19.058  57.389 0.0000000000
49040  21.086  -18.314  58.144 0.0000000000
129443  21.010  -19.432  59.043 0.0000000000
44235  11.836  -23.590  42.632 0.0000000000
45242  11.676  -22.363  43.470 0.0000000000
45123  13.920  -23.564  57.411 0.0000000000
45126  14.355  -23.187  57.273 0.0000000000
45121  15.606  -23.085  58.335 0.0000000000
43073  20.351  -22.933  49.760 0.0000000000
44087  15.058  -23.695  59.092 0.0000000000
43038  13.383  -24.343  57.569 0.0000000000
44090  14.233  -23.822  57.868 0.0000000000
44094  12.876  -23.838  56.937 0.0000000000
123969  14.108  -17.871  56.119 0.0000000000
115120  14.419  -18.170  54.255 0.0000000000
135802  12.967  -17.885  55.413 0.0000000000
54162  9.315  -14.372  52.021 0.0000000000
52161  8.004  -15.145  52.209 0.0000000000
53178  8.586  -14.983  51.002 0.0000000000
52174  7.979  -15.386  49.787 0.0000000000
54189  9.447  -14.095  50.140 0.0000000000
46099  17.813  -21.237  61.337 0.0000000000
47056  17.445  -20.838  61.066 0.0000000000
48015  18.696  -19.031  61.380 0.0000000000
129234  18.956  -15.383  61.278 0.0000000000
54105  17.777  -14.179  60.865 0.0000000000
120552  20.009  -19.822  52.768 0.0000000000
46149  19.822  -21.311  53.226 0.0000000000
46144  19.989  -20.911  54.078 0.0000000000
45129  20.346  -22.217  57.084 0.0000000000
134114  19.897  -22.327  56.342 0.0000000000
42012  19.908  -23.701  56.929 0.0000000000
42001  18.651  -24.227  58.850 0.0000000000
46102  19.591  -21.063  60.724 0.0000000000
44074  18.494  -22.800  60.486 0.0000000000
45102  18.157  -21.857  60.936 0.0000000000
44076  16.331  -22.816  61.233 0.0000000000
54110  11.146  -14.033  60.280 0.0000000000
121807  10.842  -15.206  58.627 0.0000000000
53106  11.537  -14.198  58.774 0.0000000000
56003  13.030  -11.742  56.294 0.0000000000
54125  12.544  -13.316  56.512 0.0000000000
54133  12.643  -13.356  55.516 0.0000000000
54142  11.158  -13.919  54.288 0.0000000000
55073  13.456  -12.321  54.168 0.0000000000
48078  20.667  -19.235  49.687 0.0000000000
45144  10.155  -23.759  54.751 0.0000000000
45147  11.112  -23.688  54.330 0.0000000000
45142  12.042  -23.217  55.158 0.0000000000
46121  16.205  -21.547  57.728 0.0000000000
46128  14.941  -22.231  56.420 0.0000000000
47068  16.290  -20.384  57.265 0.0000000000
48034  15.635  -18.934  56.420 0.0000000000
49049  15.545  -18.361  58.175 0.0000000000
49023  16.797  -17.928  61.683 0.0000000000
48024  16.959  -19.296  60.243 0.0000000000
49024  16.333  -17.548  61.788 0.0000000000
52081  14.073  -15.410  62.333 0.0000000000
50067  14.362  -16.545  61.426 0.0000000000
51103  13.595  -16.288  61.436 0.0000000000
50079  13.450  -16.768  59.658 0.0000000000
133786  12.389  -15.885  60.760 0.0000000000
52095  11.072  -15.106  60.882 0.0000000000
53092  11.398  -14.664  62.056 0.0000000000
42030  18.992  -24.287  52.611 0.0000000000
42050  19.009  -24.131  50.820 0.0000000000
125367  14.273  -26.445  57.068 0.0000000000
38882  13.386  -26.489  56.434 0.0000000000
38867  13.247  -26.434  57.177 0.0000000000
41021  10.822  -25.800  57.223 0.0000000000
124957  11.027  -26.387  56.559 0.0000000000
44100  10.584  -23.888  55.873 0.0000000000
44105  9.201  -24.091  55.222 0.0000000000
46154  12.686  -23.124  52.846 0.0000000000
45160  11.992  -23.355  51.960 0.0000000000
46153  13.302  -22.399  52.553 0.0000000000
48080  14.656  -19.854  50.554 0.0000000000
46176  14.191  -21.326  50.314 0.0000000000
47104  14.427  -20.308  49.818 0.0000000000
45186  13.895  -22.034  48.298 0.0000000000
48104  13.656  -19.513  48.552 0.0000000000
50104  10.170  -16.951  54.741 0.0000000000
49082  10.471  -17.485  54.171 0.0000000000
130443  9.735  -17.324  53.618 0.0000000000
49142  9.226  -17.129  50.103 0.0000000000
112883  10.528  -17.360  51.032 0.0000000000
48097  10.546  -17.746  48.765 0.0000000000
47126  11.393  -19.349  46.595 0.0000000000
47119  10.212  -18.847  47.158 0.0000000000
46201  10.196  -20.174  45.296 0.0000000000
48114  9.539  -18.594  46.807 0.0000000000
50189  7.819  -17.073  46.720 0.0000000000
118401  7.970  -18.161  46.015 0.0000000000
50199  7.456  -17.633  45.437 0.0000000000
124771  13.605  -10.171  52.002 0.0000000000
56031  14.059  -11.593  51.885 0.0000000000
56030  14.359  -11.335  51.102 0.0000000000
55183  13.850  -12.353  46.036 0.0000000000
55151  13.768  -12.807  47.322 0.0000000000
55136  12.741  -13.229  48.335 0.0000000000
55153  11.809  -13.319  46.979 0.0000000000
55155  10.159  -13.338  47.556 0.0000000000
55170  10.698  -12.836  46.140 0.0000000000
48020  20.030  -19.425  60.660 0.0000000000
49021  19.727  -18.238  61.239 0.0000000000
51102  20.380  -16.828  60.602 0.0000000000
48040  20.675  -18.837  54.541 0.0000000000
47072  20.200  -20.603  55.335 0.0000000000
47071  20.386  -19.930  55.945 0.0000000000
47067  20.568  -20.378  57.463 0.0000000000
45118  20.112  -21.717  58.143 0.0000000000
44084  19.710  -22.341  59.119 0.0000000000
127502  20.599  -20.635  59.063 0.0000000000
47059  20.243  -20.563  59.958 0.0000000000
56983  10.892  -10.542  59.664 0.0000000000
133028  12.091  -12.512  58.870 0.0000000000
55994  11.916  -11.133  58.455 0.0000000000
56990  11.754  -10.262  57.195 0.0000000000
56994  12.056  -10.206  56.310 0.0000000000
45133  12.806  -23.435  56.368 0.0000000000
45137  13.118  -23.302  56.077 0.0000000000
45131  13.800  -23.145  56.695 0.0000000000
46119  15.698  -22.490  57.802 0.0000000000
135913  16.370  -21.286  58.497 0.0000000000
52078  17.063  -14.912  63.161 0.0000000000
51098  15.688  -16.638  62.470 0.0000000000
53084  15.402  -14.504  62.353 0.0000000000
54094  14.736  -13.719  62.560 0.0000000000
54095  13.763  -13.767  62.615 0.0000000000
55032  12.182  -12.854  62.661 0.0000000000
41009  14.583  -25.187  59.180 0.0000000000
39992  13.370  -25.860  57.660 0.0000000000
41010  13.735  -25.278  57.904 0.0000000000
42002  11.854  -25.132  57.564 0.0000000000
135641  11.543  -24.719  57.410 0.0000000000
43050  10.032  -24.704  56.607 0.0000000000
43049  11.010  -24.378  56.849 0.0000000000
44097  11.265  -24.014  56.638 0.0000000000
133108  15.674  -20.833  53.970 0.0000000000
46151  14.670  -21.019  52.735 0.0000000000
48052  15.417  -19.518  53.507 0.0000000000
49106  14.263  -18.208  52.688 0.0000000000
49107  13.669  -18.034  51.926 0.0000000000
52132  8.730  -15.598  54.203 0.0000000000
50125  8.872  -16.829  53.295 0.0000000000
51159  8.247  -15.979  52.577 0.0000000000
50149  8.676  -16.351  51.154 0.0000000000
112919  8.541  -16.853  49.697 0.0000000000
49166  9.075  -17.384  47.975 0.0000000000
50170  8.431  -16.642  48.881 0.0000000000
51199  8.031  -16.302  48.213 0.0000000000
52202  7.625  -15.243  46.883 0.0000000000
56111  12.874  -12.134  45.043 0.0000000000
56114  10.706  -12.147  44.985 0.0000000000
57097  11.434  -11.618  44.169 0.0000000000
45113  16.245  -23.121  59.968 0.0000000000
46112  16.554  -21.964  59.778 0.0000000000
46107  17.052  -21.580  60.575 0.0000000000
49022  17.340  -18.555  61.329 0.0000000000
49020  17.127  -17.556  62.084 0.0000000000
127701  18.644  -17.045  61.725 0.0000000000
51092  18.268  -16.139  62.624 0.0000000000
52077  17.553  -15.514  63.309 0.0000000000
53090  17.374  -14.704  62.070 0.0000000000
46160  20.440  -21.655  50.780 0.0000000000
44126  19.980  -22.742  50.989 0.0000000000
45158  20.078  -21.768  51.669 0.0000000000
45145  19.807  -21.872  55.103 0.0000000000
44109  19.394  -22.884  54.969 0.0000000000
41039  18.650  -24.654  54.147 0.0000000000
38864  15.704  -26.082  57.536 0.0000000000
39989  15.685  -25.707  58.033 0.0000000000
41988  18.312  -24.058  60.107 0.0000000000
41000  17.013  -24.893  59.535 0.0000000000
41002  15.590  -25.222  59.507 0.0000000000
41987  15.776  -24.087  60.037 0.0000000000
44082  15.966  -23.573  59.944 0.0000000000
50087  11.744  -16.722  58.488 0.0000000000
49060  11.841  -17.621  56.198 0.0000000000
50089  10.860  -16.480  57.516 0.0000000000
135927  10.478  -16.296  56.879 0.0000000000
52115  9.961  -15.537  56.345 0.0000000000
54117  11.709  -13.695  58.054 0.0000000000
132917  10.950  -14.475  56.441 0.0000000000
53127  9.818  -14.931  55.138 0.0000000000
53137  9.777  -14.570  54.578 0.0000000000
53146  10.107  -14.468  53.338 0.0000000000
113042  11.014  -14.161  51.949 0.0000000000
135832  21.136  -16.639  56.227 0.0000000000
119303  22.099  -20.644  48.797 0.0000000000
48075  26.454  -19.435  49.802 0.0000000000
49135  26.199  -19.073  49.296 0.0000000000
48077  24.681  -19.597  49.031 0.0000000000
47099  23.467  -19.804  49.364 0.0000000000
117259  22.357  -20.148  49.182 0.0000000000
47101  20.640  -20.440  49.503 0.0000000000
48060  20.248  -19.525  51.898 0.0000000000
48059  20.405  -19.108  52.670 0.0000000000
49104  20.694  -17.608  52.340 0.0000000000
49090  20.651  -18.098  53.294 0.0000000000
113732  21.252  -17.930  54.885 0.0000000000
51129  21.446  -17.134  55.514 0.0000000000
45150  11.989  -23.680  54.035 0.0000000000
114538  13.358  -22.495  54.096 0.0000000000
46130  13.344  -23.120  55.887 0.0000000000
46136  13.777  -22.542  55.495 0.0000000000
133588  14.803  -21.586  54.547 0.0000000000
48037  15.664  -19.592  55.700 0.0000000000
115986  14.872  -18.167  56.528 0.0000000000
49051  13.640  -17.502  57.613 0.0000000000
46114  16.723  -21.173  59.601 0.0000000000
47062  16.764  -20.394  59.463 0.0000000000
48028  16.319  -18.786  59.394 0.0000000000
50070  15.687  -17.196  61.564 0.0000000000
49032  15.075  -17.589  60.240 0.0000000000
49042  15.728  -18.083  59.017 0.0000000000
49038  14.045  -17.420  59.215 0.0000000000
49039  13.293  -16.846  58.815 0.0000000000
50086  12.415  -16.763  58.616 0.0000000000
51111  10.944  -16.183  59.919 0.0000000000
53098  11.005  -14.664  60.869 0.0000000000
120368  11.222  -13.242  61.218 0.0000000000
121741  10.882  -12.091  62.101 0.0000000000
132088  10.989  -11.468  61.772 0.0000000000
55987  11.288  -11.386  61.140 0.0000000000
38893  12.377  -26.457  55.298 0.0000000000
40008  11.911  -26.450  56.786 0.0000000000
46177  13.425  -22.032  51.051 0.0000000000
45182  13.218  -22.658  49.688 0.0000000000
45206  13.556  -22.120  45.769 0.0000000000
49069  11.716  -17.347  55.264 0.0000000000
113558  12.202  -17.569  52.978 0.0000000000
49123  13.075  -18.020  51.178 0.0000000000
49111  10.309  -17.381  52.448 0.0000000000
112424  11.427  -17.497  51.313 0.0000000000
48082  12.801  -17.983  49.841 0.0000000000
47116  13.022  -19.369  47.775 0.0000000000
46200  12.434  -20.682  45.707 0.0000000000
45215  12.134  -21.229  44.447 0.0000000000
46215  11.099  -20.862  44.728 0.0000000000
48123  9.014  -18.481  46.161 0.0000000000
48133  8.395  -19.171  45.179 0.0000000000
57000  12.810  -9.857  54.729 0.0000000000
58093  12.411  -9.300  53.321 0.0000000000
57007  13.397  -10.581  54.074 0.0000000000
125413  13.571  -12.500  53.355 0.0000000000
54158  13.336  -13.300  52.219 0.0000000000
132820  11.955  -14.306  51.103 0.0000000000
55121  14.320  -12.352  49.883 0.0000000000
54196  12.017  -14.125  49.624 0.0000000000
54197  10.810  -14.003  49.800 0.0000000000
54210  9.628  -13.799  48.729 0.0000000000
119356  8.306  -13.693  47.217 0.0000000000
53219  7.830  -13.841  46.132 0.0000000000
54247  8.412  -13.741  44.974 0.0000000000
51112  21.309  -16.835  58.149 0.0000000000
123613  20.902  -16.678  58.649 0.0000000000
51116  21.409  -17.137  57.540 0.0000000000
50090  21.165  -17.888  57.431 0.0000000000
50083  21.294  -17.473  58.125 0.0000000000
50084  20.872  -17.868  58.713 0.0000000000
44216  12.813  -23.824  43.834 0.0000000000
44217  12.331  -23.748  43.334 0.0000000000
127236  11.924  -23.086  43.173 0.0000000000
45122  14.704  -23.454  57.802 0.0000000000
126789  20.766  -21.577  48.629 0.0000000000
44136  20.861  -21.829  48.391 0.0000000000
44125  20.397  -22.568  49.767 0.0000000000
49059  13.203  -17.712  56.183 0.0000000000
49067  13.746  -18.003  55.468 0.0000000000
115265  12.447  -17.628  56.486 0.0000000000
133046  9.810  -14.406  51.487 0.0000000000
54163  8.852  -14.494  51.809 0.0000000000
54176  9.529  -14.490  51.263 0.0000000000
133903  8.855  -14.516  50.403 0.0000000000
113069  9.745  -14.131  50.385 0.0000000000
117139  18.638  -20.960  61.414 0.0000000000
47052  18.236  -20.251  61.372 0.0000000000
113064  18.787  -19.962  61.302 0.0000000000
48051  20.319  -19.352  53.416 0.0000000000
47077  19.931  -20.241  53.633 0.0000000000
47075  20.161  -20.367  54.485 0.0000000000
116469  19.668  -22.645  57.789 0.0000000000
44095  19.830  -22.752  57.138 0.0000000000
42003  19.586  -23.324  57.394 0.0000000000
42008  19.814  -24.098  57.120 0.0000000000
42004  19.337  -23.721  57.700 0.0000000000
42005  18.750  -24.252  58.075 0.0000000000
42000  19.208  -23.669  58.446 0.0000000000
47055  19.443  -20.777  61.078 0.0000000000
45106  18.615  -21.702  60.725 0.0000000000
46097  18.570  -21.454  61.152 0.0000000000
45103  17.703  -21.884  61.061 0.0000000000
133472  11.477  -13.867  59.508 0.0000000000
56992  13.011  -10.844  55.870 0.0000000000
113515  13.012  -12.714  56.234 0.0000000000
55059  13.203  -12.425  55.527 0.0000000000
55067  13.021  -13.010  54.689 0.0000000000
55058  13.402  -12.152  54.890 0.0000000000
45143  11.172  -23.588  54.873 0.0000000000
46127  15.852  -21.355  56.634 0.0000000000
134282  16.005  -19.391  56.978 0.0000000000
48032  16.280  -19.260  57.710 0.0000000000
50064  16.561  -17.306  62.352 0.0000000000
49027  16.669  -18.179  61.198 0.0000000000
52086  13.179  -15.667  62.188 0.0000000000
51101  13.325  -16.088  61.830 0.0000000000
131340  12.601  -15.723  61.918 0.0000000000
51104  12.679  -15.762  61.323 0.0000000000
52088  11.868  -15.369  61.766 0.0000000000
53087  12.185  -14.300  62.503 0.0000000000
127290  14.293  -25.911  57.588 0.0000000000
38866  13.939  -26.324  57.279 0.0000000000
40001  13.585  -26.112  57.507 0.0000000000
40005  10.663  -26.206  56.844 0.0000000000
44101  9.608  -24.281  55.701 0.0000000000
45140  10.251  -23.805  55.324 0.0000000000
46147  13.182  -22.626  53.352 0.0000000000
49137  14.500  -18.937  50.686 0.0000000000
48081  14.398  -19.182  49.935 0.0000000000
47111  14.161  -20.349  48.955 0.0000000000
48093  14.003  -19.472  49.279 0.0000000000
50114  9.660  -17.204  54.232 0.0000000000
49155  9.293  -17.183  48.956 0.0000000000
49154  9.880  -17.355  49.302 0.0000000000
48107  10.367  -18.282  47.792 0.0000000000
48113  9.844  -18.394  47.305 0.0000000000
47127  10.001  -19.172  46.707 0.0000000000
49165  9.606  -17.895  47.365 0.0000000000
51214  7.690  -16.628  46.292 0.0000000000
50195  7.751  -17.297  46.112 0.0000000000
51218  7.683  -16.810  45.635 0.0000000000
58110  13.482  -9.431  51.464 0.0000000000
57018  14.130  -10.238  51.142 0.0000000000
124852  14.048  -10.874  51.704 0.0000000000
55166  14.071  -12.531  46.692 0.0000000000
55167  13.298  -12.701  46.570 0.0000000000
55152  12.748  -13.127  47.318 0.0000000000
55154  11.064  -13.343  46.770 0.0000000000
55169  11.523  -12.951  46.169 0.0000000000
120625  20.147  -18.925  60.469 0.0000000000
49026  20.023  -18.102  60.865 0.0000000000
50068  20.348  -17.569  60.249 0.0000000000
52098  20.247  -15.770  59.235 0.0000000000
48036  20.664  -18.948  55.496 0.0000000000
134566  20.749  -18.675  56.055 0.0000000000
131780  20.814  -19.485  57.994 0.0000000000
48031  20.729  -19.724  57.477 0.0000000000
115115  20.518  -20.348  57.974 0.0000000000
46117  20.321  -20.989  58.006 0.0000000000
114568  20.574  -20.484  58.551 0.0000000000
46113  20.390  -21.229  58.833 0.0000000000
47061  20.729  -20.105  58.897 0.0000000000
120624  20.698  -19.266  59.421 0.0000000000
48023  20.477  -19.852  59.676 0.0000000000
118153  20.306  -19.085  59.902 0.0000000000
114109  20.197  -19.838  60.259 0.0000000000
116397  11.075  -10.467  58.900 0.0000000000
58069  10.458  -10.076  57.540 0.0000000000
58073  10.934  -10.069  56.533 0.0000000000
45132  13.303  -23.360  56.499 0.0000000000
45125  15.213  -23.107  57.756 0.0000000000
45130  14.675  -22.829  57.213 0.0000000000
53091  16.997  -14.567  62.437 0.0000000000
53083  16.303  -14.554  62.452 0.0000000000
55025  15.086  -13.026  62.659 0.0000000000
55026  14.123  -13.124  62.742 0.0000000000
127563  13.645  -12.622  62.705 0.0000000000
41993  14.892  -24.748  59.565 0.0000000000
118823  14.125  -25.173  58.443 0.0000000000
41997  14.109  -24.952  58.879 0.0000000000
41999  12.712  -24.770  57.547 0.0000000000
43043  12.179  -24.489  57.345 0.0000000000
43046  11.699  -24.374  57.180 0.0000000000
44096  12.334  -23.691  56.728 0.0000000000
47078  15.813  -20.164  54.159 0.0000000000
47079  15.518  -20.468  53.598 0.0000000000
48043  15.295  -18.940  54.390 0.0000000000
49092  14.816  -18.524  53.503 0.0000000000
124064  14.526  -18.703  51.806 0.0000000000
113990  13.252  -17.659  52.820 0.0000000000
52133  8.600  -15.427  53.592 0.0000000000
51150  8.295  -16.084  53.146 0.0000000000
53149  8.544  -15.465  53.104 0.0000000000
52162  8.194  -15.350  51.611 0.0000000000
51169  8.351  -15.888  51.708 0.0000000000
51179  8.488  -16.270  50.693 0.0000000000
50158  8.515  -16.693  50.236 0.0000000000
50169  8.717  -16.945  48.763 0.0000000000
51188  8.398  -16.703  49.775 0.0000000000
53185  7.818  -14.983  49.410 0.0000000000
52182  7.879  -15.517  48.843 0.0000000000
53193  7.778  -14.847  48.463 0.0000000000
52191  7.630  -15.491  47.858 0.0000000000
53202  7.670  -14.592  47.563 0.0000000000
56110  13.765  -11.861  44.847 0.0000000000
56128  12.979  -11.759  44.381 0.0000000000
56129  12.062  -11.992  44.609 0.0000000000
57096  12.303  -11.615  43.982 0.0000000000
45112  16.019  -22.571  60.804 0.0000000000
46108  16.591  -22.103  60.583 0.0000000000
48017  17.779  -19.465  61.307 0.0000000000
48018  17.523  -19.684  61.058 0.0000000000
50060  17.767  -17.561  61.929 0.0000000000
120512  20.054  -16.740  61.205 0.0000000000
50058  19.183  -17.664  61.568 0.0000000000
51096  19.331  -16.607  61.477 0.0000000000
52075  18.395  -15.907  62.112 0.0000000000
52084  18.148  -15.469  62.174 0.0000000000
134492  18.050  -15.942  63.156 0.0000000000
52076  18.228  -15.484  62.948 0.0000000000
53082  17.818  -14.895  62.935 0.0000000000
46161  20.313  -21.162  51.377 0.0000000000
46150  19.880  -21.282  52.199 0.0000000000
116442  19.665  -22.242  53.220 0.0000000000
46132  20.286  -20.830  56.302 0.0000000000
46133  20.009  -21.303  55.779 0.0000000000
43051  19.438  -23.290  56.429 0.0000000000
44104  19.428  -22.782  56.003 0.0000000000
43055  19.320  -23.366  55.465 0.0000000000
42021  19.438  -23.902  54.938 0.0000000000
41032  18.800  -24.653  55.000 0.0000000000
41033  18.458  -25.134  55.466 0.0000000000
123889  17.525  -25.817  55.604 0.0000000000
112604  16.545  -25.739  57.935 0.0000000000
39988  16.296  -25.729  58.136 0.0000000000
39999  15.401  -25.942  57.595 0.0000000000
115556  16.094  -25.672  58.345 0.0000000000
44079  19.381  -22.073  59.564 0.0000000000
119106  19.049  -23.034  59.742 0.0000000000
43030  18.790  -23.115  60.004 0.0000000000
43026  18.104  -23.985  61.149 0.0000000000
41983  18.157  -24.142  60.827 0.0000000000
40997  16.844  -24.524  59.995 0.0000000000
39977  16.414  -25.215  59.441 0.0000000000
41001  16.037  -24.958  59.774 0.0000000000
41991  15.779  -24.554  59.890 0.0000000000
120441  16.437  -23.834  60.575 0.0000000000
45108  15.902  -22.643  61.023 0.0000000000
44078  16.109  -23.363  60.518 0.0000000000
44081  15.883  -22.996  60.809 0.0000000000
50082  11.364  -16.142  59.146 0.0000000000
50088  11.317  -16.629  58.153 0.0000000000
51114  11.080  -16.006  58.607 0.0000000000
51118  10.562  -16.009  57.555 0.0000000000
52109  10.529  -15.642  57.129 0.0000000000
51122  10.095  -16.016  56.692 0.0000000000
114580  10.444  -15.052  56.488 0.0000000000
55044  12.255  -12.711  58.128 0.0000000000
54134  11.798  -13.884  55.851 0.0000000000
54126  11.890  -13.841  56.605 0.0000000000
54135  11.040  -14.305  56.050 0.0000000000
53117  10.339  -14.612  55.966 0.0000000000
53126  10.313  -14.576  55.261 0.0000000000
53136  10.391  -14.244  54.504 0.0000000000
54141  12.233  -13.686  54.159 0.0000000000
54152  10.544  -14.039  53.853 0.0000000000
54151  11.429  -13.966  53.539 0.0000000000
112524  10.737  -14.358  52.843 0.0000000000
54160  11.747  -14.075  52.624 0.0000000000
51130  21.238  -16.543  55.579 0.0000000000
52123  20.769  -16.045  55.376 0.0000000000
52130  20.679  -15.691  54.533 0.0000000000
46171  24.005  -20.544  49.017 0.0000000000
45179  23.052  -21.510  48.495 0.0000000000
49149  24.393  -18.990  48.910 0.0000000000
49148  25.597  -18.907  48.845 0.0000000000
48088  25.047  -19.349  48.906 0.0000000000
47108  21.441  -19.907  49.032 0.0000000000
47100  21.417  -20.217  49.090 0.0000000000
47109  20.906  -20.038  49.160 0.0000000000
49136  20.719  -18.321  50.011 0.0000000000
48069  20.505  -19.079  50.898 0.0000000000
121921  20.349  -18.826  51.911 0.0000000000
51158  21.345  -16.865  52.188 0.0000000000
50136  21.037  -17.446  52.877 0.0000000000
50123  20.933  -17.558  53.545 0.0000000000
49077  20.782  -18.110  54.229 0.0000000000
50113  21.093  -17.499  54.209 0.0000000000
51138  21.390  -16.759  54.734 0.0000000000
44120  9.619  -24.265  53.088 0.0000000000
45152  10.306  -23.917  53.390 0.0000000000
45146  11.932  -23.451  54.554 0.0000000000
46143  12.424  -23.360  54.291 0.0000000000
46142  12.865  -23.101  53.976 0.0000000000
118909  12.915  -23.023  54.552 0.0000000000
46124  13.584  -23.140  56.377 0.0000000000
46131  12.738  -23.209  55.546 0.0000000000
117656  14.642  -22.154  55.687 0.0000000000
129223  14.299  -21.985  54.995 0.0000000000
46135  15.039  -21.561  55.187 0.0000000000
47073  15.690  -20.808  55.342 0.0000000000
49057  15.557  -18.543  57.228 0.0000000000
49058  13.875  -17.730  56.889 0.0000000000
46111  17.045  -21.280  59.995 0.0000000000
49030  16.529  -18.421  60.690 0.0000000000
48027  16.762  -19.520  59.712 0.0000000000
47065  16.605  -19.844  59.077 0.0000000000
51095  15.437  -16.034  62.559 0.0000000000
50066  15.192  -16.662  61.753 0.0000000000
50074  14.606  -16.953  60.611 0.0000000000
50071  14.921  -16.792  61.186 0.0000000000
49037  14.865  -17.741  59.529 0.0000000000
50076  12.589  -16.393  60.259 0.0000000000
50080  12.518  -16.499  59.375 0.0000000000
49045  13.025  -17.240  58.065 0.0000000000
50081  11.652  -16.364  59.296 0.0000000000
53095  11.132  -14.415  61.318 0.0000000000
131767  11.119  -14.192  60.961 0.0000000000
114639  11.733  -12.161  62.493 0.0000000000
124399  19.917  -23.129  50.730 0.0000000000
43068  19.571  -23.518  51.406 0.0000000000
38883  12.639  -26.428  56.166 0.0000000000
39993  12.937  -26.076  57.571 0.0000000000
40003  12.458  -26.369  57.152 0.0000000000
44110  9.418  -24.163  54.594 0.0000000000
120432  9.071  -24.516  53.385 0.0000000000
45173  11.383  -23.851  51.442 0.0000000000
45172  12.292  -23.521  51.110 0.0000000000
45183  12.506  -23.371  50.151 0.0000000000
117727  14.536  -21.273  51.982 0.0000000000
46163  13.771  -21.923  51.908 0.0000000000
46162  14.283  -21.409  51.154 0.0000000000
45170  13.643  -21.976  50.045 0.0000000000
44137  12.789  -23.324  49.240 0.0000000000
45187  13.385  -22.954  48.355 0.0000000000
46189  13.872  -21.367  47.379 0.0000000000
45193  13.735  -22.453  47.417 0.0000000000
46198  13.802  -21.606  46.751 0.0000000000
45205  13.669  -22.332  46.509 0.0000000000
46199  13.412  -21.351  46.029 0.0000000000
49061  11.273  -17.107  55.652 0.0000000000
49096  10.949  -17.595  53.720 0.0000000000
49095  11.771  -17.742  53.707 0.0000000000
113557  11.372  -17.521  53.068 0.0000000000
49108  12.608  -17.697  52.140 0.0000000000
49124  11.970  -17.680  51.755 0.0000000000
50137  9.114  -16.902  52.708 0.0000000000
49112  9.683  -17.171  52.559 0.0000000000
49126  10.001  -17.359  51.869 0.0000000000
48096  11.314  -17.779  49.489 0.0000000000
49140  11.186  -17.542  50.483 0.0000000000
48083  11.906  -17.749  50.254 0.0000000000
130062  13.132  -19.023  48.382 0.0000000000
48105  12.484  -18.626  48.288 0.0000000000
46191  11.898  -20.066  46.114 0.0000000000
116019  12.069  -20.658  44.923 0.0000000000
45216  11.334  -21.570  43.987 0.0000000000
114278  9.935  -19.853  45.605 0.0000000000
47142  9.465  -20.086  45.034 0.0000000000
50181  8.836  -17.303  47.721 0.0000000000
48115  9.337  -18.138  46.718 0.0000000000
49172  8.689  -17.468  46.941 0.0000000000
48134  7.861  -18.537  45.398 0.0000000000
115187  8.569  -18.556  45.809 0.0000000000
47160  8.680  -19.821  43.579 0.0000000000
58092  13.187  -10.115  53.262 0.0000000000
57008  12.782  -9.830  53.904 0.0000000000
57013  13.705  -10.896  53.142 0.0000000000
56020  13.691  -11.590  53.691 0.0000000000
119757  13.881  -12.537  51.973 0.0000000000
128292  13.365  -13.300  51.561 0.0000000000
133561  12.829  -13.682  51.836 0.0000000000
54172  12.646  -13.805  51.325 0.0000000000
56066  15.187  -11.269  48.064 0.0000000000
57046  15.046  -10.953  48.988 0.0000000000
56056  14.677  -11.701  49.405 0.0000000000
56042  14.593  -11.575  50.223 0.0000000000
55134  14.248  -12.460  49.015 0.0000000000
54206  12.090  -13.596  48.828 0.0000000000
54195  12.838  -13.449  49.138 0.0000000000
54207  11.339  -14.011  49.011 0.0000000000
54208  10.588  -14.001  49.225 0.0000000000
112138  10.140  -13.901  49.109 0.0000000000
55156  9.786  -13.157  46.790 0.0000000000
54219  9.623  -13.401  47.663 0.0000000000
54227  9.068  -13.404  46.727 0.0000000000
131538  7.943  -13.740  46.724 0.0000000000
54228  8.309  -13.285  46.255 0.0000000000
56115  10.217  -12.397  45.281 0.0000000000
49035  20.602  -18.058  59.341 0.0000000000
50073  20.475  -17.244  59.882 0.0000000000
51110  20.671  -16.765  59.351 0.0000000000
52097  20.581  -16.310  58.933 0.0000000000
52102  20.289  -16.017  58.467 0.0000000000
49064  21.011  -17.986  56.263 0.0000000000
49056  20.906  -18.551  56.505 0.0000000000
49055  21.034  -18.341  57.012 0.0000000000
49047  21.063  -18.592  57.634 0.0000000000
48029  20.857  -19.572  58.490 0.0000000000
48026  20.902  -19.652  58.799 0.0000000000
113086  21.019  -19.342  58.785 0.0000000000
49034  20.921  -18.931  59.193 0.0000000000
44218  11.163  -22.687  42.691 0.0000000000
45127  13.400  -23.438  56.778 0.0000000000
46116  15.903  -22.520  58.458 0.0000000000
121169  14.980  -23.985  59.349 0.0000000000
43037  14.127  -24.392  58.136 0.0000000000
44088  14.494  -24.000  58.609 0.0000000000
43041  13.802  -24.113  57.735 0.0000000000
44091  13.010  -23.937  57.048 0.0000000000
43045  12.481  -24.139  57.130 0.0000000000
44093  13.459  -23.746  57.254 0.0000000000
49066  14.651  -18.217  55.673 0.0000000000
49078  14.456  -18.269  54.951 0.0000000000
49079  13.329  -17.916  54.611 0.0000000000
53157  8.632  -14.698  52.419 0.0000000000
53158  8.389  -15.139  52.635 0.0000000000
112103  8.231  -14.719  52.113 0.0000000000
53168  8.097  -14.927  51.708 0.0000000000
53169  8.358  -15.217  51.194 0.0000000000
51180  8.215  -15.806  50.217 0.0000000000
53179  8.265  -15.145  50.604 0.0000000000
53184  8.150  -14.799  50.055 0.0000000000
54200  8.844  -14.302  49.651 0.0000000000
46100  17.385  -21.857  61.089 0.0000000000
46104  17.082  -21.675  60.753 0.0000000000
47053  17.813  -20.499  61.321 0.0000000000
48016  18.247  -19.259  61.413 0.0000000000
49018  18.293  -18.346  61.578 0.0000000000
131082  19.333  -15.814  61.087 0.0000000000
53093  18.794  -14.919  61.067 0.0000000000
53094  18.229  -14.663  61.315 0.0000000000
54108  17.738  -14.248  60.039 0.0000000000
47083  19.869  -20.637  52.798 0.0000000000
45149  19.707  -21.588  54.128 0.0000000000
45135  20.548  -21.610  56.984 0.0000000000
45136  20.337  -22.051  56.750 0.0000000000
44099  19.836  -22.691  56.769 0.0000000000
119361  19.983  -23.529  56.979 0.0000000000
42013  19.286  -24.026  56.194 0.0000000000
39986  17.066  -25.581  58.168 0.0000000000
41013  17.137  -25.352  58.706 0.0000000000
45109  19.501  -21.348  60.255 0.0000000000
44073  18.823  -22.606  60.110 0.0000000000
45105  18.646  -22.064  60.412 0.0000000000
44069  18.288  -22.280  60.691 0.0000000000
130059  17.787  -23.053  61.290 0.0000000000
43027  16.549  -23.611  61.014 0.0000000000
44071  17.601  -22.549  61.215 0.0000000000
45104  17.043  -22.421  61.207 0.0000000000
52100  10.463  -15.679  59.914 0.0000000000
52104  10.984  -15.605  59.188 0.0000000000
53103  10.833  -15.170  59.372 0.0000000000
53107  10.971  -14.804  58.578 0.0000000000
54118  10.961  -14.391  57.806 0.0000000000
55996  12.728  -11.511  57.131 0.0000000000
55051  12.797  -12.518  57.127 0.0000000000
124643  12.004  -13.994  54.939 0.0000000000
133662  12.464  -13.578  54.814 0.0000000000
55074  13.032  -13.137  53.786 0.0000000000
49150  23.455  -19.165  48.820 0.0000000000
48092  20.940  -19.592  48.985 0.0000000000
50122  21.312  -17.075  53.462 0.0000000000
45148  10.291  -23.916  54.119 0.0000000000
46122  15.195  -22.159  57.110 0.0000000000
46129  14.078  -22.759  56.184 0.0000000000
128833  16.058  -20.800  55.823 0.0000000000
47070  16.067  -20.043  56.400 0.0000000000
48021  17.087  -19.042  60.610 0.0000000000
49028  16.087  -17.781  61.206 0.0000000000
51099  15.025  -16.276  62.149 0.0000000000
52085  13.999  -16.096  62.101 0.0000000000
50072  13.959  -16.550  60.912 0.0000000000
50075  13.704  -16.645  60.431 0.0000000000
51107  13.185  -16.159  60.863 0.0000000000
51108  11.573  -16.116  60.362 0.0000000000
116528  11.728  -15.357  60.903 0.0000000000
52091  11.379  -15.015  61.465 0.0000000000
54104  11.107  -13.568  61.419 0.0000000000
43064  19.429  -23.477  52.366 0.0000000000
42038  18.961  -24.167  51.660 0.0000000000
114963  14.009  -26.546  56.672 0.0000000000
38873  13.643  -26.561  56.906 0.0000000000
38874  12.916  -26.500  56.770 0.0000000000
40004  11.340  -26.255  57.082 0.0000000000
132108  9.466  -24.541  55.930 0.0000000000
45154  11.871  -23.461  53.306 0.0000000000
113104  11.938  -23.346  52.663 0.0000000000
135006  12.533  -23.154  52.362 0.0000000000
46164  13.100  -22.650  52.059 0.0000000000
131010  14.788  -19.470  51.330 0.0000000000
47092  14.718  -20.562  51.261 0.0000000000
47103  14.503  -20.745  50.603 0.0000000000
46181  14.145  -21.206  49.472 0.0000000000
46185  14.037  -21.207  48.682 0.0000000000
47123  13.853  -21.095  47.996 0.0000000000
49062  10.713  -16.785  54.978 0.0000000000
49070  10.848  -16.919  54.721 0.0000000000
49071  10.211  -17.298  54.486 0.0000000000
49097  10.236  -17.481  53.728 0.0000000000
49110  10.646  -17.382  53.092 0.0000000000
119058  9.223  -16.910  51.025 0.0000000000
116535  9.678  -17.205  51.058 0.0000000000
49141  9.920  -17.348  50.296 0.0000000000
49153  10.566  -17.559  49.901 0.0000000000
48106  11.329  -18.339  48.326 0.0000000000
47118  10.879  -18.775  47.243 0.0000000000
130195  10.998  -19.774  45.829 0.0000000000
115850  10.671  -20.304  45.290 0.0000000000
47133  10.280  -19.691  45.845 0.0000000000
47128  9.776  -19.312  46.119 0.0000000000
50188  8.253  -17.352  46.871 0.0000000000
115766  8.299  -17.688  46.441 0.0000000000
117503  7.967  -17.478  46.436 0.0000000000
49182  7.415  -18.182  45.493 0.0000000000
113607  7.523  -18.441  45.073 0.0000000000
112421  13.058  -9.488  52.051 0.0000000000
57019  13.841  -10.964  52.350 0.0000000000
55093  14.196  -12.097  51.410 0.0000000000
55150  14.601  -11.996  47.431 0.0000000000
127197  14.112  -12.571  48.152 0.0000000000
55135  13.529  -12.965  48.672 0.0000000000
127316  13.391  -12.956  47.971 0.0000000000
55137  11.792  -13.311  48.135 0.0000000000
55139  10.511  -13.575  48.316 0.0000000000
55138  11.118  -13.431  47.685 0.0000000000
124801  10.398  -13.180  46.762 0.0000000000
55171  9.993  -12.633  46.228 0.0000000000
47051  19.424  -20.063  61.066 0.0000000000
48014  19.184  -19.323  61.266 0.0000000000
50069  20.316  -17.355  60.881 0.0000000000
51105  20.375  -16.652  60.003 0.0000000000
52089  19.658  -15.856  60.506 0.0000000000
47074  20.428  -19.706  54.973 0.0000000000
48033  20.756  -19.294  56.593 0.0000000000
47069  20.563  -20.259  56.885 0.0000000000
46125  20.580  -21.067  56.979 0.0000000000
118671  20.374  -21.628  57.480 0.0000000000
44092  20.041  -22.239  57.621 0.0000000000
45124  19.867  -22.282  58.215 0.0000000000
130199  19.614  -23.328  58.809 0.0000000000
45119  19.861  -21.958  58.714 0.0000000000
45114  19.928  -21.631  59.375 0.0000000000
46110  20.391  -20.969  59.498 0.0000000000
48022  20.777  -19.796  59.167 0.0000000000
46109  20.564  -20.339  59.380 0.0000000000
115580  19.938  -21.171  59.905 0.0000000000
46105  19.954  -20.593  60.442 0.0000000000
46101  19.716  -20.622  60.787 0.0000000000
55041  11.678  -12.251  59.556 0.0000000000
55991  11.573  -11.274  59.312 0.0000000000
56986  11.205  -10.541  58.052 0.0000000000
56989  12.237  -10.878  57.572 0.0000000000
56993  12.562  -10.780  56.667 0.0000000000
134770  12.593  -10.487  56.097 0.0000000000
45138  12.434  -23.285  55.827 0.0000000000
47066  16.602  -20.402  58.253 0.0000000000
51093  16.730  -15.737  63.252 0.0000000000
50062  16.258  -16.952  62.862 0.0000000000
51094  16.103  -16.277  62.991 0.0000000000
52079  16.068  -15.346  62.764 0.0000000000
52080  15.049  -15.266  62.304 0.0000000000
54093  15.671  -13.745  62.402 0.0000000000
53085  14.394  -14.495  62.446 0.0000000000
53086  13.260  -14.678  62.500 0.0000000000
54096  12.914  -13.796  62.641 0.0000000000
55027  13.091  -13.144  62.814 0.0000000000
39984  14.460  -25.368  58.365 0.0000000000
39991  14.082  -25.683  57.733 0.0000000000
39985  13.805  -25.436  57.849 0.0000000000
41014  13.328  -25.651  57.709 0.0000000000
127560  12.899  -25.805  57.670 0.0000000000
41998  13.694  -24.987  57.994 0.0000000000
41015  13.035  -25.331  57.710 0.0000000000
41016  12.404  -25.441  57.603 0.0000000000
41020  11.631  -25.636  57.421 0.0000000000
42006  11.095  -25.161  57.513 0.0000000000
42007  10.416  -25.226  57.109 0.0000000000
43047  10.823  -24.705  57.172 0.0000000000
112943  11.999  -23.916  56.900 0.0000000000
45134  11.738  -23.568  56.285 0.0000000000
46145  14.983  -21.297  53.671 0.0000000000
46152  13.954  -21.735  52.845 0.0000000000
117028  15.147  -20.264  52.977 0.0000000000
48061  15.054  -19.156  52.602 0.0000000000
133530  14.915  -19.372  51.936 0.0000000000
133286  14.510  -18.827  51.213 0.0000000000
51140  8.774  -16.076  54.322 0.0000000000
50115  9.017  -16.750  53.939 0.0000000000
51149  8.592  -16.362  53.565 0.0000000000
50126  8.528  -16.482  52.909 0.0000000000
135785  8.776  -16.578  52.491 0.0000000000
50138  8.551  -16.271  52.188 0.0000000000
50148  8.995  -16.651  51.744 0.0000000000
50157  8.814  -16.838  50.429 0.0000000000
50168  8.893  -17.035  49.706 0.0000000000
121094  9.377  -17.514  48.046 0.0000000000
49156  8.896  -17.064  48.836 0.0000000000
50182  8.485  -16.830  48.056 0.0000000000
51189  8.119  -15.894  49.222 0.0000000000
51207  8.076  -16.904  47.380 0.0000000000
52192  7.612  -16.313  47.116 0.0000000000
123942  7.468  -15.815  46.232 0.0000000000
132094  13.596  -12.144  45.438 0.0000000000
56093  12.854  -12.321  45.785 0.0000000000
56094  11.990  -12.541  45.625 0.0000000000
56112  12.286  -12.299  45.219 0.0000000000
44198  13.116  -23.531  44.224 0.0000000000
45116  15.863  -23.053  59.145 0.0000000000
45120  16.048  -22.451  59.166 0.0000000000
45115  16.394  -22.612  59.939 0.0000000000
46106  17.266  -20.903  60.655 0.0000000000
47057  17.353  -19.927  60.712 0.0000000000
48019  17.175  -18.786  60.989 0.0000000000
50061  16.836  -17.105  62.942 0.0000000000
49017  18.878  -18.387  61.508 0.0000000000
122780  18.455  -17.556  61.715 0.0000000000
51097  18.882  -16.145  61.645 0.0000000000
51091  18.582  -16.464  61.817 0.0000000000
50059  18.120  -16.840  62.162 0.0000000000
127852  18.011  -16.541  62.998 0.0000000000
130937  17.387  -16.410  63.239 0.0000000000
133377  17.019  -16.007  63.363 0.0000000000
54098  17.017  -13.906  61.804 0.0000000000
54097  17.604  -14.375  61.525 0.0000000000
46174  20.496  -21.089  49.654 0.0000000000
45169  20.310  -21.921  49.909 0.0000000000
45157  20.109  -22.301  51.352 0.0000000000
116303  19.764  -22.753  52.231 0.0000000000
45153  19.845  -22.059  52.331 0.0000000000
126734  19.502  -23.150  52.607 0.0000000000
42026  19.063  -24.295  53.615 0.0000000000
46139  19.922  -21.028  54.836 0.0000000000
45141  20.075  -21.907  56.105 0.0000000000
121448  19.664  -22.374  55.607 0.0000000000
129378  19.581  -22.436  54.966 0.0000000000
43059  19.369  -23.471  54.467 0.0000000000
42025  19.299  -23.874  54.016 0.0000000000
40025  18.014  -25.535  55.335 0.0000000000
38871  15.367  -26.276  56.919 0.0000000000
38865  14.975  -26.181  57.225 0.0000000000
40000  14.652  -26.101  57.379 0.0000000000
115584  15.354  -25.559  58.255 0.0000000000
41994  19.130  -23.716  59.224 0.0000000000
41995  18.495  -24.096  59.561 0.0000000000
41996  18.007  -24.382  59.764 0.0000000000
43031  18.495  -23.615  60.301 0.0000000000
41989  18.093  -24.227  60.397 0.0000000000
41007  16.613  -25.358  59.125 0.0000000000
39981  16.212  -25.521  58.939 0.0000000000
39982  15.839  -25.598  58.606 0.0000000000
39983  15.042  -25.490  58.528 0.0000000000
41008  15.064  -25.410  59.142 0.0000000000
41003  15.259  -25.032  59.649 0.0000000000
41992  15.512  -24.393  59.824 0.0000000000
43028  16.199  -23.545  60.750 0.0000000000
43029  15.763  -23.726  60.088 0.0000000000
43033  15.103  -24.113  59.520 0.0000000000
44083  15.318  -23.917  59.606 0.0000000000
44086  15.686  -23.551  59.626 0.0000000000
49046  12.215  -17.251  57.846 0.0000000000
49053  12.104  -17.318  56.969 0.0000000000
50091  11.649  -17.113  57.583 0.0000000000
50092  11.183  -16.928  57.098 0.0000000000
52105  10.629  -15.557  58.167 0.0000000000
50093  10.700  -16.671  56.530 0.0000000000
128530  10.026  -16.381  56.247 0.0000000000
51123  9.581  -15.949  55.915 0.0000000000
51131  9.273  -15.932  55.033 0.0000000000
54113  11.887  -13.227  59.003 0.0000000000
54116  12.296  -13.429  57.286 0.0000000000
127743  11.509  -14.229  57.017 0.0000000000
53110  10.909  -14.721  56.822 0.0000000000
53118  9.905  -15.028  55.821 0.0000000000
52116  9.534  -15.521  55.341 0.0000000000
52126  9.060  -15.779  54.735 0.0000000000
53128  9.208  -15.311  54.635 0.0000000000
53138  8.843  -15.075  54.012 0.0000000000
53147  9.194  -14.717  53.902 0.0000000000
117752  9.816  -14.280  54.041 0.0000000000
129835  9.529  -14.594  53.446 0.0000000000
53156  9.847  -14.574  52.771 0.0000000000
54161  10.161  -14.324  51.966 0.0000000000
54174  10.430  -14.328  51.225 0.0000000000
51121  21.132  -16.639  56.774 0.0000000000
52106  20.735  -16.358  57.132 0.0000000000
52112  20.768  -16.385  56.240 0.0000000000
116196  20.269  -16.090  56.045 0.0000000000
112415  20.934  -21.061  48.792 0.0000000000
47098  24.471  -19.983  49.086 0.0000000000
46172  23.285  -20.331  49.230 0.0000000000
46173  21.211  -20.536  48.946 0.0000000000
46175  20.471  -20.926  50.486 0.0000000000
48079  20.442  -19.711  50.293 0.0000000000
48070  20.257  -19.951  51.074 0.0000000000
50156  21.090  -17.294  50.563 0.0000000000
49120  21.029  -17.185  51.544 0.0000000000
49105  20.457  -18.337  52.499 0.0000000000
49091  20.553  -18.765  53.242 0.0000000000
48050  20.600  -18.783  53.853 0.0000000000
115498  20.962  -18.372  54.901 0.0000000000
50112  21.396  -16.960  54.059 0.0000000000
117356  21.416  -17.365  54.829 0.0000000000
50103  21.308  -17.697  55.526 0.0000000000
50095  21.307  -17.483  56.202 0.0000000000
51120  21.392  -16.913  56.318 0.0000000000
45151  11.119  -23.698  53.693 0.0000000000
46148  12.517  -23.312  53.632 0.0000000000
46137  13.083  -23.012  55.221 0.0000000000
46141  13.522  -22.405  54.784 0.0000000000
46140  14.101  -21.868  54.290 0.0000000000
47076  15.514  -20.964  54.613 0.0000000000
48042  15.531  -19.843  54.997 0.0000000000
48035  15.271  -18.616  55.882 0.0000000000
46115  16.161  -21.774  59.124 0.0000000000
47060  17.086  -20.369  59.954 0.0000000000
47063  16.340  -20.949  59.003 0.0000000000
50065  15.994  -17.083  62.210 0.0000000000
49029  15.393  -17.342  60.893 0.0000000000
49031  15.813  -17.990  60.522 0.0000000000
49036  15.639  -18.159  59.822 0.0000000000
49043  14.754  -17.831  58.694 0.0000000000
49044  13.866  -17.472  58.351 0.0000000000
51109  10.946  -15.703  60.344 0.0000000000
124530  10.494  -15.940  60.043 0.0000000000
53099  10.617  -14.909  60.150 0.0000000000
55038  11.448  -12.260  60.710 0.0000000000
54101  11.465  -13.834  62.306 0.0000000000
55033  11.275  -12.990  62.258 0.0000000000
124042  10.794  -12.862  61.927 0.0000000000
133846  10.766  -11.979  61.990 0.0000000000
128822  11.116  -12.174  61.658 0.0000000000
55989  11.201  -11.380  60.178 0.0000000000
52107  20.334  -16.160  57.702 0.0000000000
43074  19.791  -23.449  50.506 0.0000000000
112977  19.489  -23.666  50.253 0.0000000000
42049  19.448  -23.920  51.100 0.0000000000
40002  13.000  -26.275  57.390 0.0000000000
38868  12.578  -26.484  57.005 0.0000000000
38875  12.177  -26.444  56.572 0.0000000000
38876  11.513  -26.424  56.395 0.0000000000
45171  13.008  -22.763  50.615 0.0000000000
44146  12.234  -24.132  48.957 0.0000000000
45226  13.114  -22.800  44.354 0.0000000000
49068  12.374  -17.759  55.795 0.0000000000
49080  12.387  -17.611  54.938 0.0000000000
130186  12.319  -17.712  54.246 0.0000000000
49081  11.485  -17.482  54.328 0.0000000000
49094  12.750  -17.629  53.710 0.0000000000
130724  13.116  -18.078  50.298 0.0000000000
50124  9.409  -17.176  53.688 0.0000000000
120046  9.964  -17.251  53.124 0.0000000000
49125  10.655  -17.521  51.906 0.0000000000
49139  12.371  -17.762  50.820 0.0000000000
119183  13.567  -18.684  49.723 0.0000000000
48094  13.164  -18.761  49.016 0.0000000000
47117  11.898  -18.896  47.413 0.0000000000
47125  12.420  -19.699  46.890 0.0000000000
46190  13.060  -20.668  46.582 0.0000000000
46214  12.863  -21.400  45.180 0.0000000000
45227  12.282  -22.158  44.040 0.0000000000
113627  10.726  -21.926  43.457 0.0000000000
135962  9.508  -18.095  47.042 0.0000000000
48122  9.434  -18.867  46.167 0.0000000000
128715  8.824  -17.948  46.442 0.0000000000
47135  9.091  -19.265  45.587 0.0000000000
116927  8.969  -19.878  44.817 0.0000000000
58078  11.431  -9.981  55.694 0.0000000000
128376  12.030  -9.642  55.105 0.0000000000
56999  13.283  -10.656  55.087 0.0000000000
58083  11.833  -9.510  54.257 0.0000000000
56012  13.509  -11.457  54.569 0.0000000000
54149  13.196  -13.303  52.956 0.0000000000
56025  13.921  -11.811  52.743 0.0000000000
55082  13.649  -12.713  52.651 0.0000000000
54159  12.634  -13.749  52.423 0.0000000000
117117  12.019  -14.091  51.793 0.0000000000
54173  11.196  -14.315  51.161 0.0000000000
55107  14.308  -12.203  50.726 0.0000000000
55108  13.784  -12.906  50.373 0.0000000000
55122  13.665  -12.980  49.510 0.0000000000
54184  13.021  -13.651  50.003 0.0000000000
54171  13.218  -13.410  50.858 0.0000000000
54185  12.374  -14.083  50.550 0.0000000000
54186  11.431  -14.258  50.417 0.0000000000
54187  10.598  -14.157  50.502 0.0000000000
54188  10.141  -13.704  49.942 0.0000000000
54198  9.814  -13.795  49.743 0.0000000000
54211  8.863  -14.085  48.708 0.0000000000
54209  10.023  -13.521  48.331 0.0000000000
54220  8.930  -13.559  47.860 0.0000000000
134069  8.411  -13.758  47.979 0.0000000000
53209  7.812  -13.975  47.299 0.0000000000
53210  7.692  -14.328  46.742 0.0000000000
120961  7.337  -14.786  45.943 0.0000000000
56095  11.102  -12.520  45.560 0.0000000000
55184  9.811  -12.484  45.774 0.0000000000
55186  8.679  -13.008  45.740 0.0000000000
54236  8.207  -13.311  45.712 0.0000000000
52210  7.396  -15.559  45.426 0.0000000000
39978  15.929  -25.426  59.240 0.0000000000
39979  15.510  -25.537  58.921 0.0000000000
39980  16.473  -25.549  58.642 0.0000000000
40998  16.283  -24.354  60.143 0.0000000000
40999  17.529  -24.582  59.705 0.0000000000
41004  18.019  -24.565  59.095 0.0000000000
41005  17.470  -24.856  59.182 0.0000000000
41006  16.951  -25.204  59.182 0.0000000000
41011  18.131  -24.782  58.385 0.0000000000
41012  17.553  -25.153  58.608 0.0000000000
41017  19.026  -24.398  57.360 0.0000000000
41018  18.310  -24.874  57.679 0.0000000000
41019  17.812  -25.316  57.753 0.0000000000
41981  17.607  -23.915  61.118 0.0000000000
41982  18.323  -23.983  60.650 0.0000000000
41984  17.724  -24.142  60.752 0.0000000000
41986  16.065  -23.963  60.302 0.0000000000
41990  17.670  -24.334  60.171 0.0000000000
42017  19.204  -24.158  55.365 0.0000000000
42022  19.150  -24.251  54.537 0.0000000000
42037  19.236  -23.826  52.004 0.0000000000
43020  17.699  -23.555  61.271 0.0000000000
43021  17.013  -23.602  61.186 0.0000000000
43022  16.369  -23.308  61.166 0.0000000000
43023  18.590  -23.192  60.320 0.0000000000
43024  18.407  -23.518  60.628 0.0000000000
43025  18.222  -23.840  61.020 0.0000000000
43032  15.656  -24.062  59.944 0.0000000000
43034  19.389  -23.272  59.405 0.0000000000
43035  18.804  -23.526  59.745 0.0000000000
43039  19.949  -23.035  59.045 0.0000000000
43040  19.370  -23.201  58.026 0.0000000000
43048  19.638  -23.117  57.060 0.0000000000
44070  17.965  -22.610  61.081 0.0000000000
44072  17.124  -23.058  61.332 0.0000000000
44075  18.119  -22.940  60.980 0.0000000000
44077  15.850  -23.108  61.048 0.0000000000
44080  19.055  -22.563  59.837 0.0000000000
44085  19.441  -22.724  59.489 0.0000000000
44089  19.820  -22.679  58.659 0.0000000000
45107  16.485  -22.234  61.048 0.0000000000
45110  19.112  -21.923  60.105 0.0000000000
45214  13.436  -22.482  45.079 0.0000000000
46098  18.184  -21.394  61.346 0.0000000000
46103  19.072  -21.219  61.107 0.0000000000
46120  20.505  -20.990  57.388 0.0000000000
47054  19.871  -20.044  60.655 0.0000000000
47115  13.807  -20.290  48.166 0.0000000000
47152  8.591  -19.487  44.384 0.0000000000
49016  19.369  -18.541  61.365 0.0000000000
49025  20.222  -18.192  60.293 0.0000000000
49041  20.956  -19.090  58.207 0.0000000000
49054  11.519  -17.260  56.599 0.0000000000
49083  9.901  -17.482  54.055 0.0000000000
49098  9.400  -17.122  53.195 0.0000000000
49109  11.742  -17.635  52.409 0.0000000000
49122  14.096  -18.406  51.145 0.0000000000
49170  9.397  -17.720  47.330 0.0000000000
49171  9.139  -17.596  47.142 0.0000000000
49191  7.418  -18.087  44.899 0.0000000000
50063  19.813  -17.338  61.385 0.0000000000
50085  21.075  -17.108  58.724 0.0000000000
50097  10.526  -16.684  55.547 0.0000000000
50098  9.779  -16.373  55.359 0.0000000000
50194  7.647  -17.827  46.063 0.0000000000
51090  19.130  -16.976  61.596 0.0000000000
51100  14.173  -16.424  61.788 0.0000000000
51115  21.328  -17.342  56.880 0.0000000000
51141  8.501  -15.873  53.678 0.0000000000
52082  19.386  -16.219  61.300 0.0000000000
52083  18.770  -15.738  61.596 0.0000000000
52096  10.603  -15.399  60.246 0.0000000000
52141  8.442  -15.696  53.258 0.0000000000
52150  8.273  -15.611  52.755 0.0000000000
52168  8.304  -15.376  50.680 0.0000000000
53102  11.125  -14.571  59.464 0.0000000000
53167  9.217  -14.654  50.988 0.0000000000
53201  7.994  -14.095  48.053 0.0000000000
54100  12.167  -13.453  62.613 0.0000000000
54199  9.453  -14.024  49.443 0.0000000000
55195  8.561  -13.103  45.320 0.0000000000
56096  10.326  -12.452  45.624 0.0000000000
56113  11.545  -12.228  45.078 0.0000000000
112189  15.966  -25.920  57.893 0.0000000000
112328  9.348  -14.870  54.461 0.0000000000
112960  20.697  -19.866  58.056 0.0000000000
113369  9.159  -14.746  52.941 0.0000000000
115455  19.737  -19.223  61.052 0.0000000000
117198  10.535  -19.264  46.532 0.0000000000
117634  12.869  -21.936  44.514 0.0000000000
118648  8.505  -16.462  53.198 0.0000000000
119541  21.367  -16.916  57.028 0.0000000000
120296  20.988  -18.712  58.767 0.0000000000
121413  19.048  -21.511  60.567 0.0000000000
123331  12.592  -10.082  55.618 0.0000000000
123722  15.040  -25.723  57.731 0.0000000000
124023  7.918  -15.040  50.110 0.0000000000
125880  18.103  -23.405  61.145 0.0000000000
126159  17.532  -17.038  62.744 0.0000000000
127109  19.707  -23.795  56.701 0.0000000000
127863  12.220  -11.932  58.771 0.0000000000
128086  19.164  -20.617  61.249 0.0000000000
128239  19.987  -18.828  60.985 0.0000000000
129289  10.510  -15.352  56.804 0.0000000000
129693  18.095  -20.930  61.504 0.0000000000
130994  10.651  -13.423  47.403 0.0000000000
131218  19.799  -24.087  56.826 0.0000000000
131508  8.525  -14.717  51.647 0.0000000000
131558  8.154  -15.573  52.231 0.0000000000
132385  20.403  -17.792  59.850 0.0000000000
133447  19.879  -21.006  60.220 0.0000000000
133486  17.882  -22.169  61.038 0.0000000000
