#!ascii label  , from subject sub-003S6257 vox2ras=TkReg
488
61904  27.755  -5.665  -26.384 0.0000000000
67486  33.719  -0.674  -31.558 0.0000000000
75377  28.981  7.552  -35.456 0.0000000000
73370  24.352  5.531  -29.296 0.0000000000
57997  29.131  -10.170  -24.948 0.0000000000
60994  31.941  -8.246  -26.480 0.0000000000
127308  29.127  -3.181  -28.591 0.0000000000
68417  27.169  0.797  -30.454 0.0000000000
131277  31.441  3.646  -35.230 0.0000000000
77150  31.326  9.155  -32.910 0.0000000000
79799  28.062  11.919  -35.519 0.0000000000
60043  28.903  -8.287  -25.253 0.0000000000
59052  30.517  -9.083  -25.465 0.0000000000
61008  29.725  -6.927  -25.942 0.0000000000
67456  26.008  0.168  -28.419 0.0000000000
112967  24.081  1.938  -28.005 0.0000000000
74432  26.845  6.319  -32.599 0.0000000000
72437  28.112  4.090  -33.173 0.0000000000
73472  30.309  5.224  -34.523 0.0000000000
73455  32.110  5.714  -34.163 0.0000000000
76291  30.616  8.443  -35.540 0.0000000000
129235  27.176  14.317  -31.282 0.0000000000
79781  27.865  12.520  -33.046 0.0000000000
81692  26.464  14.460  -34.813 0.0000000000
66529  31.054  -2.087  -29.804 0.0000000000
64701  32.405  -4.349  -28.285 0.0000000000
130842  33.485  -2.517  -29.018 0.0000000000
112081  26.512  8.445  -32.410 0.0000000000
69401  34.970  1.536  -31.675 0.0000000000
130966  27.113  -4.162  -27.284 0.0000000000
115163  27.704  -5.868  -28.299 0.0000000000
125146  26.940  -3.418  -28.250 0.0000000000
66531  28.280  -1.603  -29.378 0.0000000000
67489  29.988  0.075  -31.052 0.0000000000
70425  25.601  3.080  -30.237 0.0000000000
70451  28.760  1.841  -32.587 0.0000000000
69417  32.832  1.558  -33.539 0.0000000000
72435  33.070  4.246  -32.853 0.0000000000
77151  27.748  9.912  -33.348 0.0000000000
77167  28.624  8.692  -36.487 0.0000000000
130576  25.943  14.244  -37.682 0.0000000000
78900  28.542  11.187  -38.647 0.0000000000
78030  29.937  9.744  -37.400 0.0000000000
120890  30.609  10.965  -35.494 0.0000000000
62842  31.121  -5.877  -27.456 0.0000000000
62815  27.137  -5.319  -25.040 0.0000000000
61885  27.048  -5.970  -24.731 0.0000000000
61883  28.134  -6.304  -25.880 0.0000000000
60996  29.595  -7.662  -25.679 0.0000000000
61009  28.859  -6.463  -26.245 0.0000000000
128401  28.503  7.055  -34.311 0.0000000000
73456  28.381  5.421  -33.902 0.0000000000
75376  29.431  7.070  -34.841 0.0000000000
74472  30.510  7.081  -35.035 0.0000000000
75383  29.758  7.645  -36.012 0.0000000000
81663  26.683  15.208  -31.875 0.0000000000
81662  26.949  14.563  -32.444 0.0000000000
127281  25.323  15.942  -34.386 0.0000000000
66541  32.779  -1.693  -30.498 0.0000000000
65634  32.655  -2.414  -29.545 0.0000000000
66540  33.907  -2.213  -31.076 0.0000000000
75353  25.921  8.073  -32.016 0.0000000000
76270  25.845  8.792  -31.961 0.0000000000
59042  27.663  -9.439  -24.162 0.0000000000
59026  28.390  -10.855  -23.823 0.0000000000
56907  29.861  -11.126  -23.385 0.0000000000
117667  30.805  -10.947  -23.847 0.0000000000
60040  31.288  -8.683  -25.864 0.0000000000
59038  31.744  -9.893  -25.079 0.0000000000
64704  26.309  -4.702  -27.924 0.0000000000
65612  26.265  -2.491  -27.495 0.0000000000
68393  26.194  0.306  -29.156 0.0000000000
66533  26.796  -1.164  -29.252 0.0000000000
67464  27.382  -0.087  -29.825 0.0000000000
67478  28.800  -0.471  -30.216 0.0000000000
115423  28.090  0.545  -31.136 0.0000000000
128358  23.560  4.225  -27.756 0.0000000000
72400  24.557  4.632  -29.035 0.0000000000
71466  29.412  3.044  -34.244 0.0000000000
70452  28.027  3.019  -32.270 0.0000000000
116508  30.257  2.314  -34.164 0.0000000000
129139  30.421  1.538  -33.055 0.0000000000
70463  31.978  2.336  -34.625 0.0000000000
70461  33.157  2.666  -33.635 0.0000000000
124626  32.702  3.337  -34.103 0.0000000000
75362  31.777  7.633  -33.486 0.0000000000
134602  32.131  6.501  -33.020 0.0000000000
118429  27.934  11.951  -33.575 0.0000000000
78860  27.631  11.259  -33.185 0.0000000000
78867  27.973  11.183  -34.044 0.0000000000
78018  28.092  10.212  -34.124 0.0000000000
78873  28.382  11.028  -35.788 0.0000000000
116779  29.186  10.426  -37.653 0.0000000000
78892  29.735  11.068  -37.642 0.0000000000
130489  30.416  10.368  -36.461 0.0000000000
63747  28.922  -4.492  -27.544 0.0000000000
62843  29.421  -5.487  -27.451 0.0000000000
129042  29.743  -4.555  -27.582 0.0000000000
64700  32.879  -4.635  -27.902 0.0000000000
62840  32.351  -5.325  -27.318 0.0000000000
60977  28.028  -8.092  -24.471 0.0000000000
60030  29.021  -9.491  -25.196 0.0000000000
59040  29.820  -9.617  -25.180 0.0000000000
59053  29.772  -8.933  -25.510 0.0000000000
60041  30.554  -8.556  -26.024 0.0000000000
121110  31.231  -7.618  -26.617 0.0000000000
67429  25.470  0.357  -27.378 0.0000000000
68380  25.520  0.953  -28.190 0.0000000000
127384  25.222  1.514  -28.709 0.0000000000
73403  25.281  5.792  -30.846 0.0000000000
72426  25.950  4.666  -30.921 0.0000000000
72438  27.550  4.859  -33.027 0.0000000000
124275  28.950  4.660  -33.839 0.0000000000
72471  30.647  4.333  -35.120 0.0000000000
72469  32.091  5.046  -34.423 0.0000000000
74460  30.999  6.184  -34.406 0.0000000000
75375  31.288  7.082  -34.803 0.0000000000
77162  31.364  8.988  -34.689 0.0000000000
119703  27.528  13.571  -31.391 0.0000000000
117302  27.592  13.073  -32.497 0.0000000000
114934  27.608  13.197  -33.248 0.0000000000
80751  27.104  13.620  -34.936 0.0000000000
64728  30.151  -2.823  -28.790 0.0000000000
64716  30.823  -3.366  -28.592 0.0000000000
65621  31.621  -3.041  -28.753 0.0000000000
65619  32.975  -2.943  -28.866 0.0000000000
74396  23.607  7.599  -29.310 0.0000000000
74407  25.465  6.836  -31.169 0.0000000000
128077  27.325  7.029  -32.893 0.0000000000
111899  27.979  7.796  -33.879 0.0000000000
57995  31.412  -10.465  -24.510 0.0000000000
68425  34.455  0.063  -32.092 0.0000000000
67472  34.331  -1.926  -31.141 0.0000000000
130294  27.726  -4.647  -27.217 0.0000000000
61917  27.206  -6.107  -27.728 0.0000000000
62846  26.244  -5.550  -28.484 0.0000000000
64729  26.708  -4.261  -29.062 0.0000000000
65622  28.091  -2.953  -28.346 0.0000000000
66515  26.597  -1.352  -28.384 0.0000000000
65639  27.711  -2.233  -29.068 0.0000000000
65638  28.624  -2.483  -29.239 0.0000000000
66530  30.163  -1.830  -29.638 0.0000000000
136001  31.076  -1.048  -30.642 0.0000000000
67487  32.421  -0.266  -31.539 0.0000000000
134140  24.557  2.569  -28.755 0.0000000000
70409  25.925  2.279  -29.823 0.0000000000
129459  26.763  3.560  -31.357 0.0000000000
70438  27.629  2.516  -31.532 0.0000000000
68431  27.839  0.854  -31.459 0.0000000000
68429  29.505  0.632  -31.891 0.0000000000
69403  31.479  0.890  -32.542 0.0000000000
68426  33.380  0.323  -32.205 0.0000000000
69416  33.966  1.802  -32.701 0.0000000000
71442  34.141  2.908  -32.453 0.0000000000
123226  32.652  4.849  -33.987 0.0000000000
111901  27.362  9.248  -33.417 0.0000000000
131168  28.477  8.808  -35.180 0.0000000000
76292  28.678  7.968  -35.800 0.0000000000
81705  26.314  14.256  -35.944 0.0000000000
131556  27.215  13.453  -37.003 0.0000000000
80777  27.633  12.820  -38.627 0.0000000000
78884  27.816  11.754  -37.551 0.0000000000
122240  28.945  10.420  -37.592 0.0000000000
77172  29.093  8.625  -37.765 0.0000000000
76303  29.075  7.881  -37.635 0.0000000000
77166  30.137  8.541  -36.638 0.0000000000
77163  30.884  9.472  -35.500 0.0000000000
77157  31.081  9.901  -34.263 0.0000000000
128493  28.875  -5.869  -27.689 0.0000000000
61914  30.825  -6.532  -27.194 0.0000000000
61900  31.550  -7.204  -27.113 0.0000000000
63745  31.429  -5.044  -27.670 0.0000000000
61912  32.144  -6.182  -27.254 0.0000000000
62814  27.253  -5.546  -25.656 0.0000000000
61884  27.409  -6.273  -25.345 0.0000000000
74473  29.996  7.226  -35.159 0.0000000000
75384  29.288  7.594  -36.316 0.0000000000
81675  26.197  15.439  -32.958 0.0000000000
67474  33.403  -1.497  -31.138 0.0000000000
59041  28.390  -9.895  -24.709 0.0000000000
59027  27.711  -10.174  -24.038 0.0000000000
134257  28.547  -10.397  -24.439 0.0000000000
57985  29.411  -10.739  -24.064 0.0000000000
57996  30.218  -10.218  -24.536 0.0000000000
60039  31.869  -8.524  -25.732 0.0000000000
60029  31.681  -8.970  -25.151 0.0000000000
60993  32.281  -7.958  -25.985 0.0000000000
65601  26.218  -2.677  -26.821 0.0000000000
66489  25.677  -1.921  -27.192 0.0000000000
68404  26.731  0.685  -29.741 0.0000000000
68403  27.362  0.378  -30.322 0.0000000000
67479  27.978  0.007  -30.515 0.0000000000
68416  27.634  0.603  -30.834 0.0000000000
72393  23.229  5.096  -28.014 0.0000000000
72401  23.827  5.327  -28.667 0.0000000000
71475  30.840  3.666  -35.382 0.0000000000
71465  30.340  2.855  -34.633 0.0000000000
70464  31.120  2.347  -34.425 0.0000000000
116976  31.262  2.941  -34.910 0.0000000000
71464  32.008  3.078  -34.734 0.0000000000
76278  31.563  8.416  -32.958 0.0000000000
78874  28.017  12.014  -34.499 0.0000000000
131200  28.320  11.371  -34.874 0.0000000000
79811  29.685  11.753  -37.904 0.0000000000
78882  30.535  11.606  -36.935 0.0000000000
64702  29.256  -3.878  -27.631 0.0000000000
63743  33.327  -4.454  -27.484 0.0000000000
63733  32.972  -4.839  -27.226 0.0000000000
60998  27.803  -7.260  -25.075 0.0000000000
126676  27.123  -7.706  -24.331 0.0000000000
60031  28.294  -8.970  -24.617 0.0000000000
60995  30.414  -7.899  -26.299 0.0000000000
60051  31.305  -8.235  -26.489 0.0000000000
68382  24.401  1.687  -27.725 0.0000000000
68381  25.267  1.089  -27.715 0.0000000000
69356  24.681  1.535  -28.164 0.0000000000
69368  24.527  1.972  -28.565 0.0000000000
73419  26.244  5.766  -31.928 0.0000000000
73420  25.818  5.299  -31.218 0.0000000000
73439  27.340  5.647  -33.029 0.0000000000
73473  29.412  5.341  -34.178 0.0000000000
72472  29.769  4.493  -34.490 0.0000000000
73471  30.916  5.141  -34.683 0.0000000000
75382  30.366  7.721  -35.342 0.0000000000
76290  31.203  8.063  -34.792 0.0000000000
113642  27.488  13.758  -32.055 0.0000000000
81674  26.909  15.014  -33.784 0.0000000000
80725  27.245  13.829  -32.935 0.0000000000
80740  27.275  13.838  -33.910 0.0000000000
118710  30.382  -2.229  -29.226 0.0000000000
65636  31.008  -2.347  -28.778 0.0000000000
65635  31.788  -2.296  -29.265 0.0000000000
65633  33.421  -2.273  -29.711 0.0000000000
65620  32.271  -2.794  -28.892 0.0000000000
64714  32.999  -3.912  -28.384 0.0000000000
129296  23.121  8.350  -28.772 0.0000000000
75333  23.958  8.409  -29.892 0.0000000000
74408  24.887  6.842  -30.721 0.0000000000
75345  24.649  8.020  -30.513 0.0000000000
75363  26.731  7.475  -32.396 0.0000000000
111898  26.991  8.021  -33.280 0.0000000000
59039  30.806  -9.713  -24.968 0.0000000000
59025  32.294  -10.342  -24.477 0.0000000000
69402  34.434  1.172  -32.106 0.0000000000
63734  27.227  -4.333  -26.532 0.0000000000
63748  26.403  -5.107  -27.813 0.0000000000
62845  26.772  -5.862  -27.757 0.0000000000
121723  26.692  -3.488  -27.944 0.0000000000
64720  26.967  -4.730  -28.853 0.0000000000
64719  27.459  -3.516  -28.310 0.0000000000
65623  27.185  -2.651  -28.473 0.0000000000
67441  26.281  -0.662  -27.940 0.0000000000
66502  26.061  -1.680  -27.715 0.0000000000
66532  27.456  -1.466  -29.409 0.0000000000
118019  29.234  -1.590  -29.334 0.0000000000
67477  29.541  -0.330  -30.507 0.0000000000
67476  30.338  -0.641  -30.557 0.0000000000
67488  31.033  -0.386  -31.252 0.0000000000
135392  24.198  3.752  -28.220 0.0000000000
71407  23.849  3.297  -27.759 0.0000000000
71415  24.376  3.148  -28.486 0.0000000000
70401  24.854  2.450  -29.039 0.0000000000
70410  25.242  2.798  -29.500 0.0000000000
72424  27.111  4.107  -31.896 0.0000000000
121986  26.367  4.130  -31.151 0.0000000000
71455  27.697  3.707  -32.560 0.0000000000
127355  28.748  2.666  -32.731 0.0000000000
70437  28.244  2.162  -32.058 0.0000000000
69406  27.771  1.546  -31.474 0.0000000000
69405  28.191  1.206  -32.079 0.0000000000
68430  28.434  0.732  -31.757 0.0000000000
69404  28.880  1.200  -32.338 0.0000000000
69418  31.220  1.298  -33.199 0.0000000000
68441  32.113  1.139  -33.140 0.0000000000
68427  32.235  0.677  -32.234 0.0000000000
68440  32.931  1.171  -32.629 0.0000000000
135161  33.460  1.548  -32.976 0.0000000000
71453  33.214  3.569  -33.314 0.0000000000
70448  33.966  2.425  -33.057 0.0000000000
135758  33.832  3.034  -33.164 0.0000000000
72423  33.454  3.753  -32.384 0.0000000000
115383  32.506  5.490  -33.801 0.0000000000
79767  27.726  12.202  -32.225 0.0000000000
78013  27.516  10.610  -32.803 0.0000000000
78007  27.473  10.652  -32.166 0.0000000000
77152  27.295  9.773  -32.627 0.0000000000
76279  26.494  9.173  -32.278 0.0000000000
77164  28.420  9.612  -35.128 0.0000000000
77158  27.986  9.241  -34.156 0.0000000000
81706  25.440  14.548  -36.788 0.0000000000
80766  25.974  13.886  -36.984 0.0000000000
80765  27.151  13.562  -36.067 0.0000000000
79817  28.218  11.765  -39.328 0.0000000000
79812  27.831  11.591  -38.552 0.0000000000
78893  28.321  11.139  -37.804 0.0000000000
78036  29.420  9.394  -37.584 0.0000000000
78037  29.152  9.492  -37.587 0.0000000000
77171  29.550  8.642  -37.505 0.0000000000
76302  29.578  7.922  -37.385 0.0000000000
133631  30.728  10.219  -35.762 0.0000000000
78021  30.792  10.554  -34.794 0.0000000000
61928  27.240  -6.182  -28.256 0.0000000000
61916  28.117  -5.697  -28.129 0.0000000000
61927  27.992  -6.199  -28.249 0.0000000000
115226  30.281  -5.931  -27.327 0.0000000000
61915  29.688  -6.151  -27.124 0.0000000000
61913  31.705  -6.536  -27.328 0.0000000000
64715  31.576  -3.903  -28.496 0.0000000000
63761  30.705  -4.358  -28.173 0.0000000000
63760  31.709  -4.582  -28.188 0.0000000000
62829  32.549  -5.411  -26.832 0.0000000000
121844  32.314  -6.243  -27.017 0.0000000000
119993  32.564  -7.016  -26.912 0.0000000000
60997  28.821  -7.148  -25.594 0.0000000000
61902  29.372  -6.283  -26.781 0.0000000000
122213  27.503  6.219  -33.409 0.0000000000
73457  27.745  5.479  -33.618 0.0000000000
74449  27.958  6.172  -34.018 0.0000000000
74463  29.015  6.246  -34.137 0.0000000000
74462  29.995  6.285  -34.351 0.0000000000
74461  30.555  6.221  -34.365 0.0000000000
76296  29.888  7.885  -36.547 0.0000000000
82516  25.747  15.197  -34.812 0.0000000000
117213  31.577  -1.575  -30.281 0.0000000000
66528  32.146  -2.148  -30.024 0.0000000000
66527  33.262  -2.084  -30.225 0.0000000000
76271  25.381  8.655  -31.668 0.0000000000
60012  26.972  -9.104  -23.590 0.0000000000
57971  30.581  -11.099  -22.853 0.0000000000
59051  31.172  -9.201  -25.209 0.0000000000
64687  26.686  -3.503  -26.508 0.0000000000
64703  26.712  -3.397  -27.289 0.0000000000
65624  26.475  -2.381  -28.185 0.0000000000
67455  26.450  -0.546  -28.803 0.0000000000
67465  26.761  -0.268  -29.427 0.0000000000
126145  27.286  -0.765  -29.528 0.0000000000
67463  28.029  -0.755  -29.745 0.0000000000
66544  28.866  -0.942  -29.494 0.0000000000
68415  28.931  0.273  -30.922 0.0000000000
71416  24.098  4.438  -28.399 0.0000000000
71422  25.212  3.594  -29.806 0.0000000000
71467  28.881  3.530  -33.608 0.0000000000
71454  28.562  3.376  -32.907 0.0000000000
70466  29.037  2.815  -33.660 0.0000000000
70465  29.609  2.521  -34.029 0.0000000000
70450  29.200  2.294  -33.336 0.0000000000
69419  29.840  2.053  -33.444 0.0000000000
69429  30.788  1.908  -33.728 0.0000000000
69428  31.883  1.800  -33.921 0.0000000000
70462  32.648  2.101  -34.002 0.0000000000
72436  32.851  4.216  -33.644 0.0000000000
75369  31.905  6.770  -33.614 0.0000000000
74447  32.169  6.102  -33.709 0.0000000000
75361  32.055  7.168  -32.757 0.0000000000
120472  27.875  11.861  -32.863 0.0000000000
128913  27.693  10.666  -33.439 0.0000000000
78022  28.424  10.599  -34.947 0.0000000000
78027  28.491  9.938  -36.192 0.0000000000
78907  28.623  11.457  -39.359 0.0000000000
78899  29.036  11.062  -38.567 0.0000000000
78035  29.567  10.329  -37.641 0.0000000000
78891  30.237  10.659  -37.218 0.0000000000
124994  30.520  11.063  -36.332 0.0000000000
63762  28.159  -4.697  -28.163 0.0000000000
62844  28.487  -5.782  -28.114 0.0000000000
63746  30.439  -5.185  -27.492 0.0000000000
63744  32.248  -4.954  -27.860 0.0000000000
60032  27.504  -8.541  -24.074 0.0000000000
60042  29.905  -8.302  -25.741 0.0000000000
67442  25.681  0.056  -27.672 0.0000000000
68394  25.683  0.786  -28.840 0.0000000000
68405  25.806  1.092  -29.267 0.0000000000
73387  24.601  5.784  -29.931 0.0000000000
73404  24.854  5.175  -30.412 0.0000000000
72425  26.531  4.856  -31.667 0.0000000000
120268  27.534  4.250  -32.666 0.0000000000
72455  28.110  4.735  -33.629 0.0000000000
72454  28.700  4.169  -33.576 0.0000000000
72453  29.278  3.852  -34.067 0.0000000000
71476  30.028  3.657  -34.732 0.0000000000
72470  31.283  4.427  -35.183 0.0000000000
73470  31.481  5.423  -34.452 0.0000000000
74448  31.641  6.311  -34.196 0.0000000000
75370  31.682  7.046  -34.233 0.0000000000
117175  31.613  7.645  -34.358 0.0000000000
76284  31.579  8.465  -33.920 0.0000000000
116226  27.685  12.807  -34.034 0.0000000000
79800  27.642  12.758  -35.192 0.0000000000
64717  29.992  -3.603  -28.278 0.0000000000
125899  32.341  -3.488  -28.598 0.0000000000
130526  24.211  6.429  -29.469 0.0000000000
124511  24.826  6.042  -30.424 0.0000000000
122918  25.697  6.044  -31.460 0.0000000000
75344  25.077  7.721  -31.011 0.0000000000
74417  26.068  6.888  -31.839 0.0000000000
74450  27.750  7.040  -33.589 0.0000000000
115027  28.464  7.686  -34.776 0.0000000000
67473  34.068  -1.872  -31.296 0.0000000000
117359  34.497  -0.921  -31.394 0.0000000000
62831  27.025  -5.087  -26.045 0.0000000000
62830  28.059  -5.047  -26.932 0.0000000000
61918  26.667  -5.892  -28.129 0.0000000000
62858  26.546  -5.635  -28.541 0.0000000000
63773  26.109  -5.245  -29.112 0.0000000000
62857  27.139  -5.530  -28.642 0.0000000000
64718  28.492  -3.720  -27.850 0.0000000000
66514  27.091  -1.826  -28.710 0.0000000000
65637  29.602  -2.363  -29.173 0.0000000000
66543  29.694  -0.953  -29.864 0.0000000000
66542  30.641  -1.456  -30.193 0.0000000000
67475  32.053  -0.965  -30.760 0.0000000000
69358  23.348  2.785  -27.100 0.0000000000
70393  23.787  2.563  -27.591 0.0000000000
132710  25.004  1.999  -28.925 0.0000000000
69380  25.385  2.002  -29.260 0.0000000000
69379  26.153  1.563  -29.602 0.0000000000
72407  25.072  4.391  -30.152 0.0000000000
134919  25.636  4.047  -30.477 0.0000000000
71444  26.242  3.405  -30.754 0.0000000000
71443  27.380  3.333  -31.735 0.0000000000
70439  26.919  2.890  -31.098 0.0000000000
70424  26.386  2.519  -30.500 0.0000000000
70423  27.224  2.030  -30.849 0.0000000000
69392  26.699  1.549  -30.252 0.0000000000
68443  29.750  1.431  -32.582 0.0000000000
68442  30.587  0.947  -32.360 0.0000000000
120158  30.439  0.267  -31.735 0.0000000000
68428  31.329  0.368  -31.898 0.0000000000
68439  33.762  1.106  -32.382 0.0000000000
70449  33.435  1.994  -33.445 0.0000000000
70436  34.477  2.117  -32.128 0.0000000000
72452  32.123  4.090  -34.486 0.0000000000
74431  32.478  5.905  -32.815 0.0000000000
78855  27.634  11.320  -32.468 0.0000000000
111900  26.724  8.910  -33.145 0.0000000000
111897  27.526  8.622  -33.658 0.0000000000
76285  28.186  8.321  -34.535 0.0000000000
75385  28.865  7.627  -36.685 0.0000000000
81693  25.483  15.145  -35.963 0.0000000000
79807  27.881  12.696  -36.488 0.0000000000
80778  26.665  13.532  -37.773 0.0000000000
79813  27.598  12.713  -37.725 0.0000000000
78883  28.298  11.592  -36.668 0.0000000000
117781  28.660  10.616  -36.916 0.0000000000
77173  28.858  9.317  -37.299 0.0000000000
76304  28.836  8.220  -37.536 0.0000000000
76298  28.762  7.760  -37.187 0.0000000000
76297  28.986  7.659  -37.252 0.0000000000
75390  29.369  7.655  -37.138 0.0000000000
78026  30.264  9.494  -36.580 0.0000000000
77156  31.272  9.299  -33.803 0.0000000000
78872  30.452  11.549  -34.352 0.0000000000
78017  30.630  10.844  -33.672 0.0000000000
78016  30.920  10.070  -33.101 0.0000000000
61903  28.493  -5.242  -27.120 0.0000000000
61926  28.641  -5.941  -27.941 0.0000000000
61901  30.478  -6.872  -26.496 0.0000000000
61007  31.953  -7.803  -26.880 0.0000000000
62841  31.915  -5.635  -27.460 0.0000000000
61899  32.275  -7.148  -27.234 0.0000000000
61006  32.276  -7.655  -26.800 0.0000000000
66526  34.007  -2.286  -30.694 0.0000000000
62859  26.038  -5.415  -29.123 0.0000000000
62866  27.091  -4.987  -28.881 0.0000000000
63749  26.027  -5.408  -28.522 0.0000000000
63763  25.858  -5.587  -29.084 0.0000000000
63771  27.093  -4.510  -28.881 0.0000000000
63772  26.654  -4.737  -29.284 0.0000000000
64721  25.787  -5.482  -29.115 0.0000000000
64730  26.352  -4.981  -29.099 0.0000000000
64731  26.061  -5.234  -29.190 0.0000000000
69357  23.888  2.234  -27.471 0.0000000000
69391  27.393  1.135  -30.902 0.0000000000
69420  29.267  1.814  -32.845 0.0000000000
70392  24.183  2.433  -28.228 0.0000000000
71423  24.771  3.137  -29.206 0.0000000000
71463  32.449  2.563  -34.299 0.0000000000
72408  24.649  4.810  -29.890 0.0000000000
72414  25.337  4.843  -30.686 0.0000000000
72439  27.203  4.684  -32.301 0.0000000000
73371  23.719  6.356  -28.928 0.0000000000
73440  26.990  5.370  -32.399 0.0000000000
74395  24.383  7.028  -30.047 0.0000000000
75354  25.513  7.883  -31.427 0.0000000000
117274  24.882  4.027  -29.526 0.0000000000
119421  24.615  3.836  -28.773 0.0000000000
130569  25.906  -5.541  -29.115 0.0000000000
132951  29.929  -4.043  -27.848 0.0000000000
