#!ascii label  , from subject sub-003S6257 vox2ras=TkReg
1371
30274  33.689  -38.361  -11.096 0.8999999762
116190  34.031  -39.064  -11.381 0.8000000119
30272  35.056  -38.806  -11.953 0.8000000119
28312  34.929  -40.469  -12.480 0.6999999881
117890  35.490  -40.131  -13.034 0.8000000119
30275  32.604  -38.579  -11.225 0.8999999762
30273  34.527  -38.597  -11.464 1.0000000000
31201  35.417  -38.119  -12.304 1.0000000000
30293  35.400  -38.869  -12.531 0.8999999762
29296  35.629  -39.281  -13.110 0.8000000119
29312  35.560  -39.717  -13.919 0.8000000119
30320  35.846  -38.762  -13.991 0.8999999762
28362  35.213  -40.212  -14.776 0.8000000119
29325  35.172  -39.602  -15.622 0.6999999881
28363  35.001  -40.328  -15.651 0.6999999881
115450  32.090  -37.761  -11.299 0.8000000119
121475  32.891  -37.726  -10.896 0.8999999762
31170  33.039  -36.997  -10.249 0.8999999762
31185  31.336  -37.260  -11.629 0.8999999762
31205  29.136  -37.956  -12.154 0.8999999762
31182  34.523  -37.720  -11.153 0.8999999762
31181  35.335  -37.360  -11.618 1.0000000000
30306  35.730  -38.482  -13.074 0.8999999762
114852  35.921  -37.915  -13.644 1.0000000000
114601  35.673  -37.899  -14.488 0.8999999762
30330  35.525  -38.507  -14.836 0.8999999762
29324  35.477  -39.263  -14.796 0.8000000119
118147  34.707  -39.973  -16.447 0.6999999881
32054  32.296  -36.475  -10.724 0.8999999762
32055  31.725  -36.461  -11.197 0.8999999762
32056  31.026  -36.580  -11.538 0.8999999762
31187  29.492  -37.256  -11.898 0.8999999762
31169  34.152  -36.979  -10.583 0.8999999762
132982  34.883  -36.962  -11.067 0.8999999762
117128  35.719  -37.308  -12.447 1.0000000000
123746  35.329  -37.871  -15.342 0.8000000119
30331  35.265  -38.716  -15.542 0.8000000119
29338  34.870  -38.973  -16.346 0.8000000119
30337  34.503  -38.240  -17.129 0.8000000119
29347  34.239  -38.870  -18.075 0.8000000119
30347  33.333  -38.165  -18.171 0.8000000119
32041  32.044  -35.955  -10.698 0.8999999762
129125  29.714  -36.670  -11.476 0.8999999762
134474  27.742  -37.935  -11.182 0.8999999762
32039  33.772  -36.234  -10.179 0.8999999762
131066  28.792  -36.587  -11.157 0.8999999762
32058  27.616  -36.454  -11.112 0.8000000119
31188  26.228  -38.189  -11.310 0.8000000119
32038  34.701  -36.270  -10.731 0.8999999762
122974  27.969  -35.627  -10.922 0.6999999881
122179  26.489  -37.371  -11.377 0.6999999881
31189  25.326  -37.906  -11.586 0.6999999881
32053  35.322  -36.467  -11.333 0.8999999762
32061  25.230  -37.161  -11.905 0.6999999881
32076  24.542  -36.816  -12.474 0.6999999881
32963  35.692  -35.964  -11.694 1.0000000000
32985  24.920  -36.052  -12.946 0.6000000238
32052  35.706  -36.622  -11.975 1.0000000000
32073  35.912  -36.597  -12.785 1.0000000000
31212  35.960  -37.220  -13.265 1.0000000000
31232  35.457  -37.095  -14.949 1.0000000000
31223  35.932  -37.163  -14.109 1.0000000000
124876  35.098  -38.011  -16.272 0.8000000119
31239  33.955  -37.331  -17.338 0.8000000119
30346  33.837  -38.001  -17.679 0.8000000119
31248  33.262  -37.372  -17.850 0.8000000119
31249  32.609  -37.495  -18.379 0.8000000119
32040  32.794  -36.157  -10.066 0.8999999762
113276  30.733  -36.143  -11.201 0.8999999762
32950  32.440  -35.343  -9.954 0.8999999762
32951  31.767  -35.495  -10.485 0.8999999762
126917  29.997  -36.045  -11.015 0.8999999762
32967  29.431  -35.081  -10.729 0.8999999762
32948  34.448  -35.442  -10.338 0.8999999762
32060  25.899  -36.818  -11.715 0.6999999881
32964  35.336  -35.546  -11.077 0.8999999762
32969  26.351  -35.582  -11.701 0.6000000238
32075  25.357  -36.334  -12.236 0.6000000238
33776  36.052  -35.226  -11.864 1.0000000000
32996  24.770  -35.721  -13.876 0.5000000000
32983  35.919  -35.956  -12.376 1.0000000000
32995  25.373  -35.165  -14.416 0.5000000000
32994  35.989  -35.773  -13.801 1.0000000000
32088  35.976  -36.502  -13.602 1.0000000000
32097  35.623  -36.269  -14.484 1.0000000000
32104  34.901  -35.991  -15.815 0.8999999762
31238  34.538  -37.319  -16.703 0.8000000119
32110  34.512  -36.237  -16.389 0.8999999762
133403  34.546  -36.768  -16.521 0.8000000119
32111  34.093  -36.536  -16.969 0.8000000119
33022  33.903  -35.703  -16.665 0.8999999762
33840  33.209  -35.234  -17.004 0.8999999762
33037  32.649  -35.811  -17.603 0.8000000119
33047  31.727  -36.061  -18.161 0.8000000119
33048  31.371  -35.409  -18.543 0.8000000119
32966  30.500  -35.390  -10.721 0.8999999762
32949  33.464  -35.446  -9.875 0.8999999762
117281  33.203  -34.753  -9.702 0.8999999762
123799  28.377  -34.883  -10.853 0.6999999881
33759  27.426  -34.721  -11.162 0.8000000119
33754  35.617  -34.726  -11.275 0.8999999762
33732  34.132  -34.544  -9.840 0.8999999762
127858  26.245  -35.036  -12.123 0.6999999881
32984  26.101  -34.915  -12.940 0.6000000238
129337  25.399  -35.361  -13.285 0.6000000238
33778  26.555  -34.383  -12.398 0.6999999881
33795  25.870  -34.601  -13.943 0.5000000000
32982  36.140  -35.348  -13.007 1.0000000000
33805  26.643  -34.215  -14.583 0.5000000000
33806  26.107  -34.766  -15.023 0.5000000000
33001  35.649  -35.365  -14.469 1.0000000000
122029  35.249  -35.664  -15.159 1.0000000000
33804  35.966  -34.584  -14.542 1.0000000000
33814  35.343  -34.876  -15.121 0.8999999762
33009  35.025  -35.192  -15.815 0.8999999762
33021  34.530  -35.467  -16.288 0.8999999762
130502  34.649  -34.811  -16.211 0.8999999762
33829  33.922  -34.832  -16.528 0.8999999762
33841  32.593  -34.755  -17.770 0.8999999762
123853  33.875  -34.054  -16.665 0.8999999762
117335  33.314  -34.335  -17.064 0.8999999762
131411  31.881  -34.859  -18.351 0.8999999762
34698  32.944  -33.583  -17.823 0.8999999762
32952  31.225  -35.103  -10.526 0.8999999762
33756  29.986  -34.644  -10.605 0.8999999762
120950  31.135  -34.378  -10.187 0.8999999762
130627  30.025  -33.875  -10.671 1.0000000000
33758  28.795  -34.320  -11.025 0.8000000119
33733  33.400  -34.102  -9.621 0.8999999762
124921  27.965  -34.026  -11.222 0.6999999881
33755  35.071  -34.662  -10.554 0.8999999762
34616  27.949  -33.465  -11.753 0.6999999881
34634  27.096  -33.704  -12.931 0.6999999881
33794  26.523  -34.182  -13.474 0.5000000000
33775  36.303  -34.567  -12.601 1.0000000000
34664  27.175  -33.754  -14.915 0.5000000000
33816  26.487  -34.273  -15.543 0.5000000000
33803  36.404  -34.520  -13.921 1.0000000000
34661  36.523  -33.999  -14.286 1.0000000000
125137  35.613  -34.309  -15.220 1.0000000000
34672  36.179  -33.950  -15.019 1.0000000000
34671  36.717  -33.429  -14.822 1.0000000000
34673  35.580  -33.731  -15.553 0.8999999762
33828  34.473  -34.176  -16.347 0.8999999762
34686  34.233  -33.453  -16.526 0.8999999762
35712  31.427  -32.509  -21.574 0.6999999881
35713  30.170  -32.489  -21.474 0.8000000119
34760  29.820  -33.057  -21.112 0.8000000119
35714  29.170  -32.434  -21.267 0.8000000119
34588  33.993  -33.509  -9.797 0.8999999762
34589  33.059  -33.346  -9.754 1.0000000000
130594  32.248  -33.259  -9.730 1.0000000000
35519  30.869  -32.721  -10.342 1.0000000000
34614  29.484  -33.279  -11.187 0.6999999881
34615  28.687  -33.506  -11.429 0.6999999881
34587  34.849  -33.733  -10.311 0.8999999762
34633  27.741  -33.287  -12.513 0.6999999881
34652  27.099  -33.622  -14.009 0.6000000238
34630  36.077  -34.277  -11.776 0.8999999762
34613  35.565  -33.944  -11.006 0.8999999762
34675  26.723  -33.569  -15.484 0.4000000060
34649  36.561  -34.030  -13.402 1.0000000000
118646  36.191  -33.400  -15.388 1.0000000000
35621  35.573  -32.906  -15.887 1.0000000000
34717  30.216  -32.522  -19.525 0.8999999762
35700  33.762  -32.324  -21.239 0.6000000238
35711  32.408  -32.496  -21.566 0.6000000238
120565  29.508  -31.945  -21.441 0.8000000119
34761  29.220  -32.810  -21.052 0.8999999762
34729  29.935  -32.918  -20.332 0.8999999762
35542  35.431  -32.946  -10.715 0.8999999762
35547  29.716  -32.567  -11.503 0.8000000119
34631  29.063  -32.840  -11.657 0.6999999881
34650  28.060  -32.618  -13.072 0.6999999881
34662  28.277  -33.089  -14.010 0.6000000238
35609  27.644  -32.600  -14.589 0.4000000060
34629  36.440  -33.728  -12.467 1.0000000000
34612  35.979  -33.309  -11.635 0.8999999762
35592  36.918  -33.238  -13.110 1.0000000000
35607  37.032  -33.432  -13.988 1.0000000000
35620  37.210  -32.702  -14.614 1.0000000000
119516  36.563  -32.800  -15.426 1.0000000000
36563  36.131  -31.987  -16.007 1.0000000000
35670  31.033  -32.316  -18.931 0.8999999762
120138  30.881  -31.498  -18.824 0.8999999762
35671  30.243  -31.844  -19.350 0.8999999762
36647  28.692  -31.784  -20.990 0.8999999762
35672  29.529  -32.217  -20.012 0.8999999762
122253  34.845  -31.628  -20.429 0.6000000238
36644  34.016  -31.631  -20.741 0.6000000238
35701  32.906  -32.040  -21.368 0.6000000238
36656  31.911  -32.051  -21.586 0.8000000119
36657  30.669  -31.863  -21.479 0.8000000119
35702  28.851  -32.369  -21.093 0.8999999762
35517  32.601  -32.513  -10.200 0.8999999762
35518  31.733  -32.563  -10.227 0.8999999762
35545  31.242  -31.970  -10.983 0.6999999881
36468  32.966  -31.789  -10.609 0.8999999762
35544  32.100  -31.820  -10.806 0.8999999762
35572  29.318  -32.418  -12.307 0.6000000238
35570  35.868  -32.200  -11.404 1.0000000000
35543  34.931  -31.946  -10.720 1.0000000000
36511  29.645  -31.989  -13.032 0.6000000238
35573  28.876  -32.386  -13.023 0.6000000238
35608  28.238  -32.673  -14.134 0.5000000000
35569  36.449  -32.811  -12.291 1.0000000000
120051  36.474  -31.983  -12.110 1.0000000000
134779  37.251  -32.793  -13.678 1.0000000000
125792  37.024  -32.080  -15.381 1.0000000000
36562  36.836  -31.507  -15.808 1.0000000000
36579  36.349  -31.104  -16.282 1.0000000000
36580  35.389  -31.296  -16.549 1.0000000000
36581  34.511  -31.480  -16.731 1.0000000000
35634  33.772  -31.852  -17.074 1.0000000000
36582  33.044  -31.099  -17.483 1.0000000000
35650  33.088  -32.011  -17.524 0.8999999762
36617  31.640  -31.600  -18.445 0.8999999762
36619  29.485  -31.431  -19.792 0.8999999762
124095  28.801  -31.136  -21.019 0.8999999762
37620  35.849  -30.230  -20.334 0.6000000238
37621  35.304  -30.875  -20.265 0.6000000238
135795  33.500  -31.855  -21.078 0.6000000238
120216  31.944  -31.383  -20.970 0.8000000119
36658  29.420  -31.241  -21.234 0.8000000119
36467  33.947  -31.799  -10.511 0.8999999762
35571  30.103  -32.086  -12.246 0.6000000238
36482  35.261  -31.212  -11.134 0.8999999762
36533  29.678  -31.220  -13.377 0.6000000238
36534  28.905  -31.732  -13.481 0.5000000000
115820  37.121  -32.252  -12.871 1.0000000000
36507  36.711  -31.225  -12.441 0.8999999762
35591  37.369  -32.052  -13.915 1.0000000000
35606  37.489  -31.833  -14.795 1.0000000000
36561  37.343  -31.382  -15.376 1.0000000000
37563  37.149  -30.896  -15.946 1.0000000000
37578  36.686  -30.360  -16.407 1.0000000000
37579  35.636  -30.413  -16.665 1.0000000000
37580  34.700  -30.703  -16.848 1.0000000000
37581  33.857  -30.872  -16.915 1.0000000000
37601  32.573  -30.180  -17.713 1.0000000000
36604  32.139  -30.886  -18.032 0.8999999762
36605  31.188  -30.697  -18.492 0.8999999762
36618  30.296  -30.992  -19.186 0.8999999762
113650  29.255  -30.451  -20.569 0.8999999762
38772  35.022  -29.998  -20.378 0.6000000238
37634  34.496  -30.817  -20.433 0.6000000238
36645  33.202  -31.263  -20.853 0.6000000238
37636  32.582  -30.495  -20.538 0.6999999881
37637  31.445  -30.519  -20.619 0.6999999881
36646  30.707  -31.176  -20.919 0.6999999881
126978  28.914  -31.024  -21.118 0.8000000119
37639  29.099  -30.490  -20.903 0.8999999762
38771  36.512  -29.673  -20.429 0.6000000238
37638  30.204  -30.546  -20.787 0.6999999881
37649  29.151  -30.428  -21.003 0.8999999762
36487  30.849  -31.715  -11.944 0.6999999881
36510  30.379  -31.430  -12.792 0.6000000238
36483  34.333  -31.023  -10.799 0.8999999762
36484  33.371  -31.059  -10.921 0.8000000119
36485  32.512  -31.204  -11.230 0.6999999881
36508  36.036  -31.307  -11.666 0.8999999762
37481  35.414  -30.734  -11.536 0.8000000119
37496  36.522  -30.287  -12.506 0.8000000119
125459  37.125  -30.705  -12.966 0.8999999762
36531  37.562  -31.287  -14.251 1.0000000000
36546  37.642  -31.186  -14.927 1.0000000000
37562  37.557  -30.670  -15.354 1.0000000000
121031  36.953  -29.667  -16.629 1.0000000000
38713  35.481  -29.638  -16.962 1.0000000000
38714  34.910  -30.077  -17.073 1.0000000000
37599  34.149  -30.096  -17.066 1.0000000000
37600  33.366  -30.186  -17.361 1.0000000000
37602  31.830  -30.002  -18.077 0.8999999762
37610  30.414  -30.105  -18.946 0.8999999762
37611  29.547  -30.455  -19.737 0.8999999762
37635  33.828  -30.867  -20.578 0.6000000238
38775  32.116  -29.481  -20.448 0.6999999881
39882  36.075  -28.883  -20.982 0.6000000238
113946  35.574  -29.384  -20.597 0.6000000238
38776  30.898  -29.778  -20.588 0.6999999881
38777  29.964  -29.940  -20.616 0.6999999881
36486  31.703  -31.350  -11.737 0.6999999881
36509  31.126  -31.229  -12.399 0.6000000238
37483  33.742  -30.374  -11.359 0.8000000119
37484  32.882  -30.619  -11.528 0.8000000119
37485  32.257  -30.865  -11.860 0.6999999881
37500  31.700  -30.719  -12.379 0.6999999881
38639  35.095  -30.161  -11.738 0.6999999881
37482  34.654  -30.542  -11.329 0.8000000119
37522  37.010  -30.036  -13.191 0.6999999881
38686  37.927  -29.732  -14.638 0.8000000119
130767  38.156  -29.325  -14.969 0.8000000119
115358  37.838  -29.904  -15.181 0.8000000119
38697  37.973  -29.144  -15.560 0.8000000119
37577  37.424  -29.994  -15.920 0.8999999762
133000  36.170  -29.844  -16.641 1.0000000000
38733  33.735  -29.381  -17.386 1.0000000000
38734  32.944  -29.450  -17.635 1.0000000000
38732  34.644  -29.319  -17.247 1.0000000000
38735  32.159  -29.389  -17.734 1.0000000000
38736  31.166  -29.020  -18.190 0.8999999762
38745  29.826  -29.494  -19.308 0.8999999762
130850  34.869  -29.178  -20.627 0.6000000238
38773  34.116  -29.815  -20.592 0.6000000238
135730  33.403  -30.474  -20.558 0.6000000238
38774  33.184  -29.595  -20.415 0.6999999881
38757  29.370  -29.539  -19.931 0.8999999762
38778  29.458  -29.630  -20.222 0.8999999762
39887  31.213  -28.909  -20.646 0.6999999881
38788  29.510  -29.612  -20.359 0.8999999762
122631  29.210  -28.571  -20.105 0.8999999762
38641  33.785  -29.627  -11.742 0.6999999881
114762  31.929  -30.086  -12.438 0.6000000238
37501  30.789  -30.568  -12.710 0.6000000238
38651  35.687  -29.716  -12.162 0.6999999881
38669  36.966  -29.274  -13.201 0.6999999881
120039  37.577  -28.967  -13.676 0.6999999881
38685  38.336  -28.682  -15.070 0.8000000119
38711  37.585  -29.201  -16.277 0.8000000119
38712  37.067  -28.939  -16.861 0.8000000119
38731  35.521  -28.908  -17.318 1.0000000000
38730  36.406  -28.585  -17.395 0.8000000119
127392  34.084  -28.608  -17.484 1.0000000000
39856  32.497  -28.766  -17.717 1.0000000000
40863  33.597  -28.057  -17.769 1.0000000000
127448  32.890  -28.240  -17.831 1.0000000000
39857  31.739  -28.756  -17.847 1.0000000000
40865  31.489  -28.171  -18.208 1.0000000000
122536  31.187  -28.547  -18.243 1.0000000000
38744  30.489  -29.292  -18.652 0.8999999762
39872  29.435  -28.724  -19.519 0.8999999762
39883  35.223  -28.578  -21.197 0.6000000238
39884  34.445  -28.637  -20.963 0.6000000238
39885  33.673  -28.824  -20.673 0.6999999881
119542  29.126  -28.614  -19.994 0.8999999762
124103  32.937  -28.817  -20.415 0.6999999881
124736  30.452  -28.536  -20.703 0.6999999881
39907  29.696  -28.562  -20.424 0.8999999762
38652  34.628  -29.343  -11.893 0.6000000238
38653  33.265  -29.372  -12.135 0.5000000000
39785  35.410  -28.778  -12.294 0.6999999881
39784  36.305  -28.845  -12.636 0.6999999881
39797  36.967  -28.327  -13.168 0.6999999881
39811  38.162  -28.334  -14.628 0.6999999881
133718  37.947  -28.775  -16.012 0.8000000119
39841  37.733  -28.525  -16.454 0.8000000119
39853  37.273  -28.214  -17.132 0.8000000119
40860  36.655  -27.801  -17.740 0.8000000119
40861  35.513  -28.055  -17.722 0.8999999762
39854  34.818  -28.525  -17.454 1.0000000000
40874  35.988  -27.248  -18.235 0.8000000119
40875  34.958  -27.382  -18.243 0.8999999762
40862  34.460  -27.965  -17.716 1.0000000000
40877  32.953  -27.608  -18.091 1.0000000000
40864  32.241  -28.212  -17.949 1.0000000000
40879  31.005  -27.554  -18.561 1.0000000000
40880  30.044  -27.466  -18.956 0.8999999762
39859  29.756  -28.101  -19.005 0.8999999762
123328  29.245  -27.874  -19.737 0.8999999762
40888  28.907  -27.143  -19.928 0.8999999762
39886  32.218  -28.507  -20.715 0.6999999881
121596  29.957  -27.865  -20.851 0.8000000119
39908  29.293  -27.723  -20.322 0.8999999762
39902  35.251  -27.846  -21.902 0.6000000238
39905  32.432  -27.843  -21.325 0.6999999881
39906  31.122  -28.061  -21.171 0.6999999881
40916  29.413  -27.103  -20.680 0.8000000119
40896  28.935  -27.075  -20.168 0.8999999762
114220  33.828  -28.949  -12.158 0.5000000000
39787  33.035  -28.659  -12.395 0.5000000000
119809  33.876  -28.226  -12.435 0.5000000000
40776  35.987  -28.055  -12.678 0.6999999881
39796  37.672  -28.320  -13.994 0.6999999881
40811  37.854  -27.558  -14.374 0.6999999881
40828  38.413  -27.365  -15.540 0.6999999881
39826  38.219  -28.181  -15.780 0.6999999881
40848  37.995  -27.800  -16.663 0.8000000119
40859  37.523  -27.462  -17.387 0.8000000119
41849  35.381  -26.608  -18.546 0.8000000119
41850  34.450  -26.727  -18.507 0.8999999762
40876  33.958  -27.443  -18.168 1.0000000000
41852  32.605  -26.981  -18.670 1.0000000000
40878  32.002  -27.641  -18.404 1.0000000000
41851  33.525  -26.869  -18.516 0.8999999762
41853  31.594  -26.982  -18.884 1.0000000000
41854  30.509  -26.950  -19.160 1.0000000000
41855  29.482  -26.861  -19.476 1.0000000000
41874  28.996  -26.692  -20.075 0.8999999762
121571  33.161  -28.325  -20.960 0.6999999881
41867  29.130  -26.444  -19.970 0.8999999762
39903  34.690  -27.986  -21.695 0.6000000238
39904  33.990  -28.230  -21.454 0.6000000238
41890  29.180  -26.482  -20.473 0.8999999762
117512  33.438  -27.770  -21.757 0.6999999881
40914  31.583  -27.217  -21.582 0.6999999881
40915  30.309  -27.207  -21.278 0.6999999881
41889  29.521  -26.447  -21.115 0.8000000119
41888  30.699  -26.415  -21.758 0.6999999881
118446  29.221  -25.748  -20.946 0.8000000119
112735  29.368  -25.033  -21.239 0.8999999762
39786  34.520  -28.495  -12.247 0.6000000238
40778  34.475  -27.875  -12.445 0.5000000000
40793  36.483  -27.439  -13.144 0.6999999881
40794  35.611  -27.267  -12.807 0.5000000000
134641  37.445  -27.170  -13.922 0.6999999881
41792  38.313  -26.870  -14.951 0.6999999881
41775  37.527  -26.665  -14.221 0.6999999881
41806  38.498  -26.628  -15.760 0.6999999881
40847  38.329  -27.246  -16.195 0.6999999881
41824  38.427  -26.432  -16.477 0.6999999881
40858  38.165  -27.042  -16.954 0.6999999881
41836  38.144  -26.302  -17.205 0.8000000119
41838  37.057  -26.998  -18.163 0.8000000119
41837  37.543  -26.244  -17.854 0.8000000119
41848  36.316  -26.462  -18.555 0.8000000119
127366  36.652  -25.727  -18.743 0.8000000119
42900  35.747  -25.858  -18.953 0.8000000119
41863  33.200  -26.349  -19.163 0.8999999762
41864  32.216  -26.361  -19.302 0.8999999762
42912  35.482  -25.197  -19.330 0.8000000119
118774  34.672  -25.448  -19.308 0.8000000119
41866  29.926  -26.311  -19.693 1.0000000000
41865  31.133  -26.375  -19.534 1.0000000000
40912  34.209  -27.772  -22.195 0.6000000238
42918  29.513  -25.795  -20.335 1.0000000000
40913  32.747  -27.270  -21.930 0.6999999881
41887  32.076  -26.619  -22.024 0.6999999881
42928  29.255  -26.007  -20.572 0.8999999762
42943  29.761  -25.795  -21.487 0.8000000119
42842  37.917  -25.907  -14.730 0.6999999881
123996  38.384  -26.105  -15.381 0.6999999881
42871  38.678  -25.726  -16.013 0.6999999881
42884  38.444  -25.654  -16.784 0.6999999881
42885  38.040  -25.581  -17.570 0.6999999881
123717  38.480  -24.911  -17.196 0.6999999881
42898  37.408  -25.602  -18.281 0.8000000119
41847  37.005  -26.226  -18.396 0.8000000119
42899  36.286  -25.113  -19.165 0.8000000119
121030  37.102  -24.981  -18.751 0.8000000119
42914  33.740  -25.607  -19.542 0.8999999762
42915  32.789  -25.640  -19.665 0.8999999762
43955  34.197  -24.895  -19.934 0.8000000119
43956  33.334  -24.980  -20.158 0.8999999762
42916  31.764  -25.674  -19.860 0.8999999762
40937  33.573  -27.367  -22.666 0.6000000238
43957  32.372  -24.986  -20.237 0.8999999762
42917  30.589  -25.666  -20.034 1.0000000000
125420  34.333  -27.597  -23.012 0.6000000238
43959  30.193  -25.027  -20.605 0.8999999762
43960  29.340  -25.123  -20.931 0.8999999762
42964  30.385  -25.499  -22.134 0.8000000119
42944  29.405  -24.968  -21.554 0.8999999762
42859  38.349  -25.376  -15.345 0.6999999881
123821  38.635  -25.062  -16.472 0.6999999881
43939  37.916  -24.774  -18.061 0.6999999881
43938  38.389  -24.127  -17.518 0.6999999881
43954  34.985  -24.630  -19.673 0.8000000119
124558  34.535  -24.234  -20.157 0.8000000119
43969  33.829  -24.233  -20.316 0.8000000119
43958  31.318  -24.976  -20.339 0.8999999762
43970  32.885  -24.130  -20.461 0.8000000119
40938  32.906  -26.829  -22.418 0.6999999881
43973  30.075  -24.326  -21.162 0.8999999762
41913  31.533  -25.963  -22.318 0.6999999881
43974  29.226  -24.429  -21.645 0.8000000119
44010  29.702  -24.802  -22.147 0.6999999881
43991  29.017  -24.266  -21.864 0.8000000119
43921  38.620  -24.804  -15.893 0.6999999881
43929  38.569  -24.225  -16.649 0.6999999881
44970  38.626  -23.420  -17.133 0.6999999881
44992  35.195  -23.710  -20.086 0.8000000119
45005  34.366  -23.557  -20.374 0.8000000119
45006  33.561  -23.389  -20.463 0.8000000119
43971  31.929  -24.304  -20.557 0.8999999762
127105  31.591  -23.680  -20.784 0.8999999762
41911  33.269  -26.689  -23.034 0.6000000238
43972  30.976  -24.302  -20.720 0.8999999762
41912  32.526  -26.239  -22.574 0.6999999881
42962  32.128  -25.560  -22.719 0.6999999881
45008  30.709  -23.573  -21.114 0.8999999762
44031  31.105  -24.443  -22.856 0.6999999881
44032  29.778  -24.280  -22.379 0.8000000119
46040  29.281  -23.031  -21.963 0.8000000119
45066  30.629  -23.719  -22.778 0.6999999881
45047  28.795  -23.930  -22.055 0.8000000119
45028  28.897  -23.789  -21.900 0.8000000119
45067  29.491  -23.488  -22.298 0.8000000119
44947  38.382  -23.844  -15.790 0.6999999881
44961  38.553  -23.358  -16.501 0.6000000238
41934  33.652  -26.375  -23.393 0.6000000238
45007  32.777  -23.180  -20.499 0.8000000119
46016  31.817  -22.575  -21.186 0.8999999762
130543  31.431  -23.135  -20.969 0.8999999762
41935  32.899  -25.927  -23.129 0.6000000238
46017  30.825  -22.749  -21.324 0.8999999762
42963  31.650  -25.017  -22.872 0.8000000119
46018  29.874  -22.765  -21.640 0.8999999762
117534  29.174  -23.298  -21.964 0.8000000119
122269  31.585  -23.946  -23.212 0.6999999881
123855  29.582  -22.767  -22.375 0.8000000119
46056  29.513  -22.264  -22.546 0.8000000119
42983  32.464  -25.154  -23.087 0.6999999881
46015  32.612  -22.512  -20.817 0.8000000119
44030  32.684  -24.586  -23.378 0.5000000000
121264  32.250  -24.073  -23.435 0.6000000238
42984  32.000  -24.559  -23.155 0.6999999881
46981  30.305  -22.010  -21.702 0.8000000119
45064  31.997  -23.387  -23.596 0.6000000238
45065  31.098  -23.196  -23.345 0.6000000238
118251  30.230  -22.916  -22.782 0.6999999881
46071  29.556  -22.105  -23.182 0.8000000119
46982  29.631  -22.203  -22.136 0.8000000119
46070  30.416  -22.356  -23.553 0.6000000238
46979  32.258  -21.902  -21.322 0.8000000119
46998  31.688  -21.160  -21.546 0.8000000119
47950  30.720  -21.199  -21.774 0.8999999762
45063  32.849  -23.694  -23.651 0.6000000238
47012  29.473  -21.259  -23.081 0.8000000119
47000  29.557  -21.597  -22.616 0.8000000119
46999  29.955  -21.346  -22.250 0.8000000119
47024  29.955  -21.509  -23.587 0.6000000238
46068  32.466  -22.725  -23.896 0.6000000238
47970  29.556  -20.756  -22.928 0.8000000119
46069  31.477  -22.558  -23.824 0.6000000238
47990  28.990  -19.564  -24.025 0.6999999881
47969  30.174  -20.351  -22.382 0.8000000119
47032  31.601  -20.989  -24.416 0.6000000238
48000  29.193  -19.653  -24.168 0.6000000238
48989  29.493  -19.136  -24.135 0.6999999881
47022  31.960  -21.996  -24.360 0.6000000238
134269  32.345  -21.652  -24.536 0.6000000238
117811  33.185  -19.859  -21.510 0.8000000119
47968  31.054  -20.498  -21.801 0.8000000119
47967  32.117  -20.185  -21.812 0.8000000119
46066  34.313  -22.691  -23.508 0.5000000000
48968  30.123  -19.445  -22.991 0.8000000119
113608  30.887  -19.935  -22.233 0.8000000119
46067  33.353  -22.789  -23.872 0.6000000238
48988  30.111  -18.797  -24.218 0.6000000238
46078  32.890  -22.093  -24.526 0.6000000238
116008  30.875  -19.647  -24.444 0.6000000238
47031  33.414  -21.457  -24.581 0.6000000238
114121  32.659  -21.207  -24.590 0.6000000238
47998  32.115  -20.243  -24.396 0.6000000238
48999  31.802  -19.086  -24.643 0.6000000238
133500  32.656  -19.639  -21.809 0.8000000119
131017  32.214  -19.262  -22.286 0.8000000119
48966  33.046  -19.275  -21.956 0.8000000119
47021  33.796  -22.063  -24.249 0.6000000238
50017  31.155  -18.525  -24.064 0.6000000238
47030  34.131  -21.312  -24.526 0.5000000000
50040  31.618  -17.968  -25.056 0.6000000238
47996  34.417  -20.565  -24.902 0.5000000000
47997  33.217  -20.408  -24.695 0.6000000238
48998  32.964  -19.293  -25.009 0.6000000238
47995  35.247  -20.440  -24.890 0.5000000000
49998  33.646  -18.896  -22.331 0.6999999881
49999  32.619  -18.697  -22.687 0.6000000238
50016  32.115  -18.136  -23.755 0.6000000238
50000  31.575  -18.708  -23.150 0.6000000238
50029  31.670  -18.005  -24.517 0.6000000238
51031  32.768  -17.431  -23.899 0.6000000238
48997  33.948  -19.814  -25.368 0.6000000238
49007  33.470  -18.843  -25.380 0.6000000238
50039  32.259  -18.282  -25.220 0.6000000238
50030  31.376  -18.517  -24.443 0.6000000238
51048  32.033  -17.467  -24.629 0.6000000238
120471  34.811  -19.970  -25.586 0.6000000238
49006  34.490  -19.277  -25.718 0.6000000238
48996  35.632  -19.789  -25.377 0.4000000060
49004  36.122  -19.216  -25.810 0.5000000000
50015  33.211  -18.169  -23.036 0.6000000238
113717  32.046  -17.558  -25.214 0.6000000238
50049  34.089  -18.352  -25.562 0.6000000238
114603  33.726  -17.573  -25.470 0.6000000238
49005  35.296  -19.363  -25.943 0.5000000000
119751  34.945  -18.707  -26.145 0.6000000238
50048  35.767  -18.749  -26.153 0.5000000000
50038  36.880  -18.792  -25.347 0.4000000060
50047  36.591  -18.563  -26.048 0.4000000060
50051  32.859  -17.028  -25.250 0.6000000238
51047  32.595  -17.018  -24.735 0.5000000000
133650  33.975  -17.000  -23.705 0.5000000000
51030  33.850  -17.458  -23.270 0.5000000000
50050  32.977  -17.868  -25.316 0.6000000238
52041  33.112  -16.663  -25.071 0.5000000000
51072  35.382  -18.125  -26.215 0.5000000000
118114  36.173  -17.959  -26.299 0.4000000060
51046  34.758  -17.193  -23.530 0.4000000060
52058  33.740  -16.507  -25.362 0.5000000000
51083  35.326  -17.196  -26.372 0.4000000060
51073  34.611  -17.730  -25.969 0.6000000238
51084  34.688  -16.911  -26.170 0.6000000238
51082  36.015  -17.065  -26.464 0.4000000060
53035  33.743  -16.177  -25.128 0.4000000060
52069  34.529  -16.321  -25.922 0.4000000060
51081  36.871  -17.373  -26.386 0.4000000060
52068  35.078  -16.208  -26.589 0.4000000060
125810  35.878  -16.456  -23.740 0.4000000060
53018  34.648  -15.956  -24.628 0.4000000060
53052  34.566  -15.941  -25.742 0.4000000060
120915  36.136  -16.461  -26.750 0.4000000060
52067  35.546  -16.223  -26.841 0.4000000060
53066  35.382  -15.384  -27.154 0.4000000060
53067  35.129  -15.634  -26.590 0.4000000060
53017  35.500  -15.847  -24.252 0.4000000060
126186  35.134  -15.422  -24.857 0.4000000060
53034  34.656  -15.690  -25.408 0.4000000060
53065  35.825  -15.436  -27.405 0.3000000119
121985  35.398  -15.127  -27.225 0.4000000060
53051  35.255  -15.250  -26.397 0.4000000060
53032  35.855  -14.991  -24.667 0.4000000060
53033  35.366  -15.038  -25.562 0.4000000060
34728  30.122  -33.614  -20.596 0.8999999762
115246  30.411  -33.803  -19.817 0.8999999762
33870  30.356  -34.570  -19.932 0.8999999762
33856  30.651  -34.505  -19.400 0.8999999762
34685  34.913  -33.543  -16.058 0.8999999762
35633  34.665  -32.801  -16.357 1.0000000000
35632  35.110  -32.113  -16.423 1.0000000000
34697  33.611  -33.471  -17.020 0.8999999762
117289  33.384  -32.703  -17.368 0.8999999762
134476  34.397  -32.179  -16.680 1.0000000000
120573  32.040  -34.017  -18.518 0.8999999762
35651  32.687  -32.619  -17.855 0.8999999762
124281  34.000  -32.728  -16.813 1.0000000000
34715  31.485  -33.177  -18.709 0.8999999762
36603  32.448  -31.765  -17.953 0.8999999762
52009  33.355  -16.953  -24.124 0.4000000060
52024  34.104  -16.601  -24.279 0.4000000060
51045  35.744  -17.229  -23.483 0.4000000060
31183  33.675  -37.569  -10.732 0.8999999762
129670  35.818  -37.830  -12.927 1.0000000000
31186  30.491  -37.283  -12.187 0.8999999762
32103  35.255  -36.394  -15.291 0.8999999762
31233  34.998  -36.964  -15.949 0.8000000119
32120  33.311  -36.606  -17.476 0.8000000119
32121  32.583  -36.679  -18.096 0.8000000119
33793  36.173  -35.098  -13.898 1.0000000000
33036  33.429  -35.949  -17.140 0.8999999762
33854  32.031  -35.406  -18.044 0.8000000119
33855  31.212  -34.675  -18.840 0.8000000119
33815  35.094  -34.350  -15.806 0.8999999762
34714  32.277  -33.176  -18.301 0.8999999762
33734  32.502  -34.176  -9.603 0.8999999762
34591  30.678  -33.662  -10.291 1.0000000000
34651  27.852  -33.292  -13.631 0.6000000238
34674  27.419  -33.219  -14.827 0.4000000060
132513  28.008  -33.096  -14.426 0.4000000060
33901  30.413  -34.060  -21.170 0.6999999881
36659  28.828  -31.713  -21.180 0.8000000119
35516  33.514  -32.589  -10.140 0.8999999762
34716  30.664  -33.126  -19.355 0.8999999762
35710  33.217  -32.755  -21.508 0.6000000238
35686  29.035  -32.398  -20.774 0.8999999762
35546  30.431  -32.237  -11.205 0.6999999881
118816  29.073  -31.170  -20.517 0.8999999762
35669  31.966  -32.440  -18.396 0.8999999762
37497  35.957  -30.559  -11.899 0.8000000119
37502  30.147  -30.718  -13.160 0.5000000000
36532  37.323  -31.372  -13.318 1.0000000000
38668  37.609  -29.773  -13.925 0.8000000119
37521  37.458  -30.629  -13.719 0.8999999762
37544  37.734  -30.489  -14.611 0.8999999762
119608  31.344  -30.135  -12.586 0.6000000238
38640  34.331  -29.982  -11.564 0.8000000119
37498  33.131  -30.007  -11.924 0.6000000238
38650  36.425  -29.559  -12.607 0.6999999881
123731  38.067  -29.057  -14.418 0.6999999881
135442  31.605  -29.318  -17.949 1.0000000000
39889  29.052  -27.728  -20.046 0.8999999762
38654  32.513  -29.558  -12.360 0.6000000238
38656  30.811  -29.793  -12.778 0.5000000000
114404  32.118  -28.802  -12.476 0.5000000000
40810  38.405  -27.862  -15.047 0.6999999881
129742  29.010  -26.841  -19.793 0.8999999762
40777  35.155  -27.922  -12.429 0.6000000238
126584  34.112  -27.474  -12.555 0.5000000000
120623  36.947  -26.944  -13.612 0.6999999881
42901  34.888  -25.974  -18.715 0.8000000119
40795  34.825  -27.292  -12.658 0.5000000000
41777  36.131  -26.680  -13.224 0.6999999881
41862  34.094  -26.142  -18.878 0.8999999762
135260  31.257  -25.440  -22.606 0.8000000119
43953  35.851  -24.322  -19.478 0.8000000119
45009  29.676  -23.600  -21.573 0.8999999762
123693  32.088  -23.108  -20.759 0.8999999762
46980  31.313  -21.963  -21.463 0.8999999762
47034  29.595  -20.606  -23.875 0.6999999881
47023  30.747  -21.539  -24.071 0.6000000238
47033  30.295  -20.256  -24.168 0.6000000238
48978  29.461  -19.059  -23.878 0.8000000119
49000  30.294  -18.856  -24.427 0.6000000238
48967  31.209  -19.333  -22.630 0.6999999881
51061  32.219  -17.262  -25.064 0.6000000238
52023  35.103  -16.575  -23.963 0.4000000060
53019  33.830  -15.943  -24.960 0.4000000060
53016  36.464  -15.834  -23.914 0.4000000060
53079  35.528  -14.993  -27.555 0.4000000060
120278  31.112  -33.891  -19.142 0.8999999762
24262  30.606  -44.822  -12.417 0.4000000060
116084  29.602  -43.934  -13.445 0.4000000060
25379  28.717  -43.597  -15.144 0.4000000060
125677  31.741  -44.110  -11.808 0.4000000060
25363  29.638  -43.227  -14.037 0.4000000060
25378  29.103  -43.042  -14.711 0.4000000060
24239  32.362  -43.985  -11.904 0.3000000119
25344  30.640  -43.367  -12.397 0.4000000060
25361  33.749  -44.012  -12.922 0.4000000060
121276  34.183  -43.281  -13.451 0.4000000060
26377  34.376  -43.012  -15.165 0.4000000060
128213  34.420  -42.346  -15.833 0.4000000060
26343  29.922  -42.557  -13.692 0.5000000000
130124  29.128  -42.358  -14.990 0.4000000060
26307  31.602  -42.555  -11.742 0.4000000060
26329  30.903  -42.605  -12.081 0.4000000060
25341  33.778  -43.214  -12.628 0.5000000000
26342  34.437  -42.475  -13.543 0.4000000060
26357  34.460  -42.751  -14.270 0.4000000060
126860  34.630  -41.580  -15.545 0.5000000000
27391  34.459  -41.601  -16.409 0.5000000000
120037  33.902  -40.741  -17.436 0.6000000238
124066  34.053  -41.582  -17.290 0.5000000000
27406  33.468  -41.065  -18.029 0.6000000238
120337  32.674  -40.886  -18.631 0.4000000060
124618  30.151  -41.855  -13.373 0.5000000000
26358  29.387  -41.759  -14.867 0.5000000000
27392  27.908  -41.107  -16.329 0.5000000000
26359  26.464  -41.672  -15.488 0.5000000000
27319  30.597  -41.852  -12.579 0.6000000238
26306  32.475  -42.494  -11.748 0.5000000000
27304  32.787  -41.506  -11.527 0.6000000238
132155  33.734  -42.523  -12.360 0.5000000000
112519  34.533  -41.859  -13.149 0.5000000000
27356  34.734  -41.895  -14.090 0.4000000060
134226  34.793  -41.551  -14.839 0.6000000238
117184  34.685  -40.865  -16.031 0.6000000238
119640  34.303  -40.778  -16.808 0.6000000238
28378  34.147  -39.950  -17.406 0.6000000238
114546  33.638  -39.678  -18.145 0.6000000238
29348  33.209  -38.968  -18.332 0.6000000238
28385  33.665  -40.347  -17.867 0.6000000238
28386  33.206  -40.267  -18.436 0.6000000238
29354  32.445  -39.110  -18.712 0.6000000238
30355  31.814  -38.426  -18.991 0.6000000238
27357  29.979  -41.036  -13.851 0.5000000000
27375  29.033  -40.994  -15.218 0.5000000000
27378  26.921  -40.909  -15.593 0.5000000000
25380  26.430  -42.454  -14.552 0.5000000000
27305  31.888  -41.684  -11.551 0.6000000238
125267  30.751  -40.981  -12.528 0.6000000238
27317  34.102  -41.794  -12.319 0.6000000238
27316  34.703  -41.193  -12.720 0.5000000000
27303  33.620  -41.271  -11.714 0.6000000238
27337  34.936  -41.236  -13.526 0.6000000238
125727  35.009  -41.076  -14.374 0.6000000238
29339  34.593  -39.199  -17.192 0.6000000238
30354  32.567  -38.309  -18.515 0.6000000238
28350  29.287  -40.174  -14.981 0.6000000238
131747  26.969  -40.435  -14.941 0.5000000000
26346  26.918  -42.492  -13.484 0.5000000000
28296  32.160  -40.806  -11.395 0.6000000238
28333  30.406  -40.266  -13.529 0.6000000238
26345  27.098  -41.426  -13.801 0.5000000000
25345  26.799  -43.845  -12.046 0.5000000000
115485  31.531  -39.926  -11.802 0.6000000238
28332  35.198  -40.754  -13.056 0.6000000238
31259  31.961  -37.752  -18.718 0.6999999881
29297  30.194  -39.255  -14.171 0.6000000238
29314  29.016  -39.765  -15.038 0.6000000238
27359  27.163  -40.554  -14.350 0.6000000238
28314  30.839  -39.885  -12.670 0.6000000238
29300  28.002  -40.041  -14.193 0.6000000238
28334  27.559  -40.377  -13.678 0.6000000238
26331  27.113  -41.872  -12.702 0.6000000238
125401  26.374  -43.222  -11.555 0.6000000238
29285  30.509  -38.858  -13.531 0.6000000238
25319  25.579  -43.510  -11.150 0.5000000000
28295  33.116  -40.567  -11.337 0.6000000238
129903  25.006  -42.759  -11.320 0.6000000238
32132  31.656  -36.928  -18.675 0.6999999881
29298  29.818  -38.893  -14.301 0.6000000238
29286  28.106  -39.842  -13.037 0.6000000238
30294  30.977  -38.769  -12.474 0.6000000238
30307  30.091  -38.328  -13.950 0.6000000238
125116  28.470  -39.420  -13.937 0.6000000238
27320  27.203  -41.328  -12.089 0.6000000238
129738  25.846  -42.777  -11.301 0.6000000238
29271  31.890  -39.203  -11.496 0.6000000238
26309  25.500  -42.006  -11.462 0.6000000238
29270  32.885  -39.584  -11.194 0.6000000238
28311  35.169  -39.611  -12.308 0.6000000238
124718  30.977  -36.083  -18.866 0.6999999881
123364  30.530  -36.033  -19.575 0.6999999881
29299  28.648  -38.997  -13.251 0.6999999881
28315  27.450  -40.444  -12.322 0.6999999881
115682  33.438  -39.095  -11.264 0.6000000238
31213  30.025  -37.929  -13.659 0.6999999881
30276  31.483  -38.211  -11.666 0.6999999881
30295  30.314  -38.073  -13.411 0.6999999881
127511  28.607  -38.604  -12.366 0.6999999881
28297  27.036  -40.075  -11.593 0.6999999881
116708  26.489  -41.501  -11.588 0.6000000238
125639  26.250  -40.780  -11.458 0.6999999881
29274  25.796  -39.701  -11.205 0.6000000238
28299  25.403  -40.983  -11.400 0.5000000000
34745  29.929  -33.290  -20.877 0.8000000119
31203  30.140  -37.659  -13.185 0.6999999881
31204  29.874  -37.577  -13.007 0.6999999881
123929  27.975  -39.020  -11.679 0.6999999881
116054  27.163  -39.332  -11.238 0.6999999881
114782  24.171  -40.717  -11.581 0.5000000000
128285  26.880  -38.684  -11.037 0.6999999881
115511  25.334  -39.206  -11.366 0.6000000238
116267  24.567  -39.269  -11.557 0.6000000238
115830  34.181  -22.769  -20.470 0.6999999881
43948  37.441  -24.175  -18.637 0.6999999881
43949  36.708  -24.348  -19.171 0.6999999881
43947  38.034  -23.985  -18.153 0.6000000238
45990  34.893  -23.005  -20.380 0.6999999881
46014  33.395  -22.565  -20.578 0.6999999881
46978  33.184  -21.701  -20.921 0.6999999881
44980  38.274  -23.369  -17.803 0.6000000238
44982  36.984  -23.519  -18.995 0.6000000238
44990  36.386  -23.724  -19.395 0.6999999881
124501  35.595  -22.687  -20.079 0.6999999881
113312  34.051  -21.924  -20.474 0.6999999881
46997  32.544  -21.171  -21.397 0.6999999881
44981  37.727  -23.400  -18.458 0.6000000238
46938  36.957  -21.985  -19.373 0.6000000238
46961  36.114  -21.920  -19.771 0.6999999881
46013  34.879  -22.253  -20.400 0.6999999881
47949  34.056  -21.088  -20.797 0.6999999881
47966  33.251  -20.731  -21.320 0.6999999881
45971  38.149  -22.622  -18.244 0.6000000238
125494  37.840  -21.887  -18.780 0.5000000000
46976  35.952  -21.293  -20.094 0.5000000000
46977  34.796  -21.412  -20.493 0.6999999881
48953  34.974  -19.948  -20.751 0.6999999881
48965  33.883  -19.405  -21.586 0.6999999881
52055  39.312  -16.835  -25.905 0.3000000119
52056  37.994  -17.220  -26.410 0.3000000119
24285  29.261  -44.637  -13.814 0.4000000060
24322  28.393  -44.105  -15.557 0.3000000119
24338  27.889  -44.111  -16.108 0.4000000060
113711  31.440  -44.901  -12.141 0.3000000119
25396  28.198  -43.190  -15.978 0.4000000060
24260  33.248  -44.586  -12.652 0.4000000060
126078  27.699  -42.492  -16.508 0.4000000060
24282  33.981  -44.190  -13.775 0.4000000060
24320  34.186  -43.872  -15.324 0.4000000060
25408  34.127  -43.269  -16.146 0.4000000060
26391  34.267  -42.415  -16.736 0.5000000000
27407  32.934  -41.593  -18.407 0.4000000060
26381  26.125  -42.114  -16.455 0.4000000060
28395  32.453  -39.999  -19.073 0.5000000000
24307  25.984  -43.852  -14.227 0.5000000000
30356  31.048  -38.478  -19.571 0.6000000238
24287  26.514  -44.175  -13.337 0.5000000000
25364  26.921  -43.504  -12.901 0.5000000000
24240  26.282  -44.557  -11.658 0.5000000000
31260  31.206  -37.693  -19.201 0.6000000238
24241  25.723  -44.341  -11.094 0.5000000000
25320  24.448  -43.484  -11.024 0.4000000060
125998  30.764  -36.886  -19.463 0.6999999881
26310  24.551  -42.126  -11.551 0.5000000000
33062  30.342  -35.337  -19.929 0.6999999881
27308  23.764  -41.705  -11.714 0.5000000000
33884  30.291  -34.482  -20.568 0.8000000119
27322  23.342  -41.001  -11.935 0.5000000000
29276  23.994  -39.754  -11.614 0.6000000238
41793  37.194  -25.951  -14.213 0.6000000238
46937  38.518  -21.690  -17.856 0.5000000000
46959  37.370  -21.238  -19.278 0.5000000000
46960  36.525  -21.292  -19.730 0.5000000000
48952  35.728  -19.899  -20.647 0.5000000000
48963  35.302  -19.530  -21.035 0.5000000000
49997  34.508  -18.946  -21.828 0.5000000000
52054  39.919  -16.211  -25.521 0.3000000119
52064  39.176  -16.031  -26.120 0.3000000119
52066  36.893  -16.154  -26.602 0.3000000119
29269  33.810  -39.804  -11.408 0.6000000238
28294  33.891  -40.568  -11.632 0.6000000238
30278  27.493  -38.564  -11.252 0.8000000119
33049  30.607  -35.284  -19.249 0.6999999881
33088  30.627  -35.032  -20.935 0.6999999881
44991  35.889  -23.454  -19.683 0.6999999881
24284  30.264  -44.037  -12.726 0.4000000060
25317  31.996  -43.336  -11.731 0.4000000060
24261  32.754  -44.436  -12.315 0.3000000119
26328  33.188  -42.912  -12.151 0.5000000000
26392  27.490  -41.765  -16.627 0.5000000000
26407  33.846  -42.395  -17.400 0.3000000119
25381  25.403  -43.253  -14.939 0.5000000000
29275  25.016  -39.994  -11.433 0.6000000238
45972  37.326  -22.702  -18.875 0.6000000238
45989  36.435  -22.841  -19.429 0.6999999881
46012  35.493  -21.738  -20.251 0.6999999881
47948  34.795  -20.626  -20.613 0.6999999881
47965  34.133  -20.157  -21.122 0.6999999881
112884  35.449  -20.991  -20.360 0.5000000000
116740  35.426  -20.384  -20.496 0.5000000000
48964  34.664  -19.462  -21.236 0.6999999881
47930  37.005  -20.796  -19.741 0.5000000000
47947  37.231  -20.216  -20.063 0.5000000000
48962  36.080  -19.263  -21.161 0.5000000000
119836  30.401  -36.052  -20.142 0.6000000238
119098  32.672  -34.049  -21.638 0.5000000000
33900  31.105  -34.866  -21.406 0.6000000238
34743  34.116  -33.883  -21.402 0.5000000000
34757  33.351  -33.495  -21.543 0.5000000000
119194  31.579  -34.040  -21.449 0.6000000238
32077  23.795  -36.854  -12.981 0.5000000000
34759  30.912  -33.250  -21.432 0.6000000238
114071  34.896  -33.131  -20.837 0.5000000000
35698  35.266  -32.343  -20.398 0.5000000000
32089  24.288  -36.349  -13.373 0.4000000060
32090  23.539  -36.634  -13.818 0.4000000060
33003  24.785  -35.605  -14.924 0.4000000060
34744  34.135  -33.027  -21.386 0.5000000000
36631  35.675  -31.607  -20.114 0.5000000000
35699  34.482  -32.400  -20.852 0.5000000000
33002  25.445  -35.149  -15.462 0.4000000060
124306  25.806  -34.709  -15.738 0.4000000060
116033  29.040  -30.949  -13.596 0.4000000060
36535  28.284  -31.201  -13.745 0.4000000060
36548  27.938  -31.903  -14.221 0.4000000060
131845  27.614  -31.136  -14.160 0.3000000119
40779  33.301  -27.705  -12.542 0.4000000060
39788  32.265  -27.883  -12.599 0.4000000060
115078  30.156  -30.096  -13.017 0.4000000060
37523  29.553  -30.287  -13.256 0.4000000060
41763  32.772  -26.964  -12.674 0.4000000060
38657  30.257  -29.520  -12.881 0.4000000060
38670  29.589  -29.308  -12.926 0.4000000060
37524  28.529  -30.367  -13.484 0.4000000060
38655  31.552  -29.424  -12.579 0.4000000060
121801  31.297  -28.460  -12.596 0.4000000060
115769  30.839  -29.162  -12.759 0.4000000060
41762  33.622  -26.869  -12.672 0.4000000060
40780  31.318  -27.504  -12.668 0.4000000060
39789  30.296  -28.574  -12.672 0.4000000060
40781  30.074  -27.810  -12.657 0.4000000060
39790  29.482  -28.235  -12.903 0.4000000060
38671  28.739  -29.596  -13.175 0.4000000060
40798  29.609  -27.351  -13.278 0.4000000060
125731  28.172  -29.073  -13.371 0.4000000060
38672  27.914  -29.701  -13.515 0.4000000060
41764  31.958  -26.988  -12.911 0.4000000060
40796  31.259  -26.801  -13.065 0.4000000060
41778  35.245  -26.514  -12.973 0.4000000060
41761  34.428  -26.758  -12.794 0.4000000060
41779  33.922  -26.148  -13.069 0.4000000060
41781  31.705  -26.228  -13.242 0.4000000060
40797  30.510  -27.132  -13.045 0.4000000060
41783  29.860  -26.505  -13.500 0.4000000060
40799  28.698  -27.731  -13.459 0.4000000060
41776  36.674  -26.277  -13.786 0.5000000000
42823  35.112  -25.643  -13.288 0.5000000000
126478  34.633  -26.117  -13.037 0.4000000060
41780  33.076  -26.193  -12.999 0.4000000060
123698  32.387  -26.401  -13.094 0.4000000060
42822  35.915  -25.915  -13.381 0.5000000000
42824  34.327  -25.541  -13.441 0.4000000060
42825  33.393  -25.421  -13.537 0.4000000060
42826  32.369  -25.565  -13.381 0.4000000060
42845  35.695  -25.133  -13.708 0.4000000060
43885  34.871  -24.944  -13.697 0.4000000060
43886  34.034  -24.935  -13.992 0.4000000060
43887  32.723  -24.857  -13.935 0.4000000060
124624  35.132  -23.612  -14.397 0.4000000060
44930  34.262  -23.563  -14.426 0.4000000060
43905  33.775  -24.260  -14.288 0.4000000060
44931  33.447  -23.573  -14.505 0.4000000060
42843  37.273  -25.282  -14.388 0.5000000000
44928  36.772  -23.894  -14.671 0.5000000000
44929  35.957  -23.802  -14.469 0.4000000060
45924  33.905  -22.877  -14.740 0.4000000060
45925  33.060  -22.825  -14.718 0.3000000119
43922  38.131  -24.598  -15.255 0.5000000000
43903  35.432  -24.357  -14.052 0.5000000000
131382  33.389  -24.794  -14.113 0.4000000060
43906  32.302  -24.270  -14.323 0.4000000060
43904  34.567  -24.268  -14.140 0.4000000060
124167  33.043  -24.286  -14.375 0.4000000060
45923  34.774  -22.869  -14.611 0.4000000060
113233  37.806  -23.110  -15.480 0.5000000000
134576  36.302  -23.453  -14.754 0.5000000000
45922  35.818  -22.964  -14.776 0.4000000060
45938  35.172  -22.144  -14.723 0.4000000060
45939  34.341  -22.182  -14.783 0.4000000060
118920  32.655  -22.029  -14.959 0.3000000119
121516  38.320  -22.974  -16.030 0.4000000060
45937  36.130  -22.025  -14.980 0.3000000119
133244  34.682  -21.614  -14.903 0.4000000060
118179  34.014  -21.484  -15.052 0.3000000119
45940  33.536  -22.099  -14.891 0.3000000119
46897  32.191  -21.419  -15.439 0.3000000119
45936  37.172  -22.393  -15.289 0.3000000119
45935  38.220  -22.322  -15.607 0.4000000060
45951  38.657  -22.432  -16.226 0.4000000060
45959  38.780  -22.756  -16.803 0.4000000060
45970  38.617  -22.618  -17.395 0.4000000060
46894  35.344  -21.398  -14.997 0.3000000119
116343  33.834  -20.917  -15.377 0.3000000119
46896  33.156  -21.298  -15.317 0.3000000119
47870  31.627  -21.016  -15.944 0.3000000119
46899  30.908  -21.356  -16.089 0.3000000119
121282  36.898  -21.630  -15.278 0.3000000119
121600  32.427  -20.643  -15.720 0.3000000119
47876  31.737  -20.405  -16.117 0.3000000119
47877  31.080  -20.649  -16.361 0.3000000119
124514  37.833  -21.664  -15.426 0.3000000119
114909  38.544  -21.031  -16.515 0.3000000119
46919  38.947  -21.903  -16.784 0.4000000060
47909  38.168  -21.021  -18.593 0.4000000060
47929  37.904  -20.462  -19.355 0.4000000060
46975  36.211  -20.593  -20.226 0.4000000060
46908  30.211  -20.967  -16.401 0.3000000119
46893  36.215  -21.019  -15.163 0.3000000119
46891  38.007  -20.981  -15.859 0.3000000119
119936  38.677  -21.120  -17.238 0.3000000119
47908  38.632  -20.704  -17.849 0.4000000060
113410  38.905  -20.004  -17.890 0.3000000119
47928  38.618  -20.200  -18.518 0.4000000060
133754  37.886  -19.798  -19.759 0.4000000060
48951  36.583  -19.761  -20.529 0.4000000060
48914  38.913  -19.347  -18.315 0.3000000119
117508  37.485  -19.499  -20.318 0.4000000060
49985  37.056  -19.101  -20.931 0.4000000060
49995  36.715  -18.555  -21.523 0.4000000060
131192  35.896  -18.596  -21.626 0.4000000060
50013  35.297  -18.421  -22.238 0.4000000060
49975  38.672  -18.759  -19.110 0.3000000119
132759  38.256  -19.180  -19.866 0.3000000119
49984  37.920  -18.808  -20.550 0.4000000060
49994  37.653  -18.428  -21.292 0.4000000060
50012  36.356  -18.064  -22.230 0.4000000060
115035  35.702  -17.742  -22.816 0.3000000119
51029  34.878  -17.759  -22.874 0.3000000119
50014  34.274  -18.356  -22.595 0.4000000060
130279  35.313  -17.518  -23.193 0.3000000119
49951  38.939  -18.431  -18.370 0.3000000119
50999  38.986  -17.817  -19.237 0.3000000119
49983  38.581  -18.404  -19.984 0.3000000119
49993  38.396  -18.146  -20.847 0.3000000119
51016  38.169  -17.646  -21.577 0.3000000119
51028  37.707  -17.289  -22.282 0.3000000119
118726  36.999  -17.537  -22.443 0.3000000119
51044  36.455  -17.446  -22.945 0.3000000119
52008  37.177  -16.983  -22.883 0.3000000119
50979  39.045  -16.963  -18.968 0.3000000119
51009  38.827  -17.645  -20.251 0.3000000119
125717  38.708  -17.518  -20.984 0.3000000119
52001  38.752  -16.968  -21.393 0.3000000119
51027  38.309  -16.996  -22.024 0.3000000119
52022  36.563  -16.816  -23.479 0.3000000119
52021  37.340  -16.345  -23.484 0.3000000119
53031  36.905  -15.017  -24.405 0.3000000119
42844  36.479  -25.544  -13.987 0.5000000000
32148  30.404  -36.602  -19.946 0.6000000238
121174  30.714  -35.994  -20.672 0.5000000000
130898  30.977  -35.505  -21.181 0.5000000000
33899  32.157  -34.783  -21.662 0.5000000000
33087  31.684  -35.486  -21.462 0.5000000000
33897  33.811  -34.660  -21.576 0.5000000000
33898  33.061  -34.746  -21.841 0.5000000000
30279  25.574  -38.586  -11.370 0.6000000238
30280  24.680  -38.504  -11.601 0.6000000238
31190  24.495  -37.614  -11.883 0.6000000238
31206  23.806  -37.471  -12.421 0.5000000000
30310  22.647  -38.014  -13.390 0.5000000000
31214  23.209  -37.419  -13.298 0.5000000000
31224  23.022  -37.215  -14.362 0.5000000000
32099  23.628  -36.696  -14.894 0.4000000060
32105  24.356  -36.217  -15.475 0.4000000060
119414  24.648  -36.326  -16.451 0.4000000060
33010  25.469  -35.145  -16.582 0.4000000060
35622  26.717  -32.599  -15.219 0.3000000119
36549  27.017  -31.623  -14.621 0.3000000119
123656  27.406  -28.983  -13.599 0.4000000060
37525  27.693  -30.453  -13.757 0.4000000060
39799  28.004  -28.376  -13.515 0.4000000060
42827  31.415  -25.440  -13.501 0.4000000060
118338  28.973  -26.760  -13.661 0.4000000060
41794  28.419  -26.188  -14.221 0.4000000060
41782  30.762  -26.104  -13.298 0.4000000060
43888  31.882  -24.759  -13.725 0.4000000060
42828  30.035  -25.647  -13.664 0.4000000060
44932  32.662  -23.598  -14.549 0.4000000060
45926  32.081  -22.830  -14.776 0.4000000060
124603  32.018  -23.687  -14.538 0.4000000060
133782  31.915  -21.989  -15.087 0.3000000119
46898  31.429  -21.651  -15.520 0.3000000119
114996  30.748  -22.036  -15.575 0.3000000119
34742  35.766  -32.987  -20.256 0.5000000000
34676  25.834  -33.938  -16.337 0.4000000060
40800  27.823  -27.661  -13.696 0.4000000060
41784  28.082  -26.952  -13.751 0.4000000060
130394  30.689  -25.406  -13.679 0.4000000060
33817  25.718  -34.473  -16.240 0.4000000060
34758  32.275  -33.195  -21.564 0.5000000000
42860  37.855  -25.139  -14.857 0.5000000000
49996  35.236  -18.997  -21.428 0.4000000060
123632  33.417  -34.145  -21.591 0.5000000000
112374  34.812  -33.888  -21.035 0.5000000000
39798  28.784  -28.727  -13.182 0.4000000060
43901  37.416  -24.557  -14.692 0.5000000000
43902  36.395  -24.648  -14.270 0.5000000000
44949  36.825  -23.198  -15.075 0.5000000000
44948  37.615  -23.868  -15.144 0.5000000000
133430  36.450  -22.671  -15.089 0.4000000060
46907  38.600  -21.734  -15.932 0.3000000119
48936  38.474  -19.638  -19.170 0.4000000060
47865  37.500  -20.305  -15.763 0.3000000119
51017  37.267  -17.897  -21.876 0.3000000119
51993  39.070  -16.962  -20.639 0.3000000119
53015  37.375  -15.638  -23.921 0.3000000119
25321  23.387  -43.165  -11.165 0.4000000060
26311  23.027  -42.428  -11.710 0.4000000060
26312  22.201  -42.702  -11.678 0.4000000060
27323  22.784  -41.608  -12.304 0.3000000119
28317  22.725  -40.666  -12.506 0.3000000119
29356  30.887  -39.280  -19.860 0.5000000000
29288  22.709  -39.648  -12.635 0.5000000000
28335  22.076  -40.240  -13.226 0.3000000119
31261  30.569  -37.774  -19.802 0.5000000000
124810  30.421  -37.218  -20.106 0.5000000000
30365  30.563  -38.560  -20.161 0.5000000000
132183  23.500  -38.548  -12.124 0.5000000000
116621  23.180  -38.922  -12.346 0.4000000060
31272  30.404  -37.887  -20.414 0.5000000000
31282  30.467  -37.850  -20.901 0.3000000119
32158  30.520  -36.757  -20.359 0.5000000000
123424  30.481  -37.373  -20.533 0.4000000060
32172  30.735  -37.041  -20.860 0.4000000060
32171  31.333  -36.963  -21.239 0.3000000119
32170  32.313  -37.014  -21.411 0.3000000119
123622  32.040  -36.219  -21.417 0.3000000119
33085  33.632  -35.882  -21.661 0.3000000119
32169  32.981  -36.390  -21.511 0.3000000119
117114  31.183  -36.169  -21.126 0.4000000060
118877  23.582  -37.951  -16.645 0.3000000119
33883  34.581  -34.642  -21.279 0.4000000060
33084  34.204  -35.352  -21.525 0.4000000060
33086  32.766  -35.490  -21.704 0.4000000060
135138  24.010  -37.462  -17.086 0.3000000119
33830  25.454  -34.713  -17.206 0.3000000119
37545  26.988  -30.574  -14.317 0.3000000119
38687  27.051  -29.751  -13.852 0.3000000119
38688  26.261  -29.855  -14.505 0.3000000119
115227  26.483  -28.873  -14.205 0.3000000119
39812  27.219  -28.154  -13.911 0.3000000119
41795  27.695  -26.490  -14.335 0.3000000119
42829  29.241  -25.922  -13.876 0.3000000119
133281  27.918  -26.059  -14.487 0.3000000119
41796  27.002  -26.561  -14.672 0.3000000119
43889  31.058  -24.905  -14.070 0.3000000119
42847  29.492  -25.162  -14.130 0.3000000119
123532  28.727  -25.384  -14.342 0.3000000119
43907  31.481  -24.185  -14.401 0.3000000119
43909  29.798  -24.450  -14.412 0.3000000119
43910  28.941  -24.537  -14.427 0.3000000119
124594  30.140  -23.855  -14.633 0.3000000119
44935  29.299  -23.720  -14.764 0.3000000119
44933  31.554  -23.450  -14.649 0.3000000119
44934  30.847  -23.540  -14.700 0.3000000119
44950  30.069  -23.246  -15.056 0.3000000119
29355  31.701  -39.234  -19.331 0.5000000000
31240  24.471  -36.759  -17.131 0.3000000119
42846  30.266  -24.998  -14.087 0.3000000119
125914  27.378  -25.876  -14.649 0.3000000119
43908  30.612  -24.352  -14.410 0.3000000119
29301  22.061  -39.310  -13.620 0.3000000119
30311  22.254  -38.394  -14.087 0.3000000119
124344  22.218  -38.751  -15.298 0.3000000119
24323  24.740  -43.557  -15.455 0.4000000060
23233  25.134  -45.067  -14.402 0.4000000060
22147  24.763  -46.416  -12.254 0.4000000060
22130  24.707  -46.426  -11.328 0.3000000119
24265  26.127  -44.990  -13.027 0.4000000060
22146  25.415  -45.845  -11.910 0.4000000060
22129  25.181  -45.810  -11.154 0.4000000060
26408  33.485  -41.992  -17.975 0.3000000119
23176  26.122  -45.230  -12.102 0.4000000060
128045  24.013  -45.454  -10.375 0.3000000119
24216  23.786  -44.813  -10.442 0.3000000119
23152  25.143  -45.446  -10.765 0.4000000060
24242  22.129  -44.110  -10.856 0.3000000119
24218  21.884  -44.811  -10.658 0.3000000119
25322  21.968  -43.379  -11.220 0.3000000119
25301  24.446  -44.369  -10.631 0.4000000060
25303  22.728  -43.683  -10.902 0.3000000119
121495  22.627  -43.015  -11.256 0.3000000119
23213  24.771  -45.641  -13.814 0.4000000060
23198  25.197  -45.957  -12.910 0.4000000060
26334  21.689  -42.522  -12.336 0.3000000119
131843  26.422  -42.124  -16.965 0.3000000119
25346  21.105  -43.086  -12.104 0.3000000119
21221  24.372  -46.894  -11.764 0.4000000060
22165  24.430  -46.231  -13.179 0.4000000060
23154  23.320  -45.385  -10.362 0.3000000119
23177  25.700  -45.228  -11.263 0.4000000060
23197  25.721  -45.527  -12.673 0.4000000060
23212  25.536  -45.391  -13.534 0.4000000060
24214  25.189  -44.772  -10.684 0.4000000060
24215  24.547  -45.137  -10.528 0.3000000119
24217  22.819  -44.600  -10.564 0.3000000119
24263  29.756  -44.674  -12.871 0.4000000060
24264  26.495  -44.504  -12.436 0.4000000060
24288  25.867  -44.706  -13.980 0.5000000000
24306  29.203  -43.872  -14.368 0.4000000060
24308  25.269  -44.212  -14.629 0.5000000000
25300  25.113  -44.068  -10.792 0.4000000060
25302  23.586  -44.005  -10.737 0.4000000060
25318  26.262  -43.912  -11.411 0.5000000000
25323  21.340  -43.453  -11.564 0.3000000119
25324  20.669  -43.719  -11.696 0.3000000119
25342  32.607  -43.298  -11.956 0.5000000000
25343  31.333  -43.374  -11.867 0.4000000060
25362  30.040  -43.291  -13.177 0.4000000060
25377  34.283  -43.606  -14.444 0.4000000060
25395  28.686  -42.662  -15.415 0.4000000060
25397  25.364  -42.718  -16.312 0.4000000060
25410  27.478  -43.297  -16.587 0.4000000060
26305  33.334  -42.102  -11.896 0.5000000000
26308  26.414  -42.397  -11.592 0.6000000238
26313  21.631  -42.957  -11.701 0.3000000119
26327  34.187  -42.554  -12.850 0.5000000000
26330  30.349  -42.603  -12.815 0.4000000060
26332  26.904  -42.796  -12.270 0.5000000000
26333  22.411  -42.220  -12.262 0.3000000119
26344  29.534  -42.473  -14.445 0.4000000060
26360  25.905  -42.521  -15.388 0.5000000000
26378  28.838  -41.797  -15.437 0.4000000060
26379  28.236  -41.931  -16.198 0.5000000000
26380  26.668  -41.593  -16.436 0.4000000060
26393  26.855  -41.911  -16.859 0.3000000119
26394  25.921  -42.416  -17.355 0.3000000119
27302  34.324  -40.922  -12.065 0.6000000238
27306  26.924  -40.799  -11.660 0.6000000238
27307  24.639  -41.505  -11.546 0.5000000000
27318  31.133  -41.764  -11.956 0.6000000238
27321  26.907  -42.003  -11.967 0.6000000238
27338  30.367  -41.206  -13.145 0.5000000000
27339  29.792  -41.798  -14.177 0.5000000000
27340  27.411  -41.017  -13.077 0.6000000238
27358  29.542  -40.972  -14.592 0.5000000000
27376  28.461  -41.084  -15.760 0.5000000000
27377  27.514  -40.685  -15.837 0.5000000000
27393  27.254  -41.294  -16.386 0.5000000000
28293  34.498  -40.151  -11.855 0.6000000238
28298  25.901  -40.279  -11.244 0.6000000238
28313  31.312  -40.852  -11.853 0.6000000238
28316  23.349  -40.226  -11.964 0.6000000238
28347  35.264  -40.534  -13.762 0.6000000238
28348  34.889  -40.939  -15.208 0.6000000238
28349  29.892  -40.146  -14.399 0.6000000238
28351  27.227  -40.292  -14.675 0.6000000238
28352  27.141  -40.332  -15.142 0.5000000000
28364  28.134  -40.549  -15.759 0.5000000000
29268  34.547  -39.359  -11.701 0.8000000119
29272  27.697  -39.707  -11.968 0.6999999881
29273  26.426  -39.808  -11.248 0.6999999881
29287  23.382  -39.494  -12.029 0.6000000238
29313  29.572  -39.541  -14.580 0.6000000238
29315  28.557  -39.599  -14.670 0.6000000238
29326  28.315  -40.060  -15.234 0.6000000238
29327  27.669  -40.071  -14.915 0.6000000238
30277  28.264  -38.279  -11.564 0.6999999881
30281  23.831  -38.923  -11.806 0.5000000000
30296  29.425  -38.279  -13.363 0.6999999881
30297  23.799  -38.144  -11.853 0.6000000238
30298  23.237  -38.195  -12.596 0.5000000000
30299  22.592  -38.708  -13.077 0.5000000000
30308  29.698  -38.511  -14.051 0.6000000238
30309  29.012  -38.901  -14.107 0.6000000238
30321  29.287  -39.206  -14.471 0.6000000238
31184  32.250  -37.047  -11.095 0.8999999762
31202  30.681  -37.725  -12.588 0.6999999881
31215  22.602  -37.698  -13.960 0.3000000119
31225  22.560  -37.884  -14.766 0.5000000000
31234  23.237  -37.490  -15.433 0.4000000060
32057  30.389  -36.732  -11.620 0.8999999762
32059  26.615  -36.432  -11.405 0.6999999881
32074  30.099  -37.236  -12.357 0.8999999762
32098  24.183  -36.163  -14.390 0.4000000060
32106  23.960  -36.943  -16.181 0.4000000060
32965  31.354  -35.898  -10.972 0.8999999762
32968  26.999  -35.547  -11.179 0.8000000119
32970  25.945  -36.129  -11.804 0.6000000238
33011  24.968  -35.674  -16.044 0.4000000060
33024  25.055  -35.941  -17.234 0.3000000119
33072  30.431  -35.374  -20.411 0.6000000238
33735  31.751  -34.719  -9.972 0.8999999762
33736  30.609  -34.542  -10.494 0.8999999762
33757  29.363  -34.111  -10.872 1.0000000000
33760  26.683  -34.788  -11.610 0.6999999881
33777  27.184  -33.904  -11.786 0.6999999881
33792  36.308  -34.726  -13.364 1.0000000000
34590  31.511  -33.626  -9.794 1.0000000000
34632  28.483  -32.881  -12.228 0.6999999881
34663  27.744  -33.352  -14.377 0.4000000060
34746  29.347  -32.889  -20.938 0.8999999762
35515  34.491  -32.760  -10.299 1.0000000000
35593  28.423  -32.348  -13.562 0.6000000238
36547  28.350  -31.976  -13.790 0.5000000000
36632  29.135  -31.812  -20.471 0.8999999762
37499  32.448  -30.366  -12.155 0.6999999881
37603  31.130  -29.720  -18.339 0.8999999762
39855  33.294  -28.730  -17.643 1.0000000000
39858  30.541  -28.638  -18.546 0.8999999762
39888  30.298  -29.236  -20.507 0.8000000119
40792  37.305  -27.592  -13.606 0.6999999881
42913  35.184  -25.613  -19.026 0.8000000119
44009  30.578  -25.002  -22.682 0.8000000119
44011  28.998  -24.239  -21.891 0.8000000119
47025  29.492  -20.975  -23.394 0.6999999881
47981  29.465  -19.823  -23.437 0.8000000119
47982  29.164  -20.319  -23.702 0.6999999881
47991  28.829  -20.137  -24.027 0.6999999881
47999  29.808  -19.323  -24.379 0.6000000238
48977  30.458  -18.888  -23.577 0.8000000119
51060  32.686  -16.894  -25.022 0.5000000000
52025  33.188  -16.522  -24.886 0.4000000060
52057  34.045  -17.015  -25.611 0.6000000238
112271  33.122  -43.788  -12.340 0.3000000119
114878  26.218  -39.094  -11.129 0.6999999881
115215  28.459  -37.426  -11.307 0.8000000119
115519  29.051  -35.835  -10.977 0.8999999762
116474  31.011  -44.134  -12.118 0.4000000060
116670  36.021  -36.024  -13.112 1.0000000000
116675  27.049  -38.029  -11.196 0.8000000119
117496  29.312  -27.312  -19.513 0.8999999762
117733  30.635  -27.878  -12.573 0.4000000060
117897  38.723  -16.805  -26.251 0.3000000119
118287  28.720  -40.340  -15.398 0.6000000238
118913  26.768  -41.769  -14.485 0.5000000000
120885  35.023  -38.140  -11.663 1.0000000000
121257  32.360  -40.049  -11.405 0.6000000238
122246  25.774  -35.582  -12.331 0.6000000238
123062  26.831  -44.030  -12.627 0.5000000000
124000  26.545  -43.300  -13.833 0.5000000000
124081  37.683  -26.799  -17.495 0.8000000119
124376  25.821  -37.483  -11.568 0.6999999881
124748  30.164  -32.983  -10.807 0.6999999881
124781  31.739  -17.709  -24.985 0.6000000238
124875  33.481  -35.220  -21.740 0.4000000060
126207  36.256  -29.270  -16.954 1.0000000000
127094  24.011  -42.619  -11.512 0.4000000060
127419  32.206  -44.820  -12.181 0.3000000119
127965  27.311  -37.245  -11.196 0.8000000119
128122  30.630  -28.062  -18.470 1.0000000000
129128  27.690  -40.285  -15.392 0.6000000238
129336  35.958  -29.230  -12.363 0.6999999881
129662  34.544  -42.184  -14.953 0.4000000060
130288  28.226  -39.271  -12.389 0.6999999881
130787  33.021  -39.615  -18.524 0.6000000238
130928  26.799  -40.887  -14.849 0.5000000000
132213  38.556  -22.880  -16.419 0.5000000000
132359  32.267  -23.670  -20.610 0.8999999762
132626  26.000  -43.061  -14.531 0.5000000000
132709  29.947  -28.845  -18.964 0.8999999762
132762  29.436  -21.680  -23.105 0.8000000119
133142  30.506  -39.521  -13.543 0.6000000238
133154  30.270  -23.176  -21.389 0.8999999762
133766  25.321  -35.806  -12.660 0.6000000238
133820  34.495  -33.439  -21.205 0.5000000000
133983  29.913  -29.883  -13.067 0.4000000060
134192  30.073  -37.894  -13.653 0.6999999881
134338  26.486  -40.340  -11.418 0.6999999881
