#!ascii label  , from subject sub-003S6257 vox2ras=TkReg
1249
33907  49.217  -34.315  -22.167 0.6000000238
34733  49.245  -33.553  -21.267 0.5000000000
34735  47.514  -32.846  -20.807 0.6999999881
34753  47.203  -33.709  -20.916 0.6000000238
33891  46.810  -34.451  -21.272 0.6000000238
126814  45.537  -33.023  -19.648 0.6000000238
33889  48.852  -33.754  -21.695 0.6999999881
34752  48.376  -32.986  -21.276 0.6000000238
33890  47.836  -34.165  -21.586 0.5000000000
33078  46.975  -34.965  -21.743 0.5000000000
33877  45.948  -34.277  -20.732 0.6000000238
34737  45.227  -33.692  -19.949 0.6000000238
34751  49.014  -33.161  -21.245 0.5000000000
34750  49.364  -34.042  -21.727 0.5000000000
33908  48.486  -34.393  -22.010 0.6000000238
33878  44.683  -34.475  -20.430 0.6000000238
33068  49.767  -35.151  -21.308 0.5000000000
32155  49.937  -36.302  -21.193 0.5000000000
36638  45.281  -30.656  -19.471 0.6000000238
36625  44.721  -31.520  -19.398 0.6999999881
124154  47.706  -31.623  -20.471 0.6000000238
35692  47.203  -32.298  -20.434 0.6999999881
122967  45.840  -31.606  -19.619 0.6000000238
35679  45.184  -32.361  -19.496 0.6000000238
34724  44.660  -33.040  -19.524 0.6000000238
36653  48.377  -31.824  -20.694 0.6000000238
35691  48.019  -32.095  -20.919 0.6999999881
34734  49.136  -32.705  -20.894 0.5000000000
36635  48.654  -31.822  -20.531 0.5000000000
34738  44.146  -33.731  -19.805 0.6000000238
33876  49.610  -34.296  -21.687 0.5000000000
33879  43.496  -34.470  -20.511 0.6000000238
33864  49.357  -34.231  -21.025 0.5000000000
34754  42.719  -34.007  -20.837 0.6000000238
34755  42.265  -34.053  -21.770 0.6999999881
33894  42.653  -34.774  -21.264 0.6000000238
117342  41.954  -33.286  -22.395 0.6999999881
33895  42.438  -34.926  -22.350 0.6000000238
34767  42.227  -34.219  -23.066 0.6000000238
34774  42.896  -34.292  -24.691 0.6000000238
33909  42.814  -35.026  -23.737 0.6000000238
34781  40.519  -33.074  -25.291 0.5000000000
36696  40.323  -31.798  -25.209 0.6999999881
125303  39.865  -32.148  -24.742 0.8000000119
35733  39.575  -32.587  -24.608 0.6999999881
37628  44.706  -29.852  -19.451 0.6000000238
37616  44.202  -30.733  -19.384 0.6999999881
36637  46.858  -30.855  -19.919 0.6999999881
124897  46.838  -31.725  -20.092 0.6999999881
35680  44.283  -32.233  -19.413 0.6999999881
36626  44.004  -31.480  -19.386 0.6999999881
36636  47.950  -31.253  -20.090 0.6000000238
37626  47.142  -30.261  -19.802 0.6000000238
35681  43.593  -31.953  -19.593 0.8000000119
36616  48.318  -31.588  -19.522 0.5000000000
36623  48.644  -31.600  -20.074 0.5000000000
35695  43.046  -32.542  -20.076 0.8000000119
34739  43.240  -33.480  -20.185 0.6000000238
35678  48.826  -32.071  -19.875 0.5000000000
35690  48.977  -32.090  -20.498 0.5000000000
35696  42.509  -32.188  -20.847 0.8000000119
33865  48.736  -34.302  -20.410 0.5000000000
35708  41.897  -32.346  -21.821 0.8000000119
124871  42.330  -33.137  -20.990 0.6999999881
118103  42.490  -33.419  -23.847 0.6999999881
35720  41.966  -32.507  -23.109 0.6999999881
112219  43.216  -33.544  -25.335 0.6999999881
35726  42.808  -32.568  -24.671 0.6999999881
35731  43.864  -33.036  -26.010 0.6000000238
113290  43.882  -33.369  -26.062 0.6999999881
120180  43.885  -33.645  -26.097 0.6999999881
127141  42.161  -31.896  -26.093 0.6999999881
34786  42.961  -33.700  -26.241 0.6000000238
35732  39.905  -32.477  -25.059 0.8000000119
35742  41.161  -32.356  -25.713 0.8000000119
34787  41.819  -33.161  -25.883 0.6000000238
120976  40.556  -30.923  -25.434 0.8999999762
36674  39.598  -31.983  -23.455 0.6999999881
36680  40.098  -31.382  -24.676 0.8000000119
35727  39.477  -32.560  -24.057 0.6999999881
124265  44.503  -29.366  -19.726 0.6000000238
37629  43.922  -30.200  -19.635 0.6999999881
38766  43.598  -30.213  -20.409 0.6000000238
38751  46.849  -28.470  -19.126 0.4000000060
38763  46.970  -29.315  -19.408 0.6000000238
38764  45.536  -28.824  -19.486 0.6000000238
36639  43.661  -31.050  -19.621 0.6999999881
37615  47.493  -29.913  -19.387 0.6000000238
37630  43.382  -30.728  -20.282 0.8000000119
113075  47.855  -31.014  -19.009 0.4000000060
37609  47.727  -30.123  -19.237 0.5000000000
131433  47.655  -30.502  -19.561 0.6000000238
36640  43.046  -31.541  -20.303 0.8000000119
36641  42.403  -31.461  -21.453 0.8000000119
35667  48.229  -32.177  -19.312 0.4000000060
132550  41.975  -31.703  -22.568 0.8000000119
34712  48.366  -32.940  -19.701 0.5000000000
35721  42.126  -31.841  -23.608 0.8000000119
36679  43.618  -31.544  -25.849 0.8000000119
36672  42.747  -31.437  -24.616 0.6999999881
35741  43.606  -32.234  -26.037 0.8000000119
116741  43.534  -32.198  -25.708 0.6999999881
36693  43.479  -31.242  -26.202 0.8999999762
35740  43.623  -31.707  -26.129 0.8999999762
35745  43.250  -31.720  -26.264 0.8999999762
123940  43.028  -32.690  -26.312 0.6000000238
36695  41.174  -31.468  -25.852 0.8999999762
36666  40.088  -31.266  -22.711 0.8000000119
36667  39.877  -31.942  -22.393 0.8000000119
36673  39.935  -31.308  -23.755 0.8000000119
37663  40.252  -30.570  -24.165 0.8000000119
36681  39.669  -32.067  -24.301 0.6999999881
39897  44.410  -29.013  -20.117 0.6999999881
38765  43.968  -29.704  -20.207 0.6000000238
39871  45.668  -27.876  -19.549 0.4000000060
39870  46.533  -27.649  -18.922 0.5000000000
37646  43.104  -30.411  -21.068 0.6999999881
39866  46.596  -27.646  -18.469 0.5000000000
38750  47.422  -29.348  -19.108 0.6000000238
38728  46.893  -29.088  -18.426 0.4000000060
37596  47.483  -29.998  -18.777 0.4000000060
38799  42.558  -29.701  -23.074 0.8000000119
126119  42.239  -31.066  -22.312 0.8000000119
123460  47.213  -30.747  -18.551 0.4000000060
118901  42.109  -31.102  -23.281 0.8000000119
37657  42.398  -30.475  -22.702 0.8000000119
35668  47.451  -32.232  -18.873 0.3000000119
37686  43.614  -30.823  -25.946 0.8000000119
37674  42.975  -29.959  -25.099 0.8000000119
38846  43.592  -29.879  -26.143 0.8000000119
130753  43.222  -30.818  -25.214 0.8000000119
125879  43.208  -29.698  -26.698 0.8999999762
36694  43.674  -31.480  -26.022 0.8999999762
119819  42.888  -29.663  -26.754 0.8999999762
36703  42.953  -31.028  -26.375 0.8999999762
38860  42.760  -29.150  -26.833 0.8999999762
37698  42.452  -30.441  -26.468 0.8999999762
37687  41.490  -30.632  -26.015 0.8999999762
37648  40.365  -30.456  -21.824 0.8000000119
36654  40.260  -31.215  -21.543 0.8000000119
37688  40.987  -30.031  -25.542 0.8999999762
129736  40.487  -30.015  -23.765 0.8000000119
37675  40.365  -30.348  -24.963 0.8000000119
38785  44.194  -29.508  -21.374 0.6000000238
39877  44.907  -28.192  -20.174 0.6000000238
40894  46.088  -26.838  -19.987 0.4000000060
40895  45.490  -27.408  -20.109 0.4000000060
38752  44.892  -28.590  -19.736 0.5000000000
38786  43.523  -29.900  -21.356 0.6999999881
40887  46.094  -27.176  -19.501 0.4000000060
40886  46.634  -27.069  -18.796 0.5000000000
37656  43.022  -30.192  -22.096 0.6999999881
40873  46.807  -27.063  -18.010 0.5000000000
38817  42.873  -28.963  -23.287 0.8000000119
38836  43.095  -29.215  -25.154 0.8000000119
37662  42.245  -30.273  -24.011 0.8000000119
38858  43.269  -29.449  -26.671 0.8000000119
38859  43.121  -29.154  -26.966 0.8999999762
37685  43.465  -30.467  -26.231 0.8999999762
39972  43.146  -28.707  -27.047 0.8999999762
38847  41.957  -29.746  -26.331 0.8999999762
38800  40.724  -29.171  -22.340 0.8000000119
38837  40.635  -29.574  -25.185 1.0000000000
37658  40.404  -30.281  -23.000 0.8000000119
39953  40.807  -28.807  -24.961 1.0000000000
38819  40.623  -29.660  -24.381 0.8000000119
39896  44.906  -28.991  -21.430 0.6000000238
38797  45.026  -29.471  -22.505 0.6000000238
40904  45.276  -27.844  -20.946 0.6000000238
122771  45.813  -27.196  -20.611 0.4000000060
126535  46.587  -26.665  -19.282 0.4000000060
38816  44.109  -29.526  -22.312 0.6999999881
41846  46.931  -26.534  -18.469 0.5000000000
42911  47.540  -25.795  -19.532 0.4000000060
38798  43.141  -29.508  -22.527 0.8000000119
38818  42.647  -29.350  -24.050 0.8000000119
40969  43.818  -27.833  -25.479 0.8000000119
40983  43.732  -27.975  -26.723 0.8000000119
122132  42.030  -29.046  -26.349 1.0000000000
39964  41.683  -28.537  -26.005 1.0000000000
126714  41.240  -28.477  -25.435 1.0000000000
118469  40.781  -29.393  -23.357 0.8000000119
39943  41.101  -28.702  -23.907 0.8000000119
129866  41.211  -28.289  -24.340 0.8000000119
39895  45.756  -28.784  -22.022 0.6000000238
39919  45.670  -29.479  -22.577 0.6000000238
127717  45.102  -29.520  -22.909 0.6999999881
41873  46.600  -26.703  -20.771 0.4000000060
40903  46.050  -27.511  -21.467 0.5000000000
39939  44.016  -28.840  -22.906 0.8000000119
117564  46.818  -26.319  -19.811 0.4000000060
39920  43.331  -28.995  -22.871 0.8000000119
42926  48.349  -25.582  -20.100 0.4000000060
41872  47.460  -26.121  -20.370 0.4000000060
39941  43.296  -28.585  -24.442 0.8000000119
39940  43.485  -28.487  -23.479 0.8000000119
39963  43.533  -28.813  -26.290 0.8000000119
40989  43.517  -27.997  -27.014 0.8999999762
40982  44.132  -27.163  -26.736 0.8000000119
40990  42.866  -28.045  -27.033 1.0000000000
41975  42.297  -27.393  -26.611 1.0000000000
41974  43.051  -27.301  -26.978 1.0000000000
40991  42.015  -27.935  -26.289 1.0000000000
40970  41.360  -27.108  -24.676 1.0000000000
39921  40.868  -28.378  -22.883 0.8999999762
38787  40.519  -28.954  -21.407 0.8000000119
114904  40.627  -28.444  -21.941 0.8999999762
39942  41.244  -27.809  -23.846 1.0000000000
40954  41.098  -27.018  -23.788 1.0000000000
40930  40.720  -27.544  -23.081 1.0000000000
41950  41.346  -26.080  -25.136 1.0000000000
42996  40.689  -25.103  -25.700 1.0000000000
41927  40.980  -26.493  -24.455 1.0000000000
41951  40.488  -25.647  -24.888 1.0000000000
44053  40.077  -23.803  -26.385 1.0000000000
43006  39.901  -24.219  -26.119 1.0000000000
135439  45.600  -29.632  -22.971 0.6999999881
38796  46.052  -29.607  -23.085 0.6999999881
39917  47.298  -28.843  -22.972 0.6000000238
39918  46.355  -29.365  -22.743 0.6000000238
40929  46.599  -28.224  -22.355 0.6000000238
40901  47.856  -26.977  -22.054 0.5000000000
39938  45.058  -28.921  -23.290 0.8000000119
112241  48.128  -26.112  -20.801 0.4000000060
40952  44.014  -27.809  -23.512 0.8000000119
40953  43.678  -27.741  -24.069 0.8000000119
40968  44.309  -27.166  -24.793 0.8000000119
125752  44.261  -27.317  -26.247 0.8000000119
41972  44.818  -26.340  -26.599 0.8000000119
41973  43.967  -26.979  -27.010 0.8999999762
43013  44.166  -25.821  -26.689 1.0000000000
41964  43.053  -26.357  -26.624 1.0000000000
119461  43.466  -24.266  -26.754 1.0000000000
41965  42.187  -26.600  -26.553 1.0000000000
121489  42.905  -25.293  -26.606 1.0000000000
41949  42.040  -25.500  -26.462 1.0000000000
43014  41.936  -24.049  -26.553 1.0000000000
42995  41.572  -25.723  -26.032 1.0000000000
122019  40.487  -26.896  -23.312 1.0000000000
40905  40.510  -27.778  -22.173 1.0000000000
120962  40.910  -24.507  -26.313 1.0000000000
41928  40.251  -26.232  -24.081 1.0000000000
41952  39.288  -25.434  -24.964 1.0000000000
42997  39.695  -24.720  -25.445 1.0000000000
38815  45.772  -29.515  -23.173 0.6999999881
38795  46.771  -29.464  -23.441 0.6999999881
135229  47.372  -27.722  -22.414 0.5000000000
40967  44.897  -27.331  -23.946 0.6999999881
41963  44.981  -26.656  -26.090 0.6999999881
129809  45.456  -25.739  -26.520 0.8999999762
43005  46.083  -25.254  -25.846 0.8000000119
44052  45.809  -24.242  -26.010 0.8000000119
44041  45.315  -24.301  -24.542 0.8000000119
115640  44.867  -24.852  -26.479 0.8999999762
41971  46.043  -25.149  -26.342 0.8000000119
130652  45.482  -22.757  -26.495 0.8999999762
118420  45.720  -22.678  -25.579 0.8000000119
44060  44.471  -23.278  -26.812 0.8999999762
134554  43.427  -23.104  -27.187 1.0000000000
44062  41.303  -22.372  -26.787 1.0000000000
44063  40.643  -23.401  -26.513 1.0000000000
41929  38.806  -26.063  -24.417 1.0000000000
121338  41.196  -21.303  -27.187 1.0000000000
44064  40.301  -23.489  -26.369 1.0000000000
45094  40.873  -22.762  -26.575 1.0000000000
45086  40.357  -23.317  -26.279 1.0000000000
44055  39.364  -24.127  -25.703 1.0000000000
39936  47.645  -29.592  -23.611 0.6999999881
38814  46.623  -29.418  -23.595 0.6999999881
39937  46.112  -28.897  -23.519 0.6999999881
40928  48.175  -27.805  -22.596 0.5000000000
127776  45.679  -27.908  -23.635 0.8000000119
41948  44.892  -26.691  -24.820 0.6999999881
41962  45.719  -25.810  -26.317 0.6999999881
44024  45.607  -24.709  -23.472 0.8000000119
131721  45.535  -23.599  -24.219 0.8000000119
45091  45.770  -21.001  -26.861 1.0000000000
46083  45.712  -21.370  -25.820 0.8000000119
44061  42.505  -22.771  -26.995 1.0000000000
120433  43.334  -21.873  -27.378 1.0000000000
121366  41.664  -21.161  -27.608 1.0000000000
45084  41.712  -20.380  -26.726 1.0000000000
42998  38.717  -24.907  -25.356 1.0000000000
41953  38.015  -25.685  -25.347 1.0000000000
45085  41.196  -22.264  -26.487 1.0000000000
45078  40.636  -23.155  -25.639 1.0000000000
45079  39.639  -23.748  -25.577 1.0000000000
43008  39.037  -24.471  -25.474 1.0000000000
44045  40.306  -23.961  -24.599 1.0000000000
38813  47.339  -29.906  -24.164 0.6999999881
38835  47.125  -29.743  -24.294 0.6999999881
39951  46.750  -29.111  -24.227 0.6000000238
40966  46.517  -27.644  -24.218 0.6000000238
41947  45.290  -26.623  -24.611 0.6999999881
115459  45.699  -27.169  -24.316 0.6999999881
118224  45.454  -26.217  -25.227 0.6999999881
42976  45.734  -25.441  -23.281 0.8000000119
42994  45.544  -25.389  -24.186 0.8000000119
44023  45.886  -24.446  -23.315 0.8000000119
45060  45.909  -23.441  -23.803 0.8000000119
45074  46.543  -21.821  -24.817 0.8000000119
47043  42.770  -20.127  -27.542 1.0000000000
46084  44.929  -20.289  -26.656 1.0000000000
46076  45.531  -21.465  -25.869 0.6999999881
46085  43.462  -19.725  -26.697 1.0000000000
46077  44.498  -20.968  -26.203 0.8999999762
45076  43.216  -21.897  -25.891 1.0000000000
45077  41.553  -22.276  -25.810 1.0000000000
44043  42.580  -23.248  -24.798 1.0000000000
41930  37.524  -26.287  -25.099 1.0000000000
44044  41.409  -23.616  -24.708 1.0000000000
44046  38.985  -24.218  -25.319 1.0000000000
44028  38.403  -24.844  -25.254 1.0000000000
129025  37.964  -25.545  -25.341 1.0000000000
125138  45.948  -26.873  -24.524 0.6999999881
41926  45.616  -26.254  -24.469 0.6999999881
42953  45.826  -25.107  -22.987 0.6999999881
45059  46.895  -21.961  -24.232 0.6999999881
45073  46.553  -21.830  -24.378 0.6999999881
46064  45.568  -21.759  -24.622 0.8000000119
46075  46.119  -21.630  -24.989 0.6999999881
44042  43.670  -22.842  -24.665 1.0000000000
41954  37.450  -25.922  -25.284 1.0000000000
44027  38.669  -24.439  -24.731 1.0000000000
39950  47.699  -28.894  -24.915 0.6000000238
124586  47.339  -27.943  -24.682 0.6000000238
40965  47.113  -26.931  -25.426 0.6000000238
41946  46.582  -26.532  -24.682 0.6000000238
41925  46.178  -26.139  -23.835 0.6000000238
41924  47.039  -25.854  -23.950 0.6999999881
44022  46.897  -23.928  -23.949 0.6999999881
45058  47.520  -23.368  -24.288 0.6999999881
125310  46.994  -23.185  -23.890 0.6999999881
117243  46.917  -22.317  -23.918 0.6999999881
46062  46.683  -21.845  -23.958 0.6999999881
46990  53.751  -21.603  -21.355 0.3000000119
46063  46.170  -21.638  -24.138 0.6999999881
47959  54.347  -20.949  -21.773 0.3000000119
40910  35.811  -27.907  -22.287 0.8999999762
45075  44.580  -22.081  -25.243 1.0000000000
40933  36.924  -27.457  -23.595 1.0000000000
41931  37.097  -26.469  -24.931 1.0000000000
44026  42.420  -24.233  -23.608 1.0000000000
44004  40.184  -24.722  -23.260 1.0000000000
113247  39.315  -24.172  -24.587 1.0000000000
40981  47.836  -27.572  -25.576 0.6000000238
41961  47.894  -26.773  -25.933 0.6000000238
41944  47.988  -26.002  -25.370 0.6999999881
131682  47.890  -25.650  -24.926 0.6999999881
41945  47.497  -26.503  -25.308 0.6000000238
41942  51.388  -26.857  -24.595 0.3000000119
42989  51.739  -26.128  -24.107 0.3000000119
42974  47.541  -24.924  -24.061 0.6999999881
46026  53.398  -22.552  -21.399 0.3000000119
47941  53.131  -21.113  -20.743 0.4000000060
133090  35.290  -27.832  -22.421 0.6999999881
49988  52.616  -18.753  -21.604 0.3000000119
126595  53.627  -20.623  -21.356 0.3000000119
46051  46.232  -21.801  -23.468 0.6999999881
40934  36.053  -27.696  -23.391 0.8999999762
46052  45.622  -22.060  -23.506 0.8000000119
131936  36.463  -27.131  -24.225 0.8999999762
48957  52.740  -19.451  -21.219 0.3000000119
47960  52.951  -20.237  -20.942 0.3000000119
45061  44.606  -22.763  -23.976 0.8000000119
44025  43.495  -23.780  -23.722 1.0000000000
118033  37.024  -25.914  -24.693 1.0000000000
42978  38.267  -24.961  -24.246 1.0000000000
42979  37.662  -25.493  -25.065 1.0000000000
123411  41.306  -24.529  -23.506 1.0000000000
42977  39.083  -24.651  -23.579 1.0000000000
42955  39.837  -25.278  -22.452 1.0000000000
40964  50.180  -27.143  -25.064 0.3000000119
42993  48.027  -24.250  -25.903 0.6999999881
44040  47.626  -23.590  -25.572 0.6999999881
42990  50.415  -26.011  -24.400 0.4000000060
45072  48.042  -23.207  -25.746 0.6999999881
42973  51.072  -25.395  -23.791 0.3000000119
45057  48.009  -23.451  -24.320 0.6999999881
44019  51.648  -24.904  -23.360 0.5000000000
45042  47.285  -23.033  -23.512 0.6999999881
45037  52.304  -23.988  -22.382 0.4000000060
45039  50.727  -23.898  -22.389 0.6000000238
45018  51.156  -23.481  -21.692 0.5000000000
46061  46.925  -22.135  -23.544 0.6999999881
45016  52.913  -23.311  -21.782 0.3000000119
48932  50.439  -19.756  -19.574 0.4000000060
46028  51.647  -22.926  -21.113 0.4000000060
46050  46.540  -21.994  -23.228 0.6999999881
40911  34.881  -27.812  -22.518 0.6999999881
48948  50.980  -19.193  -19.985 0.4000000060
45999  53.004  -21.971  -20.797 0.4000000060
46000  52.134  -22.173  -20.671 0.4000000060
39903  34.690  -27.986  -21.695 0.6000000238
48958  52.141  -19.042  -20.915 0.3000000119
48947  51.626  -19.501  -20.372 0.4000000060
46968  52.489  -21.465  -20.571 0.4000000060
46001  51.258  -22.382  -20.532 0.4000000060
46034  46.221  -22.123  -22.653 0.6999999881
132006  35.388  -27.923  -23.039 0.6999999881
47923  51.085  -20.034  -19.909 0.4000000060
46969  51.698  -21.429  -20.302 0.4000000060
46970  50.834  -21.829  -20.036 0.4000000060
48946  52.297  -19.848  -20.634 0.3000000119
47943  51.696  -20.390  -20.257 0.4000000060
116742  44.900  -23.257  -23.044 0.8000000119
44001  44.145  -23.986  -23.061 0.8999999762
44002  43.254  -24.477  -22.732 1.0000000000
42956  38.934  -25.041  -22.834 1.0000000000
42954  40.571  -25.419  -22.189 1.0000000000
44003  41.144  -25.100  -22.563 1.0000000000
42938  42.110  -24.806  -22.436 1.0000000000
42940  39.600  -25.488  -22.011 1.0000000000
42941  38.869  -25.083  -22.330 1.0000000000
41960  48.178  -26.858  -25.997 0.6000000238
41943  48.334  -26.079  -25.094 0.6000000238
42992  48.126  -24.342  -25.678 0.6999999881
122807  49.350  -26.376  -24.863 0.5000000000
43004  48.196  -23.770  -26.384 0.6999999881
42991  49.081  -25.237  -24.677 0.4000000060
44051  47.983  -23.615  -26.388 0.6999999881
44037  49.924  -24.937  -24.303 0.6000000238
44039  48.356  -23.758  -26.146 0.6999999881
113171  50.584  -24.701  -23.605 0.6000000238
44000  51.283  -24.403  -22.786 0.6000000238
133674  48.592  -23.766  -23.757 0.6999999881
45041  48.080  -23.233  -23.171 0.6999999881
121472  49.902  -23.700  -22.713 0.6000000238
129883  49.103  -20.328  -18.988 0.4000000060
46027  52.550  -22.790  -21.158 0.4000000060
45019  50.325  -23.438  -21.855 0.5000000000
45020  49.606  -23.411  -22.063 0.6000000238
46049  47.306  -22.559  -22.700 0.6999999881
48933  49.679  -19.558  -19.259 0.4000000060
46029  50.749  -23.051  -21.093 0.5000000000
47925  49.844  -20.524  -19.406 0.5000000000
46002  50.381  -22.500  -20.483 0.4000000060
135235  46.652  -22.250  -22.485 0.6999999881
41909  35.618  -27.430  -23.572 0.8999999762
40935  34.971  -27.669  -23.270 0.6999999881
45044  45.311  -22.991  -22.445 0.6999999881
45043  45.906  -22.170  -22.805 0.6999999881
47944  51.055  -20.923  -19.884 0.4000000060
42980  36.548  -26.653  -24.210 0.8999999762
132797  43.777  -24.189  -22.417 0.8999999762
42957  37.778  -25.254  -23.575 1.0000000000
42939  41.360  -25.236  -21.784 1.0000000000
42958  37.116  -25.446  -23.126 1.0000000000
42927  40.672  -25.376  -21.478 1.0000000000
45004  39.531  -23.969  -20.783 0.8999999762
45003  40.305  -24.177  -20.608 1.0000000000
43986  40.024  -25.412  -21.416 1.0000000000
43988  38.549  -24.615  -21.657 1.0000000000
43968  39.816  -24.841  -20.949 1.0000000000
126999  39.234  -24.504  -21.183 1.0000000000
45024  38.746  -23.871  -20.906 0.8999999762
44038  48.839  -24.303  -25.034 0.6999999881
44021  48.685  -23.898  -24.921 0.6999999881
44020  49.483  -24.445  -24.152 0.6000000238
45056  49.309  -24.045  -23.651 0.6999999881
45040  48.988  -23.501  -22.761 0.6000000238
119189  48.799  -19.360  -18.848 0.3000000119
45055  50.227  -24.156  -23.292 0.6000000238
46048  48.332  -23.009  -22.216 0.6000000238
47901  48.345  -20.312  -18.600 0.4000000060
46030  49.766  -23.036  -21.248 0.6000000238
46047  49.070  -23.213  -21.873 0.6000000238
46032  47.906  -22.681  -21.505 0.6000000238
47926  48.601  -20.982  -18.821 0.5000000000
46971  50.146  -22.108  -19.857 0.4000000060
128092  49.156  -21.245  -19.304 0.5000000000
46951  50.254  -21.287  -19.668 0.4000000060
118780  46.260  -22.275  -21.628 0.6000000238
134292  49.705  -21.200  -19.499 0.4000000060
46952  49.585  -21.784  -19.680 0.4000000060
41932  35.687  -27.004  -23.812 0.8999999762
43983  44.362  -23.800  -22.132 0.8999999762
42959  36.451  -25.821  -23.119 0.8999999762
43985  42.150  -24.746  -21.369 1.0000000000
43967  40.576  -24.992  -20.829 1.0000000000
42942  37.923  -24.938  -22.491 1.0000000000
46036  39.249  -22.915  -20.839 1.0000000000
125405  38.339  -22.930  -21.059 1.0000000000
45025  37.920  -23.905  -21.216 0.8999999762
46037  38.746  -22.165  -21.157 1.0000000000
46995  38.024  -21.964  -21.530 0.8999999762
49972  48.701  -18.331  -19.120 0.3000000119
48910  48.024  -19.619  -18.497 0.3000000119
47902  47.450  -20.255  -18.340 0.3000000119
46931  47.913  -21.071  -18.643 0.5000000000
46932  47.032  -21.102  -18.605 0.4000000060
46031  48.857  -22.752  -21.318 0.5000000000
46003  49.449  -22.442  -20.358 0.5000000000
46004  48.435  -22.560  -20.512 0.5000000000
46954  47.476  -21.709  -19.136 0.5000000000
45981  48.801  -22.081  -19.806 0.5000000000
46953  48.321  -21.633  -19.191 0.5000000000
135794  45.831  -22.486  -21.205 0.6999999881
45983  47.038  -22.156  -19.822 0.5000000000
45022  44.920  -23.471  -21.363 0.6000000238
43984  43.522  -24.321  -21.797 0.8999999762
118079  42.850  -24.656  -21.793 0.8999999762
45002  41.260  -24.256  -20.428 0.8999999762
43966  41.354  -24.933  -20.984 0.8999999762
43989  37.368  -24.703  -21.832 0.8999999762
46993  39.454  -21.858  -21.130 0.6999999881
46038  37.573  -22.920  -21.419 0.8999999762
45026  37.079  -23.829  -21.450 0.8999999762
48911  47.416  -19.310  -18.299 0.3000000119
48912  46.754  -19.655  -17.951 0.4000000060
49949  46.835  -18.833  -18.043 0.3000000119
47903  46.512  -20.459  -18.184 0.3000000119
47887  45.997  -19.893  -17.667 0.4000000060
46955  46.601  -21.744  -19.116 0.5000000000
46933  46.145  -21.233  -18.523 0.4000000060
46005  47.512  -22.454  -20.608 0.5000000000
46033  47.052  -22.327  -21.639 0.5000000000
45982  47.942  -22.274  -19.736 0.5000000000
45984  46.167  -22.335  -19.733 0.5000000000
46007  45.969  -22.448  -20.657 0.5000000000
131793  45.589  -22.746  -19.974 0.5000000000
44999  44.554  -23.576  -20.432 0.6000000238
45000  43.697  -23.811  -20.363 0.6999999881
45001  42.782  -23.768  -20.332 0.6999999881
43965  43.107  -24.407  -21.001 0.8000000119
44005  36.625  -25.007  -22.379 0.8999999762
114493  42.137  -24.382  -20.694 0.8999999762
46011  39.984  -23.352  -20.689 0.6999999881
46039  36.932  -22.947  -21.704 0.8999999762
48894  46.164  -19.087  -17.645 0.3000000119
48895  45.388  -18.583  -17.597 0.3000000119
47904  45.633  -20.660  -18.003 0.4000000060
47888  45.099  -20.008  -17.661 0.3000000119
46934  45.270  -21.448  -18.307 0.4000000060
47905  44.688  -20.795  -17.831 0.4000000060
46956  45.764  -21.955  -18.896 0.4000000060
46935  44.387  -21.523  -18.345 0.4000000060
45968  44.928  -22.166  -18.709 0.4000000060
45986  44.540  -22.739  -19.205 0.5000000000
44987  44.960  -23.100  -19.802 0.5000000000
134422  42.028  -23.732  -20.283 0.8000000119
46009  41.566  -23.167  -20.295 0.6999999881
46035  40.124  -22.502  -20.814 0.6999999881
46996  37.107  -22.114  -21.741 0.8999999762
46053  36.452  -22.476  -21.923 0.8999999762
47008  38.291  -21.289  -22.069 0.8999999762
47009  37.495  -21.318  -22.300 0.8000000119
47978  38.174  -20.731  -22.564 0.6999999881
47979  37.538  -20.654  -22.861 0.8000000119
134906  44.760  -18.564  -17.595 0.3000000119
48896  44.663  -19.198  -17.577 0.3000000119
47889  44.189  -20.016  -17.668 0.3000000119
47890  43.611  -19.942  -17.967 0.4000000060
47906  43.743  -20.736  -18.127 0.4000000060
46936  43.527  -21.582  -18.582 0.5000000000
45969  44.070  -22.197  -18.771 0.5000000000
45988  42.929  -22.605  -19.249 0.5000000000
46958  42.720  -21.794  -18.947 0.5000000000
45987  43.701  -22.776  -19.175 0.5000000000
133508  42.401  -22.268  -19.570 0.5000000000
46008  42.376  -23.064  -19.835 0.6000000238
46992  40.287  -21.521  -21.094 0.6999999881
47963  39.611  -20.920  -21.626 0.6999999881
46994  38.808  -21.466  -21.563 0.8000000119
47964  38.834  -20.773  -22.096 0.6999999881
134716  45.447  -17.796  -17.708 0.3000000119
50977  44.355  -17.584  -18.043 0.3000000119
114238  43.627  -17.908  -18.403 0.4000000060
49932  44.183  -18.473  -17.844 0.3000000119
49950  43.437  -18.760  -18.291 0.4000000060
48913  43.077  -20.074  -18.580 0.4000000060
47907  43.024  -20.973  -18.704 0.4000000060
47927  42.651  -20.467  -19.086 0.3000000119
123673  42.561  -21.057  -19.209 0.5000000000
46972  42.148  -21.417  -19.778 0.6000000238
47945  42.278  -20.499  -19.707 0.3000000119
47946  41.808  -20.581  -20.342 0.4000000060
115648  41.865  -22.253  -20.149 0.6999999881
46973  41.516  -21.368  -20.509 0.6000000238
46974  41.004  -22.186  -20.617 0.6999999881
46010  40.707  -23.293  -20.514 0.6999999881
46991  40.938  -21.228  -20.935 0.6999999881
49973  42.952  -18.261  -18.897 0.3000000119
48934  42.877  -19.144  -18.785 0.3000000119
48935  42.505  -19.690  -19.483 0.3000000119
49974  42.516  -18.696  -19.563 0.3000000119
49982  42.348  -19.098  -20.404 0.3000000119
116674  42.461  -18.276  -20.493 0.3000000119
48949  42.076  -19.828  -20.280 0.3000000119
48959  42.035  -19.358  -21.018 0.4000000060
48950  41.703  -19.957  -20.796 0.5000000000
48960  41.404  -19.693  -21.399 0.5000000000
133067  40.990  -20.134  -21.406 0.6000000238
47962  40.562  -20.606  -21.435 0.6000000238
51964  44.451  -16.809  -18.142 0.4000000060
134431  43.923  -16.462  -18.462 0.3000000119
50978  43.761  -17.080  -18.411 0.3000000119
50996  43.144  -17.375  -18.950 0.3000000119
50997  42.632  -17.792  -19.665 0.3000000119
49991  42.336  -18.655  -21.254 0.3000000119
49992  41.878  -18.953  -21.768 0.4000000060
48961  40.734  -19.839  -21.746 0.6000000238
48974  41.218  -19.256  -22.148 0.4000000060
47976  40.075  -20.162  -22.046 0.6000000238
47986  37.975  -20.141  -23.178 0.6999999881
47987  37.142  -20.197  -23.364 0.8000000119
113396  43.382  -16.555  -18.877 0.3000000119
51980  42.816  -16.830  -19.755 0.3000000119
51008  42.575  -17.433  -20.569 0.3000000119
123677  42.516  -17.886  -21.336 0.4000000060
50008  42.260  -18.154  -22.096 0.4000000060
50009  41.644  -18.534  -22.477 0.4000000060
50010  40.872  -18.766  -22.725 0.4000000060
48975  40.446  -19.460  -22.382 0.5000000000
47977  39.396  -20.311  -22.212 0.6000000238
50011  40.013  -18.881  -22.868 0.4000000060
112732  38.765  -19.955  -22.644 0.6999999881
48984  39.179  -19.111  -23.100 0.4000000060
50026  39.610  -18.438  -23.545 0.4000000060
50027  38.723  -18.527  -23.723 0.5000000000
48985  38.342  -19.313  -23.372 0.6000000238
48986  37.524  -19.503  -23.712 0.6999999881
52956  44.415  -15.272  -18.600 0.3000000119
51979  43.221  -15.914  -19.561 0.3000000119
132922  42.802  -16.275  -20.136 0.3000000119
51991  42.621  -16.557  -20.764 0.3000000119
113126  42.570  -17.194  -21.322 0.3000000119
51015  42.447  -17.378  -21.980 0.4000000060
51025  42.325  -17.535  -22.595 0.3000000119
51041  42.298  -17.282  -23.200 0.3000000119
50024  41.312  -18.165  -23.160 0.3000000119
51042  41.662  -17.559  -23.548 0.3000000119
50025  40.508  -18.366  -23.399 0.4000000060
119067  40.971  -17.864  -23.924 0.3000000119
51043  40.119  -18.004  -24.144 0.3000000119
50035  39.203  -18.035  -24.279 0.3000000119
50036  38.439  -18.319  -24.608 0.5000000000
50028  37.937  -18.792  -24.069 0.5000000000
48994  37.170  -19.086  -24.468 0.5000000000
52957  43.653  -15.085  -19.095 0.3000000119
52992  43.053  -14.987  -19.862 0.3000000119
52993  42.751  -15.748  -20.402 0.3000000119
52999  42.650  -15.754  -21.365 0.3000000119
51999  42.608  -16.647  -21.736 0.3000000119
52018  42.421  -16.518  -23.350 0.3000000119
51056  41.350  -17.240  -24.307 0.3000000119
51057  40.522  -17.409  -24.570 0.3000000119
51058  39.649  -17.590  -24.846 0.3000000119
51059  38.851  -17.899  -25.197 0.4000000060
50037  37.632  -18.495  -24.926 0.5000000000
50045  38.200  -18.221  -25.494 0.5000000000
117614  43.470  -14.226  -19.456 0.3000000119
52998  42.715  -14.947  -20.709 0.3000000119
114831  42.757  -16.123  -22.203 0.3000000119
120845  42.684  -15.998  -22.847 0.3000000119
52037  42.249  -16.160  -24.041 0.3000000119
52038  41.663  -16.503  -24.555 0.3000000119
51070  38.342  -17.852  -26.065 0.4000000060
50046  37.547  -18.389  -26.005 0.4000000060
51071  37.628  -17.935  -26.371 0.4000000060
113667  37.048  -18.193  -26.361 0.4000000060
54897  45.000  -13.776  -18.598 0.3000000119
54915  44.206  -13.569  -19.200 0.3000000119
53005  42.890  -14.964  -21.554 0.3000000119
53006  42.966  -15.340  -22.318 0.3000000119
125126  42.508  -15.884  -23.485 0.3000000119
52039  40.989  -16.825  -24.944 0.3000000119
112704  40.637  -16.414  -25.309 0.3000000119
52040  40.050  -16.983  -25.270 0.3000000119
51069  39.133  -17.389  -25.608 0.4000000060
113636  38.731  -17.275  -26.147 0.3000000119
54006  42.842  -14.134  -20.197 0.3000000119
116264  42.977  -13.466  -20.806 0.3000000119
54018  43.032  -14.462  -22.054 0.3000000119
54019  42.924  -14.592  -22.867 0.3000000119
53014  42.720  -15.317  -23.199 0.3000000119
53028  42.476  -15.412  -23.999 0.3000000119
54026  42.640  -14.651  -23.716 0.3000000119
53030  41.333  -16.158  -25.229 0.3000000119
54916  43.363  -13.283  -19.873 0.3000000119
54012  42.753  -14.238  -21.107 0.3000000119
123397  43.161  -12.959  -21.367 0.3000000119
54951  42.965  -13.659  -21.715 0.3000000119
54958  42.966  -13.810  -22.538 0.3000000119
53029  41.930  -15.597  -24.740 0.3000000119
53049  41.427  -15.406  -25.348 0.3000000119
55863  43.564  -12.417  -20.054 0.3000000119
55887  43.348  -12.315  -20.892 0.3000000119
125800  43.073  -13.069  -22.185 0.3000000119
55905  43.059  -12.371  -21.733 0.4000000060
54959  42.787  -13.890  -23.352 0.3000000119
124131  42.433  -13.935  -24.239 0.3000000119
55906  42.881  -12.400  -22.569 0.4000000060
125671  42.876  -13.120  -22.964 0.4000000060
56880  43.248  -11.647  -21.267 0.3000000119
56892  42.882  -11.691  -22.109 0.4000000060
39952  41.217  -27.985  -24.828 1.0000000000
34736  46.411  -33.234  -20.262 0.6000000238
35694  43.789  -32.872  -19.562 0.6000000238
34723  49.009  -32.727  -20.320 0.5000000000
130229  48.678  -33.412  -20.275 0.5000000000
37627  46.083  -29.813  -19.469 0.6000000238
36704  42.197  -31.230  -26.363 0.8999999762
38742  47.421  -29.384  -18.876 0.5000000000
125338  47.935  -31.663  -19.095 0.4000000060
37647  42.658  -30.730  -21.729 0.6999999881
38743  47.044  -28.578  -18.884 0.5000000000
117806  46.574  -28.221  -18.320 0.5000000000
41861  47.101  -26.150  -18.980 0.4000000060
39971  43.302  -28.704  -26.952 0.8000000119
40984  41.409  -27.847  -25.625 1.0000000000
41885  48.435  -26.471  -21.511 0.5000000000
40902  46.949  -27.114  -21.830 0.5000000000
41966  41.590  -26.970  -25.973 1.0000000000
43007  39.405  -24.266  -25.686 1.0000000000
44054  39.747  -23.863  -26.180 1.0000000000
46086  42.611  -19.785  -27.053 1.0000000000
111894  44.627  -20.275  -27.146 1.0000000000
46090  42.664  -20.778  -27.630 1.0000000000
42975  46.285  -25.244  -23.135 0.6999999881
43999  52.172  -24.608  -22.905 0.4000000060
45017  52.017  -23.434  -21.680 0.4000000060
129061  40.151  -25.544  -21.888 1.0000000000
45038  51.488  -23.868  -22.182 0.5000000000
47924  50.550  -20.497  -19.651 0.4000000060
43987  39.408  -25.152  -21.581 1.0000000000
46006  46.643  -22.317  -20.670 0.5000000000
44998  45.379  -22.941  -20.688 0.5000000000
45023  44.062  -24.104  -21.068 0.6999999881
44989  43.257  -23.299  -19.676 0.5000000000
48976  39.655  -19.661  -22.548 0.6000000238
52006  42.534  -16.799  -22.585 0.3000000119
34780  43.537  -34.214  -25.821 0.5000000000
122014  43.397  -34.643  -25.892 0.5000000000
32193  43.604  -36.546  -25.009 0.5000000000
32182  43.257  -36.503  -23.517 0.5000000000
33107  43.223  -35.766  -24.444 0.5000000000
33915  43.255  -34.902  -25.221 0.5000000000
32166  43.164  -36.198  -22.333 0.5000000000
33081  43.519  -35.760  -21.518 0.4000000060
33082  42.754  -35.504  -21.812 0.5000000000
33080  44.460  -35.771  -21.511 0.4000000060
33892  45.110  -35.128  -21.045 0.5000000000
124521  43.193  -35.271  -21.013 0.5000000000
38770  37.461  -29.458  -20.235 0.6999999881
38756  36.499  -30.371  -20.086 0.6999999881
38769  38.372  -29.177  -20.121 0.8000000119
38767  40.146  -28.895  -20.629 0.8000000119
38768  39.271  -29.008  -20.275 0.8000000119
39878  40.148  -28.232  -21.376 0.8999999762
118150  36.809  -29.083  -20.821 0.6999999881
39879  39.425  -28.292  -20.778 0.8999999762
39880  38.482  -28.375  -20.568 0.8999999762
39898  39.363  -27.718  -21.387 0.8999999762
40906  39.756  -27.390  -21.950 0.8999999762
39901  36.604  -28.430  -21.492 0.6000000238
39881  37.556  -28.669  -20.653 0.8000000119
39899  38.574  -27.760  -21.276 0.8999999762
40931  39.120  -26.899  -22.828 0.8999999762
41906  39.604  -26.577  -23.481 0.8999999762
37673  48.246  -30.427  -25.655 0.5000000000
38834  47.789  -29.902  -24.854 0.5000000000
38833  48.015  -30.337  -24.835 0.6000000238
120801  35.773  -28.310  -21.598 0.6000000238
40908  37.751  -27.582  -22.268 0.8999999762
39900  37.614  -28.007  -21.304 0.8999999762
40907  38.772  -27.325  -22.066 0.8999999762
41907  38.318  -26.694  -24.112 0.8999999762
39961  48.577  -28.677  -26.473 0.5000000000
40980  48.357  -27.494  -26.114 0.5000000000
39962  48.172  -28.321  -25.830 0.5000000000
38844  48.567  -30.230  -26.652 0.5000000000
38845  48.056  -29.480  -25.853 0.5000000000
40909  36.764  -27.847  -22.385 0.8999999762
40932  37.925  -27.227  -23.436 0.8999999762
40979  48.685  -27.662  -26.344 0.5000000000
39960  49.068  -28.590  -26.664 0.5000000000
38857  48.890  -29.538  -26.927 0.5000000000
41908  37.225  -26.990  -24.593 0.8999999762
41959  48.946  -27.020  -25.782 0.5000000000
121956  49.474  -27.766  -26.140 0.5000000000
40936  34.553  -27.271  -23.400 0.6000000238
41910  33.911  -27.153  -23.398 0.6000000238
40955  35.006  -27.137  -23.565 0.8000000119
41933  34.334  -26.791  -23.529 0.6999999881
42982  34.044  -25.997  -23.570 0.6999999881
41934  33.652  -26.375  -23.393 0.6999999881
124145  33.242  -25.415  -23.346 0.6999999881
42981  34.827  -26.551  -23.451 0.8000000119
42961  34.625  -25.559  -23.200 0.6999999881
119483  33.881  -25.199  -23.314 0.6999999881
44008  34.399  -24.483  -22.999 0.6999999881
44029  33.411  -24.515  -23.384 0.6999999881
44006  36.067  -25.031  -22.435 0.8000000119
44007  35.299  -24.908  -22.619 0.8000000119
42960  35.654  -26.069  -23.101 0.8000000119
45046  34.668  -23.531  -22.891 0.6999999881
130929  35.131  -24.124  -22.516 0.6999999881
124696  35.803  -24.245  -22.139 0.8000000119
45045  35.430  -23.449  -22.357 0.6999999881
46055  34.991  -22.813  -22.813 0.6000000238
43990  36.542  -24.434  -21.796 0.8000000119
46054  35.715  -22.492  -22.408 0.6000000238
47011  35.611  -21.663  -22.858 0.6000000238
47019  35.227  -21.367  -23.532 0.6000000238
47010  36.391  -21.621  -22.374 0.6000000238
47018  35.907  -20.982  -23.078 0.6000000238
45027  36.256  -23.467  -21.794 0.8000000119
47989  35.585  -20.700  -23.952 0.6000000238
47980  36.776  -20.819  -22.886 0.6000000238
47988  36.324  -20.384  -23.579 0.6000000238
48987  36.700  -19.706  -24.015 0.6000000238
128961  46.117  -35.072  -21.362 0.4000000060
33893  43.996  -35.268  -20.827 0.5000000000
33097  42.719  -35.751  -22.902 0.5000000000
122647  40.123  -27.110  -22.655 0.8999999762
116761  49.340  -26.499  -21.665 0.4000000060
114689  50.197  -26.578  -21.735 0.4000000060
41905  48.805  -27.071  -22.159 0.4000000060
41904  49.750  -27.221  -22.179 0.4000000060
39915  49.411  -28.451  -23.185 0.5000000000
41903  50.683  -27.264  -22.335 0.4000000060
41883  51.021  -26.356  -21.718 0.4000000060
39935  48.716  -29.348  -23.628 0.5000000000
38812  48.068  -30.069  -24.239 0.5000000000
39914  50.195  -28.426  -23.195 0.5000000000
40926  50.045  -27.848  -22.721 0.4000000060
40927  49.150  -27.819  -22.639 0.4000000060
40925  51.391  -27.635  -22.780 0.4000000060
40951  50.785  -28.090  -22.916 0.4000000060
41902  51.541  -26.834  -22.313 0.4000000060
40950  51.387  -28.353  -23.336 0.4000000060
41922  54.097  -26.683  -23.335 0.4000000060
41923  53.170  -26.896  -23.099 0.4000000060
40924  52.228  -27.132  -22.786 0.4000000060
41900  53.878  -26.286  -22.558 0.4000000060
38811  49.108  -29.897  -24.144 0.5000000000
39934  49.770  -29.123  -23.564 0.4000000060
135895  57.361  -28.018  -25.790 0.3000000119
39933  50.752  -28.948  -23.511 0.4000000060
40958  57.060  -27.590  -25.023 0.3000000119
39931  52.094  -28.483  -23.704 0.4000000060
131720  57.485  -28.023  -25.052 0.3000000119
40959  56.441  -27.218  -24.486 0.3000000119
41939  55.299  -26.965  -24.112 0.3000000119
40947  54.424  -27.218  -24.047 0.4000000060
40948  53.486  -27.511  -23.795 0.4000000060
40949  52.582  -27.695  -23.488 0.4000000060
40946  56.937  -27.362  -23.982 0.3000000119
41938  55.905  -26.910  -24.121 0.3000000119
41921  54.862  -26.630  -23.531 0.4000000060
38832  48.480  -30.482  -24.823 0.4000000060
38831  49.457  -30.557  -24.774 0.4000000060
38809  51.020  -29.714  -24.102 0.4000000060
38810  50.177  -29.795  -24.082 0.4000000060
40972  56.995  -27.948  -26.477 0.3000000119
39955  55.633  -28.559  -26.558 0.3000000119
123080  56.547  -27.629  -25.376 0.3000000119
40974  55.559  -27.953  -25.682 0.3000000119
39956  54.890  -28.690  -25.865 0.3000000119
39948  53.217  -29.012  -24.712 0.4000000060
39930  52.903  -28.369  -24.115 0.4000000060
40960  55.855  -27.371  -24.961 0.3000000119
40961  54.989  -27.593  -24.882 0.3000000119
39947  53.937  -28.227  -24.682 0.3000000119
37672  48.314  -30.842  -25.524 0.4000000060
36687  53.346  -32.095  -27.503 0.3000000119
36688  52.467  -32.364  -26.968 0.3000000119
37669  51.649  -31.092  -25.419 0.4000000060
37681  50.817  -31.778  -26.026 0.4000000060
37670  50.667  -30.704  -24.830 0.4000000060
38851  54.868  -30.223  -27.783 0.3000000119
37679  53.541  -31.501  -26.840 0.3000000119
37680  52.570  -31.503  -26.143 0.3000000119
38829  52.422  -30.454  -25.102 0.4000000060
38830  51.657  -30.116  -24.457 0.4000000060
38840  54.647  -29.909  -26.739 0.3000000119
38841  53.788  -30.398  -26.211 0.3000000119
38828  53.095  -29.854  -25.209 0.4000000060
39949  52.383  -29.346  -24.381 0.4000000060
39957  53.948  -29.365  -25.483 0.3000000119
38856  48.876  -30.526  -27.355 0.4000000060
37695  49.128  -31.423  -27.342 0.4000000060
37684  48.416  -31.117  -26.373 0.4000000060
116801  50.568  -32.036  -27.072 0.3000000119
36701  49.485  -31.904  -27.148 0.4000000060
36691  49.207  -31.736  -26.566 0.4000000060
37683  48.669  -31.379  -26.086 0.4000000060
36689  51.278  -32.104  -26.830 0.4000000060
36690  49.975  -32.020  -26.753 0.4000000060
37682  49.595  -31.457  -25.735 0.4000000060
45062  33.806  -23.621  -23.399 0.6000000238
46065  34.996  -22.080  -23.091 0.5000000000
46066  34.313  -22.691  -23.508 0.5000000000
47020  34.562  -21.797  -23.931 0.5000000000
47029  34.912  -21.111  -24.408 0.5000000000
47994  36.001  -20.121  -24.503 0.5000000000
48995  36.423  -19.474  -24.972 0.4000000060
54052  41.261  -14.878  -25.912 0.3000000119
54971  41.772  -14.127  -26.071 0.3000000119
54068  40.918  -14.166  -26.320 0.3000000119
124968  42.486  -13.141  -23.750 0.3000000119
54970  42.211  -13.961  -25.381 0.3000000119
54999  41.279  -13.374  -26.479 0.3000000119
55000  40.262  -13.309  -26.744 0.3000000119
55945  40.884  -12.559  -27.041 0.3000000119
55916  42.730  -12.383  -23.388 0.3000000119
121626  42.140  -13.141  -24.585 0.3000000119
54981  41.884  -13.066  -25.321 0.3000000119
54982  41.661  -13.346  -26.006 0.3000000119
55944  41.427  -12.578  -26.585 0.3000000119
55012  40.106  -12.498  -27.333 0.3000000119
55958  39.413  -12.073  -27.849 0.3000000119
55923  42.451  -12.368  -24.177 0.3000000119
55931  42.144  -12.378  -24.977 0.3000000119
56915  42.417  -11.654  -24.608 0.3000000119
55932  41.745  -12.442  -25.779 0.3000000119
56923  42.025  -11.634  -25.396 0.3000000119
56924  41.604  -11.553  -26.383 0.3000000119
55957  40.326  -11.744  -27.714 0.3000000119
56893  42.736  -11.656  -22.975 0.3000000119
57981  42.612  -10.775  -23.420 0.3000000119
123895  42.338  -10.928  -24.984 0.3000000119
124676  41.828  -10.873  -25.781 0.3000000119
130923  41.596  -10.710  -26.649 0.3000000119
56937  41.362  -10.793  -27.274 0.3000000119
121662  42.549  -11.040  -24.267 0.3000000119
57992  42.467  -10.196  -24.401 0.3000000119
58005  41.592  -10.140  -26.182 0.3000000119
59016  42.519  -9.748  -23.394 0.3000000119
59034  42.417  -9.227  -24.153 0.3000000119
59048  42.332  -9.427  -25.080 0.3000000119
125201  42.437  -8.961  -23.325 0.3000000119
60004  42.329  -8.391  -23.802 0.3000000119
59993  42.478  -8.275  -22.844 0.3000000119
120474  52.995  -26.348  -22.385 0.4000000060
41884  49.817  -25.952  -21.068 0.4000000060
117229  50.498  -26.002  -21.270 0.4000000060
41901  52.256  -26.430  -22.238 0.4000000060
41882  51.864  -26.058  -21.791 0.4000000060
41899  54.814  -26.320  -22.717 0.4000000060
112055  58.214  -28.937  -25.685 0.3000000119
39946  57.826  -28.537  -24.729 0.3000000119
116539  57.398  -27.885  -24.274 0.3000000119
40922  57.239  -27.806  -23.385 0.3000000119
41919  56.398  -26.914  -23.644 0.3000000119
41920  55.634  -26.598  -23.336 0.3000000119
39954  57.802  -28.380  -25.795 0.3000000119
39966  55.871  -28.755  -27.563 0.3000000119
38852  54.341  -30.905  -27.450 0.3000000119
39970  49.403  -29.708  -26.964 0.4000000060
125722  49.534  -30.862  -27.377 0.4000000060
116167  50.437  -31.208  -27.295 0.4000000060
37693  52.454  -31.908  -27.569 0.3000000119
36699  53.047  -32.183  -27.557 0.3000000119
39959  49.976  -28.790  -26.116 0.4000000060
57961  42.786  -10.963  -22.469 0.3000000119
116582  42.667  -10.145  -22.572 0.3000000119
59001  42.593  -9.150  -22.453 0.3000000119
59992  42.736  -8.231  -21.944 0.3000000119
40971  57.511  -28.284  -27.007 0.3000000119
39916  48.403  -28.580  -23.192 0.5000000000
39932  51.548  -29.141  -23.886 0.4000000060
40973  56.273  -28.163  -26.328 0.3000000119
36692  48.809  -31.595  -26.819 0.4000000060
56905  42.671  -11.643  -23.834 0.3000000119
55956  41.114  -11.699  -27.160 0.3000000119
58004  42.168  -10.190  -25.356 0.3000000119
59049  41.760  -9.598  -25.747 0.3000000119
60948  42.637  -7.478  -22.361 0.3000000119
41871  48.925  -26.006  -20.874 0.3000000119
35722  39.413  -32.537  -23.116 0.6000000238
35709  39.834  -32.577  -21.842 0.6999999881
42937  51.003  -25.756  -21.077 0.3000000119
36601  46.313  -31.278  -18.143 0.3000000119
37597  46.600  -30.151  -18.205 0.3000000119
135712  39.331  -31.847  -19.697 0.6999999881
42909  49.104  -25.151  -19.454 0.3000000119
131541  39.421  -32.332  -19.800 0.6999999881
35697  39.774  -32.468  -20.579 0.6999999881
42908  50.129  -24.889  -19.536 0.3000000119
42924  50.502  -25.398  -20.491 0.3000000119
36655  40.130  -31.869  -21.121 0.6999999881
114851  51.119  -25.075  -19.703 0.3000000119
42921  53.453  -25.521  -20.408 0.3000000119
42922  52.593  -25.334  -20.225 0.3000000119
42923  51.565  -25.356  -20.505 0.3000000119
42920  54.261  -25.883  -20.579 0.3000000119
42934  53.797  -25.485  -21.050 0.3000000119
42935  53.105  -25.385  -20.944 0.3000000119
39852  46.506  -27.625  -17.757 0.3000000119
41845  47.196  -25.975  -18.097 0.4000000060
37633  39.631  -30.668  -20.002 0.6999999881
115003  48.866  -25.166  -18.743 0.3000000119
42897  47.629  -25.679  -18.619 0.3000000119
36643  39.737  -31.665  -20.085 0.6999999881
43946  50.285  -24.837  -18.920 0.3000000119
125288  51.655  -25.142  -19.097 0.3000000119
121459  53.119  -25.475  -19.804 0.3000000119
127539  52.252  -25.494  -21.086 0.3000000119
41870  54.868  -26.600  -20.457 0.3000000119
41835  46.947  -26.467  -17.630 0.4000000060
37617  38.820  -30.614  -19.508 0.6999999881
42882  48.492  -25.407  -17.487 0.3000000119
42896  48.308  -25.357  -18.283 0.3000000119
42894  50.464  -25.094  -18.344 0.3000000119
119181  49.054  -25.162  -18.084 0.3000000119
42892  52.051  -25.486  -18.644 0.3000000119
37632  40.243  -30.465  -20.783 0.6999999881
42951  54.425  -26.016  -22.010 0.3000000119
41881  52.801  -25.783  -21.676 0.3000000119
135883  55.460  -26.717  -20.816 0.3000000119
42933  54.438  -25.837  -21.330 0.3000000119
38753  39.105  -29.802  -19.801 0.6999999881
42881  49.352  -25.406  -17.404 0.3000000119
124424  39.772  -29.755  -20.443 0.6999999881
41833  51.113  -26.125  -17.411 0.3000000119
42879  51.018  -25.484  -17.872 0.3000000119
125918  40.377  -29.649  -21.022 0.6999999881
41879  55.562  -26.579  -21.462 0.3000000119
42880  50.301  -25.569  -17.500 0.3000000119
42932  55.057  -26.097  -21.810 0.3000000119
132057  50.494  -29.468  -26.356 0.3000000119
34775  39.402  -33.466  -24.208 0.5000000000
34756  39.820  -33.967  -21.471 0.6999999881
33910  39.726  -34.288  -22.437 0.6000000238
33896  39.874  -34.673  -21.440 0.6000000238
34768  39.342  -33.045  -23.749 0.6000000238
36627  38.842  -32.082  -19.456 0.6999999881
122717  39.205  -31.359  -19.574 0.6999999881
38708  45.945  -28.402  -17.550 0.3000000119
36628  38.379  -31.392  -19.382 0.6999999881
40857  46.485  -26.956  -17.210 0.4000000060
38754  38.188  -29.956  -19.722 0.6999999881
42870  47.929  -25.649  -16.919 0.4000000060
41834  47.307  -26.026  -17.304 0.4000000060
42869  48.791  -25.711  -16.810 0.3000000119
41821  48.297  -26.348  -16.453 0.3000000119
40845  48.665  -27.028  -15.955 0.3000000119
42925  49.443  -25.396  -20.257 0.3000000119
118929  39.579  -33.310  -22.546 0.6000000238
41819  50.518  -26.266  -16.948 0.3000000119
41822  47.493  -26.325  -16.649 0.3000000119
33920  43.293  -34.900  -25.889 0.5000000000
33927  41.471  -33.929  -25.675 0.5000000000
33120  41.644  -34.831  -25.480 0.5000000000
34785  43.625  -34.171  -26.045 0.4000000060
29378  38.361  -39.551  -20.527 0.4000000060
28419  36.830  -41.182  -20.014 0.5000000000
33926  42.863  -34.554  -26.130 0.5000000000
124396  40.117  -33.645  -25.019 0.5000000000
27440  35.603  -42.188  -20.392 0.4000000060
26444  34.846  -42.728  -20.610 0.4000000060
29379  37.848  -40.042  -19.942 0.5000000000
34782  39.516  -33.096  -24.792 0.4000000060
27441  34.767  -41.927  -20.495 0.4000000060
26455  34.076  -43.277  -20.916 0.4000000060
27427  36.035  -41.401  -19.890 0.4000000060
28405  37.225  -40.411  -19.674 0.5000000000
30360  39.074  -38.247  -19.822 0.5000000000
32156  39.549  -36.786  -20.567 0.4000000060
114129  39.402  -33.850  -23.499 0.5000000000
113161  39.734  -35.159  -22.204 0.4000000060
33069  39.765  -35.895  -20.666 0.4000000060
27453  33.966  -42.132  -20.781 0.4000000060
27455  31.583  -41.194  -21.434 0.4000000060
28407  35.621  -40.690  -19.771 0.4000000060
29395  32.336  -39.489  -21.616 0.4000000060
29366  36.619  -39.733  -19.519 0.5000000000
29394  33.178  -39.158  -21.743 0.4000000060
30362  37.858  -38.704  -19.485 0.5000000000
127918  34.185  -38.019  -21.409 0.4000000060
30381  33.733  -38.573  -21.534 0.4000000060
30361  38.609  -38.453  -19.604 0.5000000000
135282  38.453  -36.863  -19.377 0.5000000000
31290  34.283  -37.243  -21.376 0.4000000060
32168  33.751  -36.759  -21.556 0.4000000060
32144  39.117  -36.884  -19.786 0.5000000000
123365  39.415  -36.224  -20.008 0.6000000238
33880  39.804  -34.917  -20.532 0.6000000238
26458  31.314  -42.039  -21.516 0.4000000060
28435  32.100  -40.378  -21.527 0.4000000060
114423  33.017  -39.908  -21.468 0.4000000060
30363  36.938  -38.876  -19.499 0.5000000000
29367  35.718  -39.914  -19.631 0.4000000060
29393  33.886  -39.372  -21.317 0.4000000060
125125  37.298  -38.204  -19.403 0.5000000000
123606  34.764  -37.761  -20.790 0.4000000060
31269  38.027  -37.773  -19.355 0.5000000000
121175  38.896  -36.096  -19.487 0.5000000000
126368  34.492  -36.263  -21.407 0.4000000060
33057  39.457  -35.498  -19.860 0.6000000238
130092  32.422  -41.137  -21.479 0.4000000060
29380  34.940  -40.225  -19.971 0.4000000060
28433  33.798  -40.268  -21.298 0.4000000060
133168  34.150  -39.888  -21.124 0.4000000060
133723  35.103  -38.536  -20.289 0.4000000060
32145  37.602  -36.792  -19.267 0.5000000000
31280  35.388  -37.080  -20.437 0.4000000060
31281  34.852  -36.905  -21.040 0.4000000060
32157  35.213  -36.273  -20.808 0.4000000060
34740  39.708  -33.982  -20.418 0.6000000238
33866  39.369  -34.617  -19.730 0.6000000238
33058  38.734  -35.226  -19.355 0.6000000238
26456  33.289  -42.580  -21.066 0.4000000060
120714  33.675  -41.192  -21.275 0.4000000060
29381  34.450  -39.634  -20.788 0.4000000060
30373  34.416  -38.727  -20.977 0.4000000060
122577  36.449  -38.120  -19.524 0.5000000000
30364  35.831  -38.916  -19.498 0.5000000000
123363  35.576  -37.947  -19.943 0.5000000000
31271  36.123  -37.282  -19.724 0.5000000000
32147  35.770  -36.441  -19.956 0.5000000000
32146  36.667  -36.643  -19.596 0.5000000000
33061  36.274  -35.972  -19.763 0.5000000000
118452  38.050  -35.904  -19.084 0.6000000238
33070  35.600  -35.505  -20.162 0.5000000000
33071  34.997  -35.448  -21.155 0.4000000060
122947  39.591  -33.105  -20.015 0.6000000238
34725  39.126  -33.731  -19.634 0.6000000238
114992  37.898  -34.910  -18.998 0.6000000238
116755  37.077  -36.014  -19.439 0.5000000000
33867  38.546  -34.343  -19.293 0.6000000238
33869  36.968  -34.479  -19.203 0.6000000238
33060  36.447  -35.310  -19.535 0.5000000000
34726  38.310  -33.450  -19.194 0.6000000238
35682  39.021  -32.894  -19.470 0.6000000238
36630  36.505  -31.563  -19.677 0.5000000000
35685  36.094  -32.261  -19.883 0.5000000000
36629  37.407  -31.481  -19.380 0.6000000238
35684  36.990  -32.290  -19.377 0.6000000238
122976  36.456  -32.820  -19.763 0.5000000000
122571  35.463  -33.781  -20.432 0.5000000000
33868  37.822  -34.134  -18.893 0.6000000238
33881  35.903  -34.541  -19.846 0.5000000000
33882  35.253  -34.624  -20.765 0.5000000000
37619  36.895  -30.846  -19.663 0.5000000000
124729  36.101  -30.930  -20.045 0.5000000000
38755  37.231  -30.143  -19.844 0.6000000238
127752  36.988  -33.016  -19.464 0.6000000238
124485  37.951  -32.117  -19.214 0.6000000238
132241  37.681  -32.850  -19.237 0.6000000238
33113  39.510  -34.909  -24.336 0.4000000060
33916  39.289  -34.394  -24.046 0.4000000060
33922  39.599  -33.922  -24.478 0.4000000060
35683  38.385  -32.675  -19.311 0.6000000238
125236  42.714  -35.143  -25.804 0.5000000000
33112  40.615  -35.301  -24.816 0.5000000000
33921  40.407  -34.402  -24.898 0.5000000000
29364  38.229  -39.184  -19.765 0.5000000000
28420  35.072  -41.216  -20.153 0.4000000060
30382  33.063  -38.461  -21.736 0.4000000060
31291  33.619  -37.733  -21.586 0.4000000060
28421  34.422  -40.414  -20.701 0.4000000060
30372  35.030  -39.320  -20.138 0.4000000060
27454  33.038  -41.705  -21.320 0.4000000060
34727  37.363  -33.571  -19.205 0.6000000238
114774  32.560  -38.919  -21.743 0.3000000119
30383  32.158  -38.362  -21.459 0.3000000119
31292  32.705  -37.741  -21.537 0.3000000119
31293  31.688  -37.708  -21.348 0.3000000119
28406  36.374  -40.572  -19.676 0.4000000060
28434  33.076  -40.749  -21.487 0.4000000060
29365  37.515  -39.530  -19.656 0.5000000000
30371  38.847  -38.835  -20.040 0.5000000000
31268  38.872  -37.711  -19.574 0.5000000000
31270  37.047  -37.480  -19.397 0.5000000000
33059  37.272  -35.342  -19.110 0.5000000000
33083  39.915  -35.339  -21.263 0.4000000060
33095  46.364  -35.624  -21.977 0.4000000060
34713  47.593  -32.955  -19.029 0.3000000119
34722  49.131  -33.342  -20.767 0.5000000000
34741  36.381  -33.582  -19.718 0.6000000238
35693  46.171  -32.427  -19.820 0.6000000238
35707  48.776  -32.261  -20.920 0.6000000238
36600  47.288  -31.497  -18.671 0.4000000060
36624  48.011  -31.043  -19.604 0.5000000000
36642  40.132  -31.173  -20.612 0.6999999881
36700  51.873  -32.257  -27.203 0.4000000060
36702  49.235  -31.862  -26.992 0.4000000060
36705  49.013  -31.694  -27.133 0.4000000060
37618  37.830  -30.728  -19.541 0.6000000238
37631  42.907  -30.938  -20.949 0.6999999881
37671  48.734  -31.014  -25.366 0.4000000060
37694  49.922  -31.688  -27.368 0.3000000119
37696  48.707  -31.242  -27.117 0.4000000060
37697  43.164  -30.399  -26.486 0.8999999762
38842  53.117  -30.796  -25.770 0.3000000119
38848  41.334  -29.180  -25.650 1.0000000000
39967  55.287  -29.309  -27.192 0.3000000119
39973  42.452  -28.603  -26.650 1.0000000000
41820  49.198  -26.510  -16.372 0.3000000119
41823  46.806  -26.511  -16.923 0.4000000060
41832  51.642  -25.822  -18.025 0.3000000119
41880  55.030  -26.189  -21.020 0.3000000119
41886  47.560  -26.532  -21.236 0.5000000000
42868  49.737  -25.942  -16.821 0.3000000119
42883  47.735  -25.591  -17.727 0.4000000060
42893  51.313  -25.249  -18.470 0.3000000119
42895  49.656  -24.936  -18.737 0.3000000119
42907  52.469  -25.448  -19.352 0.3000000119
42910  48.281  -25.453  -19.138 0.3000000119
42936  51.530  -25.748  -21.261 0.3000000119
42952  53.710  -25.820  -21.765 0.3000000119
43945  50.859  -24.903  -19.001 0.3000000119
44988  44.150  -23.353  -19.674 0.6999999881
45021  45.708  -22.537  -21.807 0.6999999881
45092  44.912  -21.517  -27.320 1.0000000000
45093  41.831  -20.187  -27.455 1.0000000000
45100  43.869  -21.064  -27.475 1.0000000000
45985  45.337  -22.561  -19.333 0.5000000000
46091  42.773  -20.066  -27.277 1.0000000000
46957  43.311  -22.222  -18.836 0.5000000000
47038  43.820  -19.653  -26.916 1.0000000000
47942  52.412  -20.721  -20.492 0.4000000060
47961  41.321  -20.530  -21.044 0.6000000238
48007  43.390  -20.135  -27.286 1.0000000000
48008  43.124  -20.495  -27.562 1.0000000000
48897  43.806  -19.332  -17.728 0.4000000060
49931  44.861  -18.017  -17.638 0.3000000119
51026  41.995  -17.880  -22.859 0.3000000119
51965  43.780  -15.859  -18.723 0.3000000119
52019  41.949  -16.879  -23.836 0.3000000119
111895  43.962  -20.065  -27.274 1.0000000000
111896  43.364  -20.461  -27.375 1.0000000000
114518  49.761  -25.163  -17.999 0.3000000119
115915  51.737  -32.006  -26.332 0.4000000060
115962  43.536  -20.650  -27.358 1.0000000000
116877  44.517  -16.080  -18.387 0.4000000060
119450  51.903  -25.241  -19.732 0.3000000119
119479  39.715  -33.225  -21.121 0.6999999881
121816  51.888  -27.836  -23.263 0.4000000060
122015  34.270  -41.206  -20.791 0.4000000060
124811  33.135  -37.120  -21.506 0.3000000119
125675  40.499  -29.708  -21.895 0.8000000119
126571  51.111  -31.812  -27.164 0.3000000119
127004  43.325  -12.871  -20.600 0.3000000119
127133  39.421  -32.921  -24.378 0.5000000000
127616  43.338  -20.057  -27.171 1.0000000000
127973  39.831  -34.383  -20.929 0.6999999881
128180  43.184  -20.421  -27.409 1.0000000000
128950  43.369  -19.466  -18.257 0.4000000060
129556  45.487  -19.359  -17.596 0.3000000119
130427  53.385  -25.568  -21.321 0.3000000119
132284  47.104  -26.753  -16.337 0.3000000119
134252  33.490  -39.635  -21.449 0.4000000060
134581  53.051  -32.172  -26.856 0.3000000119
135284  45.573  -24.147  -25.967 0.8999999762
136017  42.867  -10.441  -21.959 0.3000000119
