#!ascii label  , from subject sub-003S6257 vox2ras=TkReg
1778
4087  20.397  -68.963  -21.535 0.6999999881
126329  19.633  -69.433  -21.202 0.8000000119
4078  19.335  -69.418  -20.379 0.8000000119
3457  18.183  -69.977  -19.659 0.6999999881
4102  19.871  -69.531  -23.431 0.6000000238
4088  19.764  -69.490  -22.284 0.6000000238
4079  18.670  -69.892  -20.359 0.6000000238
4121  19.909  -69.608  -24.105 0.6000000238
4061  19.627  -68.961  -19.705 0.8000000119
4062  19.252  -68.982  -18.974 0.6999999881
4044  18.878  -68.791  -18.446 0.6999999881
4045  17.528  -69.235  -18.334 0.6999999881
4101  20.423  -68.996  -22.852 0.6000000238
4077  20.002  -68.982  -20.507 0.6999999881
4063  18.401  -69.326  -18.896 0.6999999881
4138  20.015  -69.952  -24.448 0.6000000238
3534  20.434  -70.121  -24.746 0.6000000238
3535  19.739  -70.602  -24.593 0.6000000238
126533  20.347  -72.635  -25.023 0.6000000238
2966  20.423  -71.729  -25.091 0.6000000238
4686  20.137  -68.174  -18.344 0.8000000119
4673  20.081  -67.988  -17.579 0.8000000119
4674  19.319  -68.251  -17.132 0.6999999881
4663  18.644  -68.188  -16.253 0.6999999881
4664  17.834  -68.282  -15.654 0.6999999881
4699  20.397  -68.518  -19.722 0.8000000119
4687  19.499  -68.419  -18.230 0.6999999881
4675  18.418  -68.510  -17.258 0.6999999881
4717  20.626  -68.628  -20.598 0.6999999881
4700  19.923  -68.559  -18.968 0.8000000119
4688  18.857  -68.488  -17.886 0.6999999881
4757  20.397  -68.841  -23.980 0.6999999881
4136  20.883  -69.353  -24.632 0.6000000238
4137  20.392  -69.390  -24.391 0.6000000238
2965  21.396  -71.511  -25.232 0.6000000238
3547  20.068  -70.969  -24.905 0.6000000238
2011  21.498  -73.411  -24.966 0.6000000238
1633  21.555  -74.507  -23.754 0.6999999881
1634  20.899  -74.687  -23.881 0.6000000238
1987  21.407  -74.065  -21.597 0.5000000000
1328  20.915  -74.935  -22.817 0.6000000238
1618  20.531  -74.378  -21.304 0.5000000000
115237  20.830  -67.513  -17.031 0.8999999762
4662  20.029  -67.766  -16.638 0.8000000119
5265  19.778  -67.332  -15.886 0.6999999881
5314  21.266  -67.643  -18.620 0.6999999881
5315  20.686  -67.828  -18.028 0.8999999762
4638  18.325  -67.746  -15.435 0.6999999881
5336  21.691  -67.714  -20.509 0.8000000119
4716  21.053  -68.149  -20.149 0.8000000119
4733  21.209  -68.336  -21.259 0.8000000119
5370  21.490  -67.510  -23.541 0.6999999881
127028  20.950  -68.594  -22.281 0.6999999881
4756  21.069  -67.942  -24.209 0.8000000119
4773  21.290  -68.515  -24.445 0.8000000119
3546  21.120  -70.112  -24.920 0.6999999881
130847  21.444  -70.778  -25.005 0.6999999881
2455  21.277  -72.556  -25.177 0.6000000238
1641  22.176  -74.197  -24.231 0.6999999881
1622  21.716  -74.446  -22.525 0.6999999881
5299  21.877  -67.089  -17.925 0.8999999762
5284  20.520  -67.143  -16.128 0.8000000119
5266  18.560  -66.924  -15.247 0.6999999881
5322  22.151  -67.070  -19.875 0.8000000119
5313  21.999  -67.184  -18.875 0.8000000119
5335  22.288  -67.404  -20.794 0.6999999881
5369  22.013  -67.352  -22.637 0.6000000238
114056  21.482  -68.042  -22.449 0.8000000119
129308  21.691  -67.552  -24.385 0.8000000119
4148  21.598  -69.425  -24.723 0.8000000119
120134  21.823  -70.375  -25.026 0.6999999881
2963  23.082  -71.603  -25.662 0.8000000119
121487  22.143  -71.216  -25.205 0.6999999881
127050  23.375  -72.409  -25.720 0.8000000119
1996  22.938  -74.034  -23.421 0.6999999881
2001  23.067  -73.837  -24.502 0.6999999881
2454  22.228  -73.116  -25.098 0.6999999881
1991  22.590  -74.028  -22.777 0.6999999881
1626  22.226  -74.346  -23.374 0.6999999881
120743  13.772  -66.566  -23.489 0.6000000238
7278  14.471  -65.302  -23.588 0.6000000238
7261  12.200  -64.771  -23.091 0.6000000238
8653  12.381  -63.257  -22.182 0.6999999881
5300  21.640  -67.003  -17.060 0.8999999762
5264  20.059  -66.502  -15.560 0.6999999881
5352  22.561  -67.244  -21.629 0.6000000238
5990  21.916  -66.711  -23.603 0.6000000238
5967  22.594  -66.597  -22.661 0.6000000238
128564  21.640  -67.013  -24.121 0.6999999881
4771  22.873  -68.291  -24.354 0.6999999881
5401  22.370  -67.345  -24.475 0.6999999881
7204  19.585  -64.573  -18.237 0.6999999881
6531  18.515  -65.475  -18.351 0.6999999881
4135  22.593  -69.339  -24.515 0.8000000119
4772  21.925  -68.274  -24.643 0.8000000119
116929  19.640  -64.558  -19.098 0.6000000238
6530  19.111  -65.049  -18.713 0.6000000238
6546  18.044  -65.909  -18.963 0.6999999881
4147  22.307  -70.011  -25.006 0.6999999881
125297  18.646  -65.516  -19.239 0.5000000000
5931  17.649  -66.285  -19.652 0.6999999881
2962  24.159  -72.050  -25.846 0.8000000119
3545  22.708  -70.772  -25.196 0.8000000119
6544  19.220  -65.111  -19.653 0.5000000000
6545  18.703  -65.518  -20.143 0.5000000000
114724  24.094  -73.632  -24.356 0.6999999881
6558  19.222  -65.001  -20.696 0.5000000000
7245  19.563  -64.048  -22.643 0.6000000238
6580  18.656  -65.206  -22.510 0.5000000000
5968  17.605  -66.503  -21.471 0.6000000238
5948  16.893  -67.254  -21.524 0.6999999881
5373  14.460  -67.644  -22.717 0.6999999881
6600  18.306  -65.048  -23.456 0.5000000000
5969  17.283  -66.552  -22.312 0.6000000238
5337  16.087  -67.504  -22.187 0.6000000238
6624  14.705  -66.124  -23.804 0.6000000238
6599  19.039  -64.540  -23.143 0.6000000238
6005  16.352  -66.086  -23.469 0.6000000238
6623  15.881  -65.842  -23.615 0.6000000238
7255  18.573  -64.444  -23.262 0.5000000000
6621  17.606  -65.159  -23.526 0.5000000000
115532  15.396  -65.265  -23.553 0.6000000238
7956  14.172  -64.541  -23.149 0.6000000238
7923  13.386  -63.224  -22.118 0.6999999881
9422  12.426  -62.337  -20.784 0.6000000238
9423  11.315  -61.660  -21.345 0.6999999881
6622  16.921  -65.461  -23.402 0.6000000238
7258  15.848  -64.577  -23.207 0.6000000238
7259  14.955  -64.429  -23.257 0.6000000238
8652  14.336  -62.837  -22.375 0.6999999881
8619  13.458  -62.408  -20.906 0.5000000000
5876  20.817  -66.460  -15.883 0.8999999762
5946  22.922  -66.885  -20.576 0.6000000238
119113  22.629  -66.871  -19.073 0.6999999881
6483  20.608  -65.884  -15.735 0.8000000119
5877  18.192  -66.341  -15.362 0.6999999881
6504  19.242  -65.503  -15.860 0.6999999881
6502  21.083  -65.345  -16.186 0.8000000119
6004  22.014  -66.263  -24.123 0.6999999881
126846  19.957  -64.476  -17.463 0.8000000119
6520  19.103  -64.901  -17.617 0.6000000238
122921  20.264  -64.169  -18.403 0.6999999881
7872  20.868  -63.766  -19.052 0.6000000238
3544  23.739  -71.012  -25.636 0.8000000119
4145  24.525  -70.374  -25.381 0.8000000119
3543  24.774  -71.293  -25.848 0.8000000119
7220  20.193  -64.065  -19.566 0.5000000000
2451  24.882  -72.841  -25.331 0.8000000119
7221  19.693  -64.568  -20.151 0.5000000000
8614  20.482  -62.567  -21.607 0.5000000000
8634  20.140  -62.860  -22.630 0.6000000238
7244  19.953  -63.648  -21.991 0.6000000238
7933  19.758  -63.044  -22.957 0.6000000238
7934  19.155  -63.477  -23.062 0.6000000238
10173  13.158  -60.203  -19.671 0.5000000000
7256  17.874  -64.725  -23.479 0.5000000000
10189  13.412  -61.176  -19.953 0.5000000000
10190  12.371  -60.786  -20.163 0.6000000238
7246  17.287  -64.424  -22.827 0.6000000238
7937  15.178  -63.563  -22.665 0.6999999881
8639  14.054  -62.490  -21.977 0.6999999881
7921  17.561  -64.121  -22.088 0.6000000238
8638  14.802  -62.109  -22.153 0.6000000238
7922  16.770  -64.172  -21.574 0.6999999881
8651  15.420  -63.113  -22.256 0.6000000238
8637  15.349  -62.076  -21.850 0.5000000000
5917  22.564  -66.673  -18.239 0.6999999881
128748  22.438  -66.446  -17.166 0.6999999881
5889  22.295  -65.929  -16.540 0.6999999881
5875  21.492  -66.072  -16.064 0.8000000119
7180  21.564  -64.755  -16.835 0.6999999881
7193  20.804  -64.257  -17.482 0.6999999881
7181  20.550  -64.741  -16.677 0.6999999881
126760  15.137  -57.554  -19.192 0.5000000000
113280  19.991  -60.788  -22.181 0.5000000000
9438  19.909  -61.900  -22.586 0.6000000238
11835  13.517  -58.394  -19.298 0.5000000000
10186  19.851  -60.429  -21.479 0.5000000000
11008  20.218  -59.463  -21.184 0.5000000000
8635  19.679  -62.443  -22.729 0.6000000238
7920  18.517  -63.654  -22.773 0.6000000238
128386  14.788  -61.513  -22.121 0.5000000000
10170  19.825  -60.268  -20.181 0.5000000000
9391  19.547  -61.312  -21.858 0.6000000238
8615  18.448  -62.946  -21.249 0.6000000238
9392  18.867  -62.129  -20.960 0.6000000238
5905  23.138  -66.044  -17.776 0.6999999881
6519  22.913  -65.687  -17.091 0.6999999881
6501  22.490  -65.167  -16.889 0.6999999881
8595  17.132  -62.915  -19.520 0.5000000000
10169  20.298  -59.099  -20.471 0.5000000000
8618  15.825  -62.475  -20.857 0.5000000000
9371  19.334  -61.304  -20.576 0.5000000000
9372  18.501  -62.139  -19.483 0.5000000000
8616  17.498  -63.294  -20.445 0.5000000000
123224  16.255  -63.033  -20.334 0.5000000000
9356  17.017  -61.827  -18.079 0.5000000000
9357  16.307  -61.441  -18.382 0.5000000000
10135  19.395  -60.396  -17.336 0.5000000000
9343  17.627  -61.374  -17.434 0.5000000000
9373  16.073  -62.015  -19.313 0.5000000000
10970  20.109  -60.034  -18.043 0.5000000000
10152  18.679  -61.101  -17.900 0.5000000000
8577  17.499  -62.425  -18.895 0.5000000000
10150  20.252  -59.765  -19.105 0.5000000000
9354  19.139  -61.358  -19.085 0.5000000000
121043  13.600  -55.963  -18.388 0.6000000238
13616  12.485  -56.722  -18.738 0.6000000238
14513  14.600  -56.191  -18.195 0.5000000000
14500  13.402  -55.238  -17.906 0.6999999881
13602  12.113  -56.316  -18.390 0.6000000238
13618  10.985  -57.152  -18.765 0.6000000238
12646  11.043  -56.968  -17.811 0.6999999881
15375  13.253  -54.676  -17.327 0.6000000238
14501  12.789  -55.328  -17.692 0.6999999881
14516  11.823  -56.085  -17.832 0.6999999881
12668  10.461  -57.448  -18.670 0.6999999881
12633  11.630  -57.321  -17.214 0.8000000119
16201  13.893  -53.398  -16.966 0.5000000000
120442  14.286  -54.315  -17.304 0.5000000000
120293  11.867  -55.906  -17.284 0.8000000119
15376  12.430  -54.925  -17.022 0.6000000238
11772  13.025  -58.914  -16.568 0.6999999881
17008  15.743  -51.966  -16.698 0.5000000000
15358  16.026  -53.712  -16.672 0.5000000000
12632  12.161  -56.782  -16.597 0.6999999881
11773  12.017  -58.457  -17.130 0.6999999881
13575  11.681  -55.752  -16.693 0.6999999881
16202  13.473  -53.653  -16.794 0.6999999881
10933  13.748  -59.654  -15.971 0.6999999881
12617  12.937  -56.821  -15.995 0.6999999881
115722  13.282  -51.455  -16.938 0.6000000238
15360  12.192  -54.545  -16.384 0.8000000119
14391  14.691  -55.136  -10.573 0.6999999881
13478  14.847  -56.135  -11.238 0.8000000119
116486  16.991  -50.037  -17.276 0.4000000060
129891  14.273  -59.262  -15.420 0.6999999881
17836  15.825  -50.776  -16.807 0.5000000000
12616  13.777  -57.433  -15.475 0.6999999881
17817  14.985  -51.177  -16.691 0.6000000238
17818  13.266  -50.995  -16.651 0.6000000238
14463  11.598  -55.003  -15.679 0.6999999881
17010  13.362  -51.715  -16.770 0.8000000119
16157  12.817  -53.781  -15.469 0.8000000119
121605  7.442  -47.493  -9.735 0.5000000000
20306  8.154  -48.051  -9.684 0.5000000000
19418  8.922  -48.750  -9.547 0.5000000000
130726  14.763  -53.176  -7.171 0.5000000000
123506  16.294  -54.970  -7.894 0.6000000238
16044  16.051  -53.882  -7.432 0.6000000238
16864  13.557  -52.068  -6.857 0.6000000238
18536  11.376  -50.525  -7.104 0.6000000238
135242  15.028  -54.715  -8.056 0.6999999881
126058  15.052  -54.458  -7.563 0.6999999881
14376  15.028  -54.853  -9.829 0.6999999881
116590  14.067  -54.498  -8.778 0.6999999881
13540  14.913  -56.784  -14.412 0.6999999881
13520  15.418  -57.094  -13.193 0.6999999881
13499  15.419  -56.699  -12.364 0.8000000119
19546  16.679  -49.539  -16.957 0.5000000000
12615  14.588  -57.937  -14.939 0.6999999881
18684  15.023  -50.579  -16.458 0.6000000238
13555  13.173  -56.424  -15.337 0.8000000119
16989  13.016  -51.278  -16.683 0.6999999881
15315  13.510  -54.085  -14.688 0.8000000119
14444  12.160  -54.719  -15.214 0.8000000119
21179  7.458  -47.377  -9.807 0.5000000000
20321  8.199  -47.723  -10.172 0.6000000238
21209  9.167  -47.461  -11.505 0.5000000000
118541  8.874  -48.079  -10.950 0.6000000238
19417  9.477  -49.527  -8.992 0.6000000238
120719  9.568  -49.320  -9.986 0.6000000238
18553  10.170  -49.900  -8.472 0.5000000000
16862  15.461  -53.267  -7.476 0.5000000000
16878  14.908  -52.581  -7.643 0.5000000000
15222  17.153  -54.518  -8.077 0.6000000238
17685  13.286  -51.456  -7.388 0.6000000238
17670  12.963  -51.617  -6.757 0.6999999881
18552  10.843  -50.117  -7.806 0.6000000238
14365  17.338  -55.236  -8.672 0.6000000238
135968  16.288  -55.411  -9.166 0.6999999881
15236  13.546  -54.204  -8.075 0.6999999881
16046  13.531  -53.431  -6.912 0.6999999881
16036  12.900  -52.801  -6.850 0.8000000119
18523  11.929  -50.912  -6.589 0.6999999881
14388  17.050  -54.990  -10.187 0.6999999881
14390  15.684  -55.154  -10.370 0.6999999881
15263  17.170  -54.860  -11.067 0.6999999881
14408  15.960  -55.454  -11.249 0.8000000119
15290  16.631  -54.963  -12.375 0.8000000119
14423  16.117  -55.892  -12.085 0.8000000119
19516  14.841  -50.333  -16.128 0.5000000000
18657  15.863  -50.384  -15.315 0.6000000238
14430  15.430  -55.467  -14.051 0.8000000119
124857  16.061  -55.254  -13.108 0.8000000119
130143  13.695  -50.619  -16.257 0.6000000238
18658  14.671  -50.379  -15.541 0.6999999881
15314  14.329  -53.746  -14.349 0.8000000119
17790  13.708  -51.487  -15.335 0.6999999881
16136  13.600  -53.371  -14.699 0.6999999881
16137  13.202  -53.460  -15.120 0.8000000119
23163  8.523  -46.003  -9.947 0.4000000060
22136  8.680  -47.132  -10.786 0.5000000000
20331  9.613  -48.501  -11.589 0.4000000060
131381  9.605  -49.286  -11.254 0.5000000000
18589  10.466  -50.236  -10.352 0.5000000000
16043  16.942  -53.836  -7.971 0.5000000000
17698  13.889  -51.518  -8.421 0.6000000238
17699  12.992  -51.207  -8.514 0.6000000238
18568  10.856  -50.269  -9.096 0.6000000238
15247  18.687  -54.871  -9.022 0.6000000238
126380  12.645  -51.023  -7.633 0.6999999881
18551  11.577  -50.350  -8.092 0.6999999881
126448  18.598  -54.896  -10.926 0.6000000238
14407  16.666  -55.096  -11.538 0.8000000119
16969  15.246  -51.886  -14.082 0.6999999881
16954  14.920  -52.598  -14.173 0.6999999881
15300  15.440  -54.383  -13.995 0.8000000119
15299  16.181  -54.183  -13.316 0.8000000119
17789  14.497  -51.149  -14.908 0.6999999881
23162  8.820  -45.519  -10.510 0.4000000060
24225  9.071  -44.781  -10.379 0.4000000060
24206  8.650  -44.742  -9.810 0.4000000060
21228  9.443  -47.395  -12.120 0.5000000000
22135  9.113  -46.771  -11.457 0.4000000060
122965  8.522  -44.883  -8.865 0.5000000000
18610  9.652  -49.959  -11.493 0.5000000000
122266  12.103  -51.204  -10.821 0.5000000000
18588  11.320  -50.610  -10.262 0.5000000000
18608  12.129  -50.936  -11.329 0.5000000000
18550  12.240  -50.828  -8.380 0.6999999881
15277  17.884  -54.775  -11.518 0.6000000238
16110  16.845  -54.024  -12.851 0.8000000119
17787  16.427  -51.004  -14.505 0.6000000238
16968  16.155  -51.687  -13.959 0.6000000238
126338  17.509  -52.687  -13.658 0.6999999881
16109  17.369  -53.902  -12.708 0.6999999881
16953  15.581  -52.694  -13.887 0.6999999881
24189  9.558  -45.146  -7.758 0.3000000119
129794  9.518  -46.736  -12.281 0.4000000060
116749  9.833  -45.336  -11.256 0.3000000119
23160  9.931  -44.698  -10.727 0.4000000060
124592  9.723  -44.612  -10.040 0.4000000060
24205  9.405  -44.875  -9.169 0.4000000060
21247  9.791  -48.208  -12.671 0.4000000060
24166  10.961  -44.935  -7.744 0.3000000119
19451  9.864  -49.500  -11.991 0.4000000060
114908  12.882  -51.199  -11.092 0.5000000000
19450  9.952  -50.018  -12.240 0.4000000060
17732  14.425  -51.495  -10.506 0.6000000238
20367  10.075  -48.870  -12.938 0.4000000060
18586  13.744  -51.113  -11.136 0.4000000060
19449  11.563  -49.856  -11.598 0.5000000000
15289  17.340  -54.667  -12.102 0.6999999881
16122  16.879  -53.142  -13.223 0.6999999881
24190  8.638  -44.848  -7.478 0.4000000060
24188  10.455  -45.251  -7.945 0.4000000060
22153  10.030  -46.878  -12.869 0.3000000119
19467  11.104  -49.636  -12.755 0.4000000060
19448  13.079  -49.444  -11.572 0.4000000060
19466  12.108  -49.272  -12.371 0.4000000060
131476  10.658  -44.628  -10.779 0.3000000119
24224  10.580  -44.620  -10.323 0.3000000119
24204  10.551  -44.887  -9.043 0.4000000060
24187  11.408  -45.220  -7.987 0.3000000119
23184  10.517  -45.112  -11.231 0.3000000119
21246  10.284  -48.252  -13.132 0.3000000119
20349  11.514  -48.965  -13.334 0.3000000119
20365  11.103  -48.606  -13.450 0.3000000119
19465  12.953  -48.728  -12.258 0.3000000119
127207  11.607  -44.864  -9.230 0.3000000119
24186  12.291  -44.852  -8.234 0.3000000119
24223  11.200  -44.797  -10.537 0.3000000119
24203  12.617  -44.843  -9.288 0.3000000119
124406  11.677  -47.435  -13.849 0.3000000119
20364  11.840  -47.937  -13.767 0.3000000119
20363  12.915  -47.681  -13.674 0.3000000119
24167  10.264  -44.818  -7.376 0.3000000119
24250  11.346  -45.134  -11.156 0.3000000119
24222  12.974  -45.094  -10.472 0.3000000119
22171  12.286  -46.787  -13.978 0.3000000119
5930  17.981  -65.943  -20.564 0.6000000238
5947  17.314  -66.765  -20.523 0.6999999881
117920  16.517  -67.125  -20.410 0.6999999881
5338  15.952  -67.460  -21.321 0.6999999881
133050  10.777  -50.406  -10.872 0.4000000060
17717  12.433  -51.182  -9.686 0.6000000238
25270  11.832  -44.485  -7.644 0.3000000119
3486  18.425  -70.293  -21.241 0.6999999881
4030  17.602  -68.827  -17.493 0.6999999881
4744  21.026  -68.365  -23.305 0.8000000119
2003  21.051  -73.825  -24.758 0.6000000238
2002  22.048  -73.923  -24.952 0.6999999881
5353  21.925  -67.765  -21.534 0.6000000238
6484  19.151  -66.184  -15.409 0.6999999881
4146  23.243  -70.189  -24.991 0.8000000119
2009  23.661  -73.422  -24.936 0.6999999881
2000  24.545  -73.349  -24.854 0.8000000119
8640  12.898  -63.038  -21.326 0.6999999881
6559  18.712  -65.422  -21.236 0.5000000000
5992  15.258  -66.662  -23.400 0.6000000238
10191  11.288  -60.348  -20.651 0.6000000238
7936  16.136  -64.183  -22.506 0.6999999881
7194  19.651  -64.944  -16.663 0.8000000119
7890  20.670  -63.579  -20.125 0.5000000000
7232  20.110  -63.950  -20.715 0.6000000238
8636  18.875  -62.967  -22.334 0.6000000238
14442  14.215  -55.112  -14.524 0.8000000119
1568  19.403  -74.203  -15.327 0.4000000060
1274  18.936  -75.056  -15.830 0.4000000060
2844  19.743  -71.505  -15.914 0.3000000119
1909  19.186  -72.796  -14.430 0.4000000060
1557  19.050  -73.673  -14.577 0.4000000060
1275  18.384  -75.549  -15.332 0.4000000060
2841  22.039  -71.357  -16.635 0.4000000060
2353  21.629  -72.017  -16.196 0.5000000000
1917  21.450  -72.783  -16.211 0.5000000000
3394  21.591  -70.963  -16.780 0.3000000119
2842  21.284  -71.410  -16.328 0.4000000060
1567  20.095  -73.746  -15.709 0.4000000060
2859  20.854  -71.103  -16.846 0.3000000119
2336  20.350  -71.950  -15.144 0.3000000119
1919  19.695  -73.237  -14.965 0.3000000119
117046  19.950  -71.318  -16.915 0.3000000119
3434  21.746  -70.752  -17.935 0.4000000060
3433  22.371  -70.451  -18.027 0.4000000060
2840  22.854  -71.232  -16.866 0.5000000000
3456  21.851  -70.804  -18.698 0.3000000119
2871  21.113  -71.249  -18.356 0.3000000119
2394  19.991  -72.377  -19.080 0.4000000060
2891  20.670  -71.873  -19.140 0.3000000119
2423  20.635  -72.877  -20.221 0.4000000060
1970  20.021  -73.183  -19.671 0.4000000060
1982  20.240  -73.678  -20.507 0.4000000060
3455  22.590  -70.387  -18.869 0.4000000060
3454  22.969  -70.500  -19.793 0.4000000060
2889  22.066  -70.899  -19.587 0.4000000060
2910  23.165  -71.024  -20.720 0.4000000060
131580  24.259  -70.161  -21.203 0.5000000000
2925  22.857  -71.936  -21.058 0.4000000060
2411  20.465  -72.492  -19.596 0.4000000060
2422  21.282  -72.512  -20.622 0.5000000000
2421  21.984  -72.143  -20.929 0.4000000060
1981  20.924  -73.381  -20.962 0.4000000060
1337  20.609  -75.098  -23.279 0.6000000238
128738  20.897  -74.732  -22.084 0.4000000060
3501  24.782  -70.586  -22.292 0.6000000238
2936  25.388  -71.581  -23.115 0.6000000238
2938  23.965  -72.240  -22.159 0.6000000238
2937  24.646  -71.869  -22.617 0.6000000238
2435  23.730  -73.113  -22.582 0.6000000238
2440  24.851  -73.342  -23.712 0.6999999881
2429  22.404  -72.708  -21.631 0.5000000000
2436  22.908  -73.305  -22.337 0.6000000238
1994  24.840  -73.438  -24.304 0.6999999881
2945  26.941  -72.185  -24.120 0.6999999881
2955  27.120  -72.333  -24.778 0.6999999881
3523  26.265  -71.369  -23.496 0.6000000238
2445  26.423  -72.583  -24.407 0.6999999881
134857  25.604  -71.619  -25.932 0.6999999881
4134  23.693  -69.421  -24.493 0.6999999881
2439  25.581  -73.013  -24.125 0.6999999881
122402  25.233  -72.156  -25.676 0.6999999881
1993  25.284  -73.125  -24.688 0.6999999881
3541  27.201  -70.771  -25.932 0.5000000000
4143  26.630  -69.943  -25.966 0.6000000238
118778  26.177  -72.222  -25.607 0.6999999881
4144  25.673  -70.075  -25.766 0.6000000238
4133  24.895  -69.414  -24.771 0.6999999881
130050  25.942  -72.827  -24.630 0.6999999881
4770  24.072  -68.427  -24.195 0.6000000238
4780  26.033  -69.249  -25.328 0.6000000238
4768  26.369  -68.352  -24.932 0.6000000238
4769  25.290  -68.460  -24.496 0.6000000238
5989  22.999  -65.763  -23.049 0.5000000000
4031  16.768  -69.291  -17.656 0.6000000238
4046  16.636  -69.603  -18.584 0.6000000238
5399  24.399  -67.418  -24.120 0.6000000238
116570  22.739  -66.511  -24.503 0.6000000238
6020  22.463  -65.991  -24.393 0.5000000000
125827  22.261  -65.990  -23.725 0.5000000000
122473  16.236  -69.550  -15.555 0.6000000238
4008  17.026  -68.967  -16.723 0.6000000238
4009  16.203  -69.503  -16.700 0.6000000238
6019  23.064  -65.809  -24.648 0.5000000000
6021  22.104  -66.684  -24.309 0.5000000000
5245  15.823  -67.613  -14.544 0.6000000238
5244  16.578  -67.329  -14.610 0.6000000238
4623  16.407  -68.169  -14.654 0.6000000238
3975  16.223  -69.072  -14.776 0.6000000238
4640  17.063  -68.466  -15.098 0.6000000238
5267  17.935  -67.337  -15.092 0.6000000238
4639  17.637  -67.890  -15.083 0.6000000238
5916  23.242  -66.296  -18.809 0.6000000238
117795  23.616  -66.501  -24.407 0.6000000238
5852  16.089  -66.793  -14.650 0.6000000238
5890  16.358  -65.968  -16.000 0.6000000238
5851  16.938  -66.723  -14.873 0.6000000238
6505  18.198  -65.483  -16.186 0.6000000238
6486  17.669  -65.959  -15.539 0.6000000238
6521  18.353  -65.428  -17.343 0.5000000000
6485  18.502  -65.817  -15.555 0.6000000238
118588  18.912  -65.208  -16.690 0.5000000000
135846  14.617  -68.556  -14.635 0.6999999881
4641  14.580  -67.851  -14.980 0.6000000238
5879  16.541  -66.337  -15.213 0.6000000238
6522  17.565  -65.692  -17.089 0.6000000238
6532  17.834  -65.791  -18.097 0.6000000238
5316  13.286  -67.258  -18.281 0.6000000238
5881  15.160  -66.639  -15.654 0.6000000238
5891  15.562  -66.230  -16.242 0.6000000238
6533  16.968  -65.808  -17.925 0.5000000000
5907  15.339  -66.105  -17.135 0.6000000238
5920  15.177  -66.229  -18.038 0.6000000238
5921  14.447  -66.424  -18.230 0.6000000238
5935  13.886  -66.194  -19.097 0.6000000238
5892  14.891  -66.529  -16.518 0.6000000238
5918  17.356  -66.210  -18.810 0.6000000238
5906  16.017  -66.003  -17.753 0.6000000238
5919  16.497  -66.261  -18.696 0.5000000000
129083  15.599  -66.222  -18.722 0.6000000238
5934  14.795  -66.121  -18.913 0.5000000000
6547  13.711  -65.821  -19.947 0.5000000000
5932  16.929  -66.609  -19.573 0.6000000238
5933  16.019  -66.584  -19.472 0.6000000238
126577  15.082  -66.227  -19.537 0.6000000238
134889  14.443  -66.298  -20.357 0.6000000238
5972  13.273  -67.097  -22.049 0.6999999881
5951  12.610  -66.082  -21.264 0.6999999881
6582  11.681  -66.085  -21.802 0.6999999881
6602  10.783  -65.950  -22.792 0.6999999881
5949  15.516  -66.952  -20.303 0.6000000238
5971  14.077  -67.113  -21.497 0.6999999881
5993  13.294  -66.866  -23.080 0.6999999881
5994  12.580  -66.677  -22.661 0.6999999881
5995  11.480  -66.298  -22.842 0.6999999881
6627  11.528  -66.205  -23.146 0.6000000238
5374  13.976  -67.400  -22.966 0.6000000238
6598  23.287  -65.122  -23.138 0.5000000000
5966  23.408  -66.158  -21.992 0.5000000000
6577  24.424  -65.046  -21.553 0.5000000000
6578  23.628  -65.360  -22.260 0.5000000000
6557  24.027  -65.716  -21.320 0.6000000238
8633  24.573  -62.241  -21.819 0.6000000238
7243  24.516  -64.068  -21.663 0.6000000238
7231  24.929  -64.723  -20.821 0.6000000238
5928  24.394  -65.545  -19.639 0.6000000238
6528  24.313  -65.274  -18.637 0.6000000238
8632  25.098  -62.395  -20.863 0.5000000000
7218  25.175  -63.495  -19.782 0.6000000238
6517  24.109  -65.133  -17.936 0.6000000238
130947  25.059  -62.161  -19.646 0.6000000238
8573  24.392  -63.386  -18.773 0.5000000000
7189  24.324  -64.446  -18.417 0.6000000238
7190  23.675  -64.694  -17.724 0.6000000238
119991  24.206  -62.617  -19.006 0.5000000000
7869  23.762  -63.845  -18.165 0.6000000238
7203  20.998  -63.910  -18.191 0.5000000000
8576  21.975  -62.932  -18.939 0.5000000000
7192  21.616  -64.161  -17.696 0.6000000238
7858  22.431  -63.946  -17.864 0.6000000238
1986  22.157  -73.687  -22.001 0.6000000238
2441  24.130  -73.551  -23.364 0.6999999881
121638  23.541  -66.304  -20.919 0.5000000000
5355  13.947  -67.675  -22.592 0.6999999881
126307  23.625  -66.261  -19.817 0.6000000238
7191  22.957  -64.576  -17.375 0.6000000238
7871  21.655  -63.621  -18.524 0.6000000238
2320  19.892  -71.832  -14.907 0.3000000119
2843  20.564  -71.394  -16.198 0.3000000119
2335  20.913  -72.387  -15.749 0.4000000060
116920  20.582  -71.314  -17.598 0.3000000119
2410  21.015  -72.152  -19.843 0.4000000060
3474  23.768  -70.382  -20.386 0.4000000060
2911  22.414  -71.312  -20.386 0.3000000119
3485  23.780  -70.912  -21.098 0.5000000000
2923  24.114  -71.222  -21.839 0.6000000238
2428  23.221  -72.476  -21.859 0.5000000000
2430  21.615  -72.989  -21.377 0.5000000000
2947  25.269  -72.702  -23.341 0.6000000238
135159  26.966  -71.450  -25.924 0.6999999881
129755  15.941  -65.888  -16.807 0.6000000238
6603  10.474  -65.349  -22.670 0.6000000238
7230  25.077  -63.818  -20.622 0.6000000238
9387  24.858  -61.178  -20.312 0.5000000000
121903  24.780  -64.996  -20.043 0.6000000238
116462  24.712  -64.795  -19.204 0.6000000238
8612  25.238  -62.048  -20.179 0.5000000000
129781  24.928  -63.228  -19.276 0.6000000238
9367  24.447  -60.782  -19.814 0.5000000000
8574  23.623  -63.050  -18.606 0.5000000000
8575  22.807  -62.825  -18.654 0.5000000000
1114  18.362  -76.216  -0.206 0.4000000060
1128  18.894  -75.790  -0.661 0.4000000060
1113  19.306  -76.327  -0.254 0.5000000000
1117  15.812  -75.999  0.240 0.5000000000
1118  14.957  -75.849  0.180 0.5000000000
855  13.748  -76.619  0.338 0.5000000000
1116  16.610  -76.116  0.229 0.5000000000
1130  16.948  -75.774  -0.470 0.5000000000
1127  19.750  -75.890  -0.774 0.4000000060
1126  20.670  -76.021  -1.012 0.4000000060
1111  21.259  -76.595  -0.557 0.5000000000
446  17.828  -79.209  -15.094 0.3000000119
297  18.154  -79.820  -14.105 0.3000000119
591  17.663  -78.428  -14.787 0.3000000119
1015  17.909  -76.793  -15.175 0.3000000119
124867  16.138  -75.679  -0.390 0.4000000060
1131  15.356  -75.537  -0.442 0.5000000000
862  14.104  -75.939  -0.068 0.5000000000
1402  16.300  -75.267  -1.060 0.4000000060
1129  17.924  -75.786  -0.622 0.4000000060
1400  19.330  -75.533  -1.169 0.3000000119
1415  18.875  -75.296  -1.764 0.3000000119
846  22.756  -76.726  -0.366 0.4000000060
1399  21.049  -75.687  -1.370 0.3000000119
1125  21.796  -75.977  -1.061 0.4000000060
131971  22.074  -76.635  -0.470 0.5000000000
1398  21.903  -75.406  -1.447 0.3000000119
304  18.390  -79.523  -14.755 0.3000000119
129534  18.595  -80.223  -12.930 0.3000000119
134200  17.860  -78.140  -15.398 0.3000000119
772  17.991  -77.450  -15.807 0.3000000119
1007  17.886  -75.991  -14.891 0.3000000119
1403  15.160  -75.232  -1.061 0.4000000060
118347  16.337  -74.871  -1.769 0.3000000119
1430  20.463  -75.116  -2.356 0.3000000119
861  23.474  -76.295  -0.729 0.4000000060
650  23.203  -76.824  -0.423 0.4000000060
129195  22.619  -75.533  -1.092 0.4000000060
1429  21.379  -75.149  -2.184 0.3000000119
434  20.159  -79.035  -13.178 0.4000000060
124617  19.636  -79.235  -13.742 0.4000000060
130269  20.072  -79.239  -13.000 0.4000000060
423  20.708  -78.798  -11.775 0.4000000060
420  20.750  -78.553  -10.261 0.4000000060
414  21.051  -78.857  -9.388 0.5000000000
127418  18.619  -79.057  -15.972 0.3000000119
455  18.081  -79.041  -15.825 0.3000000119
606  18.239  -78.466  -16.287 0.3000000119
1284  18.640  -75.989  -16.179 0.3000000119
1578  19.634  -74.619  -16.224 0.3000000119
1411  24.360  -75.276  -1.443 0.3000000119
1123  23.883  -75.780  -1.089 0.3000000119
671  24.073  -76.663  -1.330 0.4000000060
681  23.680  -77.072  -1.867 0.4000000060
125566  21.848  -74.700  -2.569 0.3000000119
1427  23.233  -74.612  -1.764 0.3000000119
1428  22.614  -74.389  -2.459 0.3000000119
115305  22.357  -74.920  -1.916 0.3000000119
704  20.864  -77.863  -5.580 0.5000000000
116757  21.118  -77.136  -4.931 0.5000000000
751  20.801  -76.856  -13.779 0.3000000119
123649  20.534  -77.709  -13.569 0.3000000119
585  20.439  -77.869  -14.320 0.3000000119
582  20.640  -78.407  -12.596 0.3000000119
113070  20.943  -77.925  -8.813 0.5000000000
714  21.011  -78.193  -7.181 0.5000000000
128356  20.176  -78.517  -13.726 0.3000000119
429  20.756  -78.755  -12.045 0.4000000060
572  20.754  -78.490  -10.706 0.4000000060
571  20.951  -78.717  -9.930 0.5000000000
556  21.283  -78.745  -8.599 0.5000000000
130946  18.827  -78.022  -17.003 0.3000000119
1023  18.418  -76.964  -16.445 0.3000000119
1022  18.851  -76.484  -17.093 0.3000000119
1283  19.192  -75.506  -16.686 0.3000000119
1577  20.402  -74.239  -16.551 0.4000000060
1140  24.631  -75.965  -1.258 0.3000000119
680  24.862  -76.867  -2.118 0.4000000060
1456  21.123  -74.228  -3.927 0.3000000119
1761  23.401  -74.061  -2.382 0.3000000119
1426  23.982  -74.466  -1.709 0.3000000119
691  24.068  -76.916  -2.568 0.4000000060
1445  21.914  -74.357  -3.200 0.3000000119
697  22.093  -76.956  -3.474 0.4000000060
125061  22.221  -76.004  -5.225 0.4000000060
902  21.981  -76.417  -4.438 0.5000000000
1242  21.141  -75.118  -12.483 0.3000000119
705  20.733  -76.930  -5.796 0.5000000000
913  21.410  -76.402  -5.378 0.5000000000
121234  20.868  -76.818  -12.070 0.3000000119
1190  20.331  -76.176  -7.459 0.4000000060
927  21.029  -76.232  -6.176 0.5000000000
119588  20.745  -77.213  -14.425 0.3000000119
744  20.718  -77.484  -12.576 0.4000000060
739  20.898  -77.561  -11.508 0.4000000060
954  20.133  -76.323  -8.382 0.5000000000
928  20.529  -76.680  -6.690 0.5000000000
590  20.187  -78.449  -15.423 0.3000000119
578  20.801  -78.107  -11.726 0.4000000060
733  20.908  -78.137  -10.945 0.5000000000
114364  20.813  -77.851  -10.287 0.5000000000
460  19.272  -78.153  -17.056 0.3000000119
783  19.309  -77.725  -17.847 0.4000000060
1029  20.044  -76.721  -18.332 0.3000000119
1030  19.335  -77.080  -17.854 0.4000000060
1293  19.590  -76.102  -17.481 0.4000000060
2447  17.935  -72.646  -24.011 0.5000000000
1918  20.907  -73.344  -16.063 0.3000000119
1810  21.935  -73.317  -5.350 0.3000000119
1773  22.755  -73.917  -3.126 0.3000000119
690  25.036  -76.819  -2.790 0.3000000119
1774  22.123  -73.945  -3.903 0.3000000119
133384  24.795  -76.809  -3.648 0.3000000119
912  23.177  -75.878  -4.791 0.5000000000
1169  22.773  -75.753  -5.701 0.4000000060
911  24.335  -76.005  -5.043 0.3000000119
133210  21.369  -74.188  -12.865 0.3000000119
1176  22.540  -75.638  -6.467 0.5000000000
1232  20.994  -75.882  -12.074 0.3000000119
1189  20.932  -75.464  -7.284 0.4000000060
1177  21.482  -75.707  -6.625 0.4000000060
980  20.907  -76.605  -11.279 0.4000000060
972  20.664  -76.352  -10.353 0.4000000060
964  20.121  -76.168  -9.311 0.4000000060
120620  20.922  -77.862  -15.893 0.3000000119
597  20.830  -78.022  -16.484 0.3000000119
963  20.734  -77.066  -9.879 0.4000000060
725  20.463  -77.034  -9.003 0.5000000000
620  20.712  -77.637  -18.071 0.3000000119
1039  20.509  -77.116  -18.851 0.4000000060
1292  20.396  -75.751  -17.823 0.4000000060
2958  18.020  -72.160  -23.819 0.5000000000
1587  20.723  -74.760  -17.375 0.4000000060
1291  21.117  -75.391  -18.185 0.5000000000
2006  18.466  -73.306  -24.322 0.5000000000
1793  22.471  -73.482  -4.500 0.3000000119
3986  15.773  -69.880  -14.967 0.5000000000
1175  23.353  -75.798  -6.300 0.3000000119
132482  24.484  -76.312  -6.046 0.3000000119
4010  15.876  -70.124  -15.910 0.5000000000
3374  14.789  -70.961  -14.905 0.6000000238
115699  21.329  -73.506  -12.698 0.3000000119
114930  20.796  -73.688  -11.771 0.3000000119
124573  21.948  -74.614  -13.602 0.3000000119
1233  20.956  -75.007  -11.683 0.3000000119
1519  20.521  -74.703  -10.836 0.3000000119
1188  22.341  -75.361  -7.298 0.4000000060
4064  17.452  -69.715  -19.125 0.5000000000
3375  12.079  -70.076  -14.921 0.5000000000
114837  20.254  -75.291  -9.957 0.3000000119
1223  20.021  -75.444  -9.034 0.3000000119
1206  21.496  -74.933  -7.931 0.3000000119
3475  17.930  -70.311  -20.441 0.5000000000
596  21.696  -77.847  -16.506 0.3000000119
604  21.465  -77.875  -16.985 0.3000000119
115953  17.918  -70.864  -21.995 0.5000000000
782  21.503  -77.652  -17.975 0.3000000119
3525  17.992  -71.558  -23.410 0.5000000000
790  21.044  -77.287  -18.747 0.4000000060
2948  18.418  -71.611  -23.959 0.6000000238
1314  21.972  -76.218  -19.132 0.4000000060
1599  21.826  -75.083  -18.546 0.5000000000
2957  18.518  -72.073  -24.343 0.5000000000
1585  22.068  -74.074  -18.102 0.4000000060
1586  21.451  -74.465  -17.679 0.3000000119
1576  21.145  -73.945  -16.883 0.4000000060
2014  19.071  -72.911  -24.762 0.6000000238
2870  24.864  -71.581  -17.931 0.3000000119
2375  24.080  -71.904  -17.539 0.4000000060
2377  22.993  -72.691  -16.953 0.4000000060
1931  21.532  -73.330  -16.545 0.3000000119
2005  19.358  -73.605  -24.531 0.6000000238
1645  18.848  -74.165  -24.045 0.5000000000
2856  25.104  -70.661  -17.920 0.3000000119
3411  24.332  -70.569  -17.690 0.5000000000
3412  23.550  -70.478  -17.554 0.4000000060
3413  22.791  -70.497  -17.447 0.4000000060
1644  19.684  -74.289  -24.302 0.6000000238
127002  25.528  -69.980  -18.249 0.3000000119
3431  24.951  -69.972  -18.002 0.5000000000
4028  24.145  -70.054  -18.023 0.4000000060
3432  23.214  -70.124  -18.167 0.4000000060
4684  25.326  -68.884  -18.979 0.4000000060
4059  24.553  -69.328  -19.147 0.5000000000
4060  23.855  -69.985  -19.492 0.4000000060
4076  24.314  -69.557  -20.076 0.5000000000
3976  15.373  -69.467  -14.528 0.6000000238
3361  14.465  -70.432  -14.477 0.6000000238
2314  21.802  -73.008  -12.975 0.3000000119
1885  20.970  -72.873  -11.973 0.3000000119
1872  20.672  -73.193  -11.151 0.3000000119
121964  20.464  -73.934  -10.936 0.3000000119
123729  14.904  -69.108  -14.390 0.6000000238
3978  13.354  -70.085  -14.505 0.6000000238
1544  22.402  -74.066  -13.434 0.3000000119
1509  20.366  -74.039  -9.650 0.3000000119
1508  20.749  -73.883  -9.199 0.3000000119
119077  12.790  -69.601  -15.026 0.6000000238
1004  24.035  -76.290  -13.770 0.3000000119
133162  20.216  -74.734  -9.521 0.3000000119
1488  20.280  -74.621  -8.980 0.3000000119
131748  12.656  -69.170  -15.834 0.6000000238
603  22.222  -77.804  -16.790 0.3000000119
131977  12.181  -69.113  -17.562 0.6000000238
130413  11.597  -69.391  -17.327 0.6000000238
4033  11.830  -69.369  -18.174 0.6000000238
122455  11.472  -69.495  -19.008 0.5000000000
1598  22.582  -74.825  -18.855 0.4000000060
2376  23.541  -72.497  -17.398 0.4000000060
113911  25.413  -68.327  -20.457 0.4000000060
4075  24.712  -69.033  -20.728 0.5000000000
115523  22.084  -72.360  -12.857 0.3000000119
2767  21.495  -71.418  -11.821 0.3000000119
2283  21.140  -72.037  -12.007 0.3000000119
120496  20.889  -72.518  -11.397 0.3000000119
1853  20.642  -73.263  -9.836 0.3000000119
1852  21.355  -73.254  -9.478 0.3000000119
1506  22.997  -74.187  -9.060 0.3000000119
4624  15.640  -68.614  -14.514 0.5000000000
1900  22.399  -73.221  -13.054 0.3000000119
1251  22.640  -74.944  -13.633 0.3000000119
4642  14.003  -68.592  -15.120 0.5000000000
3987  13.685  -69.376  -14.766 0.6000000238
1543  23.411  -74.538  -13.034 0.3000000119
1486  22.173  -74.493  -8.487 0.3000000119
4643  13.264  -68.985  -15.499 0.6000000238
1249  24.541  -75.836  -13.088 0.3000000119
4667  13.023  -68.886  -16.494 0.6000000238
1313  22.805  -76.001  -19.532 0.3000000119
1048  22.417  -76.433  -19.051 0.3000000119
133128  11.932  -69.039  -18.747 0.6000000238
4080  11.110  -69.195  -20.240 0.6000000238
4666  13.422  -68.284  -15.950 0.6000000238
5287  13.886  -67.721  -16.469 0.5000000000
5302  13.703  -67.471  -17.494 0.6000000238
5303  13.037  -68.252  -18.015 0.6000000238
4689  12.364  -68.472  -18.836 0.6000000238
4702  11.719  -68.917  -19.599 0.6000000238
4703  11.317  -68.447  -20.048 0.6000000238
4701  12.052  -67.939  -19.403 0.6000000238
124836  10.721  -68.392  -20.502 0.5000000000
5286  14.546  -67.210  -15.808 0.5000000000
5301  14.300  -67.024  -16.899 0.5000000000
5974  8.208  -66.278  -21.316 0.5000000000
6585  9.118  -65.164  -21.482 0.6000000238
5973  8.871  -65.877  -21.048 0.6000000238
5975  7.614  -65.730  -21.890 0.5000000000
6586  8.409  -65.335  -21.586 0.6000000238
6606  7.160  -65.378  -22.431 0.6000000238
128115  14.173  -66.789  -17.631 0.5000000000
5936  11.410  -66.321  -19.652 0.5000000000
5937  10.755  -66.668  -19.714 0.5000000000
5325  10.636  -67.340  -19.850 0.6000000238
130540  11.368  -65.783  -20.801 0.6000000238
5952  10.023  -66.629  -20.048 0.5000000000
124326  9.381  -66.917  -20.391 0.5000000000
6562  10.003  -65.783  -20.685 0.6000000238
6626  12.416  -66.236  -23.432 0.6000000238
6584  10.020  -65.369  -21.748 0.6000000238
6605  7.852  -64.687  -22.230 0.5000000000
10889  10.623  -59.828  -14.550 0.5000000000
5908  14.717  -66.479  -17.417 0.5000000000
5923  12.969  -66.419  -18.897 0.5000000000
6550  11.594  -65.942  -20.149 0.6000000238
118303  9.647  -58.075  -14.785 0.5000000000
12599  9.779  -57.247  -14.439 0.6000000238
11737  10.246  -58.815  -14.524 0.6000000238
10888  11.516  -60.083  -14.430 0.6000000238
11738  9.519  -58.827  -14.808 0.5000000000
10064  11.081  -60.782  -14.737 0.5000000000
10088  10.745  -61.482  -15.269 0.5000000000
7945  6.541  -63.208  -22.012 0.5000000000
7944  7.666  -63.359  -22.284 0.5000000000
13500  14.844  -56.948  -11.947 0.6000000238
13479  14.050  -56.452  -11.516 0.6999999881
13501  13.883  -57.185  -12.160 0.6000000238
13480  13.128  -56.450  -11.973 0.6999999881
13503  11.443  -56.174  -12.654 0.6000000238
13522  10.537  -56.345  -13.182 0.6000000238
12556  12.612  -57.079  -12.641 0.6000000238
12553  15.086  -57.303  -12.676 0.6000000238
11692  14.087  -58.377  -13.182 0.6000000238
124242  12.067  -57.914  -13.323 0.6000000238
12557  11.301  -57.115  -13.134 0.5000000000
13523  9.818  -56.449  -13.908 0.6000000238
11713  14.477  -58.529  -13.749 0.6000000238
134369  12.679  -58.603  -13.568 0.6000000238
12577  11.062  -57.859  -13.685 0.5000000000
12578  10.573  -57.097  -13.902 0.6000000238
11714  14.104  -58.969  -13.715 0.6000000238
11716  11.793  -58.586  -14.057 0.6000000238
10886  14.041  -59.891  -14.645 0.6000000238
10867  12.810  -59.374  -14.015 0.6000000238
10063  11.971  -60.853  -14.759 0.6000000238
10087  11.617  -61.440  -15.369 0.5000000000
9324  9.882  -62.690  -16.582 0.5000000000
115724  10.769  -62.209  -16.871 0.5000000000
122152  9.689  -62.363  -18.227 0.5000000000
8579  9.058  -62.626  -18.513 0.5000000000
13502  12.252  -55.813  -12.161 0.6000000238
15291  11.436  -54.596  -12.121 0.6999999881
11735  14.507  -58.854  -14.417 0.5000000000
126467  12.999  -60.717  -15.527 0.6000000238
10118  12.765  -60.832  -16.320 0.6000000238
9323  11.684  -61.625  -16.477 0.5000000000
9346  11.429  -61.499  -17.131 0.6000000238
10140  11.029  -60.959  -17.660 0.5000000000
10955  10.604  -59.755  -17.844 0.6000000238
9359  9.031  -61.464  -18.367 0.6000000238
16934  19.308  -53.080  -12.945 0.4000000060
15250  12.663  -54.209  -9.952 0.6999999881
16060  11.718  -53.323  -8.432 0.5000000000
16082  10.432  -53.211  -9.804 0.5000000000
16951  18.554  -52.811  -13.446 0.6000000238
16094  18.117  -54.209  -12.319 0.5000000000
16080  11.804  -54.007  -10.308 0.6000000238
16081  10.910  -53.781  -10.691 0.5000000000
17786  18.151  -51.341  -14.388 0.5000000000
15264  14.103  -54.700  -9.760 0.6000000238
15266  12.140  -54.426  -10.941 0.8000000119
14392  13.916  -55.515  -11.020 0.6999999881
15279  12.357  -54.769  -11.242 0.8000000119
15292  10.830  -54.508  -12.064 0.6999999881
123427  12.535  -59.470  -17.086 0.6000000238
129140  11.533  -59.294  -17.474 0.6000000238
16061  10.875  -52.937  -8.807 0.5000000000
131550  19.080  -54.225  -12.087 0.5000000000
15237  12.954  -53.828  -8.967 0.6999999881
16070  10.002  -52.697  -9.113 0.5000000000
18654  18.743  -50.200  -14.240 0.4000000060
17772  18.892  -51.922  -13.954 0.4000000060
18655  17.876  -50.248  -14.500 0.4000000060
19499  17.481  -49.579  -14.941 0.5000000000
18671  16.631  -49.756  -15.460 0.4000000060
16049  11.250  -52.829  -7.727 0.5000000000
16880  9.487  -52.501  -8.438 0.5000000000
16107  19.586  -53.526  -12.317 0.3000000119
15276  19.292  -54.517  -11.162 0.3000000119
16059  12.594  -53.769  -7.995 0.6000000238
19512  17.886  -48.935  -15.187 0.4000000060
19513  17.185  -49.183  -15.641 0.4000000060
133052  15.969  -50.045  -15.912 0.4000000060
16037  12.287  -52.889  -6.953 0.6000000238
16047  12.755  -53.435  -7.128 0.6000000238
20398  17.136  -48.865  -16.354 0.4000000060
16865  11.605  -52.669  -6.925 0.5000000000
16866  10.745  -52.456  -7.010 0.5000000000
18624  21.094  -50.992  -12.732 0.3000000119
16091  20.312  -53.210  -11.724 0.3000000119
15260  19.876  -54.121  -10.287 0.3000000119
16056  18.546  -53.875  -8.608 0.4000000060
20414  17.359  -48.538  -16.859 0.3000000119
19529  16.424  -49.706  -16.490 0.4000000060
19545  17.339  -49.304  -17.344 0.4000000060
117385  19.088  -53.566  -8.900 0.4000000060
16854  12.141  -52.205  -6.617 0.6000000238
16855  10.286  -51.917  -6.618 0.4000000060
16875  17.735  -53.479  -8.612 0.4000000060
18638  21.342  -50.339  -12.906 0.3000000119
17742  21.473  -51.384  -11.542 0.3000000119
17672  11.600  -51.404  -6.487 0.5000000000
126656  16.350  -52.763  -8.587 0.4000000060
17696  15.229  -52.278  -8.753 0.4000000060
17716  13.368  -51.406  -9.648 0.5000000000
16892  15.913  -52.306  -9.252 0.4000000060
17715  14.263  -51.877  -9.708 0.4000000060
20319  16.141  -48.984  -10.952 0.3000000119
20328  15.518  -48.852  -11.298 0.3000000119
19434  15.725  -49.650  -11.040 0.3000000119
18606  14.425  -50.362  -11.176 0.3000000119
20330  13.748  -48.680  -11.918 0.3000000119
23136  7.927  -46.040  -9.373 0.4000000060
20327  16.095  -48.149  -11.233 0.3000000119
1205  22.815  -75.030  -8.146 0.3000000119
1299  22.307  -75.747  -19.320 0.4000000060
17731  15.274  -51.474  -10.481 0.3000000119
11789  10.957  -57.825  -17.549 0.6000000238
24191  7.732  -44.780  -8.571 0.4000000060
134966  17.346  -50.953  -14.556 0.5000000000
18585  14.758  -50.958  -10.930 0.3000000119
2352  22.511  -71.963  -16.644 0.3000000119
2351  23.314  -71.849  -16.980 0.4000000060
5317  12.643  -67.463  -18.706 0.5000000000
1401  18.433  -75.460  -1.238 0.4000000060
1115  17.411  -76.179  -0.028 0.5000000000
847  21.871  -77.221  -0.034 0.5000000000
288  19.241  -79.733  -13.163 0.4000000060
126955  17.278  -75.339  -1.413 0.4000000060
1124  22.803  -76.096  -0.723 0.4000000060
502  22.880  -77.336  -0.310 0.4000000060
129658  19.167  -79.344  -14.662 0.4000000060
281  19.967  -79.428  -12.459 0.4000000060
276  20.155  -79.482  -10.843 0.4000000060
1404  14.544  -75.093  -1.495 0.3000000119
1446  20.871  -74.631  -2.990 0.3000000119
1412  23.566  -75.064  -1.368 0.3000000119
872  23.788  -76.495  -0.847 0.4000000060
672  23.441  -77.091  -0.647 0.4000000060
443  19.462  -78.914  -15.400 0.3000000119
453  19.288  -78.589  -16.442 0.4000000060
871  24.533  -76.281  -1.275 0.4000000060
889  23.148  -76.985  -3.049 0.4000000060
715  20.435  -77.096  -7.463 0.5000000000
2949  17.564  -71.965  -23.546 0.5000000000
1031  18.803  -77.431  -17.199 0.4000000060
888  24.008  -76.715  -3.367 0.4000000060
901  23.068  -76.410  -3.856 0.5000000000
1170  21.828  -75.768  -5.849 0.5000000000
981  20.814  -75.631  -11.002 0.3000000119
761  20.974  -77.351  -15.241 0.3000000119
452  20.022  -78.545  -16.268 0.3000000119
605  20.728  -78.098  -17.004 0.3000000119
2446  18.583  -72.615  -24.534 0.6000000238
900  24.058  -76.390  -4.196 0.3000000119
1207  20.355  -75.367  -8.213 0.3000000119
3503  18.447  -70.924  -22.974 0.5000000000
1301  20.772  -76.367  -18.731 0.4000000060
925  24.760  -76.395  -6.632 0.3000000119
2393  23.999  -72.928  -17.957 0.4000000060
1962  22.826  -73.847  -18.376 0.4000000060
1946  22.566  -73.408  -17.400 0.4000000060
2869  25.962  -70.577  -18.513 0.3000000119
2256  21.283  -72.593  -10.055 0.3000000119
4677  13.295  -68.321  -17.006 0.6000000238
1961  23.531  -73.560  -18.724 0.3000000119
126646  22.390  -73.362  -9.381 0.3000000119
123965  23.838  -74.395  -9.439 0.3000000119
1248  25.281  -75.823  -13.066 0.3000000119
5340  9.964  -67.574  -20.379 0.5000000000
5953  9.373  -66.256  -20.598 0.6000000238
14410  12.925  -55.575  -11.474 0.6999999881
15267  11.641  -54.216  -11.378 0.6999999881
117073  12.821  -54.656  -10.628 0.6999999881
16068  12.171  -53.742  -9.211 0.6000000238
17757  20.340  -52.054  -12.788 0.3000000119
16932  20.703  -52.474  -12.025 0.3000000119
132201  19.510  -70.405  -24.225 0.5000000000
133816  18.981  -70.604  -23.439 0.5000000000
2944  27.612  -71.927  -24.656 0.6000000238
6548  13.132  -65.836  -19.609 0.4000000060
6560  12.902  -65.675  -20.216 0.5000000000
7247  8.748  -64.567  -22.157 0.5000000000
7280  11.715  -65.680  -23.293 0.5000000000
6628  10.848  -65.611  -23.135 0.5000000000
6604  9.662  -64.751  -22.350 0.5000000000
7264  8.419  -63.686  -22.555 0.5000000000
7942  9.314  -63.336  -22.736 0.5000000000
7260  12.714  -65.510  -23.482 0.5000000000
113619  8.168  -62.987  -22.279 0.4000000060
7941  11.754  -63.889  -22.904 0.5000000000
121557  10.757  -63.812  -23.056 0.5000000000
8656  9.463  -62.908  -22.611 0.5000000000
8644  7.811  -62.349  -21.604 0.5000000000
8654  11.326  -63.048  -22.529 0.6000000238
8655  10.459  -62.933  -22.531 0.5000000000
9440  8.769  -62.183  -21.555 0.5000000000
10155  8.330  -60.481  -18.622 0.5000000000
8642  10.966  -62.214  -22.152 0.6000000238
10195  7.021  -61.352  -20.309 0.5000000000
10156  7.774  -60.275  -19.244 0.5000000000
8643  10.068  -62.317  -21.902 0.6000000238
9426  8.052  -61.421  -21.080 0.6000000238
9427  7.169  -61.691  -21.083 0.5000000000
8641  11.807  -62.477  -21.904 0.6000000238
9424  10.524  -61.597  -21.457 0.6000000238
125724  9.797  -61.518  -21.261 0.6000000238
11016  7.802  -59.824  -20.045 0.6000000238
10214  10.089  -60.880  -20.701 0.6000000238
10973  8.375  -59.548  -19.193 0.5000000000
133862  9.704  -59.628  -18.234 0.5000000000
10215  9.280  -60.706  -20.795 0.6000000238
129789  7.852  -60.660  -20.594 0.6000000238
14431  9.817  -55.484  -13.356 0.5000000000
15293  9.751  -54.618  -12.490 0.5000000000
118556  10.991  -54.864  -12.405 0.5000000000
11790  10.453  -58.398  -18.003 0.6000000238
11013  10.069  -59.363  -20.350 0.6000000238
11810  9.553  -58.427  -19.026 0.6000000238
11014  9.110  -59.280  -20.238 0.6000000238
11859  8.828  -59.047  -19.831 0.6000000238
11858  9.688  -58.902  -19.855 0.6000000238
16891  16.774  -52.409  -9.238 0.3000000119
22103  6.985  -46.778  -9.713 0.3000000119
4086  24.805  -69.416  -21.696 0.4000000060
3500  25.532  -70.393  -22.915 0.5000000000
1635  20.118  -74.854  -23.886 0.5000000000
1643  20.525  -74.297  -24.430 0.5000000000
3522  27.112  -71.145  -23.927 0.4000000060
2012  20.698  -73.279  -24.890 0.4000000060
2953  28.195  -71.361  -24.911 0.4000000060
3524  18.749  -70.895  -23.910 0.4000000060
2956  19.376  -71.257  -24.621 0.4000000060
3536  19.015  -71.026  -24.325 0.4000000060
2457  18.898  -72.353  -24.743 0.4000000060
2013  19.831  -73.152  -24.872 0.4000000060
5402  29.588  -68.591  -25.429 0.4000000060
4778  28.074  -68.660  -25.738 0.4000000060
4779  27.152  -69.079  -25.678 0.4000000060
118651  18.605  -70.420  -22.144 0.4000000060
121590  29.359  -69.180  -25.772 0.4000000060
4142  27.652  -70.053  -25.998 0.4000000060
5397  26.635  -67.448  -24.739 0.4000000060
123004  25.892  -66.857  -24.318 0.5000000000
11012  10.889  -59.469  -20.396 0.5000000000
11011  11.834  -59.748  -20.189 0.5000000000
10994  11.447  -58.801  -19.844 0.5000000000
124758  12.417  -58.483  -19.567 0.5000000000
12688  13.644  -57.646  -18.990 0.5000000000
12690  11.258  -57.409  -19.283 0.5000000000
13615  13.483  -56.735  -18.630 0.5000000000
122879  10.306  -53.893  -11.286 0.4000000060
113903  9.918  -53.459  -10.695 0.4000000060
116902  11.682  -57.870  -19.559 0.5000000000
12692  9.991  -57.863  -19.108 0.5000000000
2961  27.044  -72.129  -25.435 0.5000000000
4141  28.777  -70.120  -25.729 0.4000000060
120248  27.290  -68.060  -25.328 0.4000000060
854  14.607  -76.309  0.683 0.4000000060
654  15.012  -76.784  1.194 0.4000000060
355  14.571  -79.617  0.174 0.4000000060
852  16.230  -76.400  0.812 0.4000000060
840  15.778  -77.170  1.290 0.4000000060
354  15.552  -79.239  0.427 0.4000000060
119080  17.574  -79.509  -0.572 0.4000000060
353  16.725  -79.226  0.192 0.4000000060
344  15.137  -79.536  0.965 0.4000000060
850  17.813  -76.715  0.234 0.5000000000
838  17.375  -77.354  0.775 0.4000000060
839  16.590  -77.257  0.985 0.4000000060
343  16.434  -79.082  0.691 0.4000000060
836  19.169  -77.447  0.401 0.5000000000
837  18.248  -77.426  0.569 0.5000000000
642  17.046  -77.926  1.490 0.4000000060
132428  16.436  -77.857  1.634 0.4000000060
641  17.765  -77.985  1.206 0.4000000060
350  19.284  -79.273  -0.337 0.4000000060
351  18.363  -79.536  -0.423 0.4000000060
114735  17.864  -79.474  0.179 0.4000000060
333  16.717  -78.712  1.103 0.4000000060
119957  16.102  -78.598  1.558 0.4000000060
352  17.996  -79.613  -0.445 0.4000000060
119710  17.421  -79.381  0.187 0.4000000060
481  19.785  -78.119  0.366 0.5000000000
482  18.810  -78.211  0.547 0.4000000060
483  17.946  -78.291  0.961 0.4000000060
484  17.247  -78.295  1.271 0.4000000060
349  20.172  -79.075  -0.300 0.5000000000
330  19.022  -78.557  0.354 0.4000000060
331  18.239  -78.688  0.672 0.4000000060
332  17.509  -78.679  0.873 0.4000000060
132449  20.406  -79.307  -2.346 0.3000000119
218  19.890  -79.611  -2.994 0.3000000119
366  20.638  -79.021  -2.736 0.4000000060
359  20.445  -79.324  -1.640 0.3000000119
112446  21.314  -78.581  -2.619 0.4000000060
365  21.090  -78.819  -1.950 0.4000000060
128368  20.734  -79.264  -5.358 0.3000000119
130001  20.524  -79.085  -4.283 0.4000000060
133263  20.369  -79.227  -3.431 0.4000000060
116189  20.852  -78.842  -5.154 0.4000000060
371  20.815  -78.722  -3.327 0.4000000060
523  21.434  -78.344  -3.128 0.4000000060
692  22.196  -77.724  -2.813 0.3000000119
205  19.858  -79.384  -0.951 0.3000000119
133989  22.507  -78.118  -1.959 0.3000000119
512  21.814  -78.623  -1.319 0.4000000060
380  21.211  -79.192  -5.992 0.4000000060
135945  21.864  -78.209  -2.625 0.3000000119
529  20.882  -78.464  -3.973 0.4000000060
113007  20.914  -78.126  -4.631 0.4000000060
693  21.476  -77.884  -3.617 0.4000000060
348  20.740  -79.055  -0.728 0.4000000060
358  21.172  -78.922  -1.234 0.4000000060
235  20.419  -79.776  -6.004 0.4000000060
122079  23.064  -77.417  -2.371 0.3000000119
386  21.159  -78.890  -6.785 0.4000000060
241  20.754  -79.462  -6.777 0.4000000060
551  21.225  -78.824  -7.113 0.4000000060
711  21.173  -78.450  -6.406 0.4000000060
497  20.694  -78.151  0.528 0.4000000060
496  21.425  -78.171  0.378 0.4000000060
120347  22.283  -78.323  -0.760 0.3000000119
673  23.285  -77.460  -1.250 0.3000000119
408  21.143  -78.884  -8.238 0.4000000060
120686  21.008  -78.977  -8.885 0.4000000060
407  21.134  -78.806  -8.705 0.4000000060
712  20.695  -77.462  -6.467 0.4000000060
114285  19.717  -76.959  0.207 0.4000000060
495  22.315  -77.974  -0.021 0.3000000119
1112  20.309  -76.616  -0.320 0.4000000060
129728  19.966  -77.551  0.332 0.4000000060
117798  21.122  -77.214  -0.064 0.4000000060
653  21.168  -77.909  0.663 0.4000000060
652  21.705  -77.693  0.256 0.4000000060
122126  24.788  -66.668  -24.175 0.4000000060
538  21.332  -78.830  -5.968 0.4000000060
264  20.633  -79.268  -9.435 0.4000000060
275  20.418  -79.182  -11.111 0.4000000060
277  19.726  -79.718  -11.663 0.4000000060
280  20.448  -79.236  -11.825 0.4000000060
296  18.808  -79.761  -14.033 0.3000000119
298  17.724  -79.551  -14.230 0.3000000119
305  18.088  -79.804  -14.747 0.3000000119
306  17.760  -79.453  -14.669 0.3000000119
340  19.798  -78.666  0.104 0.5000000000
341  18.606  -79.134  0.230 0.4000000060
342  17.297  -79.104  0.553 0.4000000060
395  21.223  -78.775  -8.055 0.4000000060
396  21.173  -78.850  -7.576 0.4000000060
415  20.903  -78.894  -9.583 0.5000000000
437  19.941  -78.600  -14.124 0.3000000119
438  19.647  -78.865  -14.591 0.3000000119
444  18.813  -79.251  -15.426 0.4000000060
445  18.158  -79.304  -15.353 0.3000000119
454  18.587  -78.543  -16.430 0.3000000119
459  19.963  -78.327  -17.028 0.3000000119
503  21.557  -78.599  -0.485 0.4000000060
504  20.760  -78.577  -0.029 0.4000000060
510  22.796  -77.729  -0.727 0.4000000060
511  22.543  -78.133  -1.421 0.3000000119
518  22.445  -78.008  -2.329 0.3000000119
563  21.075  -78.841  -9.287 0.5000000000
589  20.405  -78.102  -14.898 0.3000000119
598  17.817  -78.745  -15.319 0.3000000119
607  17.983  -78.835  -15.907 0.3000000119
612  21.845  -77.791  -17.203 0.3000000119
613  21.142  -77.812  -17.393 0.3000000119
614  20.404  -77.967  -17.548 0.3000000119
615  19.350  -77.902  -17.658 0.3000000119
621  19.943  -77.687  -17.985 0.4000000060
638  20.528  -77.833  0.539 0.4000000060
639  19.533  -77.846  0.446 0.4000000060
640  18.578  -77.945  0.747 0.4000000060
651  22.435  -77.240  -0.176 0.3000000119
679  25.511  -76.629  -2.163 0.3000000119
682  22.930  -77.771  -1.871 0.3000000119
698  21.469  -77.297  -4.145 0.5000000000
718  20.929  -77.980  -8.013 0.5000000000
719  20.516  -77.204  -8.303 0.5000000000
724  20.824  -77.865  -9.577 0.5000000000
762  17.855  -77.557  -14.970 0.3000000119
771  21.878  -77.684  -15.882 0.3000000119
775  18.268  -77.916  -16.577 0.3000000119
776  17.955  -78.354  -16.025 0.3000000119
791  20.390  -77.408  -18.542 0.3000000119
797  21.687  -76.766  -18.876 0.4000000060
848  20.478  -77.386  0.218 0.4000000060
849  18.805  -76.772  0.205 0.5000000000
851  16.916  -76.521  0.558 0.5000000000
853  15.430  -76.249  0.896 0.4000000060
860  23.911  -76.118  -0.902 0.3000000119
870  25.355  -76.154  -1.543 0.3000000119
926  24.143  -76.144  -6.546 0.3000000119
971  20.890  -77.305  -10.738 0.4000000060
988  20.972  -76.444  -12.943 0.3000000119
994  25.511  -76.248  -13.452 0.3000000119
1014  18.136  -76.441  -15.626 0.3000000119
1038  21.204  -76.669  -18.955 0.4000000060
1040  19.929  -77.400  -18.348 0.3000000119
1168  23.742  -75.846  -5.692 0.3000000119
1178  20.763  -76.043  -6.838 0.4000000060
1240  24.121  -75.142  -12.706 0.3000000119
1241  21.249  -75.588  -13.100 0.3000000119
1250  23.598  -75.416  -13.451 0.3000000119
1252  21.846  -75.355  -13.798 0.3000000119
1282  19.899  -75.053  -17.103 0.4000000060
1300  21.479  -75.962  -19.081 0.4000000060
1327  21.114  -74.799  -23.308 0.6000000238
1397  23.230  -75.613  -0.978 0.3000000119
1410  25.233  -75.721  -1.560 0.3000000119
1413  22.858  -75.121  -1.347 0.3000000119
1414  20.781  -75.483  -1.642 0.3000000119
1487  20.936  -74.429  -8.514 0.3000000119
1507  21.644  -73.853  -8.900 0.3000000119
1521  20.694  -74.322  -11.509 0.3000000119
1528  21.438  -74.747  -13.135 0.3000000119
1529  21.075  -74.366  -12.335 0.3000000119
1545  21.657  -74.109  -13.221 0.3000000119
1569  18.729  -74.643  -14.948 0.4000000060
1609  23.104  -75.523  -19.561 0.3000000119
1627  21.514  -74.688  -23.145 0.6999999881
1632  22.817  -74.076  -23.895 0.6999999881
1642  21.360  -74.273  -24.447 0.6000000238
1868  20.462  -73.547  -10.335 0.3000000119
1899  23.014  -73.763  -13.087 0.3000000119
1901  21.868  -73.547  -13.216 0.3000000119
1930  22.116  -72.842  -16.660 0.3000000119
1945  23.263  -73.161  -17.747 0.4000000060
1947  21.857  -73.694  -17.130 0.3000000119
1990  23.365  -73.754  -23.068 0.6999999881
1995  23.608  -73.873  -23.845 0.6999999881
2004  20.180  -73.776  -24.677 0.4000000060
2007  17.482  -73.399  -23.924 0.5000000000
2010  22.835  -73.475  -24.955 0.6999999881
2270  21.373  -71.948  -10.666 0.3000000119
2271  20.832  -72.686  -10.641 0.3000000119
2305  21.529  -72.517  -12.567 0.3000000119
2337  19.818  -72.359  -14.836 0.3000000119
2392  24.602  -72.458  -18.327 0.3000000119
2434  24.556  -72.962  -22.849 0.6000000238
2449  26.546  -72.600  -25.022 0.6999999881
2450  25.713  -72.690  -25.148 0.6999999881
2452  24.006  -73.001  -25.513 0.8000000119
2453  23.117  -72.953  -25.348 0.8000000119
2456  19.576  -72.331  -24.891 0.4000000060
2752  21.092  -71.937  -11.275 0.3000000119
2809  19.588  -71.786  -14.960 0.3000000119
2825  20.763  -71.763  -15.803 0.4000000060
2826  20.117  -71.652  -15.288 0.3000000119
2857  24.438  -71.106  -17.535 0.5000000000
2858  23.666  -71.073  -17.240 0.4000000060
2872  20.254  -71.735  -18.430 0.3000000119
2890  21.393  -71.454  -19.294 0.4000000060
2912  21.680  -71.729  -20.119 0.5000000000
2924  23.546  -71.693  -21.372 0.4000000060
2946  26.101  -72.420  -23.727 0.6999999881
2954  27.726  -71.958  -24.977 0.6000000238
2960  27.547  -71.535  -25.444 0.5000000000
2964  22.375  -72.202  -25.480 0.8000000119
2967  19.699  -71.606  -24.841 0.4000000060
2968  19.057  -71.822  -24.715 0.4000000060
3360  15.141  -70.229  -14.601 0.6000000238
3392  23.068  -70.773  -17.119 0.4000000060
3393  22.425  -70.832  -16.946 0.4000000060
3414  21.339  -70.921  -17.402 0.4000000060
3502  19.421  -70.243  -23.703 0.5000000000
3539  28.815  -70.924  -25.252 0.4000000060
3540  28.025  -70.839  -25.508 0.4000000060
3542  26.330  -70.707  -26.003 0.6999999881
3977  14.227  -69.811  -14.379 0.6000000238
4011  12.217  -69.132  -16.658 0.6000000238
4029  18.245  -68.735  -18.125 0.6999999881
4041  25.461  -69.393  -18.517 0.3000000119
4042  24.758  -69.535  -18.480 0.5000000000
4043  23.967  -69.845  -18.707 0.4000000060
4047  10.673  -69.920  -19.077 0.5000000000
4089  19.102  -69.890  -21.749 0.6999999881
4103  19.217  -70.208  -22.816 0.5000000000
4622  17.048  -67.875  -14.747 0.6000000238
4625  14.331  -69.107  -14.561 0.6000000238
4665  16.706  -69.055  -15.763 0.6000000238
4676  17.787  -68.559  -16.571 0.6999999881
4678  12.848  -68.926  -17.397 0.6000000238
4685  20.512  -68.071  -18.864 0.8000000119
4697  25.802  -68.364  -19.627 0.4000000060
4698  21.493  -67.616  -19.561 0.8000000119
4715  25.010  -68.737  -19.699 0.5000000000
4719  9.840  -68.710  -20.873 0.5000000000
4774  20.799  -68.776  -24.314 0.8000000119
4777  28.806  -68.510  -25.682 0.4000000060
5242  17.729  -66.815  -15.072 0.6999999881
5243  17.327  -67.309  -14.823 0.6000000238
5246  15.128  -68.111  -14.550 0.6999999881
5268  15.245  -67.092  -14.824 0.6000000238
5269  14.033  -67.891  -15.612 0.5000000000
5283  21.250  -66.845  -16.374 0.8999999762
5285  19.036  -67.535  -15.723 0.6999999881
5323  12.004  -66.646  -19.103 0.5000000000
5324  11.255  -67.113  -19.399 0.6000000238
5339  14.985  -67.389  -21.249 0.6999999881
5354  15.237  -67.674  -22.148 0.6999999881
5371  16.053  -66.840  -22.878 0.6000000238
5372  15.213  -67.410  -22.770 0.6999999881
5385  14.514  -67.339  -23.006 0.6000000238
5398  25.599  -67.546  -24.376 0.6000000238
5400  23.282  -67.344  -24.296 0.6000000238
5878  17.126  -66.269  -15.257 0.6000000238
5880  15.789  -66.457  -15.308 0.6000000238
5922  13.749  -66.732  -18.232 0.5000000000
5929  22.921  -66.708  -19.626 0.6999999881
5945  24.094  -65.880  -20.455 0.6000000238
5950  13.492  -66.043  -20.796 0.6999999881
5954  8.804  -66.734  -20.773 0.5000000000
5970  16.672  -67.060  -22.327 0.6000000238
5991  16.807  -66.291  -22.940 0.6000000238
6003  22.362  -65.762  -24.152 0.5000000000
6006  14.377  -66.860  -23.271 0.6000000238
6007  13.018  -66.500  -23.417 0.6000000238
6008  12.388  -66.546  -23.197 0.6000000238
6017  25.505  -66.031  -24.199 0.4000000060
6487  16.971  -65.978  -15.588 0.6000000238
6503  20.211  -65.340  -15.983 0.8000000119
6506  17.217  -65.691  -16.150 0.6000000238
6518  23.513  -65.381  -17.621 0.6999999881
6523  16.670  -65.826  -16.943 0.6000000238
6529  23.806  -65.662  -18.215 0.6999999881
6543  23.984  -65.878  -18.952 0.6000000238
6549  12.299  -65.943  -19.700 0.4000000060
6556  24.595  -65.358  -20.690 0.6000000238
6561  12.071  -65.815  -20.535 0.6999999881
6563  9.439  -65.632  -21.037 0.6000000238
6579  19.151  -64.753  -21.953 0.5000000000
6581  17.923  -65.783  -22.454 0.5000000000
6583  10.820  -65.733  -21.612 0.6000000238
6601  17.495  -65.692  -23.136 0.5000000000
6620  18.005  -64.877  -23.571 0.5000000000
6625  13.234  -66.091  -23.765 0.5000000000
7179  22.249  -64.511  -17.288 0.6000000238
7219  24.919  -64.315  -19.912 0.6000000238
7233  19.652  -64.365  -21.341 0.6000000238
7254  19.361  -63.772  -23.073 0.6000000238
7257  16.942  -64.799  -23.291 0.6000000238
7262  10.058  -64.076  -22.811 0.5000000000
7263  9.244  -63.984  -22.589 0.5000000000
7265  7.447  -64.073  -22.430 0.5000000000
7276  17.467  -65.042  -23.536 0.6000000238
7277  16.490  -65.205  -23.436 0.6000000238
7279  13.640  -65.365  -23.556 0.6000000238
7857  23.214  -64.103  -17.800 0.6000000238
7870  23.047  -63.427  -18.088 0.6000000238
7887  25.236  -62.744  -19.679 0.5000000000
7888  24.785  -63.938  -19.146 0.6000000238
7891  16.809  -63.356  -20.115 0.5000000000
7902  25.345  -62.916  -20.336 0.5000000000
7903  20.388  -63.285  -21.302 0.6000000238
7904  17.980  -63.546  -21.656 0.6000000238
7905  17.123  -63.698  -20.992 0.6999999881
7906  16.622  -63.575  -20.754 0.6999999881
7917  24.884  -63.092  -21.239 0.6000000238
7919  19.854  -63.458  -22.871 0.6000000238
7935  18.295  -64.190  -23.175 0.6000000238
7938  14.583  -63.621  -22.703 0.6999999881
7939  13.785  -63.821  -22.529 0.6999999881
7940  12.816  -63.999  -22.422 0.6000000238
7943  8.663  -63.072  -22.687 0.5000000000
7957  11.192  -64.804  -23.191 0.5000000000
7958  10.680  -64.691  -23.046 0.5000000000
8550  10.196  -62.434  -17.765 0.5000000000
8578  16.651  -62.358  -18.794 0.5000000000
8588  24.982  -61.567  -19.815 0.6000000238
8589  24.783  -62.662  -19.277 0.6000000238
8594  17.939  -62.780  -19.939 0.5000000000
8596  16.465  -62.715  -19.602 0.5000000000
8597  15.994  -62.453  -19.989 0.5000000000
8617  16.026  -63.376  -21.381 0.5000000000
8650  19.918  -62.404  -22.735 0.6000000238
8657  7.126  -62.864  -21.781 0.5000000000
9299  11.967  -61.709  -15.962 0.5000000000
9300  11.322  -61.902  -16.044 0.5000000000
9301  10.439  -62.195  -15.921 0.5000000000
9347  10.693  -61.678  -17.608 0.5000000000
9348  9.933  -61.562  -18.124 0.6000000238
9355  18.040  -61.753  -18.391 0.5000000000
9360  8.031  -61.295  -18.635 0.5000000000
9361  7.348  -61.138  -19.290 0.5000000000
9395  13.935  -61.510  -20.855 0.5000000000
9396  12.915  -61.888  -20.118 0.6000000238
9397  11.874  -61.307  -20.655 0.6999999881
9417  19.959  -61.364  -22.435 0.5000000000
9418  19.781  -61.595  -22.438 0.6000000238
9419  19.236  -62.111  -22.205 0.6000000238
9421  14.528  -61.834  -21.775 0.5000000000
9425  9.431  -62.078  -21.564 0.6000000238
10061  13.566  -60.355  -15.106 0.6000000238
10062  12.787  -60.644  -14.916 0.6000000238
10065  10.179  -60.626  -14.783 0.5000000000
10086  12.384  -61.229  -15.563 0.5000000000
10117  13.471  -60.314  -15.817 0.6000000238
10119  12.183  -61.215  -16.905 0.6000000238
10139  11.673  -60.659  -17.438 0.6000000238
10151  19.573  -60.531  -18.588 0.5000000000
10154  9.094  -60.229  -18.291 0.5000000000
10172  14.171  -59.865  -19.698 0.5000000000
10174  7.531  -60.225  -19.758 0.5000000000
10175  7.235  -60.928  -19.875 0.5000000000
10188  14.278  -60.544  -20.508 0.5000000000
10192  10.485  -60.002  -20.688 0.6000000238
10193  9.660  -59.933  -20.619 0.6000000238
10194  8.706  -59.873  -20.509 0.6000000238
10209  20.217  -60.019  -21.579 0.5000000000
10213  10.746  -60.999  -20.738 0.6000000238
10216  8.435  -60.624  -20.755 0.6000000238
10217  7.399  -61.276  -20.644 0.5000000000
10865  14.247  -59.254  -14.231 0.5000000000
10866  13.760  -59.485  -14.070 0.6000000238
10885  14.382  -59.413  -14.833 0.5000000000
10887  13.304  -60.093  -14.467 0.6000000238
10890  9.789  -59.623  -14.746 0.5000000000
10911  14.132  -59.996  -15.318 0.6999999881
10934  13.118  -60.002  -16.595 0.6999999881
10935  12.424  -60.351  -17.088 0.6000000238
10956  10.191  -60.638  -17.979 0.6000000238
10972  9.081  -59.086  -18.737 0.6000000238
10992  13.384  -59.233  -19.515 0.5000000000
10993  12.417  -59.280  -19.731 0.5000000000
10995  8.306  -59.152  -19.852 0.6000000238
10996  7.907  -59.589  -19.842 0.6000000238
11015  8.208  -59.341  -20.099 0.6000000238
11715  13.502  -58.862  -13.574 0.6000000238
11717  10.828  -58.428  -14.102 0.6000000238
11736  11.157  -59.100  -14.405 0.6000000238
11755  14.596  -58.730  -14.916 0.5000000000
11756  14.160  -58.396  -15.475 0.6999999881
11771  13.742  -58.853  -15.921 0.6999999881
11791  9.821  -58.749  -18.427 0.6000000238
11811  8.930  -58.973  -19.523 0.6000000238
11836  10.913  -58.017  -19.664 0.5000000000
11837  10.208  -58.248  -19.513 0.6000000238
11838  9.555  -58.582  -19.476 0.6000000238
11857  10.508  -58.821  -19.912 0.5000000000
12554  14.505  -57.672  -12.757 0.6000000238
12555  13.705  -57.788  -12.681 0.6000000238
12575  14.915  -57.757  -13.393 0.6000000238
12576  13.151  -58.206  -13.027 0.6000000238
12597  14.788  -58.127  -14.236 0.5000000000
12598  10.289  -57.961  -14.111 0.5000000000
12631  13.177  -57.878  -16.095 0.6999999881
12647  10.536  -57.451  -18.163 0.6999999881
12648  10.079  -57.915  -18.602 0.6999999881
12689  11.995  -57.259  -19.197 0.5000000000
12691  10.589  -57.572  -19.223 0.5000000000
13477  15.442  -56.238  -11.619 0.8000000119
13521  15.443  -56.566  -13.871 0.6999999881
13539  15.250  -57.391  -13.924 0.6999999881
13541  13.790  -55.959  -14.725 0.8000000119
13542  9.261  -56.630  -14.517 0.6000000238
13554  14.227  -57.037  -14.865 0.6999999881
13556  11.920  -55.753  -15.892 0.6999999881
13589  11.390  -56.432  -17.877 0.6999999881
13601  12.882  -56.025  -18.493 0.6000000238
13603  11.425  -56.615  -18.290 0.6999999881
13604  10.887  -56.990  -18.241 0.6999999881
13617  11.713  -56.893  -18.816 0.6000000238
14364  18.067  -55.060  -8.797 0.6000000238
14366  16.435  -55.314  -8.571 0.6000000238
14374  17.906  -55.224  -9.338 0.6000000238
14375  15.716  -55.318  -9.189 0.6999999881
14389  16.512  -55.038  -10.695 0.6999999881
14409  15.400  -55.569  -11.026 0.8000000119
14411  12.027  -54.701  -11.907 0.8000000119
14424  11.526  -55.164  -12.362 0.6999999881
14425  10.759  -55.427  -12.734 0.5000000000
14443  13.020  -54.851  -14.878 0.8000000119
14462  12.455  -55.391  -15.223 0.8000000119
14464  11.276  -55.149  -16.147 0.6999999881
14485  11.536  -55.377  -16.549 0.6999999881
14502  12.035  -55.624  -17.207 0.6999999881
14514  13.158  -55.602  -18.235 0.6999999881
14515  12.433  -55.748  -18.085 0.6000000238
15223  16.519  -54.485  -7.765 0.6000000238
15224  15.827  -54.444  -7.553 0.6000000238
15225  14.191  -54.022  -7.162 0.6999999881
15231  18.333  -54.520  -8.638 0.6000000238
15232  17.598  -54.787  -8.438 0.6000000238
15233  16.918  -55.021  -8.128 0.6000000238
15234  15.640  -54.994  -8.134 0.6000000238
15235  14.430  -54.532  -7.942 0.6999999881
15246  19.295  -54.481  -9.509 0.6000000238
15248  14.865  -54.822  -8.807 0.6999999881
15249  13.419  -54.271  -9.323 0.6999999881
15261  18.691  -55.000  -9.924 0.6000000238
15262  17.816  -55.061  -10.563 0.6000000238
15265  13.639  -54.894  -10.544 0.6000000238
15278  13.084  -55.118  -10.918 0.6999999881
15280  11.629  -54.307  -11.825 0.6999999881
15301  10.307  -54.903  -12.686 0.5000000000
15302  9.556  -54.771  -13.184 0.5000000000
15316  12.706  -54.199  -15.159 0.8000000119
15336  12.197  -54.479  -15.681 0.6999999881
15337  11.386  -55.045  -16.147 0.6999999881
15359  14.866  -53.577  -16.736 0.5000000000
15377  11.719  -55.119  -16.642 0.6000000238
16035  13.585  -52.733  -6.817 0.6000000238
16045  14.223  -53.351  -6.914 0.6999999881
16048  12.028  -53.218  -7.447 0.6000000238
16057  17.760  -54.196  -8.312 0.4000000060
16058  13.303  -53.894  -7.256 0.6000000238
16066  19.627  -53.674  -9.384 0.3000000119
16067  19.055  -54.220  -8.810 0.4000000060
16069  11.327  -53.473  -9.551 0.5000000000
16079  20.381  -53.413  -10.732 0.3000000119
16092  19.896  -53.955  -11.433 0.3000000119
16093  18.550  -54.572  -11.663 0.5000000000
16095  11.023  -54.156  -11.633 0.6999999881
16108  18.727  -53.583  -12.741 0.4000000060
16111  10.116  -54.289  -11.833 0.4000000060
16121  17.776  -53.380  -12.956 0.6999999881
16123  16.207  -53.266  -13.500 0.8000000119
16124  15.311  -53.394  -14.055 0.8000000119
16135  14.254  -52.976  -14.430 0.6999999881
16178  16.258  -52.904  -16.685 0.5000000000
16179  15.318  -52.749  -16.646 0.5000000000
16180  14.092  -52.490  -16.871 0.5000000000
16181  13.403  -52.852  -16.526 0.6999999881
16182  12.807  -53.535  -16.121 0.8000000119
16203  12.954  -54.099  -16.663 0.6999999881
16853  12.925  -52.158  -6.664 0.8000000119
16861  16.247  -53.299  -7.914 0.5000000000
16863  14.219  -52.645  -6.956 0.6000000238
16876  16.954  -53.075  -8.572 0.4000000060
16877  15.716  -52.729  -8.159 0.5000000000
16879  10.375  -52.556  -8.052 0.5000000000
16888  19.966  -52.948  -9.585 0.4000000060
16889  19.380  -52.764  -9.258 0.4000000060
16890  17.628  -52.618  -9.136 0.4000000060
16933  20.004  -52.822  -12.556 0.3000000119
16952  16.133  -52.508  -13.729 0.6999999881
16967  17.234  -51.782  -14.198 0.6999999881
16970  14.253  -52.081  -14.520 0.6999999881
16971  13.377  -52.062  -15.851 0.6999999881
16972  13.169  -53.031  -15.683 0.8000000119
16990  13.349  -52.181  -16.477 0.8000000119
17009  14.469  -51.677  -16.753 0.6000000238
17028  13.510  -52.470  -16.747 0.6999999881
17671  12.350  -51.517  -6.620 0.6000000238
17684  14.141  -51.966  -7.467 0.5000000000
17697  14.603  -52.022  -8.492 0.6000000238
17714  15.035  -52.137  -9.859 0.4000000060
17733  13.565  -51.406  -10.599 0.6000000238
17756  21.066  -51.641  -12.260 0.3000000119
17770  20.559  -51.340  -12.899 0.3000000119
17773  18.105  -52.202  -14.107 0.6000000238
17788  15.451  -51.019  -14.613 0.6000000238
17805  13.873  -50.533  -15.802 0.6999999881
17806  13.345  -50.945  -16.235 0.6000000238
17819  13.041  -51.325  -16.878 0.6000000238
18524  11.146  -50.871  -6.436 0.6000000238
18535  12.086  -50.695  -7.317 0.6999999881
18567  11.710  -50.715  -9.228 0.6999999881
18569  10.047  -49.892  -9.613 0.5000000000
18587  12.857  -51.366  -10.532 0.5000000000
18590  9.693  -50.024  -10.740 0.5000000000
18605  15.132  -50.273  -11.101 0.3000000119
18607  12.924  -50.790  -11.305 0.5000000000
18609  11.192  -50.429  -11.158 0.4000000060
18623  21.640  -50.808  -12.089 0.3000000119
18625  10.556  -50.033  -12.057 0.4000000060
18640  18.933  -51.020  -14.129 0.4000000060
18656  16.917  -50.243  -14.839 0.5000000000
18672  15.065  -50.179  -15.924 0.6999999881
18673  14.185  -50.269  -16.010 0.6000000238
18685  13.988  -50.608  -16.276 0.6000000238
18700  17.849  -50.093  -17.536 0.4000000060
18701  16.656  -50.639  -17.134 0.5000000000
18702  16.164  -50.233  -16.796 0.5000000000
19435  9.555  -49.695  -10.865 0.5000000000
19436  9.268  -48.682  -10.547 0.5000000000
19446  14.985  -49.552  -11.283 0.3000000119
19447  14.135  -49.461  -11.423 0.3000000119
19468  10.392  -49.603  -12.720 0.4000000060
19469  10.086  -49.394  -12.617 0.4000000060
19480  21.545  -49.545  -13.152 0.3000000119
19483  10.740  -49.250  -13.276 0.4000000060
19484  10.319  -49.241  -13.036 0.4000000060
19514  16.532  -49.444  -16.142 0.4000000060
19515  15.907  -50.137  -15.882 0.5000000000
19530  15.896  -50.254  -16.474 0.5000000000
20320  8.554  -48.218  -10.320 0.5000000000
20332  8.707  -47.713  -10.850 0.5000000000
20348  12.455  -48.585  -13.256 0.3000000119
20350  9.977  -48.727  -12.357 0.4000000060
20351  9.741  -47.898  -12.064 0.4000000060
20366  10.534  -48.796  -13.306 0.3000000119
20415  16.873  -49.045  -16.728 0.4000000060
20429  17.197  -48.754  -17.135 0.4000000060
21197  8.216  -47.530  -10.199 0.6000000238
21226  9.798  -47.677  -13.000 0.3000000119
21227  9.561  -47.738  -12.512 0.4000000060
21244  12.325  -47.063  -13.959 0.3000000119
21245  11.055  -48.135  -13.485 0.3000000119
21308  17.673  -48.320  -17.085 0.3000000119
22120  8.743  -46.345  -10.614 0.5000000000
22121  8.103  -46.818  -9.969 0.5000000000
22134  9.329  -46.938  -12.088 0.5000000000
22154  9.422  -47.273  -12.585 0.3000000119
22172  11.565  -47.062  -13.854 0.3000000119
22173  10.821  -47.510  -13.333 0.3000000119
23135  8.423  -45.159  -10.011 0.4000000060
23161  9.291  -45.266  -10.965 0.4000000060
23185  9.444  -46.177  -11.575 0.4000000060
23186  9.039  -45.973  -11.049 0.4000000060
23205  10.183  -46.087  -11.898 0.4000000060
112107  20.865  -78.500  -10.044 0.5000000000
112344  24.386  -73.710  -23.990 0.6999999881
112593  21.809  -71.611  -12.454 0.3000000119
113036  21.164  -77.623  0.366 0.4000000060
113107  13.958  -65.953  -23.828 0.6000000238
114153  24.487  -61.829  -19.402 0.5000000000
114186  19.342  -66.867  -15.483 0.6999999881
114395  21.106  -78.564  -9.273 0.5000000000
114927  13.227  -64.626  -23.076 0.6000000238
115284  18.551  -52.965  -9.064 0.4000000060
115671  20.449  -78.846  -12.801 0.3000000119
115757  14.839  -57.502  -14.448 0.6999999881
115881  20.808  -70.824  -24.975 0.6999999881
116075  20.711  -78.517  -11.329 0.4000000060
116514  11.904  -54.373  -11.658 0.8000000119
116620  12.431  -68.946  -18.150 0.6000000238
116802  21.288  -67.465  -17.705 0.8999999762
117000  12.226  -61.420  -16.268 0.6000000238
117288  12.332  -57.869  -16.658 0.6999999881
117294  12.315  -49.850  -11.398 0.5000000000
117520  18.920  -69.423  -19.657 0.6999999881
117650  22.854  -73.548  -3.731 0.3000000119
117836  15.079  -53.803  -7.304 0.6999999881
117837  14.898  -55.997  -14.363 0.8000000119
118370  12.551  -57.739  -19.319 0.5000000000
118520  22.001  -72.731  -9.749 0.3000000119
118578  15.773  -56.264  -13.072 0.8000000119
118810  12.400  -60.158  -14.415 0.6000000238
118934  10.192  -50.212  -11.379 0.4000000060
118942  12.667  -70.232  -14.637 0.5000000000
119522  10.042  -63.390  -22.674 0.5000000000
120063  17.846  -79.091  0.552 0.4000000060
120215  14.815  -52.070  -9.315 0.4000000060
120531  18.290  -80.093  -13.503 0.3000000119
120854  17.536  -48.704  -15.877 0.4000000060
120936  8.984  -61.388  -21.171 0.6000000238
120963  8.019  -60.039  -20.284 0.6000000238
120979  20.500  -79.054  -12.447 0.4000000060
121147  20.709  -58.907  -19.439 0.5000000000
121365  14.595  -54.510  -14.333 0.8000000119
121480  16.737  -52.409  -13.776 0.6000000238
121785  7.286  -64.669  -22.406 0.5000000000
122017  9.219  -47.900  -11.421 0.4000000060
122313  15.017  -62.380  -22.300 0.6999999881
122340  15.708  -51.953  -10.092 0.4000000060
122362  16.890  -55.353  -9.272 0.6000000238
122719  22.068  -70.678  -17.350 0.4000000060
123418  21.311  -78.718  -7.805 0.4000000060
123517  11.624  -56.424  -17.366 0.8000000119
123805  28.639  -69.146  -25.920 0.4000000060
123968  26.322  -71.571  -26.001 0.6999999881
123986  20.336  -72.789  -15.337 0.3000000119
124679  13.493  -52.624  -14.942 0.6999999881
124941  11.193  -51.986  -6.691 0.5000000000
125048  13.673  -67.185  -22.786 0.6999999881
126051  23.098  -66.748  -21.565 0.5000000000
126252  22.367  -63.330  -18.357 0.5000000000
126276  20.654  -78.671  -11.037 0.4000000060
126387  23.274  -70.069  -18.983 0.4000000060
126482  21.811  -65.516  -16.472 0.8000000119
126550  13.643  -50.284  -11.194 0.4000000060
126913  13.806  -54.797  -17.823 0.6999999881
126965  13.741  -55.441  -18.138 0.6000000238
126977  23.172  -65.088  -17.252 0.6000000238
127035  7.557  -60.503  -20.201 0.5000000000
127139  19.902  -65.833  -15.547 0.6999999881
127278  12.590  -51.087  -6.867 0.6999999881
127493  8.702  -62.781  -22.385 0.5000000000
127926  21.858  -66.456  -16.573 0.6999999881
128063  13.321  -54.531  -10.091 0.6999999881
128408  11.940  -59.383  -14.323 0.6000000238
128589  18.781  -71.515  -24.386 0.5000000000
128596  19.385  -67.860  -16.322 0.6999999881
128616  10.782  -66.015  -20.248 0.6000000238
128645  21.944  -78.373  -2.046 0.4000000060
128717  14.794  -62.753  -22.444 0.6999999881
129018  16.589  -78.245  1.593 0.4000000060
129046  20.869  -67.917  -19.404 0.6999999881
129677  18.171  -65.775  -21.609 0.6000000238
129830  14.826  -69.812  -14.399 0.6000000238
129980  20.274  -74.325  -10.166 0.3000000119
129998  25.496  -70.867  -25.916 0.6999999881
130157  9.324  -62.557  -22.043 0.5000000000
130661  18.207  -65.865  -19.682 0.5000000000
130732  19.243  -78.969  -15.929 0.3000000119
130823  17.043  -65.614  -23.363 0.6000000238
130841  17.926  -79.344  -15.063 0.3000000119
130921  17.506  -66.431  -15.234 0.6000000238
131633  13.974  -50.972  -16.532 0.6000000238
131812  14.551  -67.712  -22.133 0.6999999881
131865  25.469  -71.315  -18.315 0.3000000119
132031  10.444  -64.946  -22.866 0.5000000000
132732  14.534  -58.111  -13.257 0.6000000238
132771  19.256  -54.654  -10.323 0.3000000119
132858  11.225  -61.101  -20.760 0.6000000238
132860  16.296  -55.139  -9.879 0.6999999881
132984  9.365  -48.552  -11.111 0.5000000000
133033  14.379  -66.071  -19.591 0.5000000000
133160  11.865  -51.048  -10.051 0.5000000000
133175  21.071  -71.199  -16.541 0.3000000119
133675  20.470  -74.948  -21.800 0.4000000060
133696  13.731  -54.205  -17.236 0.6000000238
134060  20.397  -78.368  -13.391 0.3000000119
134220  9.083  -44.556  -10.011 0.4000000060
134325  13.283  -52.871  -15.322 0.8000000119
134450  15.666  -75.261  -0.930 0.4000000060
134527  21.619  -76.990  -0.198 0.5000000000
134653  28.078  -69.417  -25.943 0.4000000060
134702  19.776  -78.073  -17.597 0.3000000119
134801  12.727  -57.185  -18.959 0.5000000000
134825  20.253  -79.647  -5.412 0.3000000119
135475  18.439  -50.729  -14.355 0.4000000060
135502  17.282  -68.669  -15.947 0.6000000238
135903  19.065  -69.802  -20.951 0.8000000119
