#!ascii label  , from subject sub-003S6257 vox2ras=TkReg
1492
4100  25.178  -69.663  -22.326 0.5000000000
12663  24.194  -57.387  -19.181 0.6000000238
11805  24.073  -58.011  -18.588 0.6000000238
11806  22.478  -58.108  -19.217 0.6000000238
113429  23.221  -58.187  -18.635 0.6999999881
11830  21.194  -58.396  -19.669 0.6000000238
11785  24.314  -58.602  -17.816 0.6999999881
11787  22.566  -58.541  -18.249 0.6000000238
6619  22.684  -65.350  -23.905 0.5000000000
6636  25.812  -65.244  -24.232 0.6000000238
6637  24.494  -65.262  -24.338 0.6000000238
6639  22.874  -65.359  -24.260 0.5000000000
6016  26.880  -66.559  -24.529 0.5000000000
132235  26.723  -65.688  -24.326 0.4000000060
6018  24.064  -65.875  -24.431 0.5000000000
6638  23.483  -65.245  -24.402 0.6000000238
8590  23.486  -62.136  -19.173 0.5000000000
3532  29.341  -71.084  -24.888 0.4000000060
10168  23.226  -60.318  -19.843 0.5000000000
8591  22.413  -62.251  -19.351 0.5000000000
113116  22.582  -57.551  -21.138 0.6000000238
12681  24.642  -56.927  -19.397 0.6000000238
11802  25.934  -57.970  -18.988 0.6999999881
12683  22.814  -57.429  -20.294 0.6000000238
11803  25.170  -57.818  -18.661 0.6999999881
10149  27.158  -60.066  -18.315 0.6000000238
10968  25.597  -58.660  -18.299 0.6999999881
10148  28.108  -60.651  -18.258 0.6000000238
10946  26.082  -59.757  -17.846 0.6000000238
10947  25.315  -59.146  -17.693 0.6999999881
10131  27.541  -61.028  -17.755 0.6999999881
131333  21.099  -58.858  -18.730 0.6000000238
6597  23.723  -64.496  -22.465 0.5000000000
135817  23.718  -64.262  -24.049 0.6000000238
7253  23.388  -63.866  -23.351 0.5000000000
133762  26.710  -65.172  -24.279 0.6000000238
7284  26.469  -64.570  -24.209 0.6999999881
7286  23.819  -64.666  -24.237 0.6000000238
5396  27.417  -67.250  -25.058 0.4000000060
10166  24.052  -59.942  -20.165 0.5000000000
9368  23.864  -60.958  -19.457 0.5000000000
4119  27.233  -69.624  -23.477 0.5000000000
10989  23.429  -59.732  -20.242 0.5000000000
13628  24.687  -56.240  -20.933 0.6999999881
11865  22.983  -57.781  -21.335 0.6000000238
12679  26.057  -56.532  -19.997 0.6999999881
13629  24.105  -56.507  -20.659 0.6000000238
13648  23.948  -56.558  -21.148 0.6000000238
12680  25.277  -56.656  -19.711 0.6999999881
12682  23.866  -56.893  -19.956 0.6000000238
11827  25.617  -57.179  -19.303 0.6999999881
10966  27.307  -59.171  -19.172 0.6000000238
11801  26.746  -58.232  -19.392 0.6000000238
10964  28.671  -60.253  -18.878 0.6000000238
10967  26.450  -58.984  -18.717 0.6000000238
9353  29.754  -61.260  -18.269 0.6000000238
9339  29.298  -61.403  -17.630 0.6999999881
10927  23.270  -59.578  -16.826 0.6999999881
10951  21.136  -59.202  -17.877 0.5000000000
124363  26.130  -60.603  -17.199 0.6999999881
10133  25.365  -60.038  -17.168 0.6999999881
10950  21.884  -59.115  -17.758 0.6000000238
115704  24.073  -62.657  -23.540 0.5000000000
130194  23.530  -63.300  -23.373 0.5000000000
7252  23.594  -63.584  -22.655 0.5000000000
122890  26.292  -63.737  -23.992 0.6999999881
7954  23.693  -63.283  -23.595 0.6000000238
6635  27.545  -65.117  -24.523 0.5000000000
133011  27.438  -64.527  -24.411 0.6999999881
7285  24.929  -64.649  -24.113 0.6000000238
7965  24.132  -63.901  -23.883 0.6000000238
5395  28.437  -67.194  -25.047 0.4000000060
6015  27.907  -66.640  -24.991 0.4000000060
126724  27.554  -65.916  -24.675 0.5000000000
10184  24.322  -60.302  -20.621 0.5000000000
132107  24.174  -57.652  -21.665 0.5000000000
11018  23.910  -59.033  -21.981 0.5000000000
11019  23.538  -58.583  -21.148 0.5000000000
13627  26.348  -56.062  -20.925 0.6000000238
12728  24.253  -56.886  -21.541 0.5000000000
12709  26.799  -56.494  -20.355 0.6999999881
11851  29.271  -58.154  -20.185 0.6000000238
12677  27.919  -57.546  -20.021 0.6999999881
129971  26.582  -56.830  -19.831 0.6999999881
11823  29.767  -58.979  -19.966 0.6000000238
11824  28.479  -58.245  -19.912 0.6000000238
11825  27.667  -58.275  -19.597 0.6999999881
10164  31.596  -60.344  -19.298 0.6999999881
112090  29.021  -58.900  -19.813 0.6000000238
10988  28.303  -59.254  -19.445 0.6000000238
10128  32.212  -60.304  -17.953 0.6000000238
10165  30.820  -60.631  -18.879 0.6999999881
10147  29.483  -60.625  -18.811 0.6999999881
11767  32.466  -58.580  -16.537 0.6000000238
10129  31.448  -60.551  -17.643 0.6000000238
132221  31.067  -60.886  -18.188 0.6999999881
10929  21.080  -59.706  -16.733 0.6000000238
10130  30.788  -61.013  -17.547 0.6999999881
10134  24.621  -59.987  -16.661 0.6999999881
10928  22.178  -59.726  -16.933 0.6000000238
10924  31.914  -59.188  -16.588 0.6999999881
10945  31.829  -60.019  -17.069 0.6000000238
10107  30.313  -61.044  -16.862 0.8000000119
9319  28.956  -61.448  -16.790 0.6999999881
9341  27.394  -61.506  -17.087 0.6999999881
10108  25.839  -60.846  -16.557 0.6999999881
7955  23.652  -62.714  -23.276 0.6000000238
8665  26.865  -63.124  -23.957 0.6999999881
120377  26.231  -62.282  -23.338 0.6999999881
7953  25.359  -63.059  -23.614 0.6000000238
7961  28.696  -63.602  -24.104 0.5000000000
8671  28.420  -63.054  -24.193 0.6999999881
6634  28.383  -65.891  -24.523 0.4000000060
113207  28.203  -65.067  -24.505 0.5000000000
10206  23.967  -59.993  -22.160 0.5000000000
9414  24.902  -61.646  -21.087 0.5000000000
11036  24.338  -58.554  -22.174 0.5000000000
13655  26.015  -56.293  -21.570 0.6000000238
13625  27.997  -55.980  -21.313 0.6000000238
13645  26.142  -56.089  -21.265 0.6999999881
13646  25.403  -56.172  -21.174 0.6999999881
13626  27.142  -56.091  -21.221 0.6999999881
11850  30.139  -58.169  -20.283 0.6000000238
12706  29.572  -57.233  -20.603 0.6000000238
12707  28.594  -57.137  -20.483 0.6999999881
10983  33.647  -59.682  -19.333 0.6999999881
10984  32.881  -59.864  -19.512 0.6999999881
11821  31.489  -58.882  -20.162 0.6999999881
10060  21.809  -60.430  -14.803 0.6000000238
10942  34.221  -59.303  -17.965 0.6000000238
120255  33.172  -60.076  -18.941 0.6999999881
10985  31.532  -59.617  -19.762 0.6999999881
14476  34.537  -55.892  -16.227 0.6000000238
12625  33.567  -57.206  -16.376 0.6000000238
12624  34.407  -57.616  -16.650 0.6000000238
10943  33.449  -59.420  -17.729 0.6000000238
10144  32.441  -60.362  -18.922 0.6999999881
10083  22.600  -60.463  -15.453 0.6000000238
119040  33.721  -56.276  -16.385 0.6000000238
11783  33.194  -58.740  -16.951 0.6000000238
9297  26.800  -61.425  -15.491 0.6999999881
10080  25.135  -61.049  -15.040 0.6000000238
10110  24.076  -60.518  -16.014 0.6999999881
10112  22.610  -60.155  -16.284 0.6000000238
129868  33.798  -55.550  -16.464 0.5000000000
116662  32.637  -57.138  -16.243 0.6000000238
11768  31.766  -58.406  -16.164 0.8000000119
10926  30.768  -59.730  -15.961 0.8000000119
10903  29.964  -60.181  -15.644 0.8000000119
9295  28.710  -61.437  -15.884 0.8000000119
9320  27.149  -61.592  -16.250 0.6999999881
9322  25.564  -61.040  -15.784 0.6999999881
10925  31.396  -59.675  -16.461 0.8000000119
10077  29.622  -60.995  -16.238 0.8000000119
8666  24.687  -62.103  -23.509 0.6999999881
8667  24.045  -61.863  -23.206 0.6999999881
131073  23.741  -62.114  -22.868 0.6000000238
121407  28.618  -62.376  -23.881 0.6999999881
117964  24.200  -61.519  -22.755 0.6000000238
8663  28.772  -62.998  -23.973 0.6000000238
112334  24.439  -61.427  -22.183 0.5000000000
123008  24.221  -60.261  -22.762 0.5000000000
14458  22.269  -55.222  -15.295 0.6000000238
115257  24.155  -59.553  -22.653 0.5000000000
14441  21.806  -55.979  -14.886 0.5000000000
11880  25.156  -58.140  -22.172 0.5000000000
13519  23.126  -57.218  -13.760 0.6000000238
14537  27.428  -55.880  -21.788 0.6999999881
132214  25.989  -56.730  -22.005 0.6000000238
13624  29.003  -56.148  -21.210 0.6999999881
14538  26.701  -56.203  -21.605 0.6999999881
11712  22.397  -58.817  -13.562 0.6000000238
11849  31.020  -58.138  -20.309 0.6999999881
12705  30.492  -57.267  -20.620 0.6000000238
10982  34.348  -59.342  -19.964 0.6999999881
11847  32.824  -58.375  -20.534 0.6999999881
11848  31.859  -58.229  -20.423 0.6999999881
10041  23.142  -60.222  -13.821 0.6000000238
129112  22.702  -59.597  -13.654 0.6000000238
11800  35.024  -59.142  -18.256 0.6000000238
11004  32.319  -59.252  -20.057 0.6999999881
10039  25.053  -60.410  -13.717 0.6000000238
131121  21.277  -59.708  -14.294 0.6000000238
13565  36.155  -56.297  -16.126 0.6000000238
115201  35.068  -57.269  -16.548 0.6000000238
132994  26.399  -60.772  -14.207 0.6999999881
126683  24.662  -60.667  -14.293 0.6000000238
10058  23.733  -60.518  -14.292 0.6000000238
13567  34.436  -56.822  -16.348 0.6000000238
12610  30.113  -58.092  -15.748 0.6000000238
10055  28.207  -60.405  -14.750 0.6000000238
10056  27.710  -60.945  -14.822 0.6999999881
9286  26.488  -61.159  -14.808 0.6000000238
10081  24.333  -60.614  -15.084 0.6000000238
12627  30.630  -57.312  -15.953 0.6000000238
10078  29.158  -60.681  -15.469 0.8000000119
11769  31.016  -58.243  -15.923 0.6000000238
11750  30.113  -59.211  -15.497 0.6999999881
9296  27.704  -61.444  -15.604 0.8000000119
9448  27.681  -61.491  -23.509 0.6999999881
9449  26.547  -61.476  -22.996 0.6999999881
122413  25.816  -60.670  -22.809 0.6999999881
9446  28.836  -61.596  -23.558 0.6999999881
8664  27.782  -62.386  -23.962 0.6999999881
10239  24.809  -60.489  -22.822 0.6000000238
15313  23.723  -54.811  -14.809 0.6000000238
15332  23.455  -54.308  -15.469 0.6000000238
14457  23.158  -55.120  -15.220 0.6000000238
15333  22.748  -54.453  -15.694 0.6000000238
118915  24.472  -59.890  -22.892 0.6000000238
14439  23.436  -55.661  -14.587 0.5000000000
13654  27.376  -56.133  -22.201 0.6999999881
113489  26.740  -56.787  -22.203 0.6999999881
13518  23.947  -56.979  -13.626 0.4000000060
13535  23.030  -56.516  -14.336 0.5000000000
13641  29.515  -55.376  -21.853 0.6999999881
14536  28.570  -55.429  -22.051 0.8000000119
12572  24.249  -57.691  -13.019 0.5000000000
13622  30.849  -56.294  -20.926 0.6000000238
13643  27.675  -55.650  -21.790 0.6999999881
132226  23.906  -58.527  -13.145 0.6000000238
12704  31.344  -57.301  -20.695 0.6999999881
10841  25.916  -58.987  -12.895 0.6999999881
11710  24.371  -59.072  -13.112 0.6000000238
11799  35.776  -58.785  -18.606 0.6999999881
10858  27.262  -59.505  -13.477 0.5000000000
10861  24.614  -59.785  -13.324 0.6000000238
13587  36.724  -56.922  -16.859 0.6000000238
119456  35.719  -57.777  -17.309 0.6000000238
10038  25.964  -60.360  -13.762 0.6999999881
12623  35.826  -57.160  -16.705 0.6000000238
12644  35.077  -57.812  -17.061 0.6000000238
10881  28.467  -59.574  -14.566 0.5000000000
10037  26.826  -60.304  -13.788 0.6000000238
13566  35.231  -56.570  -16.258 0.6000000238
13571  30.171  -56.441  -16.214 0.6000000238
11751  29.489  -58.482  -15.234 0.5000000000
10882  27.693  -60.157  -14.159 0.6999999881
126347  31.384  -55.732  -16.490 0.6000000238
130200  28.155  -60.913  -23.532 0.6999999881
119369  27.169  -60.708  -22.887 0.6999999881
10228  26.313  -60.113  -22.739 0.6000000238
10229  25.309  -59.932  -22.842 0.6000000238
16134  23.926  -54.027  -15.075 0.4000000060
16155  23.613  -53.587  -15.768 0.5000000000
11879  26.864  -58.175  -22.317 0.6000000238
123221  24.506  -54.522  -13.373 0.5000000000
15354  22.483  -53.870  -16.367 0.6000000238
11877  28.333  -57.383  -22.680 0.6999999881
112317  28.153  -56.408  -22.510 0.6999999881
128038  25.753  -58.551  -22.477 0.6000000238
122764  24.354  -56.200  -13.485 0.5000000000
131457  30.193  -55.256  -22.023 0.6999999881
13498  25.358  -56.826  -12.605 0.4000000060
117623  34.395  -57.558  -21.154 0.6999999881
12726  32.491  -56.471  -21.180 0.6999999881
13639  31.999  -55.315  -21.342 0.6999999881
12552  24.969  -57.577  -12.645 0.6000000238
11798  36.484  -58.376  -18.818 0.6999999881
123093  35.119  -58.165  -20.842 0.6999999881
12703  32.885  -57.412  -20.902 0.6999999881
12727  31.661  -56.330  -21.030 0.6999999881
11689  26.317  -58.186  -12.645 0.5000000000
11690  25.430  -58.264  -12.667 0.5000000000
12642  37.173  -57.352  -17.594 0.6000000238
117129  35.244  -58.870  -20.311 0.6999999881
11846  33.723  -58.782  -20.411 0.6999999881
11709  26.814  -58.871  -12.942 0.5000000000
14452  37.698  -54.607  -15.687 0.5000000000
13563  37.843  -56.127  -16.733 0.6000000238
12643  36.425  -57.583  -17.430 0.6000000238
11045  28.416  -59.170  -23.036 0.6999999881
11046  27.505  -59.205  -22.736 0.6999999881
16154  23.907  -53.146  -15.096 0.4000000060
11894  28.726  -58.131  -23.030 0.6999999881
16988  23.713  -52.919  -16.100 0.4000000060
11878  27.955  -58.270  -22.650 0.6999999881
16196  23.201  -52.920  -17.199 0.6000000238
13652  29.901  -55.399  -22.540 0.8000000119
12754  29.009  -56.854  -22.714 0.6999999881
14533  31.540  -54.874  -21.928 0.6000000238
14534  30.446  -55.156  -22.609 0.6000000238
17850  21.447  -51.639  -18.873 0.6000000238
12725  33.490  -56.709  -21.252 0.6999999881
13638  32.861  -55.485  -21.463 0.6999999881
120281  30.774  -55.101  -21.987 0.6000000238
12701  35.311  -57.171  -21.263 0.6000000238
12659  37.487  -57.571  -18.348 0.6000000238
116405  18.525  -51.491  -18.065 0.5000000000
130598  38.486  -55.708  -16.736 0.6000000238
12660  36.826  -57.886  -18.174 0.6999999881
15346  38.567  -54.832  -16.180 0.5000000000
12753  29.737  -56.796  -22.913 0.6999999881
17804  23.484  -51.563  -15.749 0.4000000060
14548  30.209  -55.296  -23.055 0.8000000119
17023  23.147  -52.470  -17.620 0.5000000000
15399  31.440  -55.002  -22.339 0.8000000119
18699  22.171  -51.231  -18.255 0.4000000060
17832  23.174  -51.825  -17.696 0.4000000060
15396  30.860  -55.145  -22.595 0.6999999881
18717  21.227  -51.028  -18.553 0.4000000060
17038  22.244  -52.010  -18.675 0.5000000000
118245  37.167  -57.736  -19.875 0.6000000238
12724  34.539  -56.317  -21.471 0.6000000238
13637  33.792  -55.477  -21.653 0.6999999881
19561  20.874  -50.198  -18.193 0.4000000060
12658  38.261  -57.374  -18.564 0.6000000238
11818  36.670  -58.146  -19.793 0.6000000238
19563  18.640  -49.997  -17.700 0.4000000060
17852  20.004  -51.429  -18.797 0.6000000238
12641  37.962  -57.173  -17.748 0.6000000238
14471  39.104  -55.239  -16.850 0.5000000000
16168  39.405  -53.547  -16.634 0.5000000000
18670  23.196  -50.769  -16.147 0.4000000060
13663  30.475  -55.819  -23.146 0.8000000119
18698  22.907  -50.925  -17.115 0.4000000060
118672  30.489  -55.161  -23.016 0.6999999881
123609  22.096  -50.152  -17.989 0.4000000060
14531  33.994  -54.827  -22.220 0.6000000238
127123  33.147  -54.889  -21.953 0.6999999881
12700  36.142  -56.963  -21.350 0.6000000238
12723  35.512  -55.886  -21.834 0.6000000238
114446  21.205  -49.084  -18.160 0.4000000060
19562  19.441  -49.732  -17.771 0.4000000060
13596  38.772  -56.879  -18.020 0.6000000238
19544  18.730  -49.079  -17.542 0.4000000060
134230  39.635  -55.070  -17.294 0.4000000060
19511  23.349  -49.853  -15.636 0.4000000060
14546  32.261  -55.056  -23.097 0.6999999881
18683  22.402  -49.950  -17.397 0.4000000060
14530  34.961  -54.442  -22.599 0.6999999881
15397  33.534  -54.830  -22.599 0.6000000238
19559  22.132  -48.838  -18.115 0.4000000060
132677  37.095  -57.478  -20.725 0.6000000238
127283  36.778  -56.901  -21.410 0.6000000238
20443  19.604  -48.650  -17.766 0.4000000060
20428  17.913  -48.610  -17.359 0.3000000119
14493  40.075  -55.189  -17.916 0.4000000060
15365  40.051  -54.420  -17.653 0.4000000060
15364  40.273  -53.699  -18.338 0.4000000060
20426  22.676  -47.955  -18.264 0.4000000060
20442  20.706  -48.181  -18.021 0.4000000060
12674  38.600  -57.676  -19.454 0.6000000238
12657  39.183  -57.310  -18.835 0.6000000238
13608  40.027  -56.979  -19.213 0.6000000238
115535  40.402  -53.784  -19.134 0.4000000060
15383  40.555  -54.474  -19.633 0.5000000000
16206  40.264  -53.071  -19.169 0.4000000060
122661  19.158  -48.951  -14.469 0.3000000119
134923  40.556  -52.565  -19.800 0.4000000060
21303  24.239  -46.703  -17.939 0.4000000060
21260  19.482  -47.538  -14.880 0.3000000119
16950  19.527  -52.394  -13.266 0.4000000060
22205  25.910  -46.798  -16.436 0.4000000060
22256  23.548  -45.659  -18.716 0.4000000060
22208  20.127  -46.211  -15.576 0.3000000119
121417  20.939  -45.637  -16.737 0.3000000119
19497  19.328  -49.573  -14.177 0.3000000119
20380  19.349  -48.277  -14.635 0.3000000119
119973  19.563  -50.400  -13.832 0.3000000119
112377  25.180  -45.819  -18.122 0.4000000060
23307  24.186  -44.630  -18.986 0.4000000060
23290  21.685  -45.294  -18.016 0.4000000060
21259  19.825  -47.049  -14.019 0.3000000119
20362  19.864  -48.766  -14.010 0.3000000119
132976  18.931  -52.333  -9.249 0.4000000060
17713  16.426  -51.940  -9.973 0.3000000119
18584  15.760  -50.602  -10.828 0.3000000119
19482  20.173  -49.723  -13.764 0.3000000119
18639  20.485  -50.585  -13.292 0.3000000119
24377  23.768  -44.366  -18.834 0.4000000060
23289  22.112  -44.835  -18.085 0.4000000060
22207  20.727  -45.671  -15.458 0.3000000119
22188  20.286  -46.288  -14.493 0.3000000119
20361  20.469  -47.834  -13.552 0.3000000119
16065  20.179  -53.444  -9.978 0.3000000119
122316  20.741  -49.046  -13.544 0.3000000119
17711  18.313  -51.918  -9.431 0.3000000119
19481  20.882  -49.865  -13.393 0.3000000119
18564  18.732  -50.939  -9.762 0.4000000060
18582  17.289  -50.419  -10.494 0.3000000119
18581  18.126  -50.171  -10.090 0.3000000119
19433  16.748  -49.761  -10.924 0.3000000119
23273  22.144  -44.880  -17.051 0.4000000060
22206  21.544  -45.152  -14.913 0.4000000060
22187  20.984  -45.791  -14.062 0.3000000119
17709  20.043  -52.225  -9.488 0.4000000060
116392  21.429  -47.473  -13.254 0.3000000119
17729  20.916  -52.005  -10.451 0.3000000119
17710  19.390  -51.768  -9.395 0.4000000060
17708  21.072  -51.295  -9.760 0.4000000060
122326  17.591  -49.041  -10.863 0.3000000119
23255  22.080  -44.708  -15.790 0.4000000060
22186  22.015  -45.826  -14.146 0.4000000060
22168  21.581  -46.553  -13.510 0.4000000060
20360  21.512  -48.568  -13.276 0.3000000119
19464  22.045  -50.013  -12.419 0.3000000119
18604  21.769  -50.831  -11.008 0.3000000119
18561  21.256  -50.494  -9.833 0.3000000119
19414  20.688  -49.959  -9.775 0.5000000000
18562  20.593  -50.738  -9.648 0.4000000060
19416  19.185  -49.998  -9.951 0.4000000060
21196  17.497  -48.205  -10.978 0.3000000119
21241  22.478  -47.421  -13.154 0.4000000060
20359  22.398  -48.324  -12.907 0.3000000119
20326  22.763  -49.411  -10.936 0.3000000119
20313  22.827  -48.717  -10.503 0.3000000119
120750  22.060  -48.372  -9.947 0.3000000119
20345  22.248  -49.197  -12.637 0.3000000119
19463  22.507  -49.571  -11.827 0.3000000119
133040  22.311  -49.792  -10.617 0.3000000119
20314  21.554  -49.027  -9.870 0.3000000119
20315  20.990  -48.428  -9.904 0.3000000119
19445  22.208  -50.140  -11.324 0.3000000119
19415  19.976  -49.499  -9.825 0.3000000119
19432  18.460  -49.311  -10.490 0.3000000119
21206  16.525  -47.314  -11.378 0.3000000119
25412  24.737  -43.187  -17.887 0.3000000119
24324  24.076  -43.959  -16.019 0.3000000119
23235  23.431  -45.376  -14.948 0.3000000119
22166  23.594  -46.426  -13.433 0.3000000119
21222  23.855  -47.492  -11.892 0.3000000119
21191  22.859  -47.890  -10.375 0.3000000119
22185  23.029  -46.017  -14.324 0.3000000119
21240  23.410  -47.241  -12.948 0.3000000119
20343  23.492  -48.264  -11.463 0.3000000119
20312  23.442  -48.239  -10.830 0.3000000119
121218  21.190  -47.575  -10.102 0.3000000119
116399  20.287  -47.805  -10.245 0.3000000119
20305  19.961  -48.630  -10.020 0.3000000119
118842  18.700  -47.848  -10.568 0.3000000119
20317  18.216  -48.431  -10.696 0.3000000119
21195  18.001  -47.674  -10.732 0.3000000119
26410  26.321  -42.595  -17.379 0.3000000119
24309  24.495  -44.498  -15.021 0.3000000119
23214  23.868  -45.735  -14.002 0.3000000119
22148  24.116  -46.826  -12.590 0.3000000119
21189  24.208  -47.205  -11.164 0.3000000119
22116  21.242  -46.554  -10.343 0.3000000119
21193  19.752  -47.309  -10.455 0.3000000119
22118  18.699  -46.712  -10.785 0.3000000119
22133  16.153  -46.538  -11.756 0.3000000119
22113  24.123  -46.661  -10.695 0.3000000119
21192  22.146  -47.326  -10.071 0.3000000119
22117  19.577  -46.611  -10.644 0.3000000119
22131  18.133  -46.203  -11.131 0.3000000119
22119  17.921  -46.935  -10.826 0.3000000119
23180  17.534  -45.610  -11.641 0.3000000119
123323  23.068  -45.967  -10.210 0.3000000119
22115  22.412  -46.389  -10.210 0.3000000119
130638  20.334  -46.317  -10.571 0.3000000119
23153  24.542  -45.885  -10.703 0.3000000119
23155  22.501  -45.465  -10.404 0.3000000119
23156  21.607  -45.639  -10.474 0.3000000119
23157  20.693  -45.721  -10.687 0.3000000119
114005  19.299  -45.201  -11.161 0.3000000119
23179  18.458  -45.437  -11.397 0.3000000119
23200  17.038  -45.084  -12.431 0.3000000119
4120  26.307  -70.084  -23.331 0.5000000000
3522  27.112  -71.145  -23.927 0.5000000000
3533  28.321  -71.634  -25.102 0.4000000060
11784  24.966  -58.538  -18.021 0.6999999881
10948  24.158  -59.278  -17.072 0.6999999881
6022  28.138  -67.696  -25.382 0.4000000060
3521  27.912  -70.751  -24.370 0.5000000000
10987  29.343  -59.736  -19.440 0.6000000238
12739  25.427  -56.972  -21.849 0.5000000000
117775  30.116  -60.313  -19.251 0.6000000238
14535  29.661  -55.385  -22.264 0.8000000119
12737  27.578  -57.152  -22.431 0.6999999881
125045  30.390  -55.485  -21.625 0.6000000238
14472  37.694  -55.480  -16.121 0.5000000000
12702  33.587  -57.975  -20.903 0.6999999881
18718  20.106  -50.453  -18.185 0.4000000060
16169  38.885  -53.319  -16.004 0.5000000000
12675  37.722  -57.673  -19.168 0.6000000238
15345  39.405  -54.435  -16.832 0.4000000060
13636  35.448  -54.727  -22.514 0.6000000238
21321  19.787  -47.681  -17.843 0.3000000119
14507  39.971  -55.829  -18.271 0.4000000060
13594  40.373  -56.191  -18.887 0.4000000060
22224  24.994  -46.532  -17.706 0.4000000060
23254  22.954  -44.973  -15.885 0.3000000119
25398  24.575  -43.129  -16.772 0.3000000119
13658  35.981  -54.938  -23.449 0.5000000000
113476  34.266  -54.927  -23.115 0.5000000000
13661  32.577  -55.851  -23.404 0.6999999881
12750  32.158  -56.830  -23.195 0.6999999881
11893  29.345  -57.860  -23.040 0.6000000238
14544  34.875  -54.372  -23.017 0.5000000000
15400  33.944  -54.878  -22.843 0.6000000238
13662  31.104  -55.718  -23.170 0.6000000238
10237  29.076  -60.063  -23.186 0.6000000238
123912  28.711  -60.759  -23.452 0.6000000238
11032  30.213  -58.957  -22.547 0.6000000238
11033  29.583  -59.402  -22.779 0.6000000238
11891  31.667  -57.555  -22.890 0.6999999881
11876  29.748  -58.534  -22.809 0.6000000238
124076  28.737  -59.904  -23.245 0.6000000238
14539  36.199  -54.675  -23.171 0.5000000000
11873  32.074  -58.507  -22.630 0.6999999881
11031  31.076  -58.965  -22.438 0.6999999881
10226  30.218  -59.730  -22.341 0.6000000238
9436  29.118  -60.801  -23.267 0.6000000238
11890  32.605  -57.758  -22.945 0.6000000238
11874  31.200  -58.162  -22.695 0.6999999881
10227  29.456  -60.122  -22.856 0.6000000238
113212  34.014  -57.948  -23.491 0.6000000238
13650  37.254  -55.491  -23.277 0.5000000000
14528  36.089  -54.523  -22.970 0.5000000000
11872  33.093  -58.638  -22.951 0.6999999881
10225  31.351  -59.870  -22.061 0.6000000238
119165  29.208  -61.524  -23.182 0.6000000238
12720  38.562  -57.410  -22.185 0.5000000000
13635  36.704  -55.203  -22.827 0.5000000000
12695  40.733  -57.426  -21.047 0.5000000000
12735  37.937  -56.319  -22.808 0.5000000000
14525  41.153  -55.948  -20.459 0.4000000060
115925  20.766  -58.341  -20.677 0.4000000060
133791  22.634  -57.654  -19.738 0.4000000060
11829  21.331  -57.868  -20.745 0.4000000060
12712  21.241  -57.815  -21.416 0.5000000000
12730  21.571  -57.724  -21.283 0.5000000000
11866  21.104  -58.019  -21.768 0.5000000000
12697  39.082  -58.001  -20.513 0.5000000000
11020  21.635  -58.525  -21.486 0.5000000000
7889  21.321  -63.295  -19.518 0.6000000238
12672  40.388  -57.281  -20.092 0.4000000060
11852  22.800  -58.696  -20.924 0.5000000000
118163  22.379  -59.536  -20.582 0.5000000000
9370  21.885  -61.775  -19.977 0.5000000000
11007  20.597  -58.564  -21.317 0.5000000000
115611  20.995  -58.193  -21.704 0.5000000000
10208  20.146  -60.386  -21.865 0.5000000000
10207  20.508  -60.072  -21.627 0.5000000000
9416  20.781  -61.023  -21.540 0.5000000000
10185  21.405  -60.124  -20.815 0.5000000000
8613  21.111  -61.936  -21.005 0.5000000000
8592  21.553  -62.497  -19.796 0.5000000000
12673  39.547  -57.615  -19.751 0.5000000000
9389  21.675  -61.032  -20.417 0.5000000000
14524  41.564  -55.144  -21.192 0.4000000060
13607  40.666  -56.507  -19.733 0.4000000060
125251  40.963  -54.858  -20.546 0.4000000060
115199  20.539  -59.677  -17.072 0.5000000000
9390  20.236  -61.826  -22.332 0.5000000000
14518  40.710  -55.608  -19.613 0.4000000060
10907  20.807  -59.946  -15.272 0.5000000000
113628  19.476  -59.810  -15.773 0.5000000000
10114  18.226  -60.440  -16.296 0.5000000000
10931  19.832  -59.924  -16.581 0.5000000000
10084  18.746  -59.949  -15.748 0.5000000000
10883  20.429  -59.282  -14.548 0.5000000000
129683  19.020  -59.200  -14.902 0.5000000000
10085  17.960  -59.856  -15.797 0.5000000000
10137  17.550  -60.914  -16.777 0.4000000060
11733  20.031  -58.603  -14.486 0.5000000000
10932  17.432  -59.438  -16.305 0.6000000238
10138  16.716  -60.362  -17.253 0.6000000238
10864  21.857  -59.295  -13.791 0.5000000000
12594  20.351  -57.770  -14.259 0.5000000000
11753  18.578  -58.819  -15.111 0.5000000000
122550  17.568  -58.502  -16.471 0.6000000238
10953  17.071  -59.157  -16.898 0.6000000238
9345  16.335  -60.542  -17.883 0.6000000238
9358  15.888  -61.181  -19.388 0.5000000000
126572  15.866  -61.482  -21.299 0.5000000000
9420  15.466  -61.148  -21.687 0.5000000000
12574  21.808  -58.314  -13.676 0.5000000000
12593  21.172  -57.707  -13.933 0.5000000000
13538  19.746  -57.151  -14.769 0.5000000000
12613  19.144  -57.427  -15.061 0.5000000000
13552  19.132  -56.643  -15.415 0.6000000238
11788  17.269  -58.544  -17.625 0.6000000238
10971  16.435  -59.622  -18.865 0.6000000238
10171  16.327  -60.105  -19.815 0.6000000238
10210  16.096  -60.128  -21.314 0.5000000000
13600  14.718  -56.864  -18.590 0.5000000000
116537  14.760  -61.027  -21.674 0.5000000000
133081  22.641  -57.998  -13.493 0.5000000000
13536  21.373  -56.823  -14.426 0.5000000000
13551  20.005  -56.327  -15.083 0.6000000238
14461  19.589  -55.777  -15.748 0.6000000238
14484  18.804  -55.585  -16.875 0.6000000238
12630  17.800  -57.677  -17.441 0.6000000238
12645  18.333  -57.020  -18.522 0.6000000238
11809  17.022  -58.643  -18.756 0.6000000238
12666  17.785  -57.686  -18.972 0.6000000238
10990  16.610  -59.131  -20.170 0.6000000238
11009  16.243  -59.557  -21.085 0.5000000000
134059  15.380  -60.331  -21.547 0.5000000000
11025  15.434  -59.321  -21.049 0.5000000000
128184  15.760  -58.680  -20.811 0.5000000000
11010  14.841  -59.514  -20.738 0.5000000000
10991  14.434  -59.076  -19.691 0.5000000000
14460  20.428  -55.566  -15.465 0.6000000238
14482  20.003  -54.873  -16.152 0.6000000238
14495  19.145  -55.141  -17.337 0.6000000238
123984  19.159  -55.165  -18.386 0.6000000238
14496  18.803  -55.662  -17.682 0.6000000238
12665  18.415  -57.019  -19.868 0.6000000238
13611  18.234  -56.541  -20.139 0.6000000238
118058  18.088  -57.273  -20.267 0.5000000000
13612  17.899  -56.712  -20.468 0.5000000000
11855  16.124  -58.322  -20.775 0.5000000000
13613  17.067  -56.873  -20.490 0.5000000000
13598  16.616  -56.634  -19.678 0.6000000238
12687  16.241  -57.385  -20.315 0.5000000000
12667  15.831  -57.239  -19.570 0.5000000000
14512  15.849  -56.246  -18.396 0.5000000000
14499  14.730  -55.303  -17.802 0.5000000000
15371  19.640  -54.569  -17.943 0.6000000238
133687  19.272  -54.628  -18.822 0.6000000238
15384  18.249  -55.201  -19.452 0.6000000238
14521  18.038  -56.123  -19.886 0.6000000238
14497  17.207  -55.210  -18.480 0.6000000238
14498  16.234  -55.494  -17.771 0.5000000000
15370  20.229  -53.784  -18.068 0.6000000238
14510  17.714  -55.581  -19.497 0.6000000238
15373  16.642  -54.585  -17.346 0.6000000238
15374  15.528  -54.599  -17.050 0.5000000000
134467  21.459  -52.291  -18.999 0.6000000238
135135  20.704  -53.075  -18.958 0.6000000238
16213  20.127  -52.981  -19.564 0.6000000238
16210  18.818  -53.566  -19.510 0.6000000238
15381  17.919  -54.669  -19.297 0.6000000238
16200  16.907  -53.553  -17.187 0.5000000000
17856  20.181  -51.883  -19.333 0.6000000238
17041  18.362  -52.990  -19.079 0.6000000238
116086  18.745  -52.188  -18.653 0.6000000238
17026  17.873  -53.352  -18.126 0.6000000238
17853  18.139  -51.760  -17.873 0.6000000238
17835  16.220  -51.172  -16.930 0.5000000000
18721  17.730  -50.912  -17.571 0.4000000060
11044  29.069  -59.027  -23.086 0.6000000238
12751  31.157  -56.638  -23.101 0.6999999881
12722  36.373  -56.055  -22.052 0.5000000000
12721  37.554  -57.194  -21.561 0.5000000000
12719  39.660  -57.610  -22.674 0.5000000000
11843  39.141  -57.878  -21.472 0.5000000000
8593  20.911  -62.920  -20.558 0.6000000238
12629  18.094  -57.561  -16.342 0.6000000238
13553  18.491  -56.726  -16.177 0.6000000238
11831  16.948  -58.119  -20.467 0.6000000238
12686  16.633  -57.200  -20.579 0.5000000000
16209  19.423  -53.574  -19.429 0.6000000238
16215  18.560  -54.323  -19.446 0.6000000238
17042  18.020  -52.434  -17.956 0.6000000238
17027  16.948  -52.385  -17.186 0.6000000238
4732  25.123  -68.646  -21.306 0.4000000060
4058  26.459  -69.165  -19.073 0.5000000000
4695  27.092  -68.195  -20.313 0.5000000000
4696  26.433  -68.201  -19.893 0.4000000060
4731  25.821  -68.100  -21.380 0.4000000060
4743  26.652  -67.958  -21.920 0.4000000060
4098  26.038  -68.463  -22.378 0.4000000060
4074  27.359  -69.109  -20.272 0.5000000000
3452  26.940  -69.592  -19.739 0.5000000000
5368  27.417  -68.143  -22.227 0.5000000000
4754  27.766  -68.800  -22.986 0.5000000000
116110  26.387  -69.072  -22.982 0.4000000060
121831  27.806  -68.594  -20.721 0.5000000000
119801  27.981  -68.381  -21.196 0.5000000000
4742  28.414  -68.732  -22.378 0.5000000000
4753  28.600  -69.333  -23.138 0.5000000000
4118  28.270  -69.852  -23.705 0.4000000060
4117  29.343  -70.272  -23.718 0.4000000060
4711  28.485  -68.720  -20.805 0.5000000000
4728  28.818  -68.652  -21.437 0.5000000000
4741  30.201  -68.825  -21.642 0.5000000000
115478  29.573  -69.130  -22.128 0.5000000000
4097  29.567  -69.703  -22.876 0.5000000000
3520  28.941  -70.817  -24.543 0.4000000060
7952  28.873  -63.362  -23.783 0.5000000000
7274  28.740  -64.182  -23.867 0.4000000060
6617  28.501  -65.201  -24.059 0.4000000060
6616  28.900  -66.057  -23.358 0.4000000060
6013  28.900  -66.997  -24.471 0.4000000060
5403  28.904  -67.855  -25.285 0.4000000060
4096  30.576  -69.747  -22.754 0.5000000000
5394  29.552  -68.042  -24.849 0.4000000060
4776  30.280  -69.226  -25.297 0.4000000060
4140  29.899  -70.021  -25.360 0.4000000060
4095  31.379  -69.397  -22.673 0.4000000060
4115  31.394  -70.360  -23.535 0.5000000000
3531  30.430  -71.034  -24.594 0.4000000060
4116  30.493  -70.622  -23.558 0.4000000060
7931  28.826  -64.056  -22.977 0.4000000060
6002  29.300  -66.924  -23.732 0.4000000060
5384  29.914  -67.725  -24.185 0.4000000060
4725  31.400  -67.348  -21.495 0.4000000060
4766  31.423  -69.124  -24.368 0.4000000060
4139  30.814  -70.039  -25.032 0.4000000060
4739  31.583  -68.659  -22.780 0.4000000060
4114  32.057  -69.816  -23.574 0.4000000060
4131  32.162  -69.838  -24.150 0.4000000060
3517  31.906  -70.662  -23.984 0.4000000060
8649  29.260  -62.316  -22.574 0.5000000000
7930  28.992  -63.173  -22.730 0.4000000060
7916  28.860  -63.962  -21.943 0.4000000060
118211  30.362  -64.131  -21.437 0.4000000060
5965  29.860  -66.185  -22.281 0.4000000060
5367  30.289  -67.367  -23.434 0.4000000060
5987  30.526  -66.865  -22.822 0.4000000060
115210  31.600  -67.322  -22.344 0.4000000060
5366  31.258  -67.587  -23.033 0.4000000060
5383  31.048  -68.349  -23.791 0.4000000060
10205  29.713  -60.759  -22.374 0.5000000000
9413  29.977  -61.513  -21.663 0.5000000000
10204  30.616  -60.496  -21.818 0.6000000238
8630  30.403  -62.286  -21.307 0.5000000000
7241  29.873  -64.962  -21.414 0.4000000060
6573  30.764  -65.067  -21.833 0.4000000060
6594  31.358  -65.787  -22.539 0.4000000060
119720  32.157  -65.878  -22.645 0.4000000060
8629  31.514  -62.345  -21.359 0.4000000060
10203  31.660  -60.737  -21.655 0.5000000000
8628  32.353  -62.309  -21.750 0.4000000060
7929  31.483  -64.245  -21.879 0.4000000060
9410  32.797  -61.714  -22.016 0.5000000000
8648  32.949  -62.543  -22.526 0.4000000060
7913  32.248  -63.264  -21.982 0.4000000060
7928  32.472  -64.318  -22.757 0.4000000060
10223  33.538  -60.147  -22.668 0.6000000238
11030  32.835  -59.343  -22.629 0.6000000238
9434  33.953  -61.637  -23.225 0.5000000000
8661  34.432  -62.276  -23.914 0.4000000060
13660  33.612  -55.782  -23.529 0.5000000000
130717  20.800  -54.846  -15.728 0.5000000000
16177  20.957  -53.469  -17.252 0.5000000000
17025  22.062  -52.434  -18.602 0.5000000000
15334  21.691  -54.499  -15.832 0.5000000000
16198  21.764  -53.017  -18.110 0.5000000000
15335  20.788  -54.184  -16.326 0.5000000000
4712  27.442  -67.961  -20.974 0.5000000000
4730  26.553  -67.811  -21.102 0.5000000000
7251  28.819  -64.689  -22.163 0.4000000060
6575  29.493  -65.505  -21.814 0.4000000060
5382  31.568  -68.394  -23.100 0.4000000060
7914  30.982  -63.242  -21.445 0.4000000060
132499  30.732  -66.292  -22.526 0.4000000060
5986  31.446  -66.639  -22.519 0.4000000060
9412  30.859  -61.374  -21.397 0.5000000000
7250  31.774  -65.079  -22.717 0.4000000060
10202  32.562  -61.022  -21.756 0.5000000000
9435  33.404  -61.013  -22.341 0.6000000238
7927  33.296  -63.504  -23.185 0.5000000000
10236  34.203  -60.314  -23.287 0.5000000000
13631  43.458  -56.732  -21.621 0.3000000119
12731  42.405  -57.584  -22.437 0.3000000119
12717  42.481  -57.082  -21.914 0.3000000119
14526  43.445  -55.986  -21.639 0.3000000119
14523  43.845  -55.730  -20.903 0.3000000119
116360  43.810  -55.544  -19.426 0.3000000119
129858  43.923  -55.032  -19.773 0.3000000119
134098  41.888  -58.113  -23.267 0.3000000119
11882  40.674  -57.878  -24.064 0.4000000060
11883  40.088  -57.572  -24.171 0.4000000060
11869  43.027  -57.721  -22.226 0.3000000119
11884  39.329  -57.266  -24.173 0.4000000060
12742  40.560  -57.466  -23.915 0.4000000060
13649  37.764  -56.190  -23.660 0.4000000060
13657  36.897  -54.952  -23.773 0.4000000060
13630  44.082  -57.201  -21.282 0.3000000119
120650  42.001  -57.422  -22.651 0.3000000119
11863  40.517  -57.711  -22.387 0.4000000060
15385  43.135  -54.443  -20.556 0.3000000119
13633  42.521  -56.276  -21.753 0.3000000119
11049  38.657  -59.056  -24.014 0.4000000060
11886  37.084  -59.061  -23.887 0.4000000060
11887  35.772  -58.493  -23.736 0.4000000060
11888  35.001  -58.246  -23.582 0.4000000060
11038  40.617  -58.619  -23.801 0.4000000060
11048  39.373  -58.257  -24.245 0.4000000060
11050  37.946  -59.023  -23.806 0.4000000060
126767  36.636  -58.078  -23.826 0.4000000060
12747  36.011  -57.180  -23.675 0.4000000060
11027  41.836  -58.881  -22.859 0.3000000119
11895  38.681  -57.928  -24.186 0.4000000060
12746  37.091  -56.602  -23.961 0.4000000060
13659  34.821  -55.693  -23.385 0.4000000060
11861  43.589  -57.995  -21.894 0.3000000119
12745  37.779  -56.319  -23.861 0.4000000060
128489  35.750  -56.046  -23.556 0.4000000060
12671  44.226  -57.092  -20.552 0.3000000119
12734  38.742  -56.856  -23.490 0.4000000060
11841  40.370  -57.785  -21.433 0.4000000060
10242  36.509  -60.841  -24.110 0.4000000060
131049  35.011  -60.248  -23.952 0.4000000060
10241  37.234  -60.485  -24.012 0.4000000060
124789  37.440  -59.901  -24.165 0.4000000060
11052  35.795  -60.333  -24.133 0.4000000060
11042  34.416  -59.695  -23.570 0.4000000060
10219  41.491  -60.060  -22.526 0.3000000119
10231  39.347  -60.076  -23.727 0.4000000060
11001  43.880  -58.816  -20.582 0.3000000119
11840  43.600  -58.711  -21.406 0.3000000119
12748  34.904  -57.053  -23.530 0.4000000060
133095  44.195  -57.676  -20.300 0.3000000119
9445  34.410  -61.248  -23.624 0.4000000060
10244  35.207  -61.037  -24.185 0.4000000060
13620  41.736  -56.113  -21.341 0.3000000119
15391  41.915  -54.656  -21.417 0.3000000119
12749  33.169  -57.020  -23.454 0.4000000060
11043  33.753  -58.843  -23.503 0.4000000060
11029  33.659  -59.451  -23.213 0.4000000060
9444  34.792  -61.630  -24.169 0.4000000060
11871  41.754  -57.807  -23.196 0.3000000119
15389  43.127  -55.239  -21.243 0.3000000119
15382  43.788  -54.295  -19.877 0.3000000119
11040  39.001  -59.529  -24.048 0.4000000060
12733  40.498  -57.428  -23.633 0.4000000060
12755  38.554  -57.036  -24.128 0.4000000060
12743  39.806  -57.108  -24.034 0.4000000060
126679  37.213  -55.555  -23.856 0.4000000060
12718  41.140  -57.569  -22.069 0.4000000060
10240  38.094  -60.054  -24.193 0.4000000060
112780  35.166  -59.357  -23.881 0.4000000060
11028  40.995  -59.263  -23.274 0.3000000119
11885  37.730  -57.647  -24.013 0.4000000060
11026  42.608  -58.936  -22.378 0.3000000119
10232  38.507  -60.429  -23.782 0.4000000060
10221  39.750  -60.635  -23.114 0.3000000119
10218  42.327  -59.868  -22.106 0.3000000119
1608  23.887  -75.015  -19.729 0.3000000119
1597  23.261  -74.461  -19.225 0.3000000119
1311  24.651  -75.278  -19.852 0.3000000119
1312  23.648  -75.760  -19.660 0.3000000119
1968  24.699  -73.792  -19.892 0.3000000119
1969  23.877  -74.001  -19.717 0.3000000119
1310  25.844  -75.217  -19.922 0.3000000119
1045  25.117  -75.440  -19.617 0.3000000119
1046  24.137  -75.818  -19.573 0.3000000119
1616  25.983  -74.670  -20.519 0.3000000119
1980  25.384  -74.446  -20.402 0.3000000119
1960  24.241  -73.251  -19.015 0.3000000119
4040  26.058  -68.731  -19.053 0.3000000119
1289  26.847  -75.543  -17.155 0.3000000119
1290  26.004  -75.603  -17.820 0.3000000119
122368  26.412  -75.278  -19.485 0.3000000119
1298  25.870  -75.542  -19.048 0.3000000119
1035  24.902  -75.947  -18.742 0.3000000119
2408  25.825  -72.721  -19.458 0.3000000119
3453  26.551  -70.025  -19.085 0.3000000119
3430  26.060  -69.528  -18.618 0.3000000119
1615  26.763  -74.510  -20.399 0.3000000119
1967  25.581  -73.653  -19.995 0.3000000119
117785  26.467  -74.085  -20.657 0.3000000119
123382  27.010  -72.761  -20.733 0.3000000119
2909  27.107  -71.808  -20.209 0.3000000119
2887  26.568  -71.180  -19.406 0.3000000119
3473  27.020  -70.691  -19.996 0.3000000119
126035  29.214  -68.953  -20.328 0.4000000060
4073  28.309  -69.587  -20.447 0.4000000060
1005  22.790  -76.494  -14.662 0.3000000119
1006  21.457  -76.651  -14.637 0.3000000119
1036  23.781  -76.351  -18.800 0.3000000119
1047  23.253  -76.140  -19.420 0.3000000119
1002  25.632  -76.473  -14.085 0.3000000119
757  24.830  -76.738  -14.586 0.3000000119
118475  24.231  -76.719  -14.195 0.3000000119
759  23.437  -77.230  -15.047 0.3000000119
760  22.192  -77.179  -15.320 0.3000000119
117838  26.444  -75.752  -14.867 0.3000000119
1013  25.660  -76.464  -14.996 0.3000000119
769  24.086  -77.199  -15.276 0.3000000119
602  22.808  -77.748  -16.545 0.3000000119
132933  22.854  -77.572  -15.654 0.3000000119
1020  25.533  -76.272  -16.058 0.3000000119
1021  24.621  -76.682  -16.608 0.3000000119
779  23.771  -77.254  -17.079 0.3000000119
780  22.996  -77.510  -17.357 0.3000000119
787  23.346  -76.825  -17.883 0.3000000119
2409  24.990  -72.970  -19.261 0.3000000119
2391  25.326  -72.137  -18.601 0.3000000119
1019  26.225  -75.881  -15.645 0.3000000119
2407  26.538  -72.291  -19.882 0.3000000119
1262  22.745  -75.746  -14.027 0.3000000119
789  22.028  -77.189  -18.580 0.3000000119
1012  26.277  -76.103  -14.617 0.3000000119
995  24.847  -76.394  -13.444 0.3000000119
768  24.765  -76.763  -15.520 0.3000000119
131912  23.362  -77.527  -16.030 0.3000000119
781  22.267  -77.605  -17.672 0.3000000119
3472  27.606  -70.242  -20.305 0.3000000119
4738  36.243  -67.741  -22.329 0.3000000119
4724  35.571  -68.260  -21.714 0.3000000119
5330  34.638  -68.005  -21.369 0.3000000119
5331  33.665  -67.295  -20.557 0.4000000060
5333  31.658  -67.238  -20.266 0.4000000060
4740  31.024  -68.297  -21.650 0.3000000119
5364  36.389  -67.235  -22.761 0.3000000119
5963  35.171  -66.888  -22.633 0.4000000060
5964  33.637  -66.308  -21.878 0.4000000060
5351  32.171  -66.792  -21.397 0.3000000119
6593  32.958  -65.383  -22.985 0.4000000060
5985  32.934  -65.979  -22.395 0.4000000060
7249  32.618  -65.014  -23.206 0.3000000119
4067  35.759  -69.146  -20.138 0.3000000119
4705  36.094  -68.745  -21.046 0.3000000119
4707  33.998  -68.334  -20.466 0.4000000060
4691  33.124  -67.761  -19.796 0.4000000060
5320  32.061  -67.659  -19.711 0.3000000119
4709  30.801  -67.726  -19.891 0.3000000119
4710  30.078  -68.259  -19.995 0.3000000119
5329  36.771  -67.994  -21.374 0.3000000119
112560  37.026  -67.612  -21.999 0.3000000119
5962  37.221  -67.091  -22.083 0.3000000119
112396  36.827  -66.676  -22.746 0.3000000119
5982  35.848  -66.764  -23.140 0.3000000119
114530  34.360  -66.344  -22.356 0.4000000060
6590  36.694  -65.763  -22.627 0.3000000119
7248  36.378  -64.796  -23.017 0.3000000119
6000  36.094  -66.271  -23.348 0.3000000119
6001  35.371  -65.899  -23.490 0.4000000060
5984  33.844  -65.799  -22.622 0.4000000060
7270  35.877  -64.389  -23.527 0.3000000119
6613  34.991  -65.249  -24.115 0.4000000060
6614  34.232  -64.905  -23.736 0.4000000060
119061  35.161  -62.989  -24.440 0.3000000119
7960  35.134  -63.772  -24.353 0.4000000060
7272  34.804  -64.470  -24.234 0.4000000060
7273  33.339  -64.495  -23.441 0.4000000060
9452  35.939  -61.953  -24.286 0.3000000119
8660  34.731  -63.065  -24.336 0.4000000060
8670  34.930  -62.408  -24.410 0.3000000119
3385  33.021  -70.617  -17.091 0.3000000119
3405  33.274  -71.041  -17.462 0.3000000119
126742  32.774  -71.604  -18.610 0.3000000119
2885  33.144  -71.353  -19.186 0.3000000119
4051  35.460  -69.600  -19.208 0.3000000119
3446  34.912  -70.108  -19.208 0.3000000119
3447  34.312  -70.520  -19.150 0.3000000119
2903  32.506  -71.216  -19.591 0.3000000119
5312  36.413  -67.967  -18.758 0.3000000119
4050  35.971  -69.019  -19.154 0.3000000119
4052  35.236  -69.691  -20.001 0.3000000119
3467  34.518  -70.074  -19.884 0.3000000119
132997  33.530  -69.828  -20.048 0.3000000119
4053  32.763  -69.503  -19.813 0.3000000119
4054  31.821  -69.174  -19.454 0.3000000119
4056  29.840  -68.928  -19.584 0.3000000119
4072  29.176  -69.487  -20.004 0.3000000119
3471  29.124  -70.389  -20.037 0.3000000119
5927  36.303  -67.204  -19.235 0.3000000119
7926  36.056  -63.639  -23.158 0.3000000119
7949  35.538  -64.091  -23.981 0.3000000119
126468  36.148  -62.830  -23.419 0.3000000119
7959  35.600  -63.153  -24.178 0.3000000119
9442  37.143  -61.310  -23.521 0.3000000119
10234  36.918  -61.143  -23.849 0.3000000119
9453  35.334  -61.864  -24.373 0.3000000119
134639  32.552  -70.270  -16.965 0.3000000119
3384  33.873  -70.557  -17.367 0.3000000119
3404  34.395  -70.657  -17.864 0.3000000119
2868  33.447  -71.275  -18.494 0.3000000119
3428  35.309  -70.076  -18.449 0.3000000119
2867  34.052  -70.846  -18.477 0.3000000119
122087  28.508  -71.069  -20.508 0.3000000119
116728  31.922  -69.037  -16.473 0.3000000119
4000  33.508  -69.994  -16.959 0.3000000119
3999  34.324  -69.806  -16.938 0.3000000119
4024  34.778  -70.212  -17.415 0.3000000119
3403  35.091  -70.312  -17.864 0.3000000119
4038  36.504  -69.178  -18.016 0.3000000119
4001  32.753  -69.708  -16.690 0.3000000119
4653  33.553  -69.141  -16.419 0.3000000119
3998  35.387  -69.652  -16.863 0.3000000119
132536  35.434  -69.986  -17.441 0.3000000119
4727  29.408  -68.606  -20.702 0.3000000119
123388  30.188  -68.207  -20.685 0.3000000119
129380  32.611  -66.827  -20.746 0.3000000119
123194  32.250  -66.418  -22.197 0.4000000060
7951  34.091  -64.057  -23.864 0.4000000060
10233  37.659  -60.735  -23.746 0.3000000119
4722  36.557  -68.086  -21.581 0.3000000119
5348  35.344  -67.633  -22.197 0.3000000119
4068  35.610  -68.765  -21.096 0.3000000119
5349  34.345  -66.818  -21.521 0.4000000060
5944  33.356  -66.729  -20.934 0.4000000060
5350  32.925  -66.493  -21.547 0.4000000060
6591  34.763  -65.540  -23.674 0.4000000060
133634  36.266  -68.556  -19.458 0.3000000119
130999  35.518  -69.125  -20.562 0.3000000119
4708  33.333  -68.875  -20.087 0.3000000119
4070  34.239  -69.503  -20.381 0.3000000119
4692  32.414  -68.427  -19.609 0.4000000060
4693  31.436  -68.270  -19.469 0.3000000119
5943  36.709  -67.388  -20.912 0.3000000119
6555  36.523  -66.170  -20.887 0.3000000119
134520  36.976  -66.341  -22.181 0.3000000119
6612  35.588  -65.453  -23.664 0.4000000060
8659  36.050  -62.601  -23.881 0.3000000119
2884  33.746  -70.924  -19.134 0.3000000119
130632  33.830  -70.263  -19.897 0.3000000119
3468  32.985  -70.449  -19.808 0.3000000119
9433  36.503  -62.000  -23.268 0.3000000119
9369  22.766  -61.264  -19.709 0.4000000060
595  22.707  -77.754  -16.192 0.3000000119
611  22.555  -77.783  -16.966 0.3000000119
758  24.269  -76.983  -14.711 0.3000000119
770  23.557  -77.381  -15.512 0.3000000119
788  22.672  -77.187  -18.049 0.3000000119
1003  24.888  -76.572  -13.916 0.3000000119
1026  26.227  -75.763  -16.624 0.3000000119
1027  25.337  -76.189  -17.274 0.3000000119
1028  24.296  -76.534  -17.733 0.3000000119
1037  22.880  -76.630  -18.650 0.3000000119
1309  26.400  -74.980  -20.150 0.3000000119
1320  25.795  -75.018  -20.346 0.3000000119
1607  24.638  -74.640  -20.074 0.3000000119
1617  25.389  -74.963  -20.286 0.3000000119
1978  26.980  -73.458  -20.799 0.3000000119
1979  25.941  -74.174  -20.659 0.3000000119
2420  26.375  -73.398  -20.429 0.3000000119
2851  33.703  -71.045  -17.855 0.3000000119
2852  32.949  -71.382  -17.861 0.3000000119
2888  26.018  -71.722  -18.911 0.3000000119
3429  34.688  -70.476  -18.476 0.3000000119
3448  33.401  -70.786  -19.582 0.3000000119
3518  31.090  -71.143  -24.038 0.4000000060
3519  30.118  -71.034  -24.327 0.4000000060
3530  31.149  -71.009  -24.357 0.4000000060
3537  31.035  -70.564  -24.717 0.4000000060
3538  30.587  -70.860  -24.901 0.4000000060
4023  35.756  -69.967  -17.774 0.3000000119
4039  35.934  -69.649  -18.347 0.3000000119
4055  30.812  -68.997  -19.372 0.3000000119
4057  26.684  -68.675  -19.643 0.5000000000
4069  35.060  -69.402  -20.494 0.3000000119
4085  25.279  -68.782  -22.067 0.4000000060
4099  25.713  -69.338  -22.695 0.5000000000
4132  31.423  -70.252  -24.533 0.4000000060
4694  30.659  -68.240  -19.661 0.3000000119
4706  34.971  -68.823  -20.945 0.4000000060
4713  26.842  -67.858  -20.624 0.5000000000
4714  26.188  -67.939  -20.395 0.4000000060
4723  36.211  -68.223  -21.734 0.3000000119
4726  30.774  -67.666  -20.408 0.3000000119
4729  27.791  -68.175  -21.633 0.5000000000
4737  36.692  -67.752  -22.108 0.3000000119
4752  31.852  -69.248  -23.707 0.4000000060
4755  26.905  -68.471  -22.732 0.4000000060
4767  30.507  -68.819  -24.972 0.4000000060
4775  31.189  -69.471  -24.704 0.4000000060
5319  36.474  -68.109  -20.145 0.3000000119
5321  31.220  -67.708  -19.706 0.3000000119
5332  32.740  -67.119  -20.187 0.4000000060
5334  27.141  -67.836  -21.405 0.5000000000
5347  36.880  -67.678  -22.027 0.3000000119
5363  36.898  -67.347  -22.433 0.3000000119
5365  35.858  -67.324  -22.702 0.3000000119
5393  30.550  -68.470  -24.543 0.4000000060
5981  36.521  -66.830  -22.928 0.3000000119
5983  34.842  -66.113  -23.145 0.4000000060
5988  29.613  -66.629  -22.868 0.4000000060
5999  36.489  -66.400  -23.109 0.3000000119
6014  28.407  -66.590  -24.760 0.4000000060
6542  36.168  -66.476  -19.616 0.3000000119
6574  30.254  -65.713  -21.906 0.4000000060
6576  28.915  -65.281  -22.016 0.4000000060
6592  34.073  -65.378  -23.238 0.4000000060
6595  29.129  -65.919  -22.329 0.4000000060
6596  28.726  -65.132  -22.842 0.4000000060
6611  36.496  -65.921  -23.128 0.3000000119
6615  33.424  -65.004  -23.355 0.4000000060
6618  23.223  -64.698  -23.867 0.6000000238
7242  29.188  -64.774  -21.724 0.4000000060
7271  35.777  -64.952  -23.772 0.3000000119
7275  23.577  -64.055  -23.666 0.6000000238
7281  35.280  -64.706  -24.157 0.4000000060
7282  28.417  -64.344  -24.214 0.4000000060
7283  27.984  -64.443  -24.504 0.5000000000
7287  23.357  -64.702  -24.074 0.6000000238
7915  29.503  -64.035  -21.494 0.4000000060
7918  24.039  -62.971  -22.300 0.6000000238
7932  23.358  -62.960  -23.084 0.6000000238
7948  35.828  -63.461  -23.752 0.3000000119
7950  34.621  -63.727  -24.193 0.4000000060
7962  28.220  -63.758  -24.334 0.5000000000
7963  27.347  -63.905  -24.332 0.6999999881
7964  25.231  -63.956  -23.805 0.6000000238
8631  29.684  -62.327  -21.717 0.4000000060
8662  28.935  -62.441  -23.606 0.6000000238
8668  35.897  -62.424  -24.158 0.3000000119
8669  35.477  -62.501  -24.363 0.3000000119
8672  27.795  -63.220  -24.286 0.6999999881
9285  27.148  -61.273  -15.008 0.6999999881
9298  26.028  -61.192  -15.235 0.6000000238
9318  29.715  -61.397  -16.990 0.8000000119
9321  26.361  -61.361  -15.978 0.6999999881
9338  30.095  -61.376  -17.614 0.6999999881
9340  28.320  -61.382  -17.499 0.6999999881
9342  26.609  -61.275  -16.777 0.6999999881
9344  16.753  -61.175  -17.348 0.4000000060
9388  22.344  -60.421  -20.186 0.5000000000
9393  15.939  -60.865  -21.318 0.5000000000
9394  15.828  -61.651  -20.440 0.5000000000
9411  31.998  -61.575  -21.486 0.5000000000
9415  24.501  -60.814  -21.483 0.5000000000
9432  37.380  -61.514  -22.954 0.3000000119
9437  24.441  -60.798  -22.431 0.5000000000
9439  15.233  -60.913  -21.748 0.5000000000
9443  36.370  -61.812  -23.893 0.3000000119
9447  28.439  -61.598  -23.682 0.6999999881
9450  25.083  -61.340  -23.148 0.6999999881
9451  24.604  -61.079  -22.712 0.6000000238
10040  24.127  -60.256  -13.750 0.6000000238
10057  25.650  -60.898  -14.417 0.6000000238
10059  22.780  -60.496  -14.459 0.6000000238
10079  28.397  -61.011  -15.226 0.6999999881
10082  23.488  -60.524  -15.227 0.6000000238
10106  31.017  -60.383  -16.797 0.6000000238
10109  24.792  -60.704  -15.836 0.6999999881
10111  23.338  -60.322  -16.131 0.6000000238
10113  19.028  -60.291  -16.394 0.5000000000
10115  17.488  -60.207  -16.424 0.5000000000
10116  17.010  -59.869  -16.863 0.6000000238
10132  26.795  -60.839  -17.538 0.6999999881
10136  18.429  -60.932  -16.900 0.5000000000
10145  31.613  -60.585  -18.502 0.6000000238
10146  30.447  -61.156  -18.247 0.6999999881
10153  16.005  -60.677  -18.680 0.6000000238
10163  32.181  -59.992  -19.567 0.6999999881
10167  23.934  -60.289  -19.788 0.5000000000
10187  16.244  -60.355  -20.808 0.5000000000
10211  15.718  -60.405  -21.490 0.5000000000
10212  14.951  -60.060  -21.392 0.5000000000
10220  40.584  -60.320  -22.785 0.3000000119
10224  32.537  -60.174  -22.100 0.5000000000
10230  40.163  -59.639  -23.502 0.4000000060
10235  34.666  -60.718  -23.812 0.4000000060
10238  28.067  -60.085  -23.269 0.6999999881
10243  35.876  -61.288  -24.249 0.3000000119
10842  25.060  -59.056  -12.964 0.5000000000
10859  26.392  -59.657  -13.322 0.6999999881
10860  25.489  -59.760  -13.291 0.6999999881
10862  23.696  -59.540  -13.425 0.6000000238
10863  22.200  -60.155  -14.014 0.6000000238
10884  19.592  -59.150  -14.759 0.5000000000
10904  29.268  -59.589  -15.146 0.6000000238
10905  28.715  -60.275  -15.011 0.6000000238
10906  21.769  -60.150  -15.901 0.6000000238
10908  19.938  -59.529  -15.145 0.5000000000
10909  19.177  -59.472  -15.200 0.5000000000
10910  18.560  -59.403  -15.391 0.5000000000
10930  20.240  -59.777  -15.985 0.5000000000
10944  32.612  -59.506  -17.310 0.6000000238
10949  22.816  -59.015  -17.526 0.6000000238
10952  20.166  -59.827  -17.336 0.5000000000
10954  16.705  -59.531  -17.635 0.6000000238
10961  34.366  -59.461  -18.915 0.6999999881
10962  33.656  -59.700  -18.542 0.6999999881
10963  33.002  -60.084  -18.256 0.6999999881
10965  27.893  -59.905  -18.850 0.6000000238
10969  20.630  -59.347  -18.134 0.5000000000
10986  30.829  -60.034  -19.550 0.6000000238
11003  33.332  -59.313  -19.999 0.6999999881
11005  23.953  -59.434  -20.975 0.5000000000
11006  21.276  -59.311  -21.421 0.5000000000
11017  42.983  -59.557  -21.480 0.3000000119
11021  20.844  -58.879  -21.651 0.5000000000
11022  20.549  -59.120  -21.470 0.5000000000
11023  16.000  -59.663  -21.315 0.5000000000
11024  15.579  -59.804  -21.382 0.5000000000
11034  26.168  -59.296  -22.775 0.6000000238
11035  24.918  -59.188  -22.696 0.5000000000
11037  41.277  -58.183  -23.594 0.3000000119
11039  39.942  -58.738  -24.089 0.4000000060
11041  36.162  -59.280  -24.010 0.4000000060
11047  27.102  -59.926  -22.705 0.6000000238
11051  36.715  -60.049  -24.130 0.4000000060
11688  27.161  -58.078  -12.696 0.5000000000
11691  24.635  -58.351  -12.853 0.6000000238
11711  23.122  -58.726  -13.404 0.6000000238
11731  28.900  -58.684  -14.773 0.5000000000
11732  20.953  -58.684  -14.019 0.5000000000
11734  19.247  -58.684  -14.744 0.5000000000
11754  17.933  -59.071  -15.649 0.6000000238
11765  34.565  -58.491  -17.340 0.6000000238
11766  33.772  -58.145  -16.734 0.6000000238
11770  18.207  -58.234  -15.611 0.6000000238
11780  36.216  -58.324  -17.911 0.6000000238
11781  35.434  -58.450  -17.706 0.6000000238
11782  33.859  -58.854  -17.291 0.6000000238
11786  23.467  -58.508  -17.992 0.6999999881
11804  24.666  -58.086  -18.384 0.6999999881
11807  21.689  -58.585  -18.704 0.6000000238
11808  17.515  -57.918  -20.021 0.6000000238
11819  35.954  -58.679  -19.660 0.6999999881
11820  35.174  -59.192  -19.365 0.6999999881
11822  30.707  -59.078  -19.996 0.6999999881
11826  26.343  -57.241  -19.496 0.6999999881
11828  22.058  -57.699  -20.172 0.4000000060
11832  16.916  -58.634  -19.785 0.6000000238
11833  15.800  -57.977  -20.430 0.5000000000
11834  14.792  -58.275  -19.534 0.5000000000
11842  39.801  -57.990  -21.406 0.5000000000
11844  35.985  -58.118  -20.677 0.6999999881
11845  34.424  -58.548  -20.631 0.6999999881
11853  21.036  -57.975  -21.505 0.4000000060
11854  16.368  -58.733  -20.759 0.5000000000
11856  15.322  -58.781  -20.498 0.5000000000
11860  44.077  -57.968  -21.380 0.3000000119
11862  43.123  -58.439  -22.153 0.3000000119
11864  23.841  -58.075  -21.529 0.5000000000
11867  21.169  -57.940  -21.652 0.5000000000
11868  15.859  -59.118  -21.083 0.5000000000
11870  42.456  -58.077  -22.810 0.3000000119
11875  30.494  -58.304  -22.707 0.6000000238
11881  24.697  -57.537  -21.799 0.5000000000
11889  33.353  -58.061  -23.140 0.6000000238
11892  30.030  -57.631  -22.909 0.6000000238
12551  25.791  -57.492  -12.541 0.6000000238
12573  23.479  -57.840  -13.345 0.5000000000
12592  22.198  -57.297  -14.014 0.6000000238
12595  19.529  -57.942  -14.640 0.5000000000
12596  18.812  -58.060  -15.015 0.5000000000
12614  18.573  -57.404  -15.508 0.5000000000
12626  31.470  -57.570  -16.041 0.6000000238
12661  25.063  -57.186  -19.128 0.6000000238
12662  24.667  -57.551  -18.863 0.6000000238
12664  23.343  -57.643  -19.328 0.4000000060
12676  37.116  -58.007  -18.979 0.6000000238
12678  27.115  -57.288  -19.805 0.6999999881
12684  21.774  -57.560  -20.911 0.5000000000
12685  18.172  -56.913  -20.488 0.5000000000
12693  44.268  -57.821  -20.772 0.3000000119
12694  41.714  -57.012  -21.646 0.4000000060
12696  39.978  -57.870  -20.651 0.4000000060
12698  37.844  -57.760  -20.242 0.6000000238
12699  36.711  -57.624  -20.687 0.6000000238
12708  27.625  -56.685  -20.475 0.6999999881
12710  23.447  -56.884  -20.770 0.6000000238
12711  22.563  -57.425  -20.902 0.5000000000
12713  16.548  -57.662  -20.614 0.5000000000
12714  16.317  -57.545  -20.568 0.5000000000
12715  43.516  -57.401  -21.727 0.3000000119
12716  42.917  -57.153  -21.879 0.3000000119
12729  23.564  -57.187  -21.351 0.5000000000
12732  41.167  -57.634  -23.327 0.4000000060
12736  30.785  -57.487  -22.867 0.6999999881
12738  26.006  -57.544  -22.102 0.6999999881
12740  25.280  -56.457  -21.454 0.6999999881
12741  41.007  -57.751  -23.700 0.3000000119
12744  38.680  -56.785  -23.948 0.4000000060
12752  30.342  -56.721  -23.034 0.8000000119
13517  24.606  -56.907  -12.936 0.4000000060
13534  23.728  -56.215  -14.028 0.5000000000
13537  20.509  -56.901  -14.559 0.5000000000
13550  20.877  -56.120  -14.872 0.6000000238
13564  37.135  -56.207  -16.447 0.6000000238
13568  32.947  -56.455  -16.378 0.6000000238
13573  18.914  -56.008  -16.226 0.6000000238
13574  18.524  -56.128  -16.958 0.6000000238
13585  38.303  -56.436  -17.316 0.6000000238
13586  37.523  -56.708  -17.133 0.6000000238
13588  18.552  -56.301  -18.053 0.6000000238
13595  39.609  -56.543  -18.426 0.4000000060
13597  18.456  -56.387  -19.311 0.6000000238
13599  15.738  -56.902  -18.999 0.5000000000
13609  25.513  -56.203  -20.663 0.6999999881
13610  24.686  -56.499  -20.204 0.6000000238
13614  16.406  -57.072  -20.286 0.5000000000
13621  41.047  -56.770  -20.662 0.4000000060
13623  29.954  -56.284  -21.089 0.6000000238
13632  42.993  -56.394  -21.854 0.3000000119
13634  37.117  -56.076  -22.312 0.5000000000
13640  31.198  -55.366  -21.421 0.6000000238
13642  28.601  -55.360  -21.939 0.6999999881
13644  27.139  -56.097  -21.447 0.6999999881
13647  24.733  -56.438  -21.259 0.6999999881
13651  36.737  -54.921  -23.489 0.5000000000
13653  28.817  -55.715  -22.485 0.6999999881
13656  37.172  -55.387  -23.819 0.4000000060
13664  29.672  -55.768  -22.736 0.8000000119
14440  22.683  -55.840  -14.833 0.6000000238
14459  21.304  -55.357  -15.300 0.6000000238
14483  19.278  -55.327  -16.494 0.6000000238
14494  39.266  -55.897  -17.557 0.4000000060
14506  40.413  -55.323  -18.746 0.4000000060
14508  18.777  -54.959  -19.195 0.6000000238
14509  18.651  -55.663  -18.767 0.6000000238
14511  16.911  -55.982  -19.016 0.6000000238
14519  18.636  -54.706  -19.382 0.6000000238
14520  18.290  -55.677  -19.545 0.6000000238
14522  17.432  -56.358  -19.914 0.6000000238
14529  35.463  -54.297  -22.851 0.5000000000
14532  32.353  -54.826  -21.890 0.6000000238
14540  35.118  -54.233  -22.906 0.5000000000
14541  34.537  -54.637  -22.854 0.6000000238
14542  30.462  -55.135  -22.740 0.6999999881
14543  35.508  -54.345  -23.072 0.5000000000
14545  33.230  -55.060  -23.253 0.6999999881
14547  31.185  -55.127  -22.763 0.6999999881
15355  21.560  -53.805  -16.521 0.5000000000
15356  20.065  -54.088  -16.970 0.6000000238
15357  19.469  -54.626  -16.877 0.6000000238
15372  17.603  -54.217  -18.317 0.6000000238
15379  40.374  -54.476  -18.517 0.4000000060
15380  19.579  -54.002  -18.798 0.6000000238
15392  34.297  -54.696  -22.629 0.6999999881
15393  33.039  -54.789  -22.254 0.6999999881
15394  31.926  -54.821  -22.139 0.8000000119
15395  31.136  -55.007  -22.282 0.6000000238
15398  32.388  -54.850  -22.380 0.8000000119
15401  32.845  -54.773  -22.898 0.6999999881
15402  31.792  -54.942  -22.575 0.6999999881
15403  31.077  -55.135  -22.609 0.8000000119
16156  23.189  -53.797  -16.144 0.6000000238
16174  23.449  -53.255  -16.597 0.5000000000
16175  22.996  -53.400  -16.940 0.6000000238
16176  22.106  -53.377  -17.181 0.6000000238
16197  22.658  -52.846  -17.750 0.5000000000
16199  20.902  -53.228  -18.458 0.6000000238
16207  21.340  -52.710  -18.773 0.6000000238
16208  20.156  -53.431  -19.052 0.6000000238
16211  18.159  -53.832  -19.159 0.6000000238
16214  19.015  -53.982  -19.557 0.6000000238
16903  20.441  -52.657  -10.124 0.3000000119
16914  20.773  -52.706  -11.101 0.3000000119
17007  23.482  -52.526  -16.976 0.5000000000
17024  22.744  -52.221  -18.208 0.5000000000
17030  40.428  -52.133  -19.191 0.4000000060
17039  21.779  -52.008  -19.007 0.5000000000
17040  20.835  -52.525  -19.187 0.6000000238
17045  21.028  -52.036  -19.249 0.6000000238
17046  20.384  -52.377  -19.440 0.6000000238
17047  19.844  -52.612  -19.585 0.6000000238
17048  19.155  -52.817  -19.490 0.6000000238
17712  17.275  -51.916  -9.772 0.3000000119
17728  21.383  -51.426  -10.655 0.3000000119
17730  16.097  -51.347  -10.454 0.3000000119
17743  21.180  -52.024  -11.395 0.3000000119
17771  19.758  -51.372  -13.441 0.4000000060
17816  23.401  -51.684  -16.751 0.4000000060
17833  22.534  -51.697  -18.301 0.4000000060
17834  17.321  -51.538  -17.373 0.6000000238
17849  22.001  -51.666  -18.698 0.4000000060
17851  20.785  -51.602  -18.969 0.6000000238
17857  19.563  -52.105  -19.256 0.6000000238
18563  19.722  -50.830  -9.594 0.4000000060
18565  17.710  -51.012  -9.844 0.3000000119
18566  16.871  -51.197  -10.216 0.3000000119
18580  21.886  -50.178  -10.304 0.3000000119
18583  16.575  -50.674  -10.668 0.3000000119
18653  23.535  -50.688  -15.209 0.4000000060
18716  21.744  -51.063  -18.407 0.4000000060
18719  19.317  -50.666  -18.169 0.4000000060
18720  18.555  -50.829  -17.880 0.5000000000
19413  21.444  -49.704  -9.883 0.5000000000
19430  22.194  -49.338  -10.163 0.3000000119
19431  19.312  -49.188  -10.164 0.3000000119
19498  18.401  -49.398  -14.557 0.3000000119
19528  22.840  -49.835  -16.552 0.4000000060
19560  21.635  -49.878  -18.126 0.4000000060
20304  20.765  -49.189  -9.794 0.3000000119
20316  19.022  -48.552  -10.431 0.3000000119
20318  16.846  -48.684  -11.043 0.3000000119
20379  19.845  -47.959  -14.251 0.3000000119
20427  18.832  -48.133  -17.533 0.3000000119
20440  22.294  -47.915  -18.400 0.4000000060
20441  21.689  -48.018  -18.348 0.4000000060
21190  23.627  -47.432  -10.666 0.3000000119
21194  19.107  -47.275  -10.600 0.3000000119
21204  23.797  -47.776  -11.151 0.3000000119
21205  17.309  -47.418  -10.997 0.3000000119
21242  20.650  -46.701  -13.579 0.3000000119
21274  19.768  -46.800  -15.238 0.3000000119
22114  23.350  -46.619  -10.293 0.3000000119
22132  17.121  -46.478  -11.261 0.3000000119
22167  22.702  -46.616  -13.587 0.3000000119
22223  25.654  -46.410  -17.264 0.4000000060
22238  24.775  -44.834  -18.973 0.4000000060
22239  24.592  -45.908  -18.570 0.4000000060
22255  24.434  -45.207  -18.959 0.4000000060
23158  19.828  -45.791  -10.807 0.3000000119
23159  18.970  -45.946  -10.882 0.3000000119
23234  24.305  -45.269  -14.720 0.3000000119
23236  22.331  -45.085  -14.872 0.3000000119
23253  23.727  -44.751  -15.449 0.3000000119
23256  21.394  -45.107  -16.213 0.3000000119
23272  22.650  -44.420  -16.781 0.4000000060
23274  21.602  -45.237  -17.355 0.4000000060
23308  23.073  -44.837  -18.577 0.4000000060
24342  22.915  -44.525  -17.988 0.4000000060
24376  24.709  -43.947  -19.831 0.4000000060
25411  25.272  -42.767  -17.653 0.3000000119
26409  27.071  -42.458  -16.939 0.3000000119
112127  43.707  -55.056  -20.375 0.3000000119
112493  32.969  -57.908  -16.451 0.6000000238
112755  19.154  -51.496  -18.539 0.5000000000
113620  23.645  -58.975  -17.454 0.6999999881
113781  20.123  -60.873  -22.185 0.5000000000
113807  20.375  -59.799  -21.509 0.5000000000
114063  34.079  -56.766  -23.505 0.4000000060
114391  16.131  -59.060  -21.035 0.5000000000
114469  30.038  -55.922  -23.011 0.8000000119
114939  15.075  -61.595  -21.963 0.5000000000
115067  26.759  -56.245  -21.814 0.6999999881
115186  30.358  -60.479  -16.263 0.8000000119
115553  31.761  -56.161  -23.208 0.6999999881
115916  22.233  -56.478  -14.506 0.5000000000
117105  24.808  -59.177  -17.399 0.6999999881
117226  19.393  -53.272  -19.542 0.6000000238
117250  32.221  -57.780  -16.185 0.8000000119
117475  36.716  -55.631  -23.853 0.4000000060
118207  20.251  -51.449  -9.598 0.4000000060
118848  20.330  -49.405  -17.952 0.4000000060
118873  16.439  -59.557  -20.665 0.6000000238
119084  34.239  -55.023  -16.432 0.5000000000
119317  21.722  -58.125  -19.729 0.6000000238
119878  24.105  -54.343  -14.269 0.6000000238
119983  28.009  -55.736  -22.218 0.6999999881
119999  34.207  -63.202  -23.830 0.4000000060
120011  35.993  -55.284  -22.489 0.5000000000
120572  23.591  -52.263  -16.252 0.4000000060
120592  19.464  -47.898  -10.398 0.3000000119
120652  32.155  -57.398  -20.856 0.6999999881
120929  38.948  -54.044  -16.172 0.5000000000
120959  30.152  -59.636  -19.654 0.6000000238
121052  31.793  -55.560  -23.143 0.6000000238
121582  20.034  -50.184  -9.693 0.4000000060
121642  22.937  -47.159  -10.178 0.3000000119
121767  28.094  -65.782  -24.766 0.5000000000
122113  18.300  -56.901  -17.203 0.6000000238
122295  31.994  -59.339  -22.275 0.6000000238
122423  31.318  -59.044  -16.065 0.8000000119
123667  35.345  -55.846  -15.980 0.6000000238
124085  36.364  -61.467  -24.068 0.3000000119
124238  20.290  -45.947  -16.303 0.3000000119
124481  21.825  -48.709  -18.224 0.4000000060
124752  17.448  -57.166  -20.529 0.5000000000
124760  29.743  -70.942  -25.156 0.4000000060
124971  23.751  -46.003  -10.355 0.3000000119
125148  21.509  -50.839  -10.143 0.3000000119
125154  28.959  -61.129  -18.283 0.6000000238
125185  23.219  -77.627  -16.673 0.3000000119
125765  34.777  -55.044  -21.890 0.6000000238
125780  24.291  -63.342  -23.714 0.6000000238
126105  36.146  -65.207  -23.406 0.3000000119
126110  29.318  -63.162  -21.852 0.4000000060
126348  29.913  -63.164  -21.346 0.4000000060
126561  17.679  -49.757  -10.704 0.3000000119
126763  28.036  -61.628  -16.503 0.8000000119
127345  21.734  -57.823  -21.514 0.5000000000
127378  30.731  -58.912  -15.747 0.6999999881
127583  35.617  -54.376  -22.871 0.5000000000
127834  36.149  -65.742  -23.387 0.3000000119
128334  23.957  -77.275  -16.157 0.3000000119
128580  43.571  -54.769  -19.123 0.3000000119
128611  25.186  -60.564  -16.435 0.6999999881
128942  28.841  -67.314  -24.884 0.4000000060
128962  20.490  -51.874  -9.829 0.4000000060
129453  24.848  -56.798  -21.590 0.5000000000
129610  26.089  -76.193  -13.746 0.3000000119
129621  33.977  -60.834  -22.983 0.6000000238
129694  33.954  -70.513  -19.571 0.3000000119
129930  25.391  -75.118  -20.096 0.3000000119
129937  29.628  -69.848  -19.610 0.3000000119
129979  33.731  -62.524  -23.302 0.4000000060
130011  23.267  -57.029  -21.032 0.6000000238
130150  32.534  -71.694  -19.163 0.3000000119
130488  18.060  -49.414  -17.496 0.4000000060
130657  38.375  -57.735  -21.116 0.5000000000
131157  35.127  -54.593  -23.195 0.5000000000
131194  27.043  -60.853  -14.425 0.6999999881
131307  25.326  -46.869  -16.891 0.4000000060
131352  16.898  -47.972  -11.218 0.3000000119
131607  35.406  -57.489  -16.867 0.6000000238
131923  23.933  -59.889  -16.512 0.6999999881
132000  23.250  -48.800  -11.062 0.3000000119
132026  20.388  -47.016  -10.407 0.3000000119
132038  34.365  -58.896  -23.693 0.4000000060
132063  32.144  -65.395  -22.885 0.4000000060
132252  17.055  -60.566  -16.887 0.6000000238
132257  23.586  -59.268  -20.599 0.5000000000
132274  22.541  -51.065  -17.818 0.4000000060
132349  18.479  -47.289  -10.693 0.3000000119
132611  30.125  -60.849  -18.719 0.6999999881
132672  23.481  -56.697  -13.955 0.5000000000
132815  27.129  -61.968  -23.317 0.6999999881
132865  33.421  -61.860  -22.686 0.5000000000
132971  36.333  -68.596  -20.529 0.3000000119
133184  30.325  -55.167  -22.882 0.6999999881
133877  20.829  -57.314  -14.261 0.5000000000
133914  28.745  -66.157  -24.192 0.4000000060
135302  30.240  -61.020  -21.730 0.6000000238
135569  24.124  -53.675  -14.501 0.4000000060
135632  20.638  -51.055  -18.600 0.4000000060
135723  19.069  -54.312  -19.388 0.6000000238
135826  29.558  -61.645  -22.267 0.5000000000
