#!ascii label  , from subject sub-003S6257 vox2ras=TkReg
339
15987  44.500  -53.938  -2.354 0.0000000000
119626  35.212  -59.607  -9.072 0.0000000000
13429  48.292  -57.028  -6.847 0.0000000000
13417  40.856  -56.672  -5.878 0.0000000000
8484  41.554  -62.715  -11.290 0.0000000000
10781  44.625  -59.850  -8.817 0.0000000000
8502  44.340  -63.647  -12.147 0.0000000000
10745  38.224  -59.361  -6.632 0.0000000000
16025  37.351  -53.804  -5.384 0.0000000000
14297  46.839  -55.244  -4.878 0.0000000000
118400  44.201  -56.952  -6.602 0.0000000000
9937  40.936  -60.562  -7.682 0.0000000000
9212  38.250  -61.756  -9.710 0.0000000000
7775  37.662  -63.054  -11.809 0.0000000000
16793  44.466  -52.696  -0.150 0.0000000000
120434  48.815  -54.713  -1.158 0.0000000000
14281  51.458  -55.829  -3.332 0.0000000000
16820  39.683  -52.491  -3.175 0.0000000000
9227  45.689  -62.013  -10.846 0.0000000000
10767  36.792  -59.704  -7.431 0.0000000000
124935  36.360  -57.774  -6.322 0.0000000000
14312  47.583  -55.995  -5.724 0.0000000000
12467  46.061  -57.030  -6.852 0.0000000000
9230  42.817  -61.848  -10.495 0.0000000000
10782  43.186  -59.962  -8.277 0.0000000000
121894  41.303  -61.559  -8.960 0.0000000000
9193  39.716  -61.497  -8.487 0.0000000000
8450  40.014  -62.332  -9.928 0.0000000000
123303  36.930  -62.506  -11.714 0.0000000000
15112  51.413  -54.567  -0.110 0.0000000000
15150  50.806  -55.175  -2.216 0.0000000000
13306  51.733  -55.374  -1.171 0.0000000000
14340  42.160  -55.338  -6.090 0.0000000000
126429  40.115  -54.268  -5.526 0.0000000000
17664  36.256  -51.436  -5.235 0.0000000000
17659  37.357  -51.100  -4.089 0.0000000000
11632  47.935  -58.755  -7.927 0.0000000000
11616  46.107  -58.557  -7.763 0.0000000000
10797  46.040  -60.211  -9.659 0.0000000000
9994  44.261  -61.236  -10.405 0.0000000000
8483  43.038  -62.918  -11.842 0.0000000000
12473  39.832  -58.042  -5.961 0.0000000000
114942  38.864  -55.324  -5.554 0.0000000000
13397  37.395  -56.603  -5.600 0.0000000000
15209  36.287  -54.422  -5.823 0.0000000000
10799  34.811  -58.902  -10.050 0.0000000000
15168  45.681  -54.506  -3.857 0.0000000000
14338  44.287  -55.591  -6.183 0.0000000000
12470  42.846  -57.239  -6.569 0.0000000000
117540  44.241  -58.830  -7.592 0.0000000000
11619  42.810  -58.713  -7.192 0.0000000000
10742  41.067  -59.122  -6.686 0.0000000000
10764  39.687  -59.919  -6.914 0.0000000000
9940  38.355  -60.578  -7.551 0.0000000000
9978  37.059  -61.169  -9.185 0.0000000000
7773  39.229  -63.087  -12.199 0.0000000000
8467  38.008  -62.211  -11.204 0.0000000000
9233  37.339  -61.693  -10.680 0.0000000000
9996  35.177  -60.502  -10.491 0.0000000000
16794  44.044  -52.203  -0.590 0.0000000000
15973  44.742  -53.615  -1.460 0.0000000000
15959  46.490  -54.275  -0.507 0.0000000000
15138  46.124  -54.417  -1.934 0.0000000000
15165  48.737  -55.310  -3.182 0.0000000000
14295  49.025  -55.660  -4.407 0.0000000000
14310  50.521  -56.449  -5.098 0.0000000000
12434  50.800  -57.041  -4.866 0.0000000000
132458  50.107  -57.286  -6.626 0.0000000000
16013  38.933  -53.305  -4.881 0.0000000000
129944  44.084  -53.479  -1.678 0.0000000000
15974  43.426  -53.288  -1.802 0.0000000000
15988  43.825  -53.649  -2.582 0.0000000000
10784  35.604  -59.471  -8.282 0.0000000000
131942  35.646  -58.640  -7.745 0.0000000000
13411  47.994  -56.515  -6.373 0.0000000000
14335  47.005  -56.226  -6.140 0.0000000000
12466  46.997  -57.155  -7.076 0.0000000000
130168  41.799  -62.350  -10.446 0.0000000000
9209  42.043  -61.805  -9.619 0.0000000000
8449  41.081  -62.240  -9.683 0.0000000000
8464  40.834  -62.556  -10.651 0.0000000000
116516  36.141  -62.649  -11.772 0.0000000000
15111  51.956  -54.906  -0.549 0.0000000000
13394  41.378  -55.814  -5.978 0.0000000000
14318  41.560  -54.972  -5.782 0.0000000000
13395  40.560  -56.010  -5.760 0.0000000000
19343  36.740  -50.013  -4.889 0.0000000000
10779  47.059  -59.597  -8.949 0.0000000000
10796  46.662  -60.188  -9.442 0.0000000000
8481  44.693  -62.953  -11.636 0.0000000000
9228  44.859  -61.731  -11.132 0.0000000000
9246  44.315  -62.304  -11.404 0.0000000000
8462  43.356  -62.311  -11.301 0.0000000000
8503  43.644  -63.569  -12.364 0.0000000000
11599  38.683  -58.746  -6.224 0.0000000000
11582  38.677  -57.494  -5.719 0.0000000000
120000  38.190  -58.134  -5.880 0.0000000000
13398  36.427  -56.392  -5.895 0.0000000000
14323  35.722  -54.857  -6.286 0.0000000000
15210  35.858  -53.903  -6.005 0.0000000000
15183  46.296  -54.782  -4.466 0.0000000000
15184  45.407  -54.574  -4.718 0.0000000000
15199  45.998  -54.937  -5.194 0.0000000000
13415  43.110  -56.283  -6.466 0.0000000000
132481  43.512  -56.824  -6.563 0.0000000000
117474  45.432  -59.747  -8.988 0.0000000000
11617  45.127  -58.635  -7.660 0.0000000000
10759  44.730  -59.334  -8.242 0.0000000000
9936  42.146  -60.398  -8.104 0.0000000000
10761  42.535  -59.531  -7.572 0.0000000000
11620  41.991  -58.935  -6.994 0.0000000000
10762  41.557  -59.757  -7.321 0.0000000000
10763  40.585  -59.854  -7.041 0.0000000000
9194  38.807  -61.576  -8.868 0.0000000000
9960  39.019  -61.122  -7.987 0.0000000000
9961  38.080  -61.134  -8.236 0.0000000000
9962  37.393  -60.976  -8.578 0.0000000000
9195  37.872  -61.328  -9.086 0.0000000000
115474  37.024  -65.857  -11.641 0.0000000000
7101  37.486  -63.972  -11.735 0.0000000000
7120  38.101  -64.310  -11.944 0.0000000000
7794  38.272  -63.630  -12.060 0.0000000000
7774  38.495  -63.062  -12.052 0.0000000000
8487  38.651  -62.675  -11.812 0.0000000000
120838  38.048  -62.687  -11.684 0.0000000000
114853  36.334  -61.925  -11.652 0.0000000000
9247  37.142  -61.933  -11.399 0.0000000000
9234  36.521  -61.540  -10.904 0.0000000000
9995  35.858  -61.049  -10.177 0.0000000000
9235  35.665  -61.273  -11.095 0.0000000000
17592  43.764  -51.132  0.056 0.0000000000
17591  44.050  -51.880  -0.044 0.0000000000
16807  44.482  -53.064  -0.811 0.0000000000
112097  45.125  -53.527  -0.959 0.0000000000
124400  48.287  -54.569  -0.359 0.0000000000
125193  47.284  -54.349  0.165 0.0000000000
15114  47.163  -54.464  -0.796 0.0000000000
15971  46.280  -54.309  -1.145 0.0000000000
129701  47.702  -54.734  -2.027 0.0000000000
15153  46.994  -54.808  -2.594 0.0000000000
15152  48.632  -54.661  -1.918 0.0000000000
14265  51.342  -55.433  -2.466 0.0000000000
14266  49.895  -55.463  -2.965 0.0000000000
14283  50.287  -55.581  -3.792 0.0000000000
134712  50.238  -55.950  -4.642 0.0000000000
14294  50.867  -55.882  -4.169 0.0000000000
11556  48.799  -58.516  -4.709 0.0000000000
11555  49.743  -58.154  -5.058 0.0000000000
11554  50.483  -57.340  -5.579 0.0000000000
15207  37.980  -55.058  -5.530 0.0000000000
125370  38.722  -54.472  -5.557 0.0000000000
16024  38.425  -53.798  -5.355 0.0000000000
17649  37.870  -50.969  -3.644 0.0000000000
10746  37.229  -59.272  -6.788 0.0000000000
11600  37.713  -58.708  -6.319 0.0000000000
134161  47.336  -55.559  -5.183 0.0000000000
14313  46.604  -55.569  -5.556 0.0000000000
12468  45.095  -57.032  -6.666 0.0000000000
9977  43.679  -60.845  -9.727 0.0000000000
9957  44.015  -60.281  -9.057 0.0000000000
9958  43.006  -60.614  -8.954 0.0000000000
9191  42.180  -61.148  -8.881 0.0000000000
127111  41.442  -60.987  -8.367 0.0000000000
9192  40.616  -61.256  -8.357 0.0000000000
9210  40.376  -61.861  -9.048 0.0000000000
126084  39.592  -61.875  -9.183 0.0000000000
9211  39.061  -62.022  -9.754 0.0000000000
7776  36.783  -63.360  -11.685 0.0000000000
15113  49.560  -54.615  -0.543 0.0000000000
15135  49.964  -54.793  -1.574 0.0000000000
15134  51.305  -54.923  -1.516 0.0000000000
15149  51.595  -55.111  -1.807 0.0000000000
14264  51.461  -55.521  -2.434 0.0000000000
16021  41.154  -53.886  -5.255 0.0000000000
16012  39.881  -53.354  -4.865 0.0000000000
16845  36.964  -53.013  -4.979 0.0000000000
117157  37.535  -52.409  -4.543 0.0000000000
127890  36.788  -51.291  -4.591 0.0000000000
19342  37.305  -49.682  -4.411 0.0000000000
129761  48.471  -57.968  -7.474 0.0000000000
134650  47.296  -57.862  -7.448 0.0000000000
11633  47.433  -59.042  -8.316 0.0000000000
10780  46.359  -59.690  -9.100 0.0000000000
9956  45.095  -60.224  -9.492 0.0000000000
9976  45.739  -60.706  -10.217 0.0000000000
114201  44.670  -60.706  -9.967 0.0000000000
9207  43.460  -61.355  -10.195 0.0000000000
8463  42.437  -62.489  -11.201 0.0000000000
12472  40.330  -57.457  -5.866 0.0000000000
130478  39.906  -56.627  -5.706 0.0000000000
12452  39.513  -57.468  -5.771 0.0000000000
14321  38.105  -55.950  -5.509 0.0000000000
12454  36.798  -57.264  -5.805 0.0000000000
14322  37.187  -55.686  -5.586 0.0000000000
133006  36.772  -54.127  -5.591 0.0000000000
16846  36.269  -52.803  -5.326 0.0000000000
125811  36.031  -52.141  -5.349 0.0000000000
10798  34.942  -59.067  -9.437 0.0000000000
15155  45.040  -54.299  -3.128 0.0000000000
15998  44.321  -53.952  -3.386 0.0000000000
15169  44.827  -54.299  -4.108 0.0000000000
13416  42.386  -56.508  -6.355 0.0000000000
12471  42.006  -57.381  -6.334 0.0000000000
12491  44.504  -57.977  -6.905 0.0000000000
128526  43.987  -59.635  -8.362 0.0000000000
10760  43.486  -59.240  -7.699 0.0000000000
11618  43.592  -58.415  -7.142 0.0000000000
11594  43.016  -58.029  -6.852 0.0000000000
11595  42.370  -58.107  -6.724 0.0000000000
112570  41.180  -57.477  -6.053 0.0000000000
11597  40.528  -58.344  -6.234 0.0000000000
10743  40.120  -59.236  -6.549 0.0000000000
10765  38.756  -60.018  -6.927 0.0000000000
9959  39.954  -60.893  -7.848 0.0000000000
9939  39.315  -60.494  -7.405 0.0000000000
10766  37.762  -59.910  -7.188 0.0000000000
9941  37.262  -60.489  -7.873 0.0000000000
9942  36.620  -60.636  -8.571 0.0000000000
9963  35.755  -60.233  -8.705 0.0000000000
7771  41.473  -63.340  -12.054 0.0000000000
6450  38.059  -65.802  -11.962 0.0000000000
7792  39.944  -63.723  -12.441 0.0000000000
7772  40.194  -63.156  -12.076 0.0000000000
8465  39.882  -62.657  -11.128 0.0000000000
8466  38.913  -62.492  -11.227 0.0000000000
9232  38.540  -62.155  -10.455 0.0000000000
8488  37.501  -62.419  -11.598 0.0000000000
9213  37.549  -61.508  -9.841 0.0000000000
9214  36.737  -61.313  -10.002 0.0000000000
9979  36.181  -60.838  -9.307 0.0000000000
9980  35.394  -60.352  -9.543 0.0000000000
10813  34.824  -59.715  -9.937 0.0000000000
18450  43.833  -50.564  -0.165 0.0000000000
17607  43.687  -51.379  -0.366 0.0000000000
115776  43.930  -52.764  -1.162 0.0000000000
132991  44.305  -53.208  -1.222 0.0000000000
119932  46.807  -53.982  0.945 0.0000000000
15960  45.117  -53.433  -0.280 0.0000000000
15972  45.511  -53.989  -1.361 0.0000000000
15986  45.258  -54.207  -2.132 0.0000000000
15154  45.926  -54.514  -2.885 0.0000000000
15167  46.619  -54.764  -3.610 0.0000000000
15182  47.229  -55.130  -4.176 0.0000000000
15151  49.390  -55.015  -2.438 0.0000000000
14284  49.219  -55.394  -3.659 0.0000000000
14296  47.758  -55.431  -4.593 0.0000000000
130442  48.261  -55.826  -5.135 0.0000000000
13393  48.732  -56.294  -5.869 0.0000000000
13410  49.156  -56.873  -6.550 0.0000000000
13390  50.661  -56.815  -5.442 0.0000000000
13408  50.528  -57.092  -6.042 0.0000000000
12465  49.609  -57.330  -6.676 0.0000000000
14320  39.845  -55.582  -5.626 0.0000000000
16023  39.457  -53.891  -5.444 0.0000000000
16838  39.362  -52.819  -4.211 0.0000000000
17658  37.957  -51.773  -3.952 0.0000000000
16839  38.457  -52.604  -4.391 0.0000000000
6433  37.586  -64.918  -11.708 0.0000000000
7788  44.025  -63.982  -12.496 0.0000000000
8480  45.283  -62.686  -11.213 0.0000000000
8482  43.937  -62.923  -11.892 0.0000000000
8485  40.757  -62.862  -11.456 0.0000000000
8486  39.325  -62.759  -11.873 0.0000000000
9208  42.874  -61.261  -9.623 0.0000000000
9226  45.850  -61.752  -10.660 0.0000000000
9229  43.811  -61.749  -10.826 0.0000000000
9231  39.283  -62.351  -10.487 0.0000000000
9245  45.108  -62.341  -11.350 0.0000000000
9938  40.102  -60.342  -7.366 0.0000000000
9974  46.602  -60.652  -9.557 0.0000000000
9993  45.055  -61.152  -10.521 0.0000000000
10744  39.191  -59.347  -6.543 0.0000000000
10768  36.050  -59.419  -7.669 0.0000000000
10783  36.223  -60.104  -7.979 0.0000000000
11572  50.186  -57.403  -6.274 0.0000000000
11581  39.105  -58.132  -5.897 0.0000000000
11593  49.597  -57.904  -6.593 0.0000000000
11596  41.531  -58.238  -6.501 0.0000000000
11598  39.588  -58.649  -6.242 0.0000000000
11613  49.382  -57.930  -6.964 0.0000000000
11615  47.033  -58.516  -7.825 0.0000000000
11634  46.705  -59.133  -8.500 0.0000000000
11635  45.756  -59.190  -8.420 0.0000000000
12436  49.504  -57.958  -4.205 0.0000000000
12453  37.745  -57.405  -5.716 0.0000000000
12464  50.503  -56.998  -6.131 0.0000000000
12469  43.606  -57.593  -6.708 0.0000000000
12474  37.241  -57.994  -6.054 0.0000000000
12475  36.101  -57.131  -6.141 0.0000000000
12489  48.868  -57.434  -7.005 0.0000000000
13321  51.610  -55.561  -2.131 0.0000000000
13391  50.753  -56.828  -5.757 0.0000000000
13392  49.985  -56.590  -5.927 0.0000000000
13396  38.330  -56.771  -5.605 0.0000000000
13409  50.316  -57.034  -6.458 0.0000000000
13430  47.463  -56.791  -6.738 0.0000000000
14230  52.001  -54.958  -0.734 0.0000000000
14246  51.697  -55.023  -1.498 0.0000000000
14282  51.287  -55.674  -3.356 0.0000000000
14285  48.250  -55.263  -3.914 0.0000000000
14293  51.149  -56.076  -4.052 0.0000000000
14309  50.790  -56.527  -4.833 0.0000000000
14311  49.492  -56.218  -5.158 0.0000000000
14319  40.746  -55.293  -5.691 0.0000000000
15132  51.966  -54.953  -1.053 0.0000000000
15133  51.849  -54.977  -1.293 0.0000000000
15136  47.879  -54.666  -1.315 0.0000000000
15137  46.984  -54.593  -1.632 0.0000000000
15166  47.651  -55.120  -3.395 0.0000000000
15205  40.887  -54.460  -5.510 0.0000000000
15206  39.552  -54.704  -5.566 0.0000000000
15208  37.081  -54.688  -5.588 0.0000000000
16014  37.962  -53.165  -4.943 0.0000000000
16022  40.386  -53.842  -5.329 0.0000000000
16026  36.452  -53.599  -5.562 0.0000000000
16027  35.909  -53.228  -5.738 0.0000000000
16847  35.734  -52.582  -5.817 0.0000000000
17660  36.660  -52.161  -4.782 0.0000000000
18498  36.987  -50.493  -4.448 0.0000000000
18499  36.509  -50.660  -5.071 0.0000000000
113244  39.016  -56.196  -5.610 0.0000000000
114945  36.365  -55.336  -5.872 0.0000000000
117446  40.238  -54.854  -5.589 0.0000000000
122006  50.780  -54.611  -0.774 0.0000000000
123038  45.728  -53.937  -0.672 0.0000000000
124952  41.655  -56.622  -6.116 0.0000000000
125113  39.106  -56.917  -5.665 0.0000000000
127155  42.214  -63.006  -11.715 0.0000000000
127306  50.728  -55.388  -2.913 0.0000000000
128487  37.915  -54.336  -5.510 0.0000000000
128935  48.155  -55.021  -2.610 0.0000000000
129539  47.813  -58.341  -7.722 0.0000000000
131319  42.047  -55.942  -6.260 0.0000000000
133159  47.981  -57.457  -7.298 0.0000000000
133374  51.606  -54.748  -0.899 0.0000000000
133659  44.100  -59.304  -7.938 0.0000000000
134810  37.255  -51.748  -4.369 0.0000000000
135314  36.981  -62.156  -11.607 0.0000000000
135548  37.921  -61.845  -10.389 0.0000000000
