#!ascii label  , from subject sub-003S6257 vox2ras=TkReg
495
54946  28.154  -13.382  -20.416 0.1428571492
122787  26.773  -13.157  -20.219 0.1428571492
54947  27.422  -12.823  -20.957 0.1428571492
54927  28.639  -13.836  -19.844 0.1428571492
54954  28.418  -13.297  -21.315 0.2857142985
132942  27.539  -13.263  -20.344 0.1428571492
54945  28.967  -13.766  -20.716 0.1428571492
55911  28.268  -12.438  -22.536 0.5714285970
54953  29.180  -13.515  -21.337 0.1428571492
56888  30.917  -11.965  -21.737 0.2857142985
55896  30.474  -12.804  -21.392 0.2857142985
56887  31.788  -11.658  -21.535 0.1428571492
57984  32.741  -10.434  -23.746 0.2857142985
57969  32.423  -10.622  -22.974 0.1428571492
57970  31.456  -10.803  -22.847 0.2857142985
133225  33.278  -9.389  -24.291 0.2857142985
59024  33.082  -10.041  -24.215 0.2857142985
60976  32.711  -7.718  -24.732 0.2857142985
60028  32.112  -8.342  -24.858 0.2857142985
61881  32.781  -6.568  -25.926 0.2857142985
63733  32.972  -4.839  -27.226 0.8571428657
61898  32.662  -5.955  -26.400 0.4285714328
60992  32.782  -7.154  -25.369 0.2857142985
65611  33.510  -3.221  -28.354 0.7142857313
64699  33.370  -4.017  -27.879 0.7142857313
63743  33.327  -4.454  -27.484 0.7142857313
65618  33.902  -2.430  -28.654 0.8571428657
65610  34.089  -2.829  -27.817 0.5714285970
64700  32.879  -4.635  -27.902 0.7142857313
67454  34.732  -0.808  -29.816 0.4285714328
66513  33.923  -2.227  -29.736 0.7142857313
68401  36.109  0.291  -30.439 0.2857142985
68402  35.659  -0.184  -31.023 0.5714285970
66525  34.353  -1.983  -30.494 0.8571428657
67462  34.897  -1.058  -30.852 0.7142857313
69388  36.241  1.484  -30.496 0.1428571492
69378  36.397  0.922  -29.938 0.1428571492
68413  36.144  0.682  -30.796 0.4285714328
71421  34.869  3.663  -29.956 0.1428571492
70408  36.030  2.303  -29.789 0.1428571492
70421  36.000  2.170  -30.933 0.1428571492
135974  36.123  1.303  -31.079 0.4285714328
132690  34.930  -0.916  -31.182 0.8571428657
72406  34.219  4.426  -30.245 0.1428571492
71432  35.264  2.900  -30.908 0.1428571492
71441  34.552  2.874  -31.533 0.4285714328
69389  35.736  1.491  -31.393 0.5714285970
69390  35.062  0.720  -31.628 0.7142857313
117359  34.497  -0.921  -31.394 0.8571428657
128069  33.768  4.942  -30.538 0.1428571492
73417  33.481  5.091  -31.307 0.1428571492
72413  33.858  4.334  -30.985 0.1428571492
72422  33.939  3.605  -31.604 0.5714285970
69401  34.970  1.536  -31.675 0.8571428657
68414  35.215  -0.235  -31.539 0.8571428657
69402  34.434  1.172  -32.106 0.8571428657
74405  33.259  6.404  -30.484 0.1428571492
74415  33.218  5.971  -31.276 0.2857142985
73437  33.038  4.602  -32.123 0.8571428657
70422  35.361  2.263  -31.468 0.7142857313
71442  34.141  2.908  -32.453 0.8571428657
75352  32.360  7.404  -31.802 0.1428571492
76268  32.101  8.174  -31.301 0.1428571492
74416  32.850  6.225  -31.948 0.4285714328
73438  32.820  4.997  -33.043 0.8571428657
72435  33.070  4.246  -32.853 0.8571428657
135758  33.832  3.034  -33.164 0.8571428657
70448  33.966  2.425  -33.057 0.8571428657
114401  32.536  6.708  -32.272 0.4285714328
72436  32.851  4.216  -33.644 0.8571428657
76277  31.852  8.031  -32.320 0.1428571492
76278  31.563  8.416  -32.958 0.2857142985
75361  32.055  7.168  -32.757 0.5714285970
75369  31.905  6.770  -33.614 0.8571428657
134602  32.131  6.501  -33.020 0.8571428657
74431  32.478  5.905  -32.815 0.8571428657
123226  32.652  4.849  -33.987 0.8571428657
115383  32.506  5.490  -33.801 0.8571428657
77150  31.326  9.155  -32.910 0.2857142985
75362  31.777  7.633  -33.486 0.5714285970
73455  32.110  5.714  -34.163 0.8571428657
73470  31.481  5.423  -34.452 0.8571428657
72469  32.091  5.046  -34.423 0.8571428657
117175  31.613  7.645  -34.358 0.8571428657
76290  31.203  8.063  -34.792 0.8571428657
74448  31.641  6.311  -34.196 0.8571428657
74472  30.510  7.081  -35.035 0.7142857313
74460  30.999  6.184  -34.406 0.7142857313
77162  31.364  8.988  -34.689 0.8571428657
75375  31.288  7.082  -34.803 0.8571428657
76291  30.616  8.443  -35.540 0.8571428657
77166  30.137  8.541  -36.638 0.8571428657
75382  30.366  7.721  -35.342 0.7142857313
133631  30.728  10.219  -35.762 0.7142857313
77163  30.884  9.472  -35.500 0.8571428657
78026  30.264  9.494  -36.580 0.8571428657
77171  29.550  8.642  -37.505 0.8571428657
78036  29.420  9.394  -37.584 0.7142857313
80764  30.495  12.580  -37.010 0.1428571492
78030  29.937  9.744  -37.400 0.8571428657
78035  29.567  10.329  -37.641 0.7142857313
81719  28.740  13.955  -39.211 0.1428571492
78892  29.735  11.068  -37.642 0.5714285970
79816  29.050  11.640  -39.383 0.5714285970
79817  28.218  11.765  -39.328 0.5714285970
82554  29.011  14.942  -39.654 0.1428571492
80777  27.633  12.820  -38.627 0.5714285970
81728  28.133  14.766  -40.140 0.1428571492
82568  28.469  15.943  -39.903 0.1428571492
81727  27.858  13.739  -39.804 0.1428571492
83427  28.151  16.196  -38.873 0.1428571492
80797  28.057  12.743  -39.355 0.5714285970
82562  28.087  15.687  -39.482 0.1428571492
82563  27.579  14.699  -38.850 0.1428571492
129527  28.482  16.574  -38.503 0.1428571492
82544  26.491  15.312  -37.883 0.1428571492
54928  27.724  -13.622  -19.760 0.1428571492
127339  26.919  -13.722  -19.496 0.1428571492
120304  29.773  -13.832  -20.695 0.1428571492
54944  30.466  -13.456  -20.825 0.2857142985
55897  29.546  -12.947  -21.730 0.2857142985
56897  32.148  -11.052  -22.181 0.1428571492
60993  32.281  -7.958  -25.985 0.2857142985
62828  33.091  -5.112  -26.430 0.4285714328
66512  34.434  -1.742  -29.074 0.2857142985
67453  35.364  -0.160  -29.368 0.1428571492
66526  34.007  -2.286  -30.694 0.8571428657
73402  33.603  5.651  -30.523 0.1428571492
128864  33.510  4.274  -31.628 0.8571428657
69416  33.966  1.802  -32.701 0.8571428657
71453  33.214  3.569  -33.314 0.8571428657
76284  31.579  8.465  -33.920 0.8571428657
130489  30.416  10.368  -36.461 0.8571428657
79821  28.467  11.965  -39.738 0.1428571492
81726  28.073  14.516  -40.204 0.1428571492
83426  28.970  17.450  -38.708 0.1428571492
53999  26.523  -14.083  -18.967 0.1428571492
121380  30.523  -11.658  -22.345 0.2857142985
55910  29.147  -12.509  -22.431 0.4285714328
56898  31.261  -11.329  -22.226 0.1428571492
57983  33.463  -10.209  -23.507 0.2857142985
59025  32.294  -10.342  -24.477 0.2857142985
59037  32.470  -9.436  -24.692 0.2857142985
62829  32.549  -5.411  -26.832 0.7142857313
73386  34.068  5.288  -29.907 0.1428571492
74406  32.578  6.698  -31.135 0.1428571492
75343  32.332  7.565  -30.718 0.1428571492
73418  32.868  5.451  -32.042 0.8571428657
68439  33.762  1.106  -32.382 1.0000000000
117976  31.513  8.751  -32.324 0.1428571492
77156  31.272  9.299  -33.803 0.2857142985
78021  30.792  10.554  -34.794 0.5714285970
120890  30.609  10.965  -35.494 0.5714285970
78891  30.237  10.659  -37.218 0.7142857313
79811  29.685  11.753  -37.904 0.4285714328
78882  30.535  11.606  -36.935 0.2857142985
80776  29.718  12.713  -38.137 0.1428571492
80787  28.856  12.611  -39.316 0.1428571492
80788  27.449  13.576  -38.952 0.2857142985
81720  26.781  14.255  -38.451 0.1428571492
82556  26.289  14.790  -38.183 0.1428571492
81733  28.604  15.212  -39.993 0.1428571492
83418  27.828  15.856  -37.860 0.1428571492
112597  26.863  15.873  -37.156 0.1428571492
114932  28.347  16.267  -36.760 0.1428571492
77157  31.081  9.901  -34.263 0.4285714328
78881  30.442  11.711  -35.519 0.4285714328
124994  30.520  11.063  -36.332 0.5714285970
54929  26.013  -13.464  -19.573 0.1428571492
55899  27.787  -12.846  -21.982 0.4285714328
55898  28.693  -13.052  -21.941 0.5714285970
133429  29.842  -13.383  -21.214 0.1428571492
55909  30.089  -12.326  -22.133 0.1428571492
64714  32.999  -3.912  -28.384 0.7142857313
67461  35.606  -0.215  -30.330 0.5714285970
124453  35.762  0.583  -31.263 0.5714285970
72412  34.489  3.664  -30.873 0.2857142985
71431  35.449  2.823  -30.103 0.1428571492
70436  34.477  2.117  -32.128 0.8571428657
72423  33.454  3.753  -32.384 0.8571428657
74447  32.169  6.102  -33.709 0.8571428657
75370  31.682  7.046  -34.233 0.8571428657
81713  29.681  13.749  -38.093 0.1428571492
78907  28.623  11.457  -39.359 0.5714285970
82561  28.569  15.492  -40.149 0.1428571492
83434  28.609  17.314  -39.457 0.1428571492
83440  28.898  17.178  -39.825 0.1428571492
80796  28.142  13.204  -39.505 0.1428571492
134007  27.568  14.102  -39.293 0.1428571492
82555  27.543  15.247  -38.376 0.1428571492
56896  33.187  -10.894  -22.351 0.1428571492
59038  31.744  -9.893  -25.079 0.5714285970
59039  30.806  -9.713  -24.968 0.5714285970
60030  29.021  -9.491  -25.196 0.2857142985
60040  31.288  -8.683  -25.864 0.5714285970
60041  30.554  -8.556  -26.024 0.5714285970
57997  29.131  -10.170  -24.948 0.4285714328
59051  31.172  -9.201  -25.209 0.5714285970
59053  29.772  -8.933  -25.510 0.4285714328
61006  32.276  -7.655  -26.800 0.4285714328
60994  31.941  -8.246  -26.480 0.5714285970
60051  31.305  -8.235  -26.489 0.5714285970
60995  30.414  -7.899  -26.299 0.4285714328
61900  31.550  -7.204  -27.113 0.5714285970
121110  31.231  -7.618  -26.617 0.4285714328
61899  32.275  -7.148  -27.234 0.7142857313
61913  31.705  -6.536  -27.328 0.4285714328
61912  32.144  -6.182  -27.254 0.4285714328
60042  29.905  -8.302  -25.741 0.4285714328
60043  28.903  -8.287  -25.253 0.2857142985
119993  32.564  -7.016  -26.912 0.7142857313
63744  32.248  -4.954  -27.860 0.7142857313
63746  30.439  -5.185  -27.492 0.4285714328
64715  31.576  -3.903  -28.496 0.7142857313
64716  30.823  -3.366  -28.592 0.5714285970
62840  32.351  -5.325  -27.318 0.5714285970
63760  31.709  -4.582  -28.188 0.7142857313
65620  32.271  -2.794  -28.892 0.7142857313
65635  31.788  -2.296  -29.265 0.7142857313
66528  32.146  -2.148  -30.024 0.7142857313
66529  31.054  -2.087  -29.804 0.7142857313
118710  30.382  -2.229  -29.226 0.4285714328
66542  30.641  -1.456  -30.193 0.4285714328
125899  32.341  -3.488  -28.598 0.5714285970
65619  32.975  -2.943  -28.866 0.5714285970
65634  32.655  -2.414  -29.545 0.5714285970
66541  32.779  -1.693  -30.498 0.7142857313
67487  32.421  -0.266  -31.539 0.7142857313
136001  31.076  -1.048  -30.642 0.7142857313
67488  31.033  -0.386  -31.252 0.5714285970
68428  31.329  0.368  -31.898 0.5714285970
67472  34.331  -1.926  -31.141 0.7142857313
66540  33.907  -2.213  -31.076 0.5714285970
66527  33.262  -2.084  -30.225 0.5714285970
68426  33.380  0.323  -32.205 0.8571428657
68427  32.235  0.677  -32.234 0.7142857313
68440  32.931  1.171  -32.629 0.7142857313
69403  31.479  0.890  -32.542 0.5714285970
68441  32.113  1.139  -33.140 0.7142857313
67474  33.403  -1.497  -31.138 0.7142857313
69417  32.832  1.558  -33.539 0.7142857313
69418  31.220  1.298  -33.199 0.5714285970
70464  31.120  2.347  -34.425 0.2857142985
68425  34.455  0.063  -32.092 0.7142857313
135161  33.460  1.548  -32.976 0.7142857313
131277  31.441  3.646  -35.230 0.7142857313
70462  32.648  2.101  -34.002 0.8571428657
69428  31.883  1.800  -33.921 0.8571428657
72452  32.123  4.090  -34.486 0.8571428657
116976  31.262  2.941  -34.910 0.5714285970
71475  30.840  3.666  -35.382 0.7142857313
70461  33.157  2.666  -33.635 0.8571428657
124626  32.702  3.337  -34.103 0.8571428657
72470  31.283  4.427  -35.183 0.8571428657
73471  30.916  5.141  -34.683 0.7142857313
76296  29.888  7.885  -36.547 0.7142857313
75383  29.758  7.645  -36.012 0.7142857313
75384  29.288  7.594  -36.316 0.7142857313
75390  29.369  7.655  -37.138 0.7142857313
76302  29.578  7.922  -37.385 0.7142857313
77172  29.093  8.625  -37.765 0.7142857313
76298  28.762  7.760  -37.187 0.7142857313
77173  28.858  9.317  -37.299 0.7142857313
117781  28.660  10.616  -36.916 0.7142857313
78027  28.491  9.938  -36.192 0.5714285970
78037  29.152  9.492  -37.587 0.7142857313
122240  28.945  10.420  -37.592 0.7142857313
78873  28.382  11.028  -35.788 0.5714285970
78893  28.321  11.139  -37.804 0.4285714328
78883  28.298  11.592  -36.668 0.5714285970
131200  28.320  11.371  -34.874 0.5714285970
78884  27.816  11.754  -37.551 0.5714285970
79799  28.062  11.919  -35.519 0.5714285970
78874  28.017  12.014  -34.499 0.5714285970
78867  27.973  11.183  -34.044 0.4285714328
116226  27.685  12.807  -34.034 0.5714285970
79807  27.881  12.696  -36.488 0.5714285970
79781  27.865  12.520  -33.046 0.4285714328
78013  27.516  10.610  -32.803 0.4285714328
118429  27.934  11.951  -33.575 0.5714285970
80725  27.245  13.829  -32.935 0.4285714328
63732  33.616  -4.504  -26.665 0.2857142985
65633  33.421  -2.273  -29.711 0.5714285970
114934  27.608  13.197  -33.248 0.4285714328
117302  27.592  13.073  -32.497 0.2857142985
57996  30.218  -10.218  -24.536 0.5714285970
60039  31.869  -8.524  -25.732 0.2857142985
60029  31.681  -8.970  -25.151 0.4285714328
59040  29.820  -9.617  -25.180 0.5714285970
60996  29.595  -7.662  -25.679 0.4285714328
60997  28.821  -7.148  -25.594 0.2857142985
61008  29.725  -6.927  -25.942 0.2857142985
62842  31.121  -5.877  -27.456 0.5714285970
64686  33.784  -3.933  -27.108 0.2857142985
64702  29.256  -3.878  -27.631 0.2857142985
65636  31.008  -2.347  -28.778 0.7142857313
70449  33.435  1.994  -33.445 0.8571428657
70463  31.978  2.336  -34.625 0.7142857313
74473  29.996  7.226  -35.159 0.7142857313
78022  28.424  10.599  -34.947 0.5714285970
116779  29.186  10.426  -37.653 0.5714285970
78900  28.542  11.187  -38.647 0.5714285970
79800  27.642  12.758  -35.192 0.5714285970
80751  27.104  13.620  -34.936 0.2857142985
61914  30.825  -6.532  -27.194 0.4285714328
130842  33.485  -2.517  -29.018 0.7142857313
64701  32.405  -4.349  -28.285 0.5714285970
67486  33.719  -0.674  -31.558 0.7142857313
67473  34.068  -1.872  -31.296 0.7142857313
121844  32.314  -6.243  -27.017 0.5714285970
73472  30.309  5.224  -34.523 0.7142857313
59052  30.517  -9.083  -25.465 0.5714285970
57985  29.411  -10.739  -24.064 0.5714285970
61007  31.953  -7.803  -26.880 0.5714285970
62841  31.915  -5.635  -27.460 0.5714285970
63745  31.429  -5.044  -27.670 0.7142857313
63761  30.705  -4.358  -28.173 0.5714285970
129042  29.743  -4.555  -27.582 0.4285714328
64717  29.992  -3.603  -28.278 0.2857142985
65621  31.621  -3.041  -28.753 0.7142857313
117213  31.577  -1.575  -30.281 0.7142857313
67475  32.053  -0.965  -30.760 0.7142857313
120158  30.439  0.267  -31.735 0.2857142985
69429  30.788  1.908  -33.728 0.5714285970
71464  32.008  3.078  -34.734 0.8571428657
76303  29.075  7.881  -37.635 0.7142857313
61902  29.372  -6.283  -26.781 0.1428571492
61915  29.688  -6.151  -27.124 0.4285714328
60011  33.841  -8.893  -23.981 0.1428571492
59036  33.076  -8.648  -24.507 0.1428571492
62813  33.365  -5.679  -25.623 0.1428571492
60027  33.824  -7.963  -24.197 0.1428571492
61863  33.490  -6.503  -25.187 0.1428571492
60975  33.548  -7.132  -24.671 0.1428571492
63714  33.628  -4.871  -25.730 0.1428571492
64698  34.075  -3.061  -26.938 0.2857142985
66501  34.442  -2.048  -27.900 0.1428571492
83397  26.722  16.704  -35.583 0.1428571492
84271  25.930  17.193  -34.990 0.1428571492
75376  29.431  7.070  -34.841 0.4285714328
75377  28.981  7.552  -35.456 0.4285714328
82529  24.617  16.219  -36.384 0.2857142985
81705  26.314  14.256  -35.944 0.2857142985
131556  27.215  13.453  -37.003 0.2857142985
80766  25.974  13.886  -36.984 0.2857142985
111899  27.979  7.796  -33.879 0.1428571492
75385  28.865  7.627  -36.685 0.5714285970
76304  28.836  8.220  -37.536 0.5714285970
82516  25.747  15.197  -34.812 0.2857142985
76285  28.186  8.321  -34.535 0.4285714328
131168  28.477  8.808  -35.180 0.5714285970
77158  27.986  9.241  -34.156 0.4285714328
81674  26.909  15.014  -33.784 0.1428571492
81692  26.464  14.460  -34.813 0.1428571492
77151  27.748  9.912  -33.348 0.1428571492
128913  27.693  10.666  -33.439 0.4285714328
81662  26.949  14.563  -32.444 0.1428571492
127281  25.323  15.942  -34.386 0.1428571492
129235  27.176  14.317  -31.282 0.1428571492
81675  26.197  15.439  -32.958 0.1428571492
81663  26.683  15.208  -31.875 0.1428571492
82477  26.961  15.371  -30.787 0.1428571492
127361  27.274  -12.067  -22.580 0.4285714328
57972  26.988  -10.690  -22.827 0.2857142985
74462  29.995  6.285  -34.351 0.2857142985
78899  29.036  11.062  -38.567 0.4285714328
80778  26.665  13.532  -37.773 0.2857142985
81706  25.440  14.548  -36.788 0.2857142985
82505  25.324  16.263  -33.286 0.2857142985
128024  26.593  -11.250  -22.632 0.2857142985
59023  33.714  -9.635  -23.720 0.1428571492
111901  27.362  9.248  -33.417 0.1428571492
111898  26.991  8.021  -33.280 0.2857142985
77164  28.420  9.612  -35.128 0.5714285970
79812  27.831  11.591  -38.552 0.4285714328
82528  24.989  15.921  -35.587 0.2857142985
81693  25.483  15.145  -35.963 0.2857142985
130576  25.943  14.244  -37.682 0.2857142985
81714  25.322  14.677  -37.476 0.2857142985
132073  24.415  16.524  -36.268 0.1428571492
83419  25.511  15.498  -37.512 0.1428571492
131064  26.038  15.880  -32.379 0.2857142985
83411  25.684  16.195  -36.645 0.1428571492
82545  25.451  15.085  -38.081 0.1428571492
82517  23.957  16.717  -35.835 0.2857142985
81721  25.675  14.779  -38.091 0.2857142985
82546  25.238  15.213  -37.679 0.1428571492
56901  27.930  -12.119  -23.149 0.4285714328
113772  33.786  -3.470  -27.670 0.4285714328
80779  26.563  13.870  -38.259 0.2857142985
76297  28.986  7.659  -37.252 0.5714285970
76292  28.678  7.968  -35.800 0.5714285970
77167  28.624  8.692  -36.487 0.5714285970
79813  27.598  12.713  -37.725 0.2857142985
113642  27.488  13.758  -32.055 0.2857142985
80740  27.275  13.838  -33.910 0.2857142985
74461  30.555  6.221  -34.365 0.5714285970
78018  28.092  10.212  -34.124 0.5714285970
80765  27.151  13.562  -36.067 0.2857142985
62812  34.210  -5.215  -25.171 0.1428571492
111897  27.526  8.622  -33.658 0.2857142985
63713  34.485  -4.469  -25.606 0.1428571492
73473  29.412  5.341  -34.178 0.2857142985
82536  25.070  15.283  -37.039 0.2857142985
83412  25.051  15.669  -36.808 0.2857142985
83398  24.853  17.140  -36.232 0.1428571492
129139  30.421  1.538  -33.055 0.2857142985
84248  24.823  17.452  -33.138 0.1428571492
82506  24.243  16.854  -34.506 0.1428571492
84249  24.324  18.519  -33.777 0.1428571492
83338  26.475  16.616  -30.109 0.1428571492
84240  25.337  18.111  -32.691 0.1428571492
83364  24.623  16.950  -33.447 0.1428571492
122369  25.603  17.156  -32.104 0.1428571492
84230  25.829  17.516  -31.093 0.1428571492
83363  25.507  16.567  -32.387 0.1428571492
85106  24.520  19.248  -33.504 0.1428571492
85883  26.566  19.032  -30.207 0.1428571492
85105  25.626  18.759  -31.951 0.1428571492
84224  26.418  17.470  -29.898 0.1428571492
116919  26.136  19.058  -31.075 0.1428571492
124489  23.940  17.350  -35.249 0.1428571492
116631  24.145  17.696  -34.277 0.1428571492
85095  26.184  18.346  -30.552 0.1428571492
85073  26.699  18.243  -29.587 0.1428571492
61882  32.462  -7.351  -26.330 0.4285714328
117667  30.805  -10.947  -23.847 0.2857142985
57995  31.412  -10.465  -24.510 0.2857142985
56907  29.861  -11.126  -23.385 0.2857142985
114471  31.932  -10.847  -23.910 0.1428571492
57971  30.581  -11.099  -22.853 0.1428571492
115027  28.464  7.686  -34.776 0.2857142985
56909  28.157  -11.631  -23.385 0.2857142985
56908  28.992  -11.420  -23.509 0.2857142985
59026  28.390  -10.855  -23.823 0.2857142985
115226  30.281  -5.931  -27.327 0.2857142985
62843  29.421  -5.487  -27.451 0.2857142985
64728  30.151  -2.823  -28.790 0.1428571492
66530  30.163  -1.830  -29.638 0.2857142985
67476  30.338  -0.641  -30.557 0.1428571492
69419  29.840  2.053  -33.444 0.1428571492
116508  30.257  2.314  -34.164 0.1428571492
71465  30.340  2.855  -34.633 0.1428571492
71476  30.028  3.657  -34.732 0.1428571492
72453  29.278  3.852  -34.067 0.1428571492
74449  27.958  6.172  -34.018 0.1428571492
128401  28.503  7.055  -34.311 0.1428571492
74450  27.750  7.040  -33.589 0.1428571492
78860  27.631  11.259  -33.185 0.1428571492
120472  27.875  11.861  -32.863 0.1428571492
78007  27.473  10.652  -32.166 0.1428571492
79767  27.726  12.202  -32.225 0.1428571492
56899  29.686  -11.691  -22.834 0.1428571492
72471  30.647  4.333  -35.120 0.2857142985
124275  28.950  4.660  -33.839 0.1428571492
55912  26.036  -11.761  -22.355 0.2857142985
61901  30.478  -6.872  -26.496 0.2857142985
67489  29.988  0.075  -31.052 0.1428571492
68429  29.505  0.632  -31.891 0.1428571492
68442  30.587  0.947  -32.360 0.1428571492
70451  28.760  1.841  -32.587 0.1428571492
70450  29.200  2.294  -33.336 0.1428571492
70465  29.609  2.521  -34.029 0.1428571492
70466  29.037  2.815  -33.660 0.1428571492
122213  27.503  6.219  -33.409 0.1428571492
78855  27.634  11.320  -32.468 0.1428571492
61926  28.641  -5.941  -27.941 0.2857142985
56900  28.655  -12.088  -23.104 0.2857142985
72472  29.769  4.493  -34.490 0.1428571492
74463  29.015  6.246  -34.137 0.1428571492
57986  27.621  -10.773  -23.344 0.2857142985
63747  28.922  -4.492  -27.544 0.1428571492
71466  29.412  3.044  -34.244 0.1428571492
127355  28.748  2.666  -32.731 0.1428571492
56889  25.268  -11.611  -22.251 0.1428571492
57954  24.916  -11.230  -22.303 0.1428571492
56902  25.633  -11.211  -22.586 0.1428571492
66500  35.021  -1.369  -27.860 0.1428571492
78017  30.630  10.844  -33.672 0.1428571492
128240  25.456  -12.040  -21.937 0.1428571492
134257  28.547  -10.397  -24.439 0.1428571492
60031  28.294  -8.970  -24.617 0.1428571492
78016  30.920  10.070  -33.101 0.1428571492
78872  30.452  11.549  -34.352 0.1428571492
55900  26.714  -12.213  -21.813 0.1428571492
66511  35.191  -0.788  -28.665 0.1428571492
59041  28.390  -9.895  -24.709 0.1428571492
56910  27.500  -11.614  -23.070 0.1428571492
59027  27.711  -10.174  -24.038 0.1428571492
69420  29.267  1.814  -32.845 0.1428571492
71463  32.449  2.563  -34.299 0.7142857313
82567  28.782  16.318  -39.903 0.1428571492
83435  28.541  16.727  -39.649 0.1428571492
84305  28.625  17.884  -39.854 0.1428571492
132951  29.929  -4.043  -27.848 0.2857142985
