#!ascii label  , from subject sub-003S6257 vox2ras=TkReg
209
67486  33.719  -0.674  -31.558 0.0000000000
60994  31.941  -8.246  -26.480 0.0000000000
131277  31.441  3.646  -35.230 0.0000000000
79799  28.062  11.919  -35.519 0.0000000000
59052  30.517  -9.083  -25.465 0.0000000000
73455  32.110  5.714  -34.163 0.0000000000
76291  30.616  8.443  -35.540 0.0000000000
66529  31.054  -2.087  -29.804 0.0000000000
64701  32.405  -4.349  -28.285 0.0000000000
130842  33.485  -2.517  -29.018 0.0000000000
69401  34.970  1.536  -31.675 0.0000000000
67462  34.897  -1.058  -30.852 0.0000000000
69417  32.832  1.558  -33.539 0.0000000000
72435  33.070  4.246  -32.853 0.0000000000
77167  28.624  8.692  -36.487 0.0000000000
78030  29.937  9.744  -37.400 0.0000000000
61898  32.662  -5.955  -26.400 0.0000000000
74472  30.510  7.081  -35.035 0.0000000000
75383  29.758  7.645  -36.012 0.0000000000
66541  32.779  -1.693  -30.498 0.0000000000
65634  32.655  -2.414  -29.545 0.0000000000
66540  33.907  -2.213  -31.076 0.0000000000
60040  31.288  -8.683  -25.864 0.0000000000
70463  31.978  2.336  -34.625 0.0000000000
70461  33.157  2.666  -33.635 0.0000000000
124626  32.702  3.337  -34.103 0.0000000000
75362  31.777  7.633  -33.486 0.0000000000
134602  32.131  6.501  -33.020 0.0000000000
118429  27.934  11.951  -33.575 0.0000000000
78018  28.092  10.212  -34.124 0.0000000000
78873  28.382  11.028  -35.788 0.0000000000
80797  28.057  12.743  -39.355 0.0000000000
79816  29.050  11.640  -39.383 0.0000000000
116779  29.186  10.426  -37.653 0.0000000000
78892  29.735  11.068  -37.642 0.0000000000
130489  30.416  10.368  -36.461 0.0000000000
64700  32.879  -4.635  -27.902 0.0000000000
62840  32.351  -5.325  -27.318 0.0000000000
59040  29.820  -9.617  -25.180 0.0000000000
72469  32.091  5.046  -34.423 0.0000000000
74460  30.999  6.184  -34.406 0.0000000000
75375  31.288  7.082  -34.803 0.0000000000
77162  31.364  8.988  -34.689 0.0000000000
64716  30.823  -3.366  -28.592 0.0000000000
65621  31.621  -3.041  -28.753 0.0000000000
65619  32.975  -2.943  -28.866 0.0000000000
65611  33.510  -3.221  -28.354 0.0000000000
68425  34.455  0.063  -32.092 0.0000000000
67472  34.331  -1.926  -31.141 0.0000000000
68414  35.215  -0.235  -31.539 0.0000000000
67487  32.421  -0.266  -31.539 0.0000000000
69403  31.479  0.890  -32.542 0.0000000000
68426  33.380  0.323  -32.205 0.0000000000
69416  33.966  1.802  -32.701 0.0000000000
71442  34.141  2.908  -32.453 0.0000000000
128864  33.510  4.274  -31.628 0.0000000000
123226  32.652  4.849  -33.987 0.0000000000
73418  32.868  5.451  -32.042 0.0000000000
76292  28.678  7.968  -35.800 0.0000000000
78884  27.816  11.754  -37.551 0.0000000000
122240  28.945  10.420  -37.592 0.0000000000
77172  29.093  8.625  -37.765 0.0000000000
76303  29.075  7.881  -37.635 0.0000000000
77166  30.137  8.541  -36.638 0.0000000000
77163  30.884  9.472  -35.500 0.0000000000
61900  31.550  -7.204  -27.113 0.0000000000
63745  31.429  -5.044  -27.670 0.0000000000
66525  34.353  -1.983  -30.494 0.0000000000
65618  33.902  -2.430  -28.654 0.0000000000
74473  29.996  7.226  -35.159 0.0000000000
75384  29.288  7.594  -36.316 0.0000000000
67474  33.403  -1.497  -31.138 0.0000000000
57985  29.411  -10.739  -24.064 0.0000000000
57996  30.218  -10.218  -24.536 0.0000000000
60039  31.869  -8.524  -25.732 0.0000000000
116976  31.262  2.941  -34.910 0.0000000000
71464  32.008  3.078  -34.734 0.0000000000
76278  31.563  8.416  -32.958 0.0000000000
78874  28.017  12.014  -34.499 0.0000000000
131200  28.320  11.371  -34.874 0.0000000000
78882  30.535  11.606  -36.935 0.0000000000
63743  33.327  -4.454  -27.484 0.0000000000
63733  32.972  -4.839  -27.226 0.0000000000
60051  31.305  -8.235  -26.489 0.0000000000
73471  30.916  5.141  -34.683 0.0000000000
73472  30.309  5.224  -34.523 0.0000000000
75382  30.366  7.721  -35.342 0.0000000000
76290  31.203  8.063  -34.792 0.0000000000
80751  27.104  13.620  -34.936 0.0000000000
65636  31.008  -2.347  -28.778 0.0000000000
65635  31.788  -2.296  -29.265 0.0000000000
65633  33.421  -2.273  -29.711 0.0000000000
65620  32.271  -2.794  -28.892 0.0000000000
64714  32.999  -3.912  -28.384 0.0000000000
59039  30.806  -9.713  -24.968 0.0000000000
69402  34.434  1.172  -32.106 0.0000000000
69390  35.062  0.720  -31.628 0.0000000000
67488  31.033  -0.386  -31.252 0.0000000000
69418  31.220  1.298  -33.199 0.0000000000
68441  32.113  1.139  -33.140 0.0000000000
68427  32.235  0.677  -32.234 0.0000000000
68440  32.931  1.171  -32.629 0.0000000000
135161  33.460  1.548  -32.976 0.0000000000
71453  33.214  3.569  -33.314 0.0000000000
70448  33.966  2.425  -33.057 0.0000000000
135758  33.832  3.034  -33.164 0.0000000000
72423  33.454  3.753  -32.384 0.0000000000
115383  32.506  5.490  -33.801 0.0000000000
74431  32.478  5.905  -32.815 0.0000000000
73417  33.481  5.091  -31.307 0.0000000000
77164  28.420  9.612  -35.128 0.0000000000
77158  27.986  9.241  -34.156 0.0000000000
131168  28.477  8.808  -35.180 0.0000000000
79817  28.218  11.765  -39.328 0.0000000000
80777  27.633  12.820  -38.627 0.0000000000
78893  28.321  11.139  -37.804 0.0000000000
78036  29.420  9.394  -37.584 0.0000000000
78037  29.152  9.492  -37.587 0.0000000000
77171  29.550  8.642  -37.505 0.0000000000
76302  29.578  7.922  -37.385 0.0000000000
120890  30.609  10.965  -35.494 0.0000000000
133631  30.728  10.219  -35.762 0.0000000000
78021  30.792  10.554  -34.794 0.0000000000
77157  31.081  9.901  -34.263 0.0000000000
64715  31.576  -3.903  -28.496 0.0000000000
63761  30.705  -4.358  -28.173 0.0000000000
63760  31.709  -4.582  -28.188 0.0000000000
62829  32.549  -5.411  -26.832 0.0000000000
121844  32.314  -6.243  -27.017 0.0000000000
119993  32.564  -7.016  -26.912 0.0000000000
74461  30.555  6.221  -34.365 0.0000000000
76296  29.888  7.885  -36.547 0.0000000000
117213  31.577  -1.575  -30.281 0.0000000000
66528  32.146  -2.148  -30.024 0.0000000000
66527  33.262  -2.084  -30.225 0.0000000000
59051  31.172  -9.201  -25.209 0.0000000000
59038  31.744  -9.893  -25.079 0.0000000000
60029  31.681  -8.970  -25.151 0.0000000000
59037  32.470  -9.436  -24.692 0.0000000000
70422  35.361  2.263  -31.468 0.0000000000
69389  35.736  1.491  -31.393 0.0000000000
69429  30.788  1.908  -33.728 0.0000000000
69428  31.883  1.800  -33.921 0.0000000000
70462  32.648  2.101  -34.002 0.0000000000
72436  32.851  4.216  -33.644 0.0000000000
75369  31.905  6.770  -33.614 0.0000000000
74447  32.169  6.102  -33.709 0.0000000000
75361  32.055  7.168  -32.757 0.0000000000
78022  28.424  10.599  -34.947 0.0000000000
78027  28.491  9.938  -36.192 0.0000000000
79821  28.467  11.965  -39.738 0.0000000000
78907  28.623  11.457  -39.359 0.0000000000
78900  28.542  11.187  -38.647 0.0000000000
78035  29.567  10.329  -37.641 0.0000000000
78891  30.237  10.659  -37.218 0.0000000000
124994  30.520  11.063  -36.332 0.0000000000
63744  32.248  -4.954  -27.860 0.0000000000
57997  29.131  -10.170  -24.948 0.0000000000
60041  30.554  -8.556  -26.024 0.0000000000
71475  30.840  3.666  -35.382 0.0000000000
72470  31.283  4.427  -35.183 0.0000000000
73470  31.481  5.423  -34.452 0.0000000000
74448  31.641  6.311  -34.196 0.0000000000
75370  31.682  7.046  -34.233 0.0000000000
117175  31.613  7.645  -34.358 0.0000000000
76284  31.579  8.465  -33.920 0.0000000000
116226  27.685  12.807  -34.034 0.0000000000
79800  27.642  12.758  -35.192 0.0000000000
125899  32.341  -3.488  -28.598 0.0000000000
64699  33.370  -4.017  -27.879 0.0000000000
67473  34.068  -1.872  -31.296 0.0000000000
117359  34.497  -0.921  -31.394 0.0000000000
132690  34.930  -0.916  -31.182 0.0000000000
68402  35.659  -0.184  -31.023 0.0000000000
124453  35.762  0.583  -31.263 0.0000000000
67461  35.606  -0.215  -30.330 0.0000000000
136001  31.076  -1.048  -30.642 0.0000000000
67475  32.053  -0.965  -30.760 0.0000000000
68428  31.329  0.368  -31.898 0.0000000000
68439  33.762  1.106  -32.382 0.0000000000
70449  33.435  1.994  -33.445 0.0000000000
70436  34.477  2.117  -32.128 0.0000000000
71441  34.552  2.874  -31.533 0.0000000000
72422  33.939  3.605  -31.604 0.0000000000
72452  32.123  4.090  -34.486 0.0000000000
73438  32.820  4.997  -33.043 0.0000000000
73437  33.038  4.602  -32.123 0.0000000000
75385  28.865  7.627  -36.685 0.0000000000
79807  27.881  12.696  -36.488 0.0000000000
78883  28.298  11.592  -36.668 0.0000000000
117781  28.660  10.616  -36.916 0.0000000000
77173  28.858  9.317  -37.299 0.0000000000
76304  28.836  8.220  -37.536 0.0000000000
76298  28.762  7.760  -37.187 0.0000000000
76297  28.986  7.659  -37.252 0.0000000000
75390  29.369  7.655  -37.138 0.0000000000
78026  30.264  9.494  -36.580 0.0000000000
77156  31.272  9.299  -33.803 0.0000000000
61007  31.953  -7.803  -26.880 0.0000000000
62842  31.121  -5.877  -27.456 0.0000000000
62841  31.915  -5.635  -27.460 0.0000000000
61913  31.705  -6.536  -27.328 0.0000000000
61899  32.275  -7.148  -27.234 0.0000000000
61006  32.276  -7.655  -26.800 0.0000000000
66526  34.007  -2.286  -30.694 0.0000000000
66513  33.923  -2.227  -29.736 0.0000000000
66512  34.434  -1.742  -29.074 0.0000000000
65610  34.089  -2.829  -27.817 0.0000000000
71463  32.449  2.563  -34.299 0.0000000000
