#!ascii label  , from subject FTD-FPD109 vox2ras=TkReg
952
53858  -31.540  -51.435  57.376 0.0000000000
45387  -15.653  -58.557  58.569 0.0000000000
53826  -22.280  -51.481  57.713 0.0000000000
80980  -42.458  -26.631  44.353 0.0000000000
80016  -50.299  -28.885  40.391 0.0000000000
49106  -8.089  -54.670  64.721 0.0000000000
78905  -39.689  -29.101  48.126 0.0000000000
57304  -33.897  -48.712  56.343 0.0000000000
53854  -27.256  -51.672  57.310 0.0000000000
47800  -11.538  -56.315  60.778 0.0000000000
45271  -10.926  -59.075  63.633 0.0000000000
56124  -27.443  -49.344  55.173 0.0000000000
58492  -28.406  -47.817  53.941 0.0000000000
49264  -19.874  -55.519  56.836 0.0000000000
57299  -24.339  -48.449  56.282 0.0000000000
69939  -34.865  -37.492  47.005 0.0000000000
73487  -37.831  -34.417  46.073 0.0000000000
76703  -41.334  -31.657  43.776 0.0000000000
43054  -3.522  -60.561  67.575 0.0000000000
41810  -2.478  -61.956  71.593 0.0000000000
62035  -28.638  -44.758  53.204 0.0000000000
61020  -31.288  -46.034  49.364 0.0000000000
64321  -33.208  -42.268  47.185 0.0000000000
44170  -6.703  -59.870  64.552 0.0000000000
44237  -15.513  -60.236  61.116 0.0000000000
44252  -17.979  -60.174  60.120 0.0000000000
53856  -29.373  -51.499  57.310 0.0000000000
49195  -14.686  -55.103  59.743 0.0000000000
46536  -13.807  -57.549  59.576 0.0000000000
45329  -13.245  -58.645  61.380 0.0000000000
56075  -27.812  -48.859  57.942 0.0000000000
56108  -25.909  -49.217  55.885 0.0000000000
73472  -33.968  -34.432  47.839 0.0000000000
72349  -36.873  -35.790  46.517 0.0000000000
75554  -35.736  -32.488  46.885 0.0000000000
77834  -39.621  -29.962  44.278 0.0000000000
78928  -41.019  -29.081  43.139 0.0000000000
77844  -43.424  -30.901  42.890 0.0000000000
78943  -43.681  -28.589  41.613 0.0000000000
78946  -46.289  -29.640  41.227 0.0000000000
62005  -26.534  -45.042  55.610 0.0000000000
59724  -29.282  -46.693  53.515 0.0000000000
63095  -25.686  -43.611  54.344 0.0000000000
65452  -28.025  -42.121  50.307 0.0000000000
64292  -29.733  -42.276  49.194 0.0000000000
62144  -32.012  -44.579  47.899 0.0000000000
65490  -31.302  -41.251  47.989 0.0000000000
67742  -31.799  -38.896  48.499 0.0000000000
51590  -21.437  -53.295  57.484 0.0000000000
46433  -5.403  -57.124  65.593 0.0000000000
46450  -6.881  -57.515  63.631 0.0000000000
39207  -1.560  -63.995  71.953 0.0000000000
37796  -0.203  -64.460  74.489 0.0000000000
76634  -37.872  -30.985  49.029 0.0000000000
59665  -33.875  -46.845  56.384 0.0000000000
55001  -24.381  -51.176  57.304 0.0000000000
49169  -9.579  -55.477  61.775 0.0000000000
46464  -8.397  -57.281  62.446 0.0000000000
45309  -11.050  -58.217  62.266 0.0000000000
80024  -51.589  -29.005  39.401 0.0000000000
55045  -29.267  -50.869  54.726 0.0000000000
55069  -30.460  -50.171  54.190 0.0000000000
57322  -28.374  -48.749  54.508 0.0000000000
49240  -16.232  -55.457  57.623 0.0000000000
46588  -18.275  -57.270  57.400 0.0000000000
50461  -17.893  -54.203  56.835 0.0000000000
53870  -19.311  -51.657  56.738 0.0000000000
55021  -20.805  -50.349  56.704 0.0000000000
58420  -22.153  -47.160  58.289 0.0000000000
56119  -22.754  -49.284  55.724 0.0000000000
55062  -24.517  -50.337  54.784 0.0000000000
53912  -27.024  -51.158  54.560 0.0000000000
65505  -36.583  -41.095  47.435 0.0000000000
76681  -37.390  -30.770  45.759 0.0000000000
74529  -39.618  -33.102  45.166 0.0000000000
77875  -48.442  -30.572  40.833 0.0000000000
41850  -3.011  -61.606  69.323 0.0000000000
39232  -2.105  -63.782  69.811 0.0000000000
57325  -31.033  -48.467  53.873 0.0000000000
59706  -31.238  -46.419  54.539 0.0000000000
60931  -32.047  -46.019  53.729 0.0000000000
64218  -26.811  -42.446  52.090 0.0000000000
60991  -29.206  -45.383  51.130 0.0000000000
59766  -32.484  -46.761  51.853 0.0000000000
60996  -34.270  -46.189  50.204 0.0000000000
62128  -35.065  -44.782  48.889 0.0000000000
64310  -36.259  -42.735  47.814 0.0000000000
66637  -33.728  -40.361  46.790 0.0000000000
71103  -32.565  -36.632  48.163 0.0000000000
45354  -20.474  -58.877  60.236 0.0000000000
45235  -4.251  -57.902  67.184 0.0000000000
43091  -4.825  -60.357  65.523 0.0000000000
44188  -8.892  -59.493  64.237 0.0000000000
37793  1.767  -64.116  74.959 0.0000000000
45368  -15.238  -58.984  59.457 0.0000000000
44251  -16.971  -60.272  60.207 0.0000000000
45370  -17.095  -59.219  59.047 0.0000000000
53857  -30.464  -51.426  57.348 0.0000000000
49238  -14.856  -56.362  58.481 0.0000000000
49217  -14.217  -55.922  59.158 0.0000000000
45385  -14.456  -57.968  58.944 0.0000000000
45350  -14.228  -58.804  60.342 0.0000000000
74480  -34.747  -33.254  48.639 0.0000000000
74496  -35.089  -33.122  47.466 0.0000000000
74481  -35.743  -32.647  48.785 0.0000000000
80967  -41.506  -27.048  45.122 0.0000000000
79966  -40.483  -28.242  44.045 0.0000000000
79976  -42.046  -27.451  42.970 0.0000000000
78934  -42.244  -29.156  42.261 0.0000000000
81002  -43.072  -27.427  42.200 0.0000000000
81003  -44.069  -27.033  42.069 0.0000000000
62004  -26.023  -44.097  55.458 0.0000000000
65454  -29.362  -41.001  50.484 0.0000000000
64308  -30.942  -42.050  48.473 0.0000000000
64294  -31.293  -40.175  50.252 0.0000000000
65477  -31.622  -39.722  50.130 0.0000000000
52690  -22.038  -51.969  57.974 0.0000000000
51579  -22.256  -53.535  58.529 0.0000000000
52691  -22.502  -52.538  58.527 0.0000000000
47730  -6.664  -55.712  64.824 0.0000000000
49127  -7.200  -55.973  63.825 0.0000000000
78956  -50.368  -29.753  39.953 0.0000000000
37809  -0.947  -64.764  72.730 0.0000000000
56095  -35.253  -49.488  57.710 0.0000000000
58464  -33.783  -47.690  56.481 0.0000000000
53852  -25.172  -51.369  57.277 0.0000000000
53831  -26.552  -51.730  58.369 0.0000000000
50417  -12.227  -54.709  60.447 0.0000000000
50404  -11.209  -54.268  61.457 0.0000000000
50391  -10.539  -53.999  62.732 0.0000000000
49171  -11.023  -55.265  60.937 0.0000000000
47783  -9.997  -56.783  61.580 0.0000000000
46496  -11.134  -56.958  61.313 0.0000000000
44224  -14.485  -60.023  62.266 0.0000000000
45311  -12.938  -59.096  62.540 0.0000000000
55067  -28.578  -50.481  54.313 0.0000000000
56138  -29.060  -49.448  53.929 0.0000000000
56125  -28.061  -49.016  55.198 0.0000000000
50447  -16.797  -54.216  58.018 0.0000000000
50460  -17.276  -54.650  57.099 0.0000000000
51577  -17.484  -52.951  58.232 0.0000000000
53847  -18.494  -51.690  57.198 0.0000000000
56089  -19.023  -49.456  57.751 0.0000000000
55020  -19.850  -50.554  56.747 0.0000000000
57295  -20.212  -48.788  56.978 0.0000000000
57261  -23.989  -47.838  58.296 0.0000000000
58442  -23.209  -47.521  57.403 0.0000000000
57297  -22.186  -48.587  56.107 0.0000000000
57298  -23.310  -48.314  56.092 0.0000000000
55042  -23.706  -50.206  55.315 0.0000000000
56121  -24.363  -49.751  54.912 0.0000000000
56123  -26.508  -49.463  55.131 0.0000000000
56135  -26.086  -49.904  54.484 0.0000000000
55066  -27.544  -50.452  54.204 0.0000000000
53896  -28.506  -51.237  55.194 0.0000000000
67754  -36.239  -39.367  47.202 0.0000000000
67755  -37.334  -39.450  47.548 0.0000000000
68841  -36.662  -38.516  47.157 0.0000000000
72369  -37.397  -35.084  46.335 0.0000000000
72350  -37.988  -35.986  46.585 0.0000000000
77798  -39.221  -29.603  48.659 0.0000000000
77796  -37.326  -30.331  47.656 0.0000000000
78911  -38.084  -29.329  46.749 0.0000000000
76702  -40.263  -30.971  43.792 0.0000000000
75615  -39.155  -31.331  44.509 0.0000000000
75617  -40.677  -32.018  44.211 0.0000000000
74530  -40.717  -33.127  45.310 0.0000000000
78947  -47.245  -29.706  40.899 0.0000000000
80001  -47.835  -28.831  40.725 0.0000000000
80013  -48.320  -29.520  40.589 0.0000000000
44143  -3.569  -59.422  68.501 0.0000000000
44136  -3.401  -59.420  69.676 0.0000000000
41876  -3.212  -61.567  68.202 0.0000000000
37868  -2.806  -64.143  68.492 0.0000000000
36454  -2.059  -65.593  69.874 0.0000000000
57337  -29.532  -48.442  53.499 0.0000000000
56140  -30.989  -49.579  54.105 0.0000000000
57324  -30.193  -48.274  53.479 0.0000000000
60927  -28.831  -45.735  53.455 0.0000000000
59704  -29.866  -46.337  53.815 0.0000000000
60906  -30.138  -45.895  53.996 0.0000000000
60908  -31.649  -45.930  54.487 0.0000000000
60929  -30.321  -45.568  53.414 0.0000000000
66557  -26.512  -40.781  52.492 0.0000000000
62125  -29.269  -44.717  49.577 0.0000000000
62102  -28.387  -44.072  50.690 0.0000000000
61018  -29.341  -45.374  50.283 0.0000000000
59786  -31.215  -46.537  51.492 0.0000000000
60994  -32.069  -46.526  50.119 0.0000000000
59789  -33.595  -46.655  50.725 0.0000000000
61021  -32.424  -45.994  49.169 0.0000000000
63209  -32.894  -43.067  47.276 0.0000000000
62146  -33.917  -44.476  48.034 0.0000000000
63197  -34.387  -43.767  47.780 0.0000000000
63198  -35.580  -43.654  48.187 0.0000000000
63211  -34.787  -43.074  47.473 0.0000000000
65503  -34.507  -41.344  46.922 0.0000000000
65502  -33.421  -41.380  46.924 0.0000000000
68814  -31.883  -38.053  49.232 0.0000000000
68827  -32.057  -38.186  48.121 0.0000000000
69913  -32.286  -37.279  49.937 0.0000000000
47885  -18.856  -56.576  57.082 0.0000000000
46539  -19.360  -58.345  58.949 0.0000000000
46563  -20.272  -57.238  58.472 0.0000000000
45254  -5.424  -58.312  65.040 0.0000000000
45253  -4.870  -58.603  65.681 0.0000000000
43092  -5.630  -60.347  65.121 0.0000000000
45285  -9.655  -58.542  62.842 0.0000000000
45283  -7.999  -58.414  63.103 0.0000000000
44189  -9.816  -59.453  64.282 0.0000000000
44225  -15.094  -60.270  61.824 0.0000000000
43146  -16.747  -60.957  61.986 0.0000000000
43160  -18.125  -60.973  61.169 0.0000000000
43161  -19.227  -60.869  61.058 0.0000000000
53855  -28.298  -51.617  57.311 0.0000000000
53832  -27.618  -51.796  58.377 0.0000000000
49173  -14.254  -54.703  60.466 0.0000000000
49216  -13.408  -55.850  59.564 0.0000000000
47817  -12.436  -56.555  60.264 0.0000000000
46498  -12.467  -57.616  60.887 0.0000000000
46499  -13.103  -57.953  60.629 0.0000000000
45330  -13.992  -59.154  61.162 0.0000000000
56092  -27.795  -49.104  57.003 0.0000000000
56093  -28.213  -48.710  56.665 0.0000000000
57262  -25.292  -48.319  58.437 0.0000000000
57300  -25.317  -48.776  56.571 0.0000000000
56091  -27.112  -49.183  57.542 0.0000000000
71123  -34.125  -36.574  47.162 0.0000000000
71124  -35.152  -36.483  46.904 0.0000000000
73473  -34.668  -34.291  47.211 0.0000000000
73484  -35.359  -34.071  46.628 0.0000000000
74509  -36.381  -33.313  46.004 0.0000000000
78920  -38.983  -29.053  45.854 0.0000000000
78921  -39.694  -28.513  45.639 0.0000000000
78927  -40.510  -29.132  43.637 0.0000000000
77842  -41.625  -30.434  43.025 0.0000000000
76724  -42.983  -31.427  43.499 0.0000000000
77843  -42.465  -30.714  42.903 0.0000000000
77855  -43.853  -30.331  42.294 0.0000000000
78937  -44.971  -30.128  41.880 0.0000000000
78945  -45.185  -29.579  41.535 0.0000000000
81014  -44.999  -27.752  41.422 0.0000000000
41921  -4.341  -61.913  66.209 0.0000000000
41899  -3.407  -61.793  67.284 0.0000000000
39270  -4.312  -63.394  66.838 0.0000000000
59684  -27.547  -46.684  54.986 0.0000000000
59723  -28.096  -46.752  53.469 0.0000000000
60905  -26.491  -45.905  54.350 0.0000000000
60925  -26.983  -45.210  53.389 0.0000000000
62034  -27.594  -44.264  53.113 0.0000000000
66577  -27.746  -40.862  51.296 0.0000000000
65429  -28.622  -40.759  50.949 0.0000000000
64291  -28.912  -42.934  49.505 0.0000000000
62126  -30.017  -44.615  48.805 0.0000000000
61038  -31.658  -45.435  48.478 0.0000000000
63193  -30.322  -43.260  48.507 0.0000000000
64319  -31.656  -42.259  47.731 0.0000000000
65500  -31.956  -41.514  47.516 0.0000000000
66636  -32.525  -40.399  47.181 0.0000000000
66614  -31.411  -40.366  48.305 0.0000000000
49265  -20.672  -54.868  57.088 0.0000000000
49241  -20.929  -55.566  57.726 0.0000000000
49220  -22.042  -55.303  58.711 0.0000000000
46434  -5.847  -57.275  64.896 0.0000000000
45266  -6.496  -58.439  64.002 0.0000000000
39208  -1.906  -63.348  71.358 0.0000000000
40539  -1.927  -62.091  72.956 0.0000000000
40549  -1.594  -63.295  72.600 0.0000000000
39189  -1.075  -63.648  73.683 0.0000000000
40531  -0.568  -63.165  74.642 0.0000000000
60872  -33.841  -46.286  55.797 0.0000000000
54976  -23.267  -51.010  57.586 0.0000000000
53800  -23.449  -51.779  58.640 0.0000000000
50377  -9.551  -54.132  63.570 0.0000000000
49149  -9.107  -55.077  62.507 0.0000000000
47765  -7.962  -56.511  62.785 0.0000000000
47781  -8.605  -56.325  62.234 0.0000000000
46478  -9.698  -57.277  61.849 0.0000000000
45286  -10.569  -58.673  62.928 0.0000000000
46481  -12.053  -57.829  61.451 0.0000000000
45288  -12.409  -59.059  63.016 0.0000000000
44207  -12.175  -59.286  63.606 0.0000000000
78957  -50.699  -29.201  39.914 0.0000000000
53880  -31.143  -51.251  56.412 0.0000000000
55028  -31.795  -50.885  55.659 0.0000000000
55068  -29.617  -50.280  54.141 0.0000000000
56153  -29.136  -49.030  53.831 0.0000000000
57335  -28.465  -48.333  54.196 0.0000000000
57302  -28.341  -48.302  56.215 0.0000000000
58474  -28.364  -47.961  55.638 0.0000000000
59685  -28.147  -47.249  55.488 0.0000000000
60888  -27.735  -46.319  55.833 0.0000000000
46585  -15.789  -57.378  57.792 0.0000000000
46560  -17.079  -58.130  57.971 0.0000000000
47883  -16.746  -56.666  57.248 0.0000000000
49262  -17.641  -55.565  56.748 0.0000000000
49280  -19.026  -55.276  56.455 0.0000000000
52697  -17.925  -52.316  57.554 0.0000000000
51588  -18.568  -53.027  56.718 0.0000000000
50476  -19.725  -54.089  56.487 0.0000000000
52706  -20.126  -52.333  56.627 0.0000000000
52699  -20.915  -51.981  57.042 0.0000000000
53849  -21.687  -51.359  57.301 0.0000000000
58419  -21.191  -47.142  58.686 0.0000000000
57296  -20.903  -48.449  56.702 0.0000000000
56105  -21.370  -49.468  56.439 0.0000000000
55023  -22.563  -50.334  56.539 0.0000000000
55024  -23.347  -50.528  56.104 0.0000000000
53873  -24.651  -51.196  56.015 0.0000000000
53893  -25.649  -51.386  55.418 0.0000000000
56122  -25.498  -49.516  55.017 0.0000000000
53911  -26.125  -51.158  54.672 0.0000000000
53894  -26.524  -51.474  55.375 0.0000000000
53877  -27.904  -51.554  56.255 0.0000000000
53897  -29.398  -51.177  55.406 0.0000000000
49219  -15.877  -55.188  58.429 0.0000000000
69941  -37.116  -37.688  47.039 0.0000000000
75556  -36.908  -31.318  48.256 0.0000000000
76649  -36.419  -31.380  46.615 0.0000000000
75594  -37.026  -32.493  45.659 0.0000000000
77832  -38.384  -30.248  45.243 0.0000000000
75596  -38.815  -31.966  44.705 0.0000000000
74528  -38.429  -32.986  45.227 0.0000000000
74513  -40.390  -33.772  45.862 0.0000000000
77876  -49.375  -30.932  40.706 0.0000000000
78955  -49.477  -30.000  40.274 0.0000000000
80015  -49.545  -29.028  40.356 0.0000000000
43032  -3.128  -60.463  70.100 0.0000000000
41825  -2.787  -61.577  70.649 0.0000000000
40614  -2.923  -62.354  68.499 0.0000000000
40600  -2.445  -62.949  69.406 0.0000000000
40582  -2.345  -62.661  70.340 0.0000000000
39218  -1.719  -64.056  70.740 0.0000000000
55048  -32.159  -50.205  55.190 0.0000000000
56127  -32.667  -49.622  55.226 0.0000000000
57317  -32.606  -48.581  55.150 0.0000000000
59725  -29.964  -46.914  53.640 0.0000000000
58483  -31.151  -47.276  54.221 0.0000000000
58476  -32.424  -47.299  55.294 0.0000000000
59687  -32.576  -46.386  55.546 0.0000000000
60890  -32.881  -45.928  55.314 0.0000000000
60910  -33.189  -46.182  54.549 0.0000000000
63105  -26.700  -43.518  53.045 0.0000000000
62056  -27.801  -43.817  52.553 0.0000000000
64238  -27.315  -42.425  51.231 0.0000000000
63133  -27.949  -43.617  51.551 0.0000000000
60947  -29.620  -45.376  52.304 0.0000000000
60949  -30.942  -45.904  52.697 0.0000000000
59744  -32.111  -46.454  52.776 0.0000000000
61022  -33.616  -45.722  49.091 0.0000000000
61023  -34.732  -45.482  49.370 0.0000000000
65491  -36.837  -41.993  47.675 0.0000000000
66639  -35.864  -40.263  47.148 0.0000000000
68839  -34.529  -38.431  46.967 0.0000000000
67751  -33.133  -39.342  47.140 0.0000000000
68838  -33.558  -38.424  47.125 0.0000000000
69938  -33.868  -37.505  47.120 0.0000000000
72329  -33.135  -35.563  48.097 0.0000000000
73447  -34.142  -34.276  49.811 0.0000000000
45371  -18.281  -59.165  59.230 0.0000000000
45352  -19.009  -59.344  59.585 0.0000000000
46541  -21.318  -57.262  59.407 0.0000000000
44144  -3.717  -58.880  67.918 0.0000000000
46415  -4.512  -57.464  66.934 0.0000000000
45245  -4.544  -58.140  66.443 0.0000000000
43072  -4.045  -60.451  66.403 0.0000000000
41940  -4.769  -61.237  65.763 0.0000000000
46463  -7.719  -57.625  62.975 0.0000000000
45267  -7.421  -58.627  63.478 0.0000000000
44186  -7.023  -59.382  64.027 0.0000000000
36404  0.462  -65.840  74.505 0.0000000000
37795  0.250  -64.352  74.939 0.0000000000
40527  0.723  -62.392  75.178 0.0000000000
53881  -32.067  -51.259  56.476 0.0000000000
45369  -16.158  -59.137  59.060 0.0000000000
46558  -15.237  -57.723  58.195 0.0000000000
46557  -14.576  -57.601  58.642 0.0000000000
45386  -14.866  -58.258  58.779 0.0000000000
74465  -35.430  -33.421  49.569 0.0000000000
80979  -41.661  -27.068  44.383 0.0000000000
80991  -41.983  -27.135  43.553 0.0000000000
80992  -42.758  -26.856  43.001 0.0000000000
64293  -30.571  -41.206  49.452 0.0000000000
49105  -7.191  -55.512  64.371 0.0000000000
77888  -50.868  -30.406  39.987 0.0000000000
57287  -34.233  -48.243  57.115 0.0000000000
57303  -33.239  -48.067  55.792 0.0000000000
53853  -26.233  -51.588  57.305 0.0000000000
49191  -11.748  -55.372  60.496 0.0000000000
50416  -11.632  -54.676  60.797 0.0000000000
47799  -10.416  -56.209  61.309 0.0000000000
56137  -28.118  -49.562  54.432 0.0000000000
51576  -17.149  -53.620  58.134 0.0000000000
57259  -19.299  -48.091  58.944 0.0000000000
57278  -19.176  -48.648  58.186 0.0000000000
56090  -19.753  -49.117  57.126 0.0000000000
57279  -19.939  -48.176  57.567 0.0000000000
57281  -23.759  -47.941  56.953 0.0000000000
57313  -23.844  -48.880  55.515 0.0000000000
56136  -27.047  -49.800  54.452 0.0000000000
68840  -35.578  -38.450  47.016 0.0000000000
73488  -38.885  -34.556  46.127 0.0000000000
78904  -38.845  -29.362  47.996 0.0000000000
77811  -38.253  -29.366  47.531 0.0000000000
78912  -38.751  -28.905  47.090 0.0000000000
75618  -41.618  -32.297  44.364 0.0000000000
75598  -41.094  -32.658  44.775 0.0000000000
44149  -3.685  -59.552  67.623 0.0000000000
58493  -28.951  -47.697  53.480 0.0000000000
62036  -29.394  -45.094  53.343 0.0000000000
60928  -29.639  -45.752  53.677 0.0000000000
62037  -29.839  -45.292  53.427 0.0000000000
62059  -29.802  -45.235  52.911 0.0000000000
61019  -30.086  -45.686  49.607 0.0000000000
60993  -30.919  -46.454  50.546 0.0000000000
63196  -33.426  -43.844  47.521 0.0000000000
63210  -33.819  -43.086  47.287 0.0000000000
64322  -34.172  -42.261  47.163 0.0000000000
47886  -19.825  -56.229  57.277 0.0000000000
47859  -19.703  -56.952  57.806 0.0000000000
45265  -5.973  -58.727  64.435 0.0000000000
44169  -5.855  -59.527  64.664 0.0000000000
43093  -6.402  -60.375  64.997 0.0000000000
45270  -10.150  -59.023  63.596 0.0000000000
45269  -9.244  -58.989  63.512 0.0000000000
41811  -2.754  -61.035  71.831 0.0000000000
56113  -33.954  -49.853  56.314 0.0000000000
43145  -15.847  -60.681  62.073 0.0000000000
43158  -16.274  -60.680  61.396 0.0000000000
43170  -17.722  -60.656  60.573 0.0000000000
43159  -17.079  -60.856  61.107 0.0000000000
43172  -19.034  -60.609  60.422 0.0000000000
47837  -13.629  -56.873  59.436 0.0000000000
47836  -13.053  -56.420  59.783 0.0000000000
49215  -12.817  -55.853  59.835 0.0000000000
47818  -13.078  -56.999  59.942 0.0000000000
46516  -12.907  -57.373  60.345 0.0000000000
46517  -13.524  -57.730  60.061 0.0000000000
44249  -14.998  -59.613  60.566 0.0000000000
44236  -14.570  -59.699  61.256 0.0000000000
57283  -25.704  -48.723  57.578 0.0000000000
56074  -27.450  -48.889  58.470 0.0000000000
56109  -27.004  -49.312  56.228 0.0000000000
72330  -33.643  -34.984  47.878 0.0000000000
72347  -34.178  -35.423  47.319 0.0000000000
74508  -35.702  -33.287  46.543 0.0000000000
73485  -36.037  -34.057  46.245 0.0000000000
75572  -36.016  -32.801  46.356 0.0000000000
79955  -40.259  -28.078  46.427 0.0000000000
79962  -40.408  -27.886  45.403 0.0000000000
79974  -40.800  -28.608  43.489 0.0000000000
77841  -40.883  -29.966  43.252 0.0000000000
77852  -41.390  -29.715  42.901 0.0000000000
77853  -41.987  -29.904  42.614 0.0000000000
78935  -43.285  -29.181  41.798 0.0000000000
77854  -42.843  -30.096  42.351 0.0000000000
78936  -44.389  -29.841  41.848 0.0000000000
78944  -44.179  -28.999  41.508 0.0000000000
81013  -44.409  -27.829  41.504 0.0000000000
60887  -26.894  -45.947  55.158 0.0000000000
59702  -27.153  -46.482  54.176 0.0000000000
62018  -25.663  -43.823  54.820 0.0000000000
60904  -26.289  -45.321  53.862 0.0000000000
62019  -25.851  -44.345  54.312 0.0000000000
62033  -26.508  -44.376  53.510 0.0000000000
64266  -29.097  -41.872  49.789 0.0000000000
63177  -29.436  -43.639  49.134 0.0000000000
66626  -31.779  -40.725  47.632 0.0000000000
66615  -31.509  -39.451  49.157 0.0000000000
50463  -21.093  -53.961  57.249 0.0000000000
49242  -21.474  -54.965  57.895 0.0000000000
50448  -21.694  -53.996  57.931 0.0000000000
50433  -22.475  -54.316  58.894 0.0000000000
47748  -6.648  -56.410  64.257 0.0000000000
47747  -6.171  -56.770  64.692 0.0000000000
46449  -6.271  -57.400  64.275 0.0000000000
45255  -5.963  -58.035  64.493 0.0000000000
40550  -2.012  -62.713  72.223 0.0000000000
37799  -0.662  -64.655  73.729 0.0000000000
37800  -1.044  -64.224  73.301 0.0000000000
39188  -0.634  -63.716  74.302 0.0000000000
58445  -34.442  -47.375  57.116 0.0000000000
59644  -34.453  -46.971  56.701 0.0000000000
54978  -24.089  -51.229  57.928 0.0000000000
53828  -23.765  -51.468  58.312 0.0000000000
53829  -24.559  -51.397  58.180 0.0000000000
49150  -10.009  -54.452  62.325 0.0000000000
50390  -9.876  -54.222  62.892 0.0000000000
49148  -8.307  -55.815  62.662 0.0000000000
46479  -10.532  -57.346  61.689 0.0000000000
45308  -10.116  -58.053  62.245 0.0000000000
45328  -12.468  -58.145  61.454 0.0000000000
45289  -12.854  -59.306  63.088 0.0000000000
45287  -11.559  -58.881  63.110 0.0000000000
55046  -30.175  -50.887  54.882 0.0000000000
57323  -28.640  -49.116  54.138 0.0000000000
57336  -28.864  -48.656  53.820 0.0000000000
56111  -28.150  -48.752  55.886 0.0000000000
59663  -28.419  -46.773  56.494 0.0000000000
47882  -15.958  -56.741  57.543 0.0000000000
49260  -16.214  -56.091  57.401 0.0000000000
50473  -17.800  -55.073  56.658 0.0000000000
49279  -18.257  -55.422  56.577 0.0000000000
51597  -18.343  -54.054  56.651 0.0000000000
54997  -18.894  -50.716  57.277 0.0000000000
52705  -19.200  -52.712  56.594 0.0000000000
51598  -18.911  -53.563  56.537 0.0000000000
51599  -19.897  -53.288  56.536 0.0000000000
53871  -20.452  -51.320  56.760 0.0000000000
53872  -21.134  -50.948  56.888 0.0000000000
58403  -23.082  -47.315  58.940 0.0000000000
58386  -23.089  -47.175  60.025 0.0000000000
58402  -22.150  -47.134  59.354 0.0000000000
58440  -21.131  -47.356  57.487 0.0000000000
57280  -20.703  -47.865  57.062 0.0000000000
58460  -21.701  -47.726  56.689 0.0000000000
57311  -22.522  -49.067  55.802 0.0000000000
56106  -22.368  -49.600  56.057 0.0000000000
54999  -22.897  -50.823  57.188 0.0000000000
56107  -22.822  -50.068  55.993 0.0000000000
55043  -24.270  -50.702  55.266 0.0000000000
53892  -24.876  -51.171  55.380 0.0000000000
53909  -24.928  -51.060  54.887 0.0000000000
57314  -24.898  -49.013  55.614 0.0000000000
55065  -26.569  -50.528  54.213 0.0000000000
53895  -27.465  -51.430  55.320 0.0000000000
53879  -30.056  -51.228  56.159 0.0000000000
50430  -16.330  -54.564  58.768 0.0000000000
49239  -15.549  -55.978  57.929 0.0000000000
65492  -37.581  -41.411  47.910 0.0000000000
67743  -37.921  -39.569  47.913 0.0000000000
71125  -36.368  -36.612  46.775 0.0000000000
75557  -37.539  -31.292  48.812 0.0000000000
75539  -37.322  -31.821  48.972 0.0000000000
77820  -37.220  -30.279  46.361 0.0000000000
76650  -36.737  -30.804  47.400 0.0000000000
76669  -36.799  -31.013  46.254 0.0000000000
75574  -36.767  -31.645  45.973 0.0000000000
75595  -37.393  -31.879  45.469 0.0000000000
78924  -39.396  -29.260  44.982 0.0000000000
77822  -38.491  -29.669  45.593 0.0000000000
77833  -38.947  -29.951  44.934 0.0000000000
74512  -39.281  -33.841  45.720 0.0000000000
74514  -41.572  -33.579  46.106 0.0000000000
77866  -47.135  -30.646  41.465 0.0000000000
77874  -47.770  -30.370  40.976 0.0000000000
77867  -48.091  -30.946  41.266 0.0000000000
80014  -48.762  -29.285  40.485 0.0000000000
43042  -3.278  -60.504  68.887 0.0000000000
40623  -3.099  -62.561  67.673 0.0000000000
39261  -2.974  -63.178  67.711 0.0000000000
39242  -2.531  -63.691  68.873 0.0000000000
39219  -2.030  -63.296  70.682 0.0000000000
39231  -1.889  -64.373  70.131 0.0000000000
36453  -1.546  -65.716  70.507 0.0000000000
55047  -31.260  -50.401  54.759 0.0000000000
56126  -31.861  -49.295  54.603 0.0000000000
57316  -31.828  -47.973  54.614 0.0000000000
58494  -29.730  -47.598  53.458 0.0000000000
59705  -30.480  -46.550  54.066 0.0000000000
58475  -31.702  -47.012  54.769 0.0000000000
59686  -31.866  -46.377  55.103 0.0000000000
60930  -31.209  -45.802  53.639 0.0000000000
60889  -32.224  -45.933  55.109 0.0000000000
60909  -32.441  -45.934  54.567 0.0000000000
60891  -33.526  -46.073  55.232 0.0000000000
60932  -32.705  -46.214  54.003 0.0000000000
64217  -26.388  -41.944  52.446 0.0000000000
65386  -25.643  -41.571  53.627 0.0000000000
64203  -26.728  -42.997  52.627 0.0000000000
63116  -27.275  -43.400  52.489 0.0000000000
65428  -27.751  -41.639  50.729 0.0000000000
65406  -27.102  -41.490  51.468 0.0000000000
64264  -27.768  -42.596  50.604 0.0000000000
62080  -28.345  -44.169  51.222 0.0000000000
62081  -28.861  -44.758  51.593 0.0000000000
60968  -29.327  -45.232  51.850 0.0000000000
60969  -29.736  -45.700  51.715 0.0000000000
59765  -31.705  -46.602  51.994 0.0000000000
59745  -32.970  -46.742  52.673 0.0000000000
59727  -33.306  -46.599  53.604 0.0000000000
59746  -33.861  -46.870  52.680 0.0000000000
60971  -34.190  -46.706  51.062 0.0000000000
61039  -32.719  -45.326  48.371 0.0000000000
62127  -34.294  -45.030  48.632 0.0000000000
61024  -35.439  -45.051  49.471 0.0000000000
63179  -36.343  -43.948  48.835 0.0000000000
63199  -36.760  -43.415  48.441 0.0000000000
64311  -37.445  -42.638  48.253 0.0000000000
65504  -35.542  -41.225  47.151 0.0000000000
66638  -34.847  -40.331  46.821 0.0000000000
67753  -35.204  -39.368  46.943 0.0000000000
67752  -34.150  -39.370  46.884 0.0000000000
66627  -31.728  -39.796  47.946 0.0000000000
67750  -32.284  -39.157  47.670 0.0000000000
69936  -32.503  -37.507  47.867 0.0000000000
68837  -32.725  -38.355  47.495 0.0000000000
71121  -32.827  -37.074  47.739 0.0000000000
69937  -33.086  -37.571  47.435 0.0000000000
71122  -33.225  -36.621  47.582 0.0000000000
72328  -32.807  -36.094  48.214 0.0000000000
72308  -33.533  -34.829  50.162 0.0000000000
46587  -17.437  -57.434  57.440 0.0000000000
45389  -17.489  -58.734  58.522 0.0000000000
46561  -18.372  -58.146  58.223 0.0000000000
45373  -19.821  -58.676  59.525 0.0000000000
45372  -19.134  -58.900  59.348 0.0000000000
45353  -19.583  -59.231  59.848 0.0000000000
44254  -20.047  -59.556  60.393 0.0000000000
44255  -20.453  -59.335  60.578 0.0000000000
47840  -21.624  -56.430  59.022 0.0000000000
47839  -20.862  -57.048  58.878 0.0000000000
47819  -21.758  -57.017  59.661 0.0000000000
52678  -23.607  -52.782  59.532 0.0000000000
45223  -3.913  -57.960  67.966 0.0000000000
46416  -4.970  -56.887  66.586 0.0000000000
44168  -5.094  -59.423  65.239 0.0000000000
44157  -4.476  -59.325  65.991 0.0000000000
44150  -4.017  -59.011  67.062 0.0000000000
45268  -8.341  -58.956  63.461 0.0000000000
44187  -7.942  -59.542  64.059 0.0000000000
36398  1.280  -65.018  74.761 0.0000000000
36399  0.626  -65.216  74.746 0.0000000000
37794  0.949  -64.278  75.124 0.0000000000
39184  0.432  -63.434  75.178 0.0000000000
39183  1.302  -63.262  75.225 0.0000000000
44250  -15.793  -59.792  60.132 0.0000000000
44238  -16.291  -60.449  60.751 0.0000000000
44262  -16.561  -59.649  59.560 0.0000000000
44263  -17.510  -59.739  59.627 0.0000000000
47838  -14.295  -56.892  58.794 0.0000000000
46537  -14.144  -57.601  59.180 0.0000000000
46518  -14.022  -57.995  59.699 0.0000000000
45367  -14.452  -58.299  59.369 0.0000000000
45351  -15.050  -59.316  60.112 0.0000000000
56061  -27.894  -48.569  58.711 0.0000000000
74479  -33.988  -33.949  48.660 0.0000000000
74495  -34.357  -33.682  47.895 0.0000000000
74497  -35.634  -32.224  47.787 0.0000000000
79967  -40.994  -27.437  44.637 0.0000000000
79975  -41.326  -27.976  43.251 0.0000000000
78933  -41.535  -29.069  42.664 0.0000000000
79984  -41.821  -28.544  42.564 0.0000000000
79985  -42.367  -28.016  42.306 0.0000000000
79986  -43.334  -28.022  41.757 0.0000000000
79997  -44.018  -28.144  41.526 0.0000000000
63080  -26.452  -43.629  56.137 0.0000000000
63088  -25.780  -43.315  55.310 0.0000000000
63094  -25.606  -43.204  54.795 0.0000000000
64307  -30.323  -42.188  48.810 0.0000000000
65476  -31.064  -40.578  49.060 0.0000000000
52700  -21.486  -52.438  57.446 0.0000000000
51578  -21.888  -52.956  58.010 0.0000000000
51563  -22.944  -53.286  59.259 0.0000000000
77877  -50.384  -30.715  40.373 0.0000000000
37822  -1.170  -65.002  71.818 0.0000000000
37808  -0.590  -65.183  73.192 0.0000000000
58463  -33.071  -47.039  56.071 0.0000000000
53851  -24.707  -51.263  57.608 0.0000000000
53804  -26.904  -51.971  59.430 0.0000000000
50406  -13.053  -54.380  60.655 0.0000000000
50405  -12.213  -54.182  61.128 0.0000000000
50392  -11.256  -53.840  62.406 0.0000000000
50403  -10.578  -54.214  62.052 0.0000000000
49170  -10.152  -55.022  61.638 0.0000000000
47798  -9.859  -55.713  61.538 0.0000000000
46480  -11.441  -57.682  61.657 0.0000000000
44235  -13.983  -59.411  61.688 0.0000000000
44223  -13.657  -59.511  62.367 0.0000000000
44209  -13.315  -59.638  63.219 0.0000000000
50446  -16.473  -54.830  57.832 0.0000000000
50459  -16.687  -55.145  57.384 0.0000000000
51586  -17.236  -53.965  57.565 0.0000000000
54996  -18.349  -50.529  58.152 0.0000000000
56088  -18.542  -49.885  58.596 0.0000000000
56103  -19.506  -49.842  57.022 0.0000000000
56104  -20.338  -49.503  56.768 0.0000000000
57245  -24.017  -47.483  59.696 0.0000000000
58421  -22.990  -47.324  58.034 0.0000000000
58441  -22.338  -47.310  57.346 0.0000000000
58461  -22.764  -47.749  56.630 0.0000000000
57312  -22.942  -48.893  55.651 0.0000000000
56120  -23.218  -49.649  55.546 0.0000000000
53913  -27.847  -51.059  54.580 0.0000000000
66640  -36.778  -40.157  47.409 0.0000000000
65506  -37.256  -40.620  47.636 0.0000000000
68842  -37.651  -38.563  47.392 0.0000000000
72368  -36.409  -34.838  46.345 0.0000000000
77797  -38.267  -30.004  48.507 0.0000000000
76651  -37.525  -30.764  48.347 0.0000000000
77810  -37.504  -29.700  47.142 0.0000000000
77821  -37.808  -29.895  45.911 0.0000000000
76701  -39.355  -30.798  44.333 0.0000000000
75616  -39.715  -31.632  44.319 0.0000000000
75597  -40.095  -32.502  44.652 0.0000000000
74531  -41.510  -32.992  45.372 0.0000000000
80000  -46.638  -28.730  40.959 0.0000000000
78953  -48.026  -29.860  40.667 0.0000000000
37842  -2.118  -64.773  69.717 0.0000000000
56139  -30.063  -49.292  53.621 0.0000000000
60907  -30.762  -45.800  54.233 0.0000000000
64290  -28.574  -43.245  49.809 0.0000000000
63155  -28.449  -43.917  50.333 0.0000000000
60992  -29.872  -45.958  50.805 0.0000000000
60970  -30.539  -46.146  51.696 0.0000000000
59787  -31.862  -46.679  51.133 0.0000000000
59767  -33.487  -46.837  51.662 0.0000000000
59788  -32.782  -46.722  50.890 0.0000000000
60995  -33.143  -46.360  49.998 0.0000000000
63195  -32.464  -43.784  47.521 0.0000000000
62145  -33.018  -44.572  47.862 0.0000000000
62147  -34.769  -44.359  48.329 0.0000000000
62148  -35.314  -44.313  48.584 0.0000000000
63212  -35.340  -43.042  47.632 0.0000000000
64309  -35.634  -42.970  47.707 0.0000000000
64323  -35.308  -42.348  47.342 0.0000000000
69912  -31.993  -37.283  49.250 0.0000000000
71089  -32.173  -36.514  49.192 0.0000000000
72306  -32.600  -35.978  48.576 0.0000000000
47858  -18.967  -57.373  57.731 0.0000000000
46562  -19.549  -57.708  58.380 0.0000000000
46540  -20.474  -57.902  59.364 0.0000000000
45246  -5.039  -57.822  65.866 0.0000000000
45307  -9.293  -57.873  62.285 0.0000000000
45284  -8.636  -58.260  62.755 0.0000000000
56094  -34.511  -49.233  56.955 0.0000000000
43144  -15.210  -60.473  62.464 0.0000000000
43132  -16.498  -61.055  62.757 0.0000000000
41977  -17.607  -61.463  62.512 0.0000000000
43147  -17.617  -61.273  61.949 0.0000000000
49172  -13.626  -54.686  60.283 0.0000000000
49194  -13.867  -55.130  59.750 0.0000000000
49193  -13.072  -55.043  59.869 0.0000000000
49192  -12.369  -55.450  60.117 0.0000000000
47816  -11.974  -55.929  60.340 0.0000000000
47801  -12.033  -56.941  60.745 0.0000000000
45349  -13.496  -58.309  60.579 0.0000000000
56110  -27.847  -49.105  56.013 0.0000000000
57246  -24.989  -48.024  59.545 0.0000000000
57282  -24.750  -48.303  57.329 0.0000000000
57301  -26.213  -49.168  56.938 0.0000000000
72348  -35.542  -35.269  46.632 0.0000000000
72367  -35.815  -34.556  46.438 0.0000000000
73486  -36.871  -34.237  46.091 0.0000000000
74510  -37.245  -33.635  45.771 0.0000000000
78913  -39.703  -28.422  46.982 0.0000000000
78925  -39.992  -28.973  44.483 0.0000000000
77840  -40.235  -29.916  43.726 0.0000000000
76722  -41.097  -30.842  43.376 0.0000000000
76723  -41.981  -31.267  43.351 0.0000000000
79998  -44.710  -28.505  41.394 0.0000000000
79999  -45.607  -28.676  41.216 0.0000000000
43071  -3.697  -61.354  66.754 0.0000000000
41920  -3.745  -62.098  66.695 0.0000000000
40631  -3.525  -62.653  66.992 0.0000000000
59703  -27.905  -47.220  54.410 0.0000000000
59722  -27.159  -46.028  53.476 0.0000000000
60886  -26.131  -45.223  54.831 0.0000000000
59721  -26.719  -45.675  53.594 0.0000000000
60926  -27.893  -45.457  53.325 0.0000000000
65453  -28.493  -41.628  50.258 0.0000000000
64265  -28.318  -42.676  49.999 0.0000000000
61037  -30.720  -45.387  48.741 0.0000000000
62143  -30.946  -44.516  48.199 0.0000000000
63194  -31.428  -43.376  47.833 0.0000000000
63208  -32.153  -42.969  47.503 0.0000000000
64320  -32.402  -42.270  47.391 0.0000000000
65501  -32.582  -41.488  47.195 0.0000000000
66635  -32.158  -41.036  47.308 0.0000000000
67730  -31.766  -38.780  49.169 0.0000000000
68815  -32.483  -38.102  50.372 0.0000000000
47887  -20.417  -55.747  57.365 0.0000000000
47861  -21.373  -55.762  58.261 0.0000000000
50432  -21.951  -54.552  58.381 0.0000000000
47728  -5.441  -56.508  65.968 0.0000000000
47729  -6.102  -56.039  65.454 0.0000000000
44185  -6.367  -59.232  64.256 0.0000000000
44191  -11.637  -59.457  64.122 0.0000000000
40564  -2.219  -62.701  71.191 0.0000000000
40538  -1.502  -62.724  73.280 0.0000000000
39197  -1.314  -63.779  72.941 0.0000000000
40532  -1.004  -62.709  74.309 0.0000000000
76635  -38.544  -30.776  49.359 0.0000000000
77782  -39.392  -30.203  49.538 0.0000000000
78895  -39.894  -29.603  48.971 0.0000000000
60873  -34.257  -46.512  55.588 0.0000000000
53827  -22.906  -51.462  58.105 0.0000000000
53801  -23.963  -51.889  59.173 0.0000000000
50362  -9.366  -54.087  64.559 0.0000000000
49129  -8.718  -54.544  63.846 0.0000000000
49128  -7.905  -55.525  63.454 0.0000000000
46477  -8.997  -57.136  62.067 0.0000000000
47782  -9.438  -56.243  61.703 0.0000000000
46497  -11.765  -57.234  61.128 0.0000000000
45310  -12.146  -58.443  62.117 0.0000000000
55027  -30.902  -50.990  55.542 0.0000000000
56154  -29.353  -48.985  53.706 0.0000000000
57315  -28.255  -48.481  55.354 0.0000000000
58462  -28.507  -47.640  56.397 0.0000000000
58481  -28.311  -47.996  54.763 0.0000000000
60869  -27.294  -45.331  56.108 0.0000000000
60870  -28.164  -45.748  56.702 0.0000000000
46559  -16.117  -58.031  58.020 0.0000000000
46586  -16.496  -57.436  57.576 0.0000000000
49261  -16.871  -55.708  57.111 0.0000000000
47884  -17.697  -56.507  56.978 0.0000000000
47900  -18.222  -56.028  56.682 0.0000000000
49263  -19.277  -55.925  56.803 0.0000000000
51587  -17.819  -53.429  57.110 0.0000000000
53846  -18.142  -51.435  57.840 0.0000000000
50475  -18.993  -54.416  56.427 0.0000000000
49281  -19.793  -54.803  56.520 0.0000000000
50462  -20.455  -53.968  56.737 0.0000000000
51589  -20.800  -53.047  56.978 0.0000000000
57260  -19.886  -47.660  58.411 0.0000000000
55022  -21.734  -50.366  56.748 0.0000000000
54998  -22.251  -50.753  57.103 0.0000000000
53850  -22.404  -51.155  57.502 0.0000000000
55000  -23.610  -50.932  57.068 0.0000000000
55025  -24.170  -51.016  56.280 0.0000000000
55026  -24.638  -51.194  56.539 0.0000000000
53874  -25.113  -51.337  56.240 0.0000000000
53875  -25.936  -51.521  56.301 0.0000000000
56133  -24.737  -50.187  54.666 0.0000000000
55064  -25.695  -50.578  54.455 0.0000000000
53910  -25.346  -51.104  54.812 0.0000000000
53876  -26.896  -51.618  56.289 0.0000000000
53878  -28.926  -51.395  56.257 0.0000000000
49196  -15.727  -54.894  59.731 0.0000000000
49218  -15.100  -55.514  58.851 0.0000000000
47857  -15.307  -56.869  57.969 0.0000000000
66628  -37.906  -40.267  47.980 0.0000000000
69940  -35.960  -37.541  46.963 0.0000000000
71126  -37.572  -36.842  46.811 0.0000000000
75538  -36.390  -31.919  48.454 0.0000000000
75555  -36.058  -31.583  47.345 0.0000000000
75573  -36.439  -32.183  46.136 0.0000000000
74526  -36.856  -32.929  45.699 0.0000000000
74527  -37.486  -32.973  45.477 0.0000000000
78919  -38.404  -29.324  46.206 0.0000000000
76700  -38.729  -30.866  44.733 0.0000000000
76682  -38.033  -30.923  45.216 0.0000000000
74511  -38.181  -33.777  45.658 0.0000000000
76766  -50.281  -31.363  40.931 0.0000000000
78954  -48.706  -30.055  40.512 0.0000000000
80003  -49.757  -28.262  40.957 0.0000000000
43023  -3.142  -60.346  71.280 0.0000000000
40613  -2.622  -62.987  68.638 0.0000000000
40601  -2.743  -62.432  69.123 0.0000000000
40583  -2.649  -62.236  69.761 0.0000000000
41824  -2.492  -62.235  70.947 0.0000000000
37831  -1.443  -64.890  71.088 0.0000000000
37841  -1.748  -64.899  70.317 0.0000000000
56112  -33.373  -49.257  55.639 0.0000000000
58482  -30.452  -47.494  53.703 0.0000000000
59664  -33.175  -46.186  56.053 0.0000000000
60871  -33.352  -45.993  55.659 0.0000000000
64189  -25.493  -42.412  54.393 0.0000000000
64201  -25.713  -42.627  53.733 0.0000000000
63104  -25.941  -43.481  53.662 0.0000000000
63154  -28.101  -43.487  50.676 0.0000000000
63132  -27.421  -43.138  51.761 0.0000000000
63117  -27.766  -43.632  52.146 0.0000000000
62057  -28.309  -44.211  52.262 0.0000000000
62058  -29.198  -44.891  52.515 0.0000000000
60948  -30.152  -45.656  52.459 0.0000000000
60950  -31.568  -46.035  53.086 0.0000000000
59764  -31.169  -46.327  52.093 0.0000000000
59743  -31.483  -46.300  52.552 0.0000000000
59726  -32.607  -46.453  53.391 0.0000000000
59707  -33.746  -46.552  54.195 0.0000000000
59708  -34.358  -46.685  54.431 0.0000000000
59768  -34.464  -46.895  51.834 0.0000000000
61040  -33.531  -45.081  48.339 0.0000000000
64324  -36.116  -41.898  47.445 0.0000000000
72346  -33.633  -36.023  47.488 0.0000000000
73462  -33.475  -34.654  48.406 0.0000000000
72307  -32.720  -35.298  49.383 0.0000000000
73446  -33.398  -34.477  49.240 0.0000000000
74464  -34.511  -33.739  49.384 0.0000000000
45388  -16.587  -58.700  58.460 0.0000000000
44264  -18.187  -59.773  59.748 0.0000000000
46538  -18.786  -58.648  58.929 0.0000000000
44253  -18.996  -59.975  60.037 0.0000000000
44239  -19.315  -60.499  60.483 0.0000000000
47860  -20.643  -56.395  58.083 0.0000000000
46519  -20.945  -58.246  60.090 0.0000000000
46520  -21.710  -57.722  60.267 0.0000000000
45355  -21.146  -58.494  60.453 0.0000000000
45331  -20.976  -58.872  60.734 0.0000000000
44241  -20.839  -59.558  61.105 0.0000000000
52677  -23.132  -52.181  59.012 0.0000000000
51564  -23.455  -53.298  59.655 0.0000000000
45222  -3.756  -58.506  68.540 0.0000000000
43055  -3.759  -59.889  67.135 0.0000000000
41941  -5.568  -61.163  65.512 0.0000000000
47764  -7.260  -56.556  63.366 0.0000000000
44171  -7.516  -59.911  64.703 0.0000000000
78964  -51.277  -29.609  39.556 0.0000000000
36405  -0.045  -65.479  74.301 0.0000000000
36400  0.150  -64.886  74.664 0.0000000000
39185  -0.215  -63.633  74.823 0.0000000000
39187  2.306  -63.732  74.629 0.0000000000
39182  2.167  -62.987  74.976 0.0000000000
39269  -3.828  -63.104  66.877 0.0000000000
40622  -2.770  -62.929  68.060 0.0000000000
43133  -17.164  -61.317  62.566 0.0000000000
43171  -18.514  -60.644  60.487 0.0000000000
44261  -15.911  -59.446  59.509 0.0000000000
45306  -8.808  -57.664  62.351 0.0000000000
47856  -14.781  -57.081  58.324 0.0000000000
47901  -18.728  -55.863  56.668 0.0000000000
49266  -21.259  -54.468  57.518 0.0000000000
49282  -20.198  -54.453  56.640 0.0000000000
50418  -12.647  -54.806  60.170 0.0000000000
50449  -22.075  -54.110  58.455 0.0000000000
50474  -18.197  -54.715  56.582 0.0000000000
52698  -18.465  -52.433  56.863 0.0000000000
53848  -21.048  -51.403  56.974 0.0000000000
53891  -24.470  -51.072  55.706 0.0000000000
54977  -23.671  -51.128  57.770 0.0000000000
55002  -24.840  -51.253  56.846 0.0000000000
55044  -24.688  -50.970  54.985 0.0000000000
55063  -24.901  -50.650  54.703 0.0000000000
56134  -25.191  -50.042  54.524 0.0000000000
58439  -20.401  -47.384  58.192 0.0000000000
58459  -21.076  -47.773  56.882 0.0000000000
59701  -26.635  -46.005  53.804 0.0000000000
60892  -34.061  -46.393  55.184 0.0000000000
61987  -26.409  -44.025  55.929 0.0000000000
62003  -25.702  -43.633  55.122 0.0000000000
62103  -28.747  -44.599  50.549 0.0000000000
62129  -35.795  -44.374  48.998 0.0000000000
63089  -26.045  -43.129  55.775 0.0000000000
63103  -25.601  -43.091  54.165 0.0000000000
63153  -27.652  -43.091  51.138 0.0000000000
63175  -28.393  -43.457  50.079 0.0000000000
63176  -28.753  -43.831  49.783 0.0000000000
63178  -35.907  -43.994  48.676 0.0000000000
64202  -26.231  -42.509  52.978 0.0000000000
65405  -26.587  -41.383  52.122 0.0000000000
66641  -37.324  -40.124  47.642 0.0000000000
69925  -32.083  -37.336  48.594 0.0000000000
71104  -32.904  -36.209  47.988 0.0000000000
73445  -33.009  -34.821  49.170 0.0000000000
73461  -33.049  -34.876  48.832 0.0000000000
74463  -33.965  -34.034  49.292 0.0000000000
76652  -37.992  -30.584  48.861 0.0000000000
76668  -36.619  -31.565  46.252 0.0000000000
76721  -40.620  -30.448  43.519 0.0000000000
77795  -37.005  -30.468  47.375 0.0000000000
77809  -36.948  -30.318  47.031 0.0000000000
