#!ascii label  , from subject FTD-FPD109 vox2ras=TkReg
1155
110568  -49.671  4.736  46.285 0.0000000000
121028  -42.497  18.650  43.812 0.0000000000
116451  -43.655  12.534  49.491 0.0000000000
117927  -50.809  14.510  46.781 0.0000000000
120312  -47.932  18.240  39.387 0.0000000000
120243  -49.063  18.013  45.870 0.0000000000
117261  -51.843  14.387  40.962 0.0000000000
116476  -46.937  12.174  45.192 0.0000000000
106571  -43.749  -0.427  47.165 0.0000000000
109009  -46.217  2.687  51.288 0.0000000000
124815  -39.054  24.345  44.503 0.0000000000
124231  -44.340  23.763  42.534 0.0000000000
123658  -51.264  23.002  37.996 0.0000000000
112805  -49.593  7.683  53.370 0.0000000000
120959  -42.351  18.049  49.778 0.0000000000
117895  -49.180  14.181  51.074 0.0000000000
113638  -52.858  8.416  47.023 0.0000000000
112900  -50.300  7.834  43.885 0.0000000000
112097  -44.191  6.509  42.185 0.0000000000
109808  -50.397  2.874  42.423 0.0000000000
119503  -49.838  16.950  37.152 0.0000000000
119481  -50.631  15.681  39.372 0.0000000000
118039  -49.981  14.157  37.886 0.0000000000
117257  -47.435  13.986  40.941 0.0000000000
109006  -43.647  2.522  49.772 0.0000000000
107380  -44.051  0.540  52.525 0.0000000000
125389  -35.126  25.547  45.484 0.0000000000
124245  -48.106  23.571  40.492 0.0000000000
112004  -46.579  6.460  52.527 0.0000000000
114326  -46.475  9.646  50.751 0.0000000000
121697  -39.111  19.041  45.021 0.0000000000
120997  -42.331  17.801  47.179 0.0000000000
121014  -51.695  18.147  46.348 0.0000000000
120966  -49.172  18.060  49.509 0.0000000000
117918  -50.514  14.284  48.563 0.0000000000
115081  -50.686  10.469  49.564 0.0000000000
115811  -52.254  11.154  47.366 0.0000000000
113678  -52.737  8.673  44.088 0.0000000000
115092  -50.793  10.792  46.308 0.0000000000
113656  -45.457  8.557  45.416 0.0000000000
121060  -45.812  18.920  41.534 0.0000000000
120240  -45.709  17.207  45.266 0.0000000000
120276  -48.498  17.245  42.645 0.0000000000
120279  -51.851  17.433  42.654 0.0000000000
118690  -51.793  15.852  44.056 0.0000000000
117186  -49.422  13.527  46.265 0.0000000000
117222  -48.801  14.097  43.614 0.0000000000
117220  -46.683  13.271  43.451 0.0000000000
107429  -45.440  0.439  47.340 0.0000000000
110555  -45.669  3.831  47.911 0.0000000000
110538  -48.653  4.670  49.488 0.0000000000
123589  -33.376  22.622  45.714 0.0000000000
122979  -37.580  21.569  44.499 0.0000000000
122982  -40.538  21.444  43.913 0.0000000000
122992  -43.426  21.653  42.269 0.0000000000
122368  -46.313  20.762  40.248 0.0000000000
122401  -49.222  20.542  38.177 0.0000000000
121801  -49.954  19.648  35.681 0.0000000000
123694  -49.977  22.483  35.478 0.0000000000
109712  -46.431  3.317  54.269 0.0000000000
109735  -49.540  3.645  53.722 0.0000000000
110541  -51.649  4.554  49.866 0.0000000000
119407  -42.855  16.174  50.831 0.0000000000
120203  -46.387  17.670  48.502 0.0000000000
120152  -46.101  17.476  50.887 0.0000000000
117159  -46.317  13.499  50.497 0.0000000000
115776  -49.688  11.324  52.415 0.0000000000
112839  -51.913  7.043  49.911 0.0000000000
110581  -52.734  4.714  46.653 0.0000000000
111335  -52.320  5.234  42.734 0.0000000000
112121  -50.813  6.337  40.842 0.0000000000
112134  -48.012  6.665  39.859 0.0000000000
114349  -48.330  9.847  46.127 0.0000000000
112083  -47.062  6.608  43.070 0.0000000000
112132  -45.817  6.866  40.284 0.0000000000
110567  -48.570  4.698  46.194 0.0000000000
110587  -49.221  4.042  44.423 0.0000000000
110588  -50.307  4.060  44.606 0.0000000000
119517  -49.037  16.491  35.990 0.0000000000
118786  -50.395  15.216  37.479 0.0000000000
118048  -48.720  15.077  37.047 0.0000000000
118037  -47.861  14.910  37.752 0.0000000000
115065  -45.344  10.673  49.969 0.0000000000
121027  -41.591  18.728  43.963 0.0000000000
119430  -51.496  16.428  46.789 0.0000000000
119426  -50.839  16.431  47.776 0.0000000000
117919  -51.220  14.299  48.015 0.0000000000
117175  -51.216  13.194  48.369 0.0000000000
116462  -51.602  12.506  47.374 0.0000000000
115819  -51.944  11.222  46.828 0.0000000000
116470  -50.785  12.463  46.831 0.0000000000
120288  -46.644  18.266  40.939 0.0000000000
120275  -47.424  17.564  42.381 0.0000000000
120304  -48.190  17.119  40.405 0.0000000000
118738  -51.923  15.322  40.361 0.0000000000
119460  -51.302  16.525  41.373 0.0000000000
118725  -52.693  15.915  41.585 0.0000000000
119439  -52.403  16.510  43.949 0.0000000000
117970  -51.791  15.083  42.426 0.0000000000
117948  -50.680  15.076  43.603 0.0000000000
117992  -50.422  14.449  42.299 0.0000000000
117243  -47.670  13.749  42.248 0.0000000000
109007  -44.446  2.864  50.391 0.0000000000
109766  -44.656  3.504  49.272 0.0000000000
109757  -45.749  3.804  50.060 0.0000000000
110536  -46.847  4.558  49.127 0.0000000000
110528  -47.759  4.229  50.266 0.0000000000
125404  -36.257  25.392  44.585 0.0000000000
124207  -35.699  23.441  44.415 0.0000000000
124209  -37.540  23.415  44.322 0.0000000000
122980  -38.580  21.452  44.398 0.0000000000
124211  -39.651  23.362  44.530 0.0000000000
124215  -43.580  23.914  44.588 0.0000000000
123607  -42.702  22.737  43.192 0.0000000000
123615  -43.725  22.888  42.335 0.0000000000
122999  -44.513  21.667  41.473 0.0000000000
123624  -44.979  22.578  41.283 0.0000000000
124258  -49.990  23.362  39.655 0.0000000000
123637  -48.722  22.282  39.199 0.0000000000
123049  -50.321  21.354  37.665 0.0000000000
122416  -50.107  20.020  37.167 0.0000000000
123070  -50.682  21.434  36.580 0.0000000000
123079  -50.262  21.484  35.741 0.0000000000
123685  -51.131  22.894  36.927 0.0000000000
111285  -42.049  5.452  51.693 0.0000000000
110500  -41.791  4.168  53.346 0.0000000000
110517  -43.351  4.568  53.160 0.0000000000
109710  -44.304  3.339  54.367 0.0000000000
111256  -45.239  4.820  53.391 0.0000000000
111994  -48.359  6.603  53.525 0.0000000000
111245  -48.725  5.282  54.349 0.0000000000
110507  -50.093  4.948  54.067 0.0000000000
109763  -51.043  3.870  51.748 0.0000000000
111277  -51.564  5.650  52.311 0.0000000000
120181  -40.975  17.796  50.223 0.0000000000
119389  -41.672  16.680  51.248 0.0000000000
120149  -43.182  17.519  51.049 0.0000000000
120241  -46.853  17.189  45.474 0.0000000000
120228  -45.959  17.064  46.372 0.0000000000
120218  -47.272  17.593  47.696 0.0000000000
119413  -48.451  16.444  50.412 0.0000000000
120954  -47.852  18.056  50.355 0.0000000000
119395  -47.546  16.455  50.790 0.0000000000
118661  -46.199  15.328  50.654 0.0000000000
117893  -47.706  14.412  51.173 0.0000000000
116429  -48.043  12.621  51.394 0.0000000000
116431  -49.554  12.489  51.627 0.0000000000
114342  -51.584  9.636  48.529 0.0000000000
113631  -50.750  8.548  49.399 0.0000000000
112853  -52.445  7.464  48.322 0.0000000000
111304  -52.998  5.714  48.274 0.0000000000
112042  -53.221  6.431  46.771 0.0000000000
111316  -53.110  5.094  45.256 0.0000000000
112067  -53.489  6.965  44.759 0.0000000000
113676  -50.982  8.376  44.210 0.0000000000
112929  -51.341  7.421  42.442 0.0000000000
112928  -50.492  7.248  42.512 0.0000000000
112120  -49.806  6.563  40.872 0.0000000000
112085  -48.977  6.885  42.634 0.0000000000
116478  -48.350  12.680  45.940 0.0000000000
115815  -48.815  11.560  46.419 0.0000000000
115112  -47.481  10.881  46.079 0.0000000000
112895  -45.218  7.200  44.588 0.0000000000
112875  -46.799  7.755  45.086 0.0000000000
112082  -45.927  6.473  42.988 0.0000000000
112117  -46.594  6.614  41.019 0.0000000000
112116  -45.556  6.626  41.139 0.0000000000
112952  -44.157  7.262  40.002 0.0000000000
109777  -46.508  3.044  45.775 0.0000000000
109835  -50.269  3.247  41.039 0.0000000000
120326  -49.030  17.746  38.132 0.0000000000
119469  -49.067  16.675  39.720 0.0000000000
119491  -50.290  15.804  38.314 0.0000000000
118768  -50.998  15.066  38.734 0.0000000000
117285  -51.051  13.747  39.453 0.0000000000
117267  -49.916  13.650  40.296 0.0000000000
117274  -49.343  13.837  38.685 0.0000000000
108247  -42.921  1.265  48.302 0.0000000000
108243  -42.922  1.209  49.352 0.0000000000
108236  -45.611  1.482  52.187 0.0000000000
125983  -37.648  25.941  44.572 0.0000000000
124841  -45.808  24.657  42.189 0.0000000000
124853  -50.374  24.549  40.530 0.0000000000
124870  -51.172  24.482  38.616 0.0000000000
112003  -45.530  6.036  52.259 0.0000000000
112822  -46.925  8.036  51.647 0.0000000000
113600  -48.210  9.012  52.312 0.0000000000
120978  -42.489  17.823  48.535 0.0000000000
121020  -50.511  18.855  46.101 0.0000000000
120220  -48.818  18.645  47.969 0.0000000000
120984  -50.265  18.159  48.337 0.0000000000
119422  -50.040  16.423  48.767 0.0000000000
117914  -49.533  14.308  49.541 0.0000000000
116440  -49.810  12.413  50.598 0.0000000000
117174  -50.334  13.226  49.008 0.0000000000
115808  -51.411  11.364  48.548 0.0000000000
114345  -52.855  9.437  47.131 0.0000000000
113663  -53.364  8.729  45.342 0.0000000000
115115  -52.777  9.940  45.796 0.0000000000
114376  -51.872  9.575  45.160 0.0000000000
113661  -50.470  8.699  45.060 0.0000000000
115111  -46.922  10.357  45.939 0.0000000000
117166  -41.357  13.287  49.669 0.0000000000
121039  -44.071  18.796  43.245 0.0000000000
120250  -44.368  17.977  44.072 0.0000000000
121041  -45.547  18.221  43.142 0.0000000000
120262  -47.524  17.423  43.494 0.0000000000
120263  -48.703  17.398  43.705 0.0000000000
119459  -50.286  16.531  41.072 0.0000000000
120278  -50.747  17.429  42.858 0.0000000000
120256  -50.810  18.353  44.572 0.0000000000
121033  -51.610  18.309  44.986 0.0000000000
119432  -51.806  16.535  45.530 0.0000000000
118679  -51.111  15.636  46.074 0.0000000000
117187  -50.369  13.457  46.735 0.0000000000
117933  -50.013  14.745  45.543 0.0000000000
117936  -48.960  14.139  44.695 0.0000000000
117198  -47.774  13.331  44.441 0.0000000000
117244  -48.799  13.981  42.368 0.0000000000
117221  -47.816  13.628  43.334 0.0000000000
109018  -44.209  1.696  47.620 0.0000000000
109773  -44.641  2.885  47.931 0.0000000000
109020  -45.779  2.339  47.041 0.0000000000
110556  -46.355  4.108  47.233 0.0000000000
110557  -47.695  4.767  47.343 0.0000000000
111303  -49.051  4.920  47.716 0.0000000000
122329  -35.062  21.060  45.573 0.0000000000
123591  -34.788  22.295  44.893 0.0000000000
122334  -36.505  21.121  44.870 0.0000000000
122336  -38.055  20.422  44.680 0.0000000000
122338  -40.023  20.468  43.934 0.0000000000
121705  -41.790  19.851  43.441 0.0000000000
124816  -40.356  24.478  44.776 0.0000000000
123600  -41.083  22.363  44.200 0.0000000000
122987  -41.624  21.481  43.395 0.0000000000
121710  -43.096  20.133  42.667 0.0000000000
121712  -44.263  19.797  42.192 0.0000000000
121722  -45.964  19.491  40.780 0.0000000000
121734  -47.240  19.536  39.720 0.0000000000
123630  -46.647  22.485  40.254 0.0000000000
122387  -47.996  20.736  39.163 0.0000000000
121094  -48.153  19.273  38.742 0.0000000000
121096  -49.388  18.690  37.708 0.0000000000
120342  -50.203  18.535  36.363 0.0000000000
121146  -48.534  18.979  35.135 0.0000000000
122434  -48.721  20.408  35.235 0.0000000000
124879  -51.222  24.739  37.505 0.0000000000
108209  -44.942  1.379  53.691 0.0000000000
108211  -46.959  1.969  53.311 0.0000000000
110505  -46.835  4.645  54.168 0.0000000000
109713  -47.565  3.333  54.261 0.0000000000
109004  -48.293  2.551  52.520 0.0000000000
109760  -48.884  3.613  51.235 0.0000000000
110539  -49.748  4.623  49.582 0.0000000000
110560  -50.663  4.623  47.568 0.0000000000
117911  -42.969  14.067  49.691 0.0000000000
120226  -43.870  17.377  45.907 0.0000000000
120201  -44.281  17.421  47.986 0.0000000000
120182  -44.513  17.775  48.930 0.0000000000
120204  -47.404  18.135  48.757 0.0000000000
120962  -45.849  18.375  49.899 0.0000000000
120942  -44.658  17.874  50.805 0.0000000000
119392  -44.658  16.806  50.874 0.0000000000
118659  -44.760  15.272  50.443 0.0000000000
116437  -44.873  12.520  49.720 0.0000000000
115791  -46.401  11.909  50.493 0.0000000000
114317  -48.334  9.994  52.042 0.0000000000
114298  -50.328  9.261  53.163 0.0000000000
115793  -50.196  11.365  50.825 0.0000000000
114318  -50.498  9.537  51.709 0.0000000000
112815  -51.104  7.187  52.213 0.0000000000
111293  -52.530  5.756  50.301 0.0000000000
110562  -52.292  4.615  48.001 0.0000000000
110570  -51.555  4.338  46.806 0.0000000000
109787  -51.893  3.540  44.234 0.0000000000
110605  -52.321  3.958  42.885 0.0000000000
111341  -51.716  4.769  41.178 0.0000000000
112931  -52.712  7.414  42.893 0.0000000000
112104  -51.707  6.428  41.961 0.0000000000
112137  -50.857  5.452  40.050 0.0000000000
112149  -49.923  5.756  38.966 0.0000000000
112148  -49.272  6.385  38.851 0.0000000000
115817  -50.347  11.710  46.594 0.0000000000
114350  -49.308  9.940  46.192 0.0000000000
113660  -49.418  8.395  45.184 0.0000000000
114371  -47.020  9.281  45.849 0.0000000000
112876  -47.788  7.775  44.997 0.0000000000
112914  -48.783  7.086  43.464 0.0000000000
112100  -47.382  6.559  41.932 0.0000000000
112133  -46.803  6.801  39.875 0.0000000000
110576  -48.369  4.268  45.226 0.0000000000
110577  -49.470  4.468  45.327 0.0000000000
110578  -50.534  4.394  45.524 0.0000000000
118056  -49.063  15.352  36.729 0.0000000000
118802  -48.460  15.801  36.325 0.0000000000
115078  -44.043  10.739  49.658 0.0000000000
115804  -44.154  11.878  49.612 0.0000000000
120247  -42.232  18.395  44.125 0.0000000000
120236  -42.128  18.111  44.556 0.0000000000
120248  -42.732  18.200  44.207 0.0000000000
118675  -51.216  15.357  47.010 0.0000000000
118672  -51.157  15.267  47.605 0.0000000000
117921  -51.233  14.336  47.412 0.0000000000
117180  -51.544  13.275  47.719 0.0000000000
117188  -51.124  13.248  47.209 0.0000000000
116471  -51.463  12.174  46.992 0.0000000000
120303  -47.457  18.101  40.066 0.0000000000
120289  -47.366  17.615  41.230 0.0000000000
118012  -52.134  14.766  40.799 0.0000000000
118013  -52.488  15.448  41.020 0.0000000000
117995  -52.449  15.338  41.514 0.0000000000
117971  -52.308  15.283  42.070 0.0000000000
117994  -51.988  14.695  41.531 0.0000000000
117993  -51.169  14.487  41.897 0.0000000000
107428  -44.256  0.447  47.357 0.0000000000
109008  -45.631  2.917  50.905 0.0000000000
109758  -46.777  3.368  50.869 0.0000000000
110527  -46.816  4.282  49.966 0.0000000000
125405  -37.348  25.183  44.432 0.0000000000
124813  -36.937  24.362  44.286 0.0000000000
124814  -37.965  24.318  44.391 0.0000000000
124210  -38.568  23.380  44.437 0.0000000000
124216  -44.142  24.227  44.457 0.0000000000
124224  -44.051  24.084  43.847 0.0000000000
124223  -43.254  23.360  43.424 0.0000000000
123623  -44.191  22.604  41.833 0.0000000000
124236  -44.738  23.218  41.677 0.0000000000
123639  -50.392  22.982  39.143 0.0000000000
123638  -49.788  22.689  39.122 0.0000000000
123657  -50.648  22.418  38.256 0.0000000000
123061  -50.661  21.457  37.328 0.0000000000
123672  -50.958  22.244  37.158 0.0000000000
123673  -51.192  22.885  37.536 0.0000000000
112015  -42.347  6.183  51.153 0.0000000000
111286  -43.157  5.528  51.757 0.0000000000
111272  -42.790  4.941  52.391 0.0000000000
111273  -44.150  5.042  52.712 0.0000000000
110518  -44.019  4.562  53.341 0.0000000000
112804  -48.881  7.293  53.315 0.0000000000
111261  -49.834  6.051  54.127 0.0000000000
111996  -50.179  6.846  53.671 0.0000000000
110508  -51.022  5.144  53.371 0.0000000000
111997  -50.876  6.746  53.162 0.0000000000
120947  -41.850  18.068  50.557 0.0000000000
120163  -41.641  17.892  50.809 0.0000000000
120165  -43.030  17.901  50.905 0.0000000000
120242  -47.987  17.508  45.689 0.0000000000
120229  -47.095  17.266  46.601 0.0000000000
120230  -48.164  17.763  46.792 0.0000000000
118645  -48.521  15.431  50.772 0.0000000000
119396  -48.085  15.912  50.719 0.0000000000
118644  -47.903  15.374  51.016 0.0000000000
117894  -48.562  14.516  51.246 0.0000000000
117146  -48.313  13.546  51.394 0.0000000000
117147  -49.057  13.533  51.502 0.0000000000
113636  -52.453  8.526  47.647 0.0000000000
113635  -51.846  8.575  48.341 0.0000000000
112856  -52.753  7.720  47.450 0.0000000000
112854  -52.953  7.059  47.835 0.0000000000
112857  -53.093  7.158  47.168 0.0000000000
112049  -53.350  6.655  45.829 0.0000000000
112860  -53.230  7.485  46.388 0.0000000000
112916  -50.940  7.897  43.202 0.0000000000
112915  -49.824  7.299  43.143 0.0000000000
112102  -49.580  6.820  41.967 0.0000000000
116477  -47.800  12.655  45.428 0.0000000000
116467  -48.167  12.059  46.107 0.0000000000
115828  -47.321  11.541  45.863 0.0000000000
112081  -44.922  6.433  43.054 0.0000000000
112064  -45.554  6.707  43.857 0.0000000000
112098  -45.222  6.455  42.063 0.0000000000
112115  -44.426  6.811  41.110 0.0000000000
109058  -49.967  2.550  41.998 0.0000000000
109820  -50.230  2.822  41.748 0.0000000000
120327  -49.695  17.793  37.455 0.0000000000
119490  -49.546  16.739  38.049 0.0000000000
119504  -50.037  16.137  37.444 0.0000000000
118050  -50.282  14.537  37.660 0.0000000000
118040  -50.665  14.337  38.402 0.0000000000
118769  -51.161  14.509  38.939 0.0000000000
117283  -50.088  13.828  38.538 0.0000000000
117275  -49.949  13.625  39.312 0.0000000000
118026  -47.400  14.543  38.815 0.0000000000
108242  -42.523  0.842  48.839 0.0000000000
108235  -44.615  1.753  51.378 0.0000000000
107398  -44.735  0.926  52.116 0.0000000000
125967  -36.768  26.510  44.906 0.0000000000
124852  -49.798  24.272  40.938 0.0000000000
125430  -50.304  25.031  40.987 0.0000000000
125429  -49.800  25.579  41.456 0.0000000000
113618  -46.030  9.101  50.587 0.0000000000
113607  -46.414  8.551  50.954 0.0000000000
113608  -47.113  9.084  51.278 0.0000000000
112812  -47.823  7.868  52.349 0.0000000000
113609  -47.679  9.112  51.809 0.0000000000
121696  -38.345  19.443  45.179 0.0000000000
121013  -51.077  18.821  46.777 0.0000000000
121012  -50.107  18.818  47.144 0.0000000000
121000  -50.656  18.329  47.623 0.0000000000
119423  -50.475  15.874  48.345 0.0000000000
119425  -50.361  17.009  48.296 0.0000000000
118668  -50.245  15.333  48.733 0.0000000000
118667  -49.563  15.387  49.422 0.0000000000
117915  -49.908  14.665  49.003 0.0000000000
117173  -49.786  13.566  49.395 0.0000000000
116458  -51.959  11.961  47.800 0.0000000000
116457  -51.607  12.145  48.278 0.0000000000
115809  -51.899  11.079  48.130 0.0000000000
115085  -52.369  10.399  47.634 0.0000000000
115086  -52.807  10.391  47.062 0.0000000000
114346  -53.011  9.897  46.715 0.0000000000
115812  -52.502  10.784  46.848 0.0000000000
115093  -51.693  10.540  46.085 0.0000000000
114352  -51.259  10.060  45.842 0.0000000000
113662  -51.266  8.925  44.884 0.0000000000
114375  -50.891  9.391  45.515 0.0000000000
121050  -44.918  19.101  42.389 0.0000000000
121040  -45.032  18.518  43.105 0.0000000000
121051  -45.686  18.454  42.586 0.0000000000
119470  -50.041  16.254  40.068 0.0000000000
119458  -49.205  16.704  40.799 0.0000000000
119450  -51.962  17.087  42.149 0.0000000000
119449  -51.464  17.035  42.114 0.0000000000
120265  -51.017  18.026  43.873 0.0000000000
121042  -51.069  18.376  44.444 0.0000000000
120266  -52.021  17.851  43.583 0.0000000000
119438  -52.158  16.146  44.046 0.0000000000
119436  -52.095  16.790  44.801 0.0000000000
119435  -51.952  16.289  44.532 0.0000000000
118685  -51.375  15.920  44.951 0.0000000000
118684  -50.706  15.347  45.272 0.0000000000
118689  -51.042  15.476  44.353 0.0000000000
117223  -49.507  14.445  43.263 0.0000000000
117947  -49.621  14.593  43.908 0.0000000000
117946  -49.026  14.225  44.380 0.0000000000
117199  -48.638  13.868  44.777 0.0000000000
117258  -48.811  13.850  41.154 0.0000000000
109011  -43.433  2.093  49.006 0.0000000000
108249  -43.759  1.220  47.646 0.0000000000
109015  -43.712  1.979  47.918 0.0000000000
109771  -45.186  3.724  48.450 0.0000000000
109774  -45.349  3.236  47.614 0.0000000000
109775  -46.174  3.154  46.678 0.0000000000
110537  -47.667  4.639  49.344 0.0000000000
110547  -47.637  4.796  48.382 0.0000000000
111297  -48.145  4.880  48.178 0.0000000000
111302  -48.387  4.896  47.729 0.0000000000
111298  -48.695  4.911  48.141 0.0000000000
123587  -32.833  22.457  46.396 0.0000000000
122966  -32.611  21.583  46.667 0.0000000000
122967  -33.404  21.638  45.962 0.0000000000
122324  -34.260  20.750  45.975 0.0000000000
122968  -34.097  21.465  45.635 0.0000000000
125388  -34.495  24.976  45.903 0.0000000000
124797  -34.889  24.665  44.937 0.0000000000
123595  -36.218  22.620  44.462 0.0000000000
123594  -35.363  22.612  44.614 0.0000000000
122977  -35.947  21.981  44.652 0.0000000000
122974  -36.145  21.393  44.872 0.0000000000
122978  -36.646  21.722  44.613 0.0000000000
122335  -37.030  20.885  44.774 0.0000000000
122981  -39.573  21.427  44.210 0.0000000000
122337  -39.110  20.487  44.336 0.0000000000
121701  -40.710  19.572  43.863 0.0000000000
122340  -40.824  20.525  43.689 0.0000000000
124212  -40.678  23.239  44.592 0.0000000000
124213  -41.582  23.152  44.539 0.0000000000
123613  -42.553  22.187  42.908 0.0000000000
123606  -42.163  22.411  43.486 0.0000000000
122988  -42.234  21.518  42.950 0.0000000000
122344  -42.653  20.725  42.736 0.0000000000
122345  -43.388  20.765  42.317 0.0000000000
121711  -43.622  19.956  42.454 0.0000000000
122346  -43.835  20.301  42.186 0.0000000000
123000  -45.263  21.650  40.985 0.0000000000
122353  -44.855  20.788  41.268 0.0000000000
121732  -45.920  20.119  40.594 0.0000000000
121733  -46.649  19.814  40.173 0.0000000000
121747  -47.177  20.009  39.750 0.0000000000
124238  -47.144  24.087  41.135 0.0000000000
124244  -46.829  23.365  40.642 0.0000000000
123631  -47.286  23.013  40.242 0.0000000000
123047  -49.129  21.288  38.517 0.0000000000
123027  -48.534  21.387  38.912 0.0000000000
122388  -48.594  20.649  38.686 0.0000000000
121749  -48.152  20.150  38.933 0.0000000000
121765  -48.548  19.800  38.523 0.0000000000
121766  -49.227  19.634  37.901 0.0000000000
121790  -50.309  19.666  36.380 0.0000000000
121110  -50.156  18.900  36.591 0.0000000000
121122  -50.149  18.965  36.123 0.0000000000
120370  -49.568  18.162  35.547 0.0000000000
121136  -49.292  18.929  35.336 0.0000000000
121800  -49.431  19.621  35.358 0.0000000000
123695  -50.471  22.657  35.765 0.0000000000
122445  -49.011  20.030  35.188 0.0000000000
123078  -49.416  21.471  35.376 0.0000000000
123077  -48.555  21.559  35.444 0.0000000000
123693  -49.301  22.504  35.443 0.0000000000
108960  -42.828  2.488  54.370 0.0000000000
109711  -45.382  3.223  54.296 0.0000000000
108962  -44.908  2.370  54.091 0.0000000000
108963  -45.992  2.601  54.062 0.0000000000
108210  -46.027  1.475  53.342 0.0000000000
108982  -46.572  2.129  53.762 0.0000000000
111275  -46.084  5.692  52.795 0.0000000000
111257  -46.125  5.164  53.320 0.0000000000
111992  -46.689  5.675  53.163 0.0000000000
110506  -49.367  4.390  54.206 0.0000000000
110486  -47.810  4.225  54.391 0.0000000000
109714  -48.536  3.777  54.227 0.0000000000
108983  -47.729  2.471  53.606 0.0000000000
108998  -49.185  2.904  53.083 0.0000000000
109750  -48.870  2.954  52.052 0.0000000000
109751  -49.873  3.208  52.048 0.0000000000
110532  -51.575  4.419  51.134 0.0000000000
110531  -50.733  4.205  50.730 0.0000000000
110540  -50.757  4.474  49.707 0.0000000000
110550  -50.700  4.677  48.653 0.0000000000
110551  -51.606  4.546  48.822 0.0000000000
118641  -42.117  16.107  50.906 0.0000000000
117903  -42.292  14.598  50.075 0.0000000000
120251  -45.450  17.609  44.263 0.0000000000
120239  -44.639  17.405  45.078 0.0000000000
120217  -46.188  17.260  47.481 0.0000000000
120216  -45.083  17.103  47.239 0.0000000000
120202  -45.322  17.459  48.266 0.0000000000
120183  -45.563  17.912  49.169 0.0000000000
120206  -48.787  18.665  48.496 0.0000000000
120205  -48.322  18.467  48.545 0.0000000000
120981  -48.016  18.443  49.265 0.0000000000
120166  -46.817  17.810  50.834 0.0000000000
120953  -47.182  18.191  50.469 0.0000000000
120952  -46.226  18.172  50.571 0.0000000000
120951  -45.200  18.222  50.473 0.0000000000
120151  -45.113  17.430  50.942 0.0000000000
120150  -44.183  17.418  50.943 0.0000000000
119393  -45.585  16.763  50.820 0.0000000000
117907  -46.246  14.681  50.656 0.0000000000
118660  -45.629  15.298  50.562 0.0000000000
117906  -45.440  14.419  50.351 0.0000000000
117158  -45.304  13.472  49.970 0.0000000000
116438  -45.848  12.605  50.156 0.0000000000
116439  -46.430  12.638  50.483 0.0000000000
115783  -48.517  11.826  51.888 0.0000000000
115782  -47.751  11.633  51.426 0.0000000000
115051  -48.858  10.596  52.366 0.0000000000
114309  -48.777  9.899  52.444 0.0000000000
115052  -49.374  10.530  52.545 0.0000000000
116441  -50.032  11.818  50.241 0.0000000000
115079  -50.364  10.433  50.399 0.0000000000
112848  -50.952  8.003  50.050 0.0000000000
113620  -50.663  8.450  50.411 0.0000000000
113621  -50.820  8.167  50.915 0.0000000000
113611  -50.902  8.025  51.408 0.0000000000
112031  -51.402  6.767  51.105 0.0000000000
112021  -51.686  6.241  51.225 0.0000000000
112032  -51.976  6.505  50.559 0.0000000000
111306  -53.081  5.598  47.384 0.0000000000
110553  -52.925  5.202  48.944 0.0000000000
110572  -52.813  4.861  47.245 0.0000000000
110571  -52.273  4.489  47.091 0.0000000000
110579  -51.521  4.202  45.773 0.0000000000
110580  -52.534  4.503  46.074 0.0000000000
111327  -52.852  5.458  43.967 0.0000000000
110597  -52.620  4.313  43.672 0.0000000000
110604  -52.093  4.351  42.022 0.0000000000
113679  -53.092  9.014  44.755 0.0000000000
112902  -53.402  8.186  44.334 0.0000000000
113684  -52.714  8.409  43.650 0.0000000000
112122  -51.450  5.616  41.025 0.0000000000
112136  -49.991  6.229  39.879 0.0000000000
112119  -48.768  6.607  40.888 0.0000000000
112135  -49.059  6.548  39.853 0.0000000000
112147  -48.380  6.593  38.814 0.0000000000
117925  -49.638  14.002  46.198 0.0000000000
116469  -49.903  12.628  46.638 0.0000000000
115090  -48.646  10.643  46.315 0.0000000000
115091  -49.697  10.936  46.406 0.0000000000
114374  -49.905  9.229  45.722 0.0000000000
114373  -48.874  9.110  45.885 0.0000000000
114370  -46.089  9.393  45.664 0.0000000000
113657  -46.416  8.531  45.509 0.0000000000
112897  -47.218  7.135  44.236 0.0000000000
112898  -48.305  7.364  44.275 0.0000000000
112913  -47.912  6.943  43.583 0.0000000000
112084  -48.120  6.719  42.763 0.0000000000
112954  -45.868  7.019  39.479 0.0000000000
112965  -46.315  7.026  38.717 0.0000000000
110566  -47.462  4.340  46.148 0.0000000000
109784  -48.881  3.495  43.645 0.0000000000
119518  -49.794  16.799  36.509 0.0000000000
119519  -49.992  16.440  36.993 0.0000000000
118803  -49.597  15.590  36.758 0.0000000000
118057  -49.329  15.141  36.892 0.0000000000
118049  -49.753  14.767  37.194 0.0000000000
118038  -49.095  14.195  37.794 0.0000000000
114325  -45.701  9.849  50.291 0.0000000000
121026  -40.527  18.698  44.498 0.0000000000
121019  -41.326  18.109  44.969 0.0000000000
121010  -42.407  17.785  46.246 0.0000000000
120221  -51.038  17.516  47.478 0.0000000000
119427  -51.232  15.876  47.282 0.0000000000
118671  -50.828  15.272  48.204 0.0000000000
117176  -51.749  12.654  48.003 0.0000000000
116463  -51.901  11.901  47.359 0.0000000000
116472  -51.688  12.113  46.978 0.0000000000
115818  -51.200  11.478  46.647 0.0000000000
120274  -46.569  18.161  42.019 0.0000000000
120290  -48.336  17.147  41.566 0.0000000000
118737  -51.553  15.429  40.142 0.0000000000
119471  -51.169  15.820  40.407 0.0000000000
119472  -52.013  16.143  40.980 0.0000000000
119473  -52.385  16.272  41.347 0.0000000000
119451  -52.660  16.473  42.230 0.0000000000
120280  -52.493  17.165  42.860 0.0000000000
119441  -52.702  16.554  43.027 0.0000000000
118701  -52.539  15.959  43.161 0.0000000000
118699  -51.435  15.438  43.675 0.0000000000
117949  -51.409  15.218  43.112 0.0000000000
117968  -50.125  14.639  43.031 0.0000000000
117245  -49.605  14.334  42.614 0.0000000000
109012  -43.967  2.968  49.208 0.0000000000
109756  -45.007  3.580  49.770 0.0000000000
109767  -45.349  3.966  49.199 0.0000000000
110545  -45.859  4.137  48.357 0.0000000000
110526  -46.347  4.286  49.590 0.0000000000
124195  -33.173  23.435  46.508 0.0000000000
125403  -35.436  24.872  44.694 0.0000000000
124811  -35.224  24.170  44.552 0.0000000000
124812  -35.987  24.307  44.353 0.0000000000
124208  -36.572  23.446  44.296 0.0000000000
123596  -37.105  22.531  44.380 0.0000000000
123597  -38.081  22.453  44.395 0.0000000000
123598  -39.099  22.397  44.420 0.0000000000
123599  -40.115  22.354  44.369 0.0000000000
124200  -42.893  23.941  45.051 0.0000000000
124214  -42.544  23.202  44.288 0.0000000000
124222  -42.683  22.909  43.635 0.0000000000
123614  -43.141  22.517  42.632 0.0000000000
123622  -43.665  22.263  42.195 0.0000000000
122998  -43.911  21.680  41.924 0.0000000000
123010  -46.009  21.623  40.463 0.0000000000
124257  -49.091  23.137  39.736 0.0000000000
124256  -48.386  22.917  39.750 0.0000000000
123656  -49.540  21.991  38.628 0.0000000000
123048  -49.834  21.360  38.101 0.0000000000
122402  -49.946  20.490  37.548 0.0000000000
122403  -50.392  20.945  37.348 0.0000000000
122417  -50.444  20.487  36.935 0.0000000000
122426  -50.413  20.518  36.111 0.0000000000
122436  -50.100  20.493  35.650 0.0000000000
123684  -50.833  22.506  36.341 0.0000000000
112028  -41.579  6.763  50.549 0.0000000000
112014  -41.319  6.055  51.122 0.0000000000
111284  -41.004  5.498  51.756 0.0000000000
111271  -41.667  4.937  52.281 0.0000000000
109709  -43.353  3.179  54.413 0.0000000000
110502  -44.023  4.041  53.867 0.0000000000
110483  -44.839  3.781  54.205 0.0000000000
110484  -45.788  3.913  54.272 0.0000000000
112005  -47.623  6.907  52.805 0.0000000000
111993  -47.413  6.079  53.335 0.0000000000
111260  -48.946  6.024  54.138 0.0000000000
111246  -49.402  5.451  54.300 0.0000000000
109744  -50.590  3.692  52.858 0.0000000000
109736  -50.682  4.350  53.351 0.0000000000
110523  -51.781  4.583  52.091 0.0000000000
110524  -51.990  5.115  51.505 0.0000000000
120147  -41.144  17.311  51.276 0.0000000000
120148  -42.163  17.400  51.241 0.0000000000
119390  -42.713  16.646  51.059 0.0000000000
120186  -48.897  17.353  49.912 0.0000000000
120965  -48.455  18.194  49.867 0.0000000000
120168  -48.240  17.485  50.390 0.0000000000
119394  -46.516  16.583  50.762 0.0000000000
119411  -46.001  15.934  50.629 0.0000000000
118643  -46.905  15.372  50.787 0.0000000000
117892  -46.960  14.144  50.886 0.0000000000
117144  -46.998  13.420  50.857 0.0000000000
116428  -47.091  12.565  50.882 0.0000000000
117145  -47.542  13.456  51.129 0.0000000000
116430  -48.800  12.691  51.727 0.0000000000
116421  -49.202  12.003  52.200 0.0000000000
115082  -51.239  10.517  48.861 0.0000000000
113634  -51.204  8.930  48.733 0.0000000000
113632  -51.304  8.224  48.842 0.0000000000
112850  -52.159  7.129  49.188 0.0000000000
112034  -52.540  6.445  49.691 0.0000000000
112038  -52.869  6.450  48.475 0.0000000000
112040  -53.084  6.395  47.660 0.0000000000
111309  -53.139  5.356  46.268 0.0000000000
111308  -53.024  4.854  45.889 0.0000000000
111317  -53.258  6.010  45.344 0.0000000000
112066  -53.161  6.049  44.639 0.0000000000
112086  -53.220  6.757  43.872 0.0000000000
113677  -51.889  8.797  44.287 0.0000000000
112917  -51.955  8.116  42.990 0.0000000000
113682  -51.641  8.369  43.630 0.0000000000
112103  -50.617  6.795  41.788 0.0000000000
117191  -48.630  13.331  45.716 0.0000000000
116468  -48.941  12.619  46.310 0.0000000000
115814  -48.003  11.190  46.233 0.0000000000
112874  -45.818  7.769  45.174 0.0000000000
112896  -46.174  7.169  44.514 0.0000000000
112065  -46.401  6.752  43.770 0.0000000000
112099  -46.302  6.503  42.028 0.0000000000
112131  -45.001  6.928  40.444 0.0000000000
112953  -45.097  7.156  39.673 0.0000000000
109021  -46.294  2.336  46.299 0.0000000000
120313  -48.386  17.571  39.121 0.0000000000
119479  -49.063  16.746  38.849 0.0000000000
119480  -49.761  16.222  39.046 0.0000000000
118754  -51.470  14.745  39.483 0.0000000000
118028  -51.693  14.442  40.016 0.0000000000
117277  -51.299  13.872  39.874 0.0000000000
117268  -50.898  13.832  40.466 0.0000000000
117276  -50.691  13.636  39.716 0.0000000000
117266  -48.739  13.867  39.794 0.0000000000
118027  -48.392  14.118  38.672 0.0000000000
118011  -47.926  14.155  39.433 0.0000000000
107427  -42.971  0.458  47.639 0.0000000000
108239  -43.437  1.758  50.216 0.0000000000
107415  -42.931  0.848  50.098 0.0000000000
108240  -43.989  1.980  50.841 0.0000000000
109000  -45.045  2.479  51.121 0.0000000000
109001  -45.644  2.263  51.499 0.0000000000
125982  -36.985  25.786  44.570 0.0000000000
125406  -38.335  25.198  44.491 0.0000000000
124232  -45.254  24.263  42.253 0.0000000000
124850  -48.281  24.299  41.214 0.0000000000
124851  -48.963  24.239  41.098 0.0000000000
124247  -50.181  23.953  40.152 0.0000000000
124259  -50.766  23.615  39.325 0.0000000000
124270  -51.195  23.471  38.335 0.0000000000
124862  -50.774  24.585  39.710 0.0000000000
125434  -50.491  25.470  40.321 0.0000000000
112821  -45.932  7.725  51.066 0.0000000000
112811  -47.082  7.294  52.241 0.0000000000
112006  -48.328  7.324  52.952 0.0000000000
112813  -48.795  8.091  52.882 0.0000000000
120244  -49.863  18.544  45.988 0.0000000000
120231  -49.200  18.441  46.984 0.0000000000
120232  -49.911  18.750  46.555 0.0000000000
121011  -49.455  18.739  47.716 0.0000000000
120983  -49.682  18.277  48.877 0.0000000000
120208  -50.559  17.538  48.049 0.0000000000
120207  -50.139  17.512  48.670 0.0000000000
120187  -49.562  17.360  49.278 0.0000000000
119421  -49.213  16.310  49.631 0.0000000000
118662  -49.037  15.413  50.113 0.0000000000
117909  -49.302  14.352  50.364 0.0000000000
117160  -49.420  13.402  50.904 0.0000000000
117170  -49.624  13.405  50.061 0.0000000000
117171  -49.945  13.051  49.615 0.0000000000
115807  -50.749  11.370  49.176 0.0000000000
116456  -50.920  12.275  48.796 0.0000000000
115083  -51.837  10.479  48.251 0.0000000000
114343  -52.210  9.536  47.927 0.0000000000
114354  -53.134  8.782  46.607 0.0000000000
113641  -53.345  8.405  46.094 0.0000000000
114355  -53.190  9.402  46.179 0.0000000000
114378  -53.054  9.398  45.351 0.0000000000
114390  -52.851  9.358  44.998 0.0000000000
115094  -52.333  10.475  46.214 0.0000000000
115114  -52.232  10.088  45.631 0.0000000000
114388  -52.277  9.073  44.566 0.0000000000
113675  -50.135  8.165  44.535 0.0000000000
115827  -46.243  11.293  45.482 0.0000000000
115110  -45.703  10.253  45.560 0.0000000000
112873  -44.862  7.790  45.140 0.0000000000
112063  -44.618  6.729  43.938 0.0000000000
112080  -43.977  6.495  43.210 0.0000000000
121030  -43.801  18.321  43.853 0.0000000000
120259  -44.676  18.339  43.510 0.0000000000
120260  -45.221  18.080  43.571 0.0000000000
120261  -46.232  17.812  43.227 0.0000000000
120252  -46.577  17.391  44.381 0.0000000000
120253  -47.755  17.423  44.588 0.0000000000
120254  -48.922  17.705  44.773 0.0000000000
120291  -49.407  16.938  41.826 0.0000000000
119448  -50.491  16.922  42.014 0.0000000000
120277  -49.629  17.229  42.823 0.0000000000
120264  -49.881  17.631  43.842 0.0000000000
120255  -50.124  18.221  44.935 0.0000000000
121031  -50.360  18.635  45.510 0.0000000000
121021  -51.370  18.722  45.769 0.0000000000
121022  -51.811  18.142  45.519 0.0000000000
120267  -52.451  17.257  43.714 0.0000000000
120245  -52.047  17.302  45.072 0.0000000000
120233  -51.868  17.269  46.198 0.0000000000
118678  -50.548  14.945  46.036 0.0000000000
117926  -50.028  14.248  46.297 0.0000000000
117932  -49.521  14.181  45.879 0.0000000000
117938  -50.185  15.007  44.606 0.0000000000
117937  -49.277  14.328  44.974 0.0000000000
117192  -49.093  13.884  45.662 0.0000000000
117190  -48.171  13.320  45.103 0.0000000000
116501  -47.321  12.709  44.859 0.0000000000
117259  -50.151  14.067  41.474 0.0000000000
108250  -44.671  1.272  47.419 0.0000000000
109016  -44.081  2.647  48.287 0.0000000000
109019  -44.727  2.227  47.557 0.0000000000
108251  -45.600  1.403  47.177 0.0000000000
108252  -46.257  1.488  46.720 0.0000000000
110565  -46.749  3.697  46.049 0.0000000000
110546  -46.705  4.538  48.251 0.0000000000
110558  -48.856  4.890  47.069 0.0000000000
110559  -49.769  4.845  47.250 0.0000000000
124197  -33.699  23.510  45.538 0.0000000000
124206  -34.938  23.472  44.589 0.0000000000
123593  -34.645  22.905  44.728 0.0000000000
123590  -34.090  22.647  45.115 0.0000000000
122973  -35.428  21.646  45.002 0.0000000000
122330  -36.243  20.566  45.403 0.0000000000
122331  -37.314  20.158  45.152 0.0000000000
122332  -37.827  19.848  45.065 0.0000000000
121699  -38.832  19.750  44.664 0.0000000000
121700  -39.684  19.485  44.382 0.0000000000
121702  -41.395  19.459  43.666 0.0000000000
121037  -42.194  19.217  43.542 0.0000000000
122983  -41.174  21.731  43.769 0.0000000000
123601  -41.807  22.634  44.097 0.0000000000
123605  -41.547  22.159  43.757 0.0000000000
122986  -41.114  21.155  43.638 0.0000000000
122341  -41.429  20.599  43.473 0.0000000000
121706  -42.579  19.860  43.110 0.0000000000
121038  -42.998  19.073  43.403 0.0000000000
121707  -43.372  19.516  42.914 0.0000000000
121049  -44.292  19.260  42.624 0.0000000000
121059  -45.221  19.371  41.758 0.0000000000
121720  -44.661  20.149  41.662 0.0000000000
121721  -45.308  19.867  41.231 0.0000000000
121069  -46.443  18.958  40.610 0.0000000000
121070  -47.044  18.970  40.029 0.0000000000
121079  -47.699  18.947  39.234 0.0000000000
124237  -45.712  23.698  41.402 0.0000000000
124243  -46.193  23.062  40.689 0.0000000000
123011  -46.702  21.564  39.990 0.0000000000
123636  -47.631  22.493  39.773 0.0000000000
123025  -47.251  21.695  39.675 0.0000000000
122386  -47.182  20.754  39.695 0.0000000000
121748  -47.626  19.960  39.347 0.0000000000
121764  -48.005  19.627  38.931 0.0000000000
121080  -48.108  18.347  39.037 0.0000000000
121095  -48.509  18.729  38.465 0.0000000000
121779  -49.801  19.525  37.357 0.0000000000
121109  -49.942  18.734  37.121 0.0000000000
120341  -50.133  17.954  36.668 0.0000000000
120354  -49.910  17.777  35.986 0.0000000000
119533  -49.333  17.364  35.694 0.0000000000
122435  -49.513  20.337  35.351 0.0000000000
121808  -48.430  19.538  35.163 0.0000000000
124871  -51.266  24.017  37.874 0.0000000000
124890  -51.172  23.866  36.762 0.0000000000
124900  -50.664  23.855  35.726 0.0000000000
107365  -43.373  0.494  53.184 0.0000000000
108961  -43.825  2.454  54.382 0.0000000000
108196  -44.281  1.768  54.047 0.0000000000
107366  -44.450  0.657  53.265 0.0000000000
107368  -45.786  1.042  52.944 0.0000000000
108224  -46.018  1.350  52.774 0.0000000000
108225  -46.826  1.789  52.781 0.0000000000
111274  -45.342  5.342  52.769 0.0000000000
110504  -46.154  4.577  53.926 0.0000000000
110485  -46.828  4.116  54.371 0.0000000000
111258  -47.060  5.198  53.880 0.0000000000
111243  -47.287  4.644  54.290 0.0000000000
108965  -47.554  2.786  54.074 0.0000000000
108996  -47.679  2.221  52.860 0.0000000000
109003  -47.832  2.487  52.249 0.0000000000
109749  -47.955  2.998  51.668 0.0000000000
110529  -48.809  4.220  50.421 0.0000000000
109761  -49.825  3.653  51.404 0.0000000000
110530  -49.822  4.196  50.571 0.0000000000
110549  -49.496  4.894  48.399 0.0000000000
117902  -41.330  14.678  50.273 0.0000000000
117167  -42.309  13.507  49.589 0.0000000000
117168  -43.264  13.339  49.479 0.0000000000
120238  -43.680  17.617  44.947 0.0000000000
120214  -43.132  17.545  46.628 0.0000000000
120227  -44.859  17.135  46.135 0.0000000000
120215  -44.044  17.260  46.954 0.0000000000
120200  -43.288  17.571  47.677 0.0000000000
120979  -43.611  17.720  48.574 0.0000000000
120960  -43.576  17.987  49.544 0.0000000000
120219  -48.212  18.134  47.804 0.0000000000
120964  -47.653  18.413  49.921 0.0000000000
120185  -47.043  18.377  49.362 0.0000000000
120961  -44.807  18.162  49.769 0.0000000000
120950  -44.186  18.104  50.381 0.0000000000
120949  -43.120  18.069  50.519 0.0000000000
120941  -43.765  17.820  50.776 0.0000000000
119391  -43.716  16.806  50.958 0.0000000000
119408  -43.338  16.152  50.769 0.0000000000
119410  -45.137  16.067  50.653 0.0000000000
118658  -43.790  15.369  50.415 0.0000000000
117905  -44.377  14.246  49.912 0.0000000000
117169  -44.126  13.322  49.571 0.0000000000
116452  -44.210  12.554  49.562 0.0000000000
115790  -45.612  11.618  50.076 0.0000000000
115066  -46.335  10.724  50.550 0.0000000000
115058  -47.492  10.710  51.365 0.0000000000
114316  -47.838  9.779  51.723 0.0000000000
114308  -48.288  9.661  52.141 0.0000000000
113601  -49.048  9.051  52.975 0.0000000000
113593  -50.114  8.633  53.314 0.0000000000
115792  -50.036  11.874  51.410 0.0000000000
115777  -50.177  11.066  52.246 0.0000000000
115067  -50.363  10.424  51.294 0.0000000000
115060  -50.348  10.384  52.075 0.0000000000
114311  -50.441  9.424  52.604 0.0000000000
113594  -50.767  8.273  52.766 0.0000000000
112807  -50.952  7.332  52.765 0.0000000000
112007  -51.178  6.637  52.491 0.0000000000
111289  -51.663  5.782  51.731 0.0000000000
110533  -52.228  5.158  50.778 0.0000000000
111294  -52.849  5.742  49.575 0.0000000000
110542  -52.570  4.994  49.900 0.0000000000
110552  -52.391  4.746  48.939 0.0000000000
110561  -51.552  4.473  47.819 0.0000000000
110569  -50.655  4.538  46.520 0.0000000000
110589  -51.307  3.929  44.847 0.0000000000
109798  -51.597  3.325  43.488 0.0000000000
110590  -52.475  4.129  44.816 0.0000000000
109799  -52.271  3.576  43.601 0.0000000000
109809  -51.574  3.317  42.522 0.0000000000
109821  -50.932  3.145  41.753 0.0000000000
110620  -50.953  3.456  40.974 0.0000000000
112878  -53.465  7.747  45.454 0.0000000000
112105  -52.677  6.689  42.963 0.0000000000
112930  -52.285  7.432  42.641 0.0000000000
111334  -51.884  5.311  41.771 0.0000000000
112138  -51.419  5.092  40.614 0.0000000000
111347  -50.800  4.631  39.792 0.0000000000
112150  -50.398  5.088  39.393 0.0000000000
115816  -49.538  11.893  46.548 0.0000000000
114351  -50.350  10.017  46.119 0.0000000000
112899  -49.389  7.631  44.253 0.0000000000
113658  -47.370  8.470  45.524 0.0000000000
113659  -48.336  8.426  45.467 0.0000000000
112877  -48.662  7.867  44.896 0.0000000000
112101  -48.439  6.662  41.842 0.0000000000
112118  -47.675  6.625  40.901 0.0000000000
107367  -45.309  0.907  53.181 0.0000000000
107381  -44.918  0.689  52.716 0.0000000000
107382  -45.497  0.993  52.729 0.0000000000
107399  -45.222  0.941  52.447 0.0000000000
108197  -44.799  1.829  53.906 0.0000000000
108208  -43.853  1.076  53.773 0.0000000000
108212  -47.385  2.140  53.217 0.0000000000
108226  -47.220  1.973  53.062 0.0000000000
108237  -46.321  1.687  52.439 0.0000000000
108964  -46.997  2.709  54.106 0.0000000000
108980  -45.004  1.937  53.916 0.0000000000
108981  -45.597  1.937  53.815 0.0000000000
108984  -48.856  2.922  53.425 0.0000000000
108985  -49.341  3.095  53.253 0.0000000000
108995  -47.294  2.164  52.465 0.0000000000
108997  -48.744  2.668  52.854 0.0000000000
109002  -46.800  2.338  51.879 0.0000000000
109044  -50.114  2.696  42.137 0.0000000000
109715  -49.071  4.045  54.215 0.0000000000
109732  -43.693  3.593  54.210 0.0000000000
109733  -47.837  2.853  54.057 0.0000000000
109734  -48.400  3.079  53.982 0.0000000000
109737  -51.204  4.685  53.077 0.0000000000
109742  -49.318  2.947  52.437 0.0000000000
109743  -49.689  3.122  52.802 0.0000000000
109745  -51.268  4.315  52.736 0.0000000000
109748  -47.372  3.050  51.367 0.0000000000
109752  -50.557  3.522  52.180 0.0000000000
109753  -51.267  3.926  52.134 0.0000000000
109759  -47.921  3.609  51.025 0.0000000000
109762  -50.627  3.795  51.563 0.0000000000
109770  -44.591  3.223  48.444 0.0000000000
109786  -51.000  3.538  44.053 0.0000000000
109788  -52.422  3.785  44.128 0.0000000000
109810  -52.030  3.399  43.109 0.0000000000
109836  -50.596  3.151  41.410 0.0000000000
110482  -44.402  3.738  54.174 0.0000000000
110487  -48.688  4.510  54.371 0.0000000000
110488  -49.281  4.912  54.342 0.0000000000
110503  -45.101  4.287  53.901 0.0000000000
110519  -51.621  5.079  52.741 0.0000000000
110520  -51.828  5.258  52.099 0.0000000000
110535  -46.087  4.324  49.118 0.0000000000
110543  -52.865  5.410  49.341 0.0000000000
110548  -48.381  4.869  48.670 0.0000000000
110563  -52.894  5.003  48.133 0.0000000000
110612  -51.610  3.777  41.412 0.0000000000
111244  -47.928  4.967  54.358 0.0000000000
111255  -44.515  4.557  53.482 0.0000000000
111259  -48.070  5.711  53.992 0.0000000000
111262  -50.714  5.979  53.709 0.0000000000
111276  -51.338  5.951  52.890 0.0000000000
111288  -51.369  6.092  52.210 0.0000000000
111291  -52.051  5.739  51.012 0.0000000000
111296  -47.890  4.834  48.194 0.0000000000
111299  -52.959  5.764  48.985 0.0000000000
111301  -47.934  4.877  47.954 0.0000000000
111355  -50.205  4.480  39.564 0.0000000000
111995  -49.304  6.761  53.736 0.0000000000
112019  -46.451  7.251  51.833 0.0000000000
112020  -51.321  6.542  51.783 0.0000000000
112035  -52.855  6.204  49.159 0.0000000000
112037  -52.629  6.704  48.976 0.0000000000
112087  -53.447  7.561  43.962 0.0000000000
112806  -50.494  7.607  53.298 0.0000000000
112814  -49.435  8.501  53.180 0.0000000000
112823  -47.556  8.613  51.883 0.0000000000
112824  -51.101  7.283  51.534 0.0000000000
112836  -45.736  8.499  50.626 0.0000000000
112837  -50.948  7.994  50.359 0.0000000000
112838  -51.160  7.537  50.563 0.0000000000
112849  -51.383  7.657  49.499 0.0000000000
112852  -51.773  7.719  48.751 0.0000000000
112859  -52.964  7.790  46.891 0.0000000000
112901  -53.132  8.375  43.861 0.0000000000
112918  -53.020  7.971  43.343 0.0000000000
112919  -53.419  7.959  43.802 0.0000000000
113595  -51.020  7.631  52.504 0.0000000000
113602  -49.585  8.976  53.219 0.0000000000
113603  -50.783  8.665  51.999 0.0000000000
113604  -51.000  7.834  52.098 0.0000000000
113610  -50.615  8.711  51.239 0.0000000000
113619  -46.536  9.077  50.851 0.0000000000
113640  -53.091  8.182  46.577 0.0000000000
113683  -52.345  8.455  43.618 0.0000000000
114299  -50.585  8.939  53.074 0.0000000000
114310  -49.745  9.609  53.022 0.0000000000
114315  -47.060  10.097  51.080 0.0000000000
114327  -50.382  9.502  50.842 0.0000000000
114339  -50.486  9.500  49.908 0.0000000000
114341  -50.989  9.621  49.144 0.0000000000
114353  -51.689  10.102  45.652 0.0000000000
114377  -52.577  9.626  45.249 0.0000000000
114389  -52.576  9.245  44.773 0.0000000000
115053  -50.064  10.465  52.634 0.0000000000
115057  -46.988  10.715  50.969 0.0000000000
115059  -48.320  10.705  51.966 0.0000000000
115064  -44.729  10.661  49.752 0.0000000000
115089  -47.750  10.430  46.133 0.0000000000
115095  -52.777  10.256  46.469 0.0000000000
115113  -51.929  10.117  45.581 0.0000000000
115775  -48.967  11.201  52.347 0.0000000000
115781  -47.021  11.367  50.936 0.0000000000
115784  -50.088  11.769  52.064 0.0000000000
115785  -50.327  11.194  51.707 0.0000000000
115789  -44.808  11.336  49.726 0.0000000000
115805  -50.269  11.273  49.937 0.0000000000
115820  -52.400  10.676  46.600 0.0000000000
116422  -49.688  11.971  52.190 0.0000000000
116453  -49.831  12.771  49.966 0.0000000000
116454  -50.186  12.269  49.636 0.0000000000
117156  -41.632  14.054  49.858 0.0000000000
117157  -44.697  13.410  49.726 0.0000000000
117181  -51.751  12.461  47.673 0.0000000000
117185  -48.953  13.176  46.166 0.0000000000
117200  -48.868  13.874  45.289 0.0000000000
117260  -51.345  14.202  41.106 0.0000000000
117269  -51.593  14.193  40.506 0.0000000000
117282  -49.651  13.950  38.203 0.0000000000
117284  -50.705  13.724  39.048 0.0000000000
117908  -48.986  14.823  50.798 0.0000000000
117912  -43.695  13.966  49.656 0.0000000000
117913  -44.083  13.879  49.661 0.0000000000
117917  -49.857  13.973  48.938 0.0000000000
117969  -50.955  14.832  42.691 0.0000000000
118041  -51.263  14.108  39.260 0.0000000000
118642  -42.608  16.164  50.861 0.0000000000
118657  -42.756  15.607  50.571 0.0000000000
118663  -49.354  14.872  49.869 0.0000000000
118666  -49.229  15.705  49.699 0.0000000000
118691  -52.269  15.980  43.710 0.0000000000
118700  -52.017  15.561  43.258 0.0000000000
118712  -52.346  15.534  42.631 0.0000000000
118713  -52.676  15.851  42.294 0.0000000000
118739  -52.495  15.952  41.072 0.0000000000
118753  -51.379  15.317  39.716 0.0000000000
118785  -50.016  15.110  37.024 0.0000000000
118804  -50.067  16.004  36.975 0.0000000000
119409  -44.226  16.115  50.687 0.0000000000
119412  -48.008  17.023  50.719 0.0000000000
119429  -51.262  16.977  47.257 0.0000000000
119433  -52.013  16.955  45.246 0.0000000000
119461  -52.104  16.692  41.725 0.0000000000
119462  -52.529  16.361  41.662 0.0000000000
119489  -48.962  17.145  38.489 0.0000000000
120153  -46.910  17.219  50.832 0.0000000000
120164  -42.556  17.898  50.924 0.0000000000
120167  -47.526  17.516  50.694 0.0000000000
120184  -46.515  18.193  49.296 0.0000000000
120222  -51.513  17.445  46.912 0.0000000000
120234  -51.995  17.248  45.547 0.0000000000
120249  -43.449  18.027  44.266 0.0000000000
120257  -52.252  17.282  44.499 0.0000000000
120292  -52.174  17.034  42.176 0.0000000000
120293  -52.367  16.878  42.190 0.0000000000
120302  -46.884  18.551  40.415 0.0000000000
120355  -50.132  18.348  36.072 0.0000000000
120371  -49.905  18.243  35.803 0.0000000000
120940  -43.275  17.871  50.861 0.0000000000
120943  -45.470  17.936  50.884 0.0000000000
120948  -42.203  18.096  50.517 0.0000000000
120958  -41.680  18.011  50.208 0.0000000000
120963  -46.845  18.532  49.900 0.0000000000
120980  -47.402  18.421  49.455 0.0000000000
120982  -48.827  18.518  49.034 0.0000000000
120998  -49.255  18.683  48.388 0.0000000000
120999  -49.964  18.712  48.096 0.0000000000
121001  -51.261  18.128  47.090 0.0000000000
121015  -51.944  17.741  45.799 0.0000000000
121023  -51.975  17.674  45.366 0.0000000000
121025  -39.799  18.697  44.945 0.0000000000
121029  -43.263  18.485  43.787 0.0000000000
121032  -50.927  18.658  45.033 0.0000000000
121034  -52.003  17.811  44.976 0.0000000000
121036  -41.733  19.286  43.625 0.0000000000
121043  -51.473  18.258  44.359 0.0000000000
121044  -52.055  17.882  44.368 0.0000000000
121137  -49.858  18.715  35.732 0.0000000000
121147  -49.006  18.888  35.206 0.0000000000
121704  -41.218  19.981  43.588 0.0000000000
121708  -43.915  19.431  42.670 0.0000000000
121713  -44.861  19.635  41.841 0.0000000000
121780  -50.147  19.559  36.915 0.0000000000
121809  -48.987  19.538  35.199 0.0000000000
122328  -34.493  21.259  45.620 0.0000000000
122342  -42.019  20.656  43.140 0.0000000000
122351  -43.701  21.199  42.079 0.0000000000
122352  -44.115  20.770  41.855 0.0000000000
122367  -45.553  20.780  40.728 0.0000000000
122444  -48.798  19.868  35.203 0.0000000000
122971  -33.869  22.011  45.496 0.0000000000
122972  -34.534  21.755  45.299 0.0000000000
122991  -42.863  21.558  42.591 0.0000000000
123026  -47.862  21.566  39.348 0.0000000000
123629  -45.760  22.527  40.788 0.0000000000
123635  -47.012  22.081  39.847 0.0000000000
123655  -48.984  21.754  38.780 0.0000000000
124230  -43.529  23.192  42.688 0.0000000000
124239  -47.842  24.178  41.111 0.0000000000
124246  -49.412  23.747  40.376 0.0000000000
124248  -50.506  24.177  39.935 0.0000000000
124271  -51.289  23.454  37.686 0.0000000000
124281  -51.240  23.425  37.105 0.0000000000
124290  -50.801  23.402  35.946 0.0000000000
124291  -51.063  23.447  36.537 0.0000000000
124302  -50.407  23.319  35.515 0.0000000000
124796  -34.313  24.421  45.455 0.0000000000
124810  -34.641  24.104  44.782 0.0000000000
124846  -50.047  24.756  41.260 0.0000000000
124880  -51.259  24.009  37.191 0.0000000000
125390  -35.942  26.079  45.041 0.0000000000
