#!ascii label  , from subject FTD-FPD109 vox2ras=TkReg
1118
47616  -3.805  -55.640  72.805 0.0000000000
57217  -28.331  -47.603  61.242 0.0000000000
65328  -26.508  -41.285  57.562 0.0000000000
56013  -20.736  -48.573  65.848 0.0000000000
74466  -36.545  -33.239  49.857 0.0000000000
64268  -31.086  -40.331  50.625 0.0000000000
58297  -31.242  -45.701  67.652 0.0000000000
57154  -25.083  -47.147  64.469 0.0000000000
75506  -42.201  -31.645  53.371 0.0000000000
80935  -45.028  -27.533  50.771 0.0000000000
82974  -47.949  -25.276  49.023 0.0000000000
67586  -31.918  -37.772  60.012 0.0000000000
66538  -27.865  -39.434  53.197 0.0000000000
65349  -33.465  -39.359  56.067 0.0000000000
64225  -36.226  -40.270  53.437 0.0000000000
49154  -16.129  -54.493  62.336 0.0000000000
45143  -2.422  -57.305  76.782 0.0000000000
60838  -29.683  -45.141  59.597 0.0000000000
67499  -30.680  -39.859  65.077 0.0000000000
51562  -17.583  -52.933  59.202 0.0000000000
57260  -19.886  -47.660  58.411 0.0000000000
81005  -46.480  -26.958  41.775 0.0000000000
81992  -50.327  -26.104  45.017 0.0000000000
69914  -33.179  -37.395  50.905 0.0000000000
71064  -39.820  -35.506  52.988 0.0000000000
49021  -5.729  -54.825  68.429 0.0000000000
41793  0.184  -61.414  75.143 0.0000000000
78879  -43.708  -29.231  52.606 0.0000000000
66474  -31.968  -38.397  58.243 0.0000000000
50407  -13.804  -54.433  60.843 0.0000000000
46296  -3.674  -56.694  75.640 0.0000000000
57285  -28.572  -48.060  57.290 0.0000000000
58387  -29.146  -47.136  60.215 0.0000000000
54935  -18.867  -50.438  61.805 0.0000000000
54975  -18.305  -50.608  59.107 0.0000000000
57210  -19.780  -47.870  62.102 0.0000000000
57174  -27.309  -47.317  63.289 0.0000000000
57229  -24.947  -47.348  60.571 0.0000000000
57247  -26.086  -48.244  59.420 0.0000000000
53696  -20.089  -51.149  65.995 0.0000000000
52646  -18.327  -52.527  63.108 0.0000000000
79963  -41.348  -27.134  45.898 0.0000000000
82008  -44.585  -26.044  43.212 0.0000000000
82993  -49.513  -25.146  46.902 0.0000000000
65430  -29.723  -40.395  51.245 0.0000000000
66616  -32.302  -39.227  50.435 0.0000000000
67698  -38.402  -38.504  53.321 0.0000000000
50350  -10.212  -53.999  65.214 0.0000000000
49045  -9.012  -54.114  67.493 0.0000000000
49003  -7.631  -54.172  69.424 0.0000000000
49064  -6.449  -54.994  66.049 0.0000000000
41799  -1.374  -62.114  73.917 0.0000000000
57159  -29.698  -47.577  64.088 0.0000000000
58346  -31.468  -46.757  63.199 0.0000000000
59523  -32.407  -45.819  66.505 0.0000000000
55967  -24.592  -48.138  68.962 0.0000000000
57134  -22.909  -47.679  65.869 0.0000000000
58292  -26.451  -46.432  67.475 0.0000000000
57123  -28.220  -46.874  65.737 0.0000000000
75515  -39.922  -32.683  51.519 0.0000000000
77771  -41.231  -29.814  50.557 0.0000000000
78898  -42.631  -28.740  49.521 0.0000000000
80954  -44.049  -27.195  47.597 0.0000000000
81973  -45.535  -26.034  46.434 0.0000000000
81941  -46.240  -26.131  49.534 0.0000000000
67599  -28.361  -38.298  59.531 0.0000000000
66508  -26.024  -39.733  55.872 0.0000000000
67633  -29.307  -38.119  56.580 0.0000000000
66511  -31.003  -39.055  55.021 0.0000000000
65390  -32.375  -40.230  53.469 0.0000000000
64242  -33.969  -40.413  52.513 0.0000000000
64192  -34.854  -40.527  54.467 0.0000000000
49110  -14.797  -54.904  64.412 0.0000000000
50380  -12.003  -53.788  63.012 0.0000000000
79990  -51.668  -28.242  42.374 0.0000000000
45129  -1.004  -57.078  77.583 0.0000000000
59663  -28.419  -46.773  56.494 0.0000000000
64143  -28.461  -43.079  59.098 0.0000000000
61945  -31.162  -44.565  61.900 0.0000000000
64121  -29.484  -42.407  61.629 0.0000000000
65262  -28.382  -40.624  61.634 0.0000000000
68670  -30.363  -38.408  62.919 0.0000000000
58371  -22.363  -47.141  61.621 0.0000000000
50367  -17.973  -54.468  64.418 0.0000000000
49197  -16.301  -54.433  60.441 0.0000000000
81989  -46.910  -25.532  45.327 0.0000000000
82002  -48.488  -25.828  44.188 0.0000000000
81009  -49.822  -27.669  42.737 0.0000000000
80984  -51.497  -26.841  44.025 0.0000000000
45191  -3.686  -57.655  69.821 0.0000000000
44123  -3.166  -59.292  71.917 0.0000000000
72309  -34.511  -34.791  50.511 0.0000000000
67714  -35.414  -39.049  51.650 0.0000000000
69899  -36.694  -37.324  52.374 0.0000000000
73432  -38.054  -34.186  51.435 0.0000000000
74443  -41.053  -33.714  52.922 0.0000000000
48983  -4.560  -55.198  70.315 0.0000000000
44119  -2.584  -59.271  74.018 0.0000000000
43010  -1.072  -59.841  75.355 0.0000000000
44106  0.629  -58.900  75.828 0.0000000000
47593  -3.919  -56.215  74.545 0.0000000000
57249  -27.901  -48.339  59.427 0.0000000000
57250  -28.355  -48.061  59.151 0.0000000000
57218  -28.854  -47.290  61.208 0.0000000000
56023  -19.661  -49.669  64.000 0.0000000000
56044  -19.154  -49.477  62.199 0.0000000000
57167  -20.438  -47.754  64.451 0.0000000000
57196  -28.317  -47.522  62.268 0.0000000000
57215  -26.776  -47.424  61.344 0.0000000000
57232  -27.755  -48.034  60.281 0.0000000000
57264  -26.868  -48.999  58.334 0.0000000000
54874  -22.239  -49.921  67.383 0.0000000000
53685  -22.017  -50.589  67.553 0.0000000000
55997  -20.743  -49.776  66.180 0.0000000000
54915  -19.417  -50.392  64.083 0.0000000000
80993  -43.716  -26.281  43.277 0.0000000000
63080  -26.452  -43.629  56.137 0.0000000000
64176  -25.987  -42.566  55.926 0.0000000000
65431  -30.656  -40.263  51.595 0.0000000000
64267  -30.112  -41.035  50.158 0.0000000000
65456  -32.060  -39.784  50.826 0.0000000000
50361  -8.856  -54.249  64.968 0.0000000000
50336  -9.413  -54.113  66.205 0.0000000000
49086  -7.978  -54.366  65.850 0.0000000000
49065  -7.334  -54.472  66.437 0.0000000000
49085  -6.937  -55.019  65.346 0.0000000000
58328  -30.257  -47.037  65.603 0.0000000000
58330  -31.987  -46.433  65.235 0.0000000000
58319  -31.606  -46.237  66.444 0.0000000000
57073  -25.173  -47.678  69.279 0.0000000000
57091  -24.996  -47.326  68.532 0.0000000000
58248  -26.843  -46.427  68.983 0.0000000000
58273  -30.349  -45.491  68.502 0.0000000000
58295  -29.072  -46.219  67.314 0.0000000000
58317  -29.641  -46.653  66.264 0.0000000000
57141  -29.474  -47.288  65.103 0.0000000000
75517  -41.262  -31.495  52.488 0.0000000000
75528  -40.146  -31.268  51.082 0.0000000000
76604  -41.455  -30.347  51.710 0.0000000000
79922  -44.735  -28.512  52.044 0.0000000000
78892  -43.203  -28.672  50.356 0.0000000000
79931  -43.736  -28.269  50.077 0.0000000000
79939  -43.694  -27.958  48.907 0.0000000000
80940  -44.825  -27.224  49.727 0.0000000000
81951  -45.510  -26.446  48.549 0.0000000000
81932  -46.159  -26.594  50.649 0.0000000000
67584  -30.016  -37.930  60.376 0.0000000000
67612  -29.251  -37.859  58.575 0.0000000000
67613  -30.356  -37.769  58.589 0.0000000000
66487  -32.847  -38.833  57.168 0.0000000000
66498  -31.155  -38.731  56.172 0.0000000000
65347  -31.879  -39.148  55.491 0.0000000000
65362  -31.778  -39.409  54.599 0.0000000000
65363  -32.543  -39.527  54.968 0.0000000000
64190  -33.598  -40.354  54.093 0.0000000000
65365  -34.046  -39.868  55.453 0.0000000000
47766  -16.378  -54.795  63.937 0.0000000000
47749  -15.479  -55.011  64.644 0.0000000000
49132  -15.719  -54.775  63.484 0.0000000000
50394  -13.069  -54.019  61.715 0.0000000000
79991  -52.545  -28.105  42.663 0.0000000000
80007  -53.331  -28.048  42.101 0.0000000000
45138  -1.823  -57.429  77.081 0.0000000000
59643  -29.086  -46.866  58.075 0.0000000000
58443  -28.831  -47.254  57.245 0.0000000000
60859  -29.130  -45.963  58.195 0.0000000000
60858  -28.596  -45.338  57.606 0.0000000000
61969  -29.151  -44.423  58.953 0.0000000000
60766  -32.588  -44.931  64.456 0.0000000000
59563  -31.813  -45.667  62.806 0.0000000000
61928  -32.377  -44.344  64.019 0.0000000000
66379  -31.072  -40.735  65.172 0.0000000000
65255  -30.796  -42.131  63.462 0.0000000000
65254  -29.992  -41.502  63.226 0.0000000000
65263  -29.008  -41.246  62.179 0.0000000000
66406  -29.136  -40.450  63.016 0.0000000000
67565  -28.846  -39.198  62.478 0.0000000000
68656  -30.187  -39.007  63.912 0.0000000000
56073  -18.770  -49.105  58.732 0.0000000000
57153  -24.119  -47.259  64.707 0.0000000000
57190  -22.761  -47.135  63.281 0.0000000000
57191  -23.638  -47.139  63.042 0.0000000000
58403  -23.082  -47.315  58.940 0.0000000000
50368  -18.362  -54.011  64.643 0.0000000000
51546  -17.676  -53.071  61.334 0.0000000000
50409  -17.252  -53.575  61.042 0.0000000000
50420  -17.071  -53.931  60.267 0.0000000000
50419  -16.460  -54.389  59.651 0.0000000000
81962  -46.381  -25.872  47.352 0.0000000000
81988  -45.830  -25.755  45.361 0.0000000000
81963  -47.118  -25.455  47.221 0.0000000000
81977  -49.873  -25.530  46.089 0.0000000000
81990  -48.041  -25.482  45.220 0.0000000000
82003  -49.587  -26.156  44.123 0.0000000000
80996  -49.557  -26.983  43.188 0.0000000000
80983  -50.386  -26.582  43.943 0.0000000000
80998  -50.932  -27.285  43.455 0.0000000000
80972  -51.018  -26.394  44.713 0.0000000000
67651  -27.115  -38.698  54.949 0.0000000000
65386  -25.643  -41.571  53.627 0.0000000000
72307  -32.720  -35.298  49.383 0.0000000000
71076  -34.094  -36.578  51.243 0.0000000000
64223  -35.074  -40.304  53.000 0.0000000000
65459  -35.013  -39.886  51.935 0.0000000000
65433  -35.842  -39.786  52.569 0.0000000000
69880  -38.870  -37.248  53.099 0.0000000000
69879  -37.635  -37.324  52.868 0.0000000000
71062  -38.357  -36.317  52.684 0.0000000000
71080  -38.059  -35.640  52.076 0.0000000000
72291  -39.442  -34.831  52.390 0.0000000000
73434  -39.987  -34.102  52.412 0.0000000000
72272  -40.603  -34.784  53.222 0.0000000000
49002  -6.499  -54.348  69.442 0.0000000000
48985  -6.240  -54.252  70.604 0.0000000000
50300  -5.575  -54.377  70.859 0.0000000000
49000  -4.759  -55.193  69.679 0.0000000000
47653  -4.224  -55.884  69.450 0.0000000000
47686  -4.761  -56.083  67.804 0.0000000000
43023  -3.142  -60.346  71.280 0.0000000000
44121  -2.921  -59.242  72.967 0.0000000000
41803  -2.648  -60.715  72.493 0.0000000000
40529  -0.765  -62.063  74.673 0.0000000000
41797  -1.621  -60.947  74.234 0.0000000000
43009  -0.480  -60.209  75.356 0.0000000000
43003  -0.234  -59.423  75.738 0.0000000000
43008  0.583  -60.461  75.410 0.0000000000
58235  -28.693  -45.758  70.321 0.0000000000
75508  -43.870  -30.867  53.690 0.0000000000
76594  -43.322  -30.254  53.182 0.0000000000
77743  -45.027  -30.059  53.447 0.0000000000
66459  -31.868  -38.046  59.260 0.0000000000
49174  -15.036  -54.892  60.799 0.0000000000
49152  -14.290  -54.468  61.584 0.0000000000
47552  -4.205  -56.324  77.031 0.0000000000
46295  -3.087  -57.314  75.691 0.0000000000
56076  -28.187  -48.559  57.567 0.0000000000
57266  -28.676  -47.659  58.378 0.0000000000
59627  -29.581  -46.482  59.620 0.0000000000
68633  -31.930  -38.271  65.592 0.0000000000
53780  -18.360  -51.457  60.774 0.0000000000
52689  -17.762  -52.190  58.490 0.0000000000
54956  -18.465  -50.633  60.054 0.0000000000
56059  -18.809  -49.074  59.783 0.0000000000
57244  -19.719  -47.756  60.472 0.0000000000
57173  -26.335  -47.126  63.379 0.0000000000
57192  -24.575  -47.101  62.776 0.0000000000
57214  -25.819  -47.141  61.475 0.0000000000
57230  -25.943  -47.641  60.411 0.0000000000
57283  -25.704  -48.723  57.578 0.0000000000
52624  -19.990  -52.260  66.154 0.0000000000
51522  -18.661  -53.138  64.388 0.0000000000
53711  -19.219  -51.418  64.605 0.0000000000
53742  -18.551  -51.716  62.307 0.0000000000
78914  -40.595  -28.208  47.238 0.0000000000
81004  -45.418  -26.965  41.848 0.0000000000
82975  -48.907  -24.945  48.811 0.0000000000
82984  -48.048  -25.133  47.780 0.0000000000
66559  -28.572  -39.721  52.370 0.0000000000
66615  -31.509  -39.451  49.157 0.0000000000
67732  -33.088  -38.775  50.792 0.0000000000
65413  -38.227  -40.062  53.962 0.0000000000
66581  -37.232  -39.710  53.166 0.0000000000
67682  -39.555  -38.863  54.020 0.0000000000
49068  -11.664  -54.128  65.922 0.0000000000
49047  -10.998  -54.188  67.031 0.0000000000
49005  -9.767  -54.404  69.323 0.0000000000
49024  -8.854  -54.076  68.451 0.0000000000
49043  -6.672  -54.557  67.262 0.0000000000
47688  -5.879  -54.991  67.182 0.0000000000
47687  -5.302  -55.589  67.333 0.0000000000
47708  -5.488  -56.045  66.354 0.0000000000
57197  -29.047  -47.381  62.238 0.0000000000
57198  -29.864  -47.286  62.101 0.0000000000
58336  -31.412  -47.117  64.127 0.0000000000
59535  -32.514  -45.709  65.627 0.0000000000
55986  -22.650  -48.639  67.171 0.0000000000
57133  -21.975  -47.967  66.140 0.0000000000
57106  -23.947  -47.680  67.456 0.0000000000
57119  -24.559  -47.046  66.668 0.0000000000
57120  -25.514  -46.747  66.115 0.0000000000
58270  -27.525  -46.255  68.208 0.0000000000
58314  -26.953  -46.363  66.645 0.0000000000
57138  -26.760  -46.915  65.025 0.0000000000
57157  -27.953  -47.473  64.157 0.0000000000
57175  -28.188  -47.570  63.250 0.0000000000
54852  -24.083  -49.698  68.713 0.0000000000
74468  -38.446  -32.765  50.418 0.0000000000
75539  -37.322  -31.821  48.972 0.0000000000
75541  -38.876  -31.562  50.062 0.0000000000
77769  -39.798  -30.468  50.032 0.0000000000
78896  -40.607  -29.360  48.934 0.0000000000
78886  -42.564  -29.194  51.517 0.0000000000
78890  -41.774  -29.312  50.326 0.0000000000
78907  -41.606  -28.626  48.330 0.0000000000
79948  -42.052  -28.156  47.849 0.0000000000
79958  -42.856  -27.382  47.074 0.0000000000
80969  -43.313  -26.461  45.460 0.0000000000
81986  -43.905  -26.080  45.010 0.0000000000
80959  -44.191  -26.617  46.574 0.0000000000
81961  -45.613  -26.274  47.527 0.0000000000
81942  -47.096  -25.665  49.315 0.0000000000
81926  -47.108  -26.705  51.829 0.0000000000
82962  -48.728  -25.088  49.927 0.0000000000
66472  -26.969  -39.993  58.837 0.0000000000
66495  -26.091  -40.550  56.743 0.0000000000
67620  -26.950  -39.204  57.376 0.0000000000
67641  -27.337  -38.609  55.789 0.0000000000
67642  -28.078  -38.485  55.310 0.0000000000
66485  -30.743  -38.246  57.496 0.0000000000
66510  -30.040  -38.764  55.358 0.0000000000
66539  -29.240  -39.187  53.344 0.0000000000
66540  -30.379  -39.336  53.421 0.0000000000
65388  -30.797  -39.738  52.810 0.0000000000
64220  -32.233  -40.388  52.374 0.0000000000
64241  -32.883  -40.343  52.066 0.0000000000
64221  -33.183  -40.466  52.736 0.0000000000
63118  -34.362  -40.503  53.522 0.0000000000
63108  -35.246  -40.564  53.972 0.0000000000
64181  -36.506  -40.500  55.363 0.0000000000
64195  -36.812  -40.591  54.738 0.0000000000
49089  -13.667  -54.757  65.223 0.0000000000
49130  -13.668  -54.261  62.448 0.0000000000
49109  -13.412  -54.332  63.807 0.0000000000
49088  -12.457  -54.213  64.876 0.0000000000
50364  -11.105  -53.814  64.146 0.0000000000
63082  -27.561  -43.813  57.222 0.0000000000
64141  -27.313  -42.302  58.271 0.0000000000
58373  -30.117  -46.890  61.561 0.0000000000
59595  -30.599  -45.959  61.264 0.0000000000
61951  -30.591  -44.569  61.256 0.0000000000
64123  -30.859  -43.437  62.288 0.0000000000
63064  -29.688  -43.587  60.660 0.0000000000
64137  -28.835  -42.925  59.731 0.0000000000
64129  -28.488  -42.082  60.278 0.0000000000
65291  -27.238  -40.606  59.290 0.0000000000
66438  -27.622  -39.643  60.466 0.0000000000
68697  -29.644  -38.252  61.305 0.0000000000
68684  -31.579  -37.939  61.511 0.0000000000
68646  -32.153  -38.156  64.445 0.0000000000
68658  -32.526  -38.283  63.228 0.0000000000
57168  -21.377  -47.347  64.587 0.0000000000
58370  -21.328  -47.222  62.033 0.0000000000
58384  -21.266  -47.170  60.946 0.0000000000
57212  -23.625  -47.108  61.910 0.0000000000
58402  -22.150  -47.134  59.354 0.0000000000
47769  -17.371  -55.117  64.872 0.0000000000
49134  -17.037  -54.738  63.797 0.0000000000
50383  -18.221  -53.616  63.860 0.0000000000
50396  -16.982  -54.079  62.148 0.0000000000
49176  -16.450  -54.232  61.402 0.0000000000
49196  -15.727  -54.894  59.731 0.0000000000
81998  -44.211  -26.001  44.224 0.0000000000
82009  -45.601  -25.784  43.281 0.0000000000
82010  -46.690  -25.782  43.245 0.0000000000
81975  -47.689  -25.323  46.423 0.0000000000
82001  -47.359  -25.592  44.222 0.0000000000
82019  -47.587  -26.508  42.459 0.0000000000
81007  -48.395  -27.097  42.006 0.0000000000
79987  -49.318  -27.820  41.516 0.0000000000
79988  -49.915  -28.032  41.997 0.0000000000
79977  -50.306  -27.963  42.691 0.0000000000
79968  -51.507  -27.469  43.408 0.0000000000
46340  -3.407  -56.763  71.582 0.0000000000
46339  -3.191  -57.266  72.192 0.0000000000
45190  -3.441  -58.245  70.439 0.0000000000
65374  -25.388  -41.460  54.734 0.0000000000
73449  -36.066  -34.013  50.399 0.0000000000
65457  -33.034  -39.756  51.272 0.0000000000
66596  -33.747  -39.364  51.197 0.0000000000
68796  -34.038  -38.235  51.060 0.0000000000
67696  -36.927  -39.032  52.527 0.0000000000
68798  -35.930  -38.295  51.941 0.0000000000
69897  -34.715  -37.449  51.447 0.0000000000
72287  -35.930  -35.566  51.176 0.0000000000
72311  -36.506  -34.792  50.907 0.0000000000
73450  -37.255  -33.998  50.970 0.0000000000
73452  -38.679  -33.195  51.026 0.0000000000
74454  -40.543  -33.224  52.408 0.0000000000
75505  -41.664  -32.379  53.134 0.0000000000
48944  -4.468  -55.047  73.685 0.0000000000
50275  -5.055  -54.159  72.147 0.0000000000
47625  -3.759  -55.821  71.622 0.0000000000
47640  -4.022  -55.916  70.487 0.0000000000
45208  -3.832  -57.727  68.997 0.0000000000
46330  -3.111  -57.293  73.237 0.0000000000
45156  -2.950  -58.117  73.780 0.0000000000
45148  -2.341  -58.835  74.873 0.0000000000
43018  -2.244  -60.920  73.401 0.0000000000
44115  -2.127  -59.441  74.687 0.0000000000
45142  -1.908  -58.023  76.101 0.0000000000
44101  -0.956  -57.979  76.534 0.0000000000
44100  -0.365  -58.157  76.343 0.0000000000
41792  1.069  -61.367  75.225 0.0000000000
43007  1.384  -60.432  75.356 0.0000000000
47607  -3.873  -55.863  73.776 0.0000000000
57233  -28.350  -47.798  60.226 0.0000000000
56024  -19.896  -49.047  64.323 0.0000000000
56035  -19.717  -48.783  63.536 0.0000000000
57149  -20.383  -48.444  65.201 0.0000000000
57216  -27.637  -47.635  61.276 0.0000000000
55998  -21.068  -49.177  66.469 0.0000000000
55984  -21.598  -49.750  66.942 0.0000000000
56012  -20.387  -49.367  65.610 0.0000000000
54916  -19.705  -49.842  64.347 0.0000000000
80981  -43.316  -26.234  44.210 0.0000000000
64150  -26.627  -42.218  57.232 0.0000000000
64162  -26.361  -42.697  56.508 0.0000000000
65346  -26.158  -41.663  56.759 0.0000000000
64239  -30.885  -40.327  51.108 0.0000000000
64294  -31.293  -40.175  50.252 0.0000000000
49107  -8.732  -54.353  64.517 0.0000000000
49106  -8.089  -54.670  64.721 0.0000000000
58318  -30.690  -46.443  66.391 0.0000000000
57061  -26.039  -47.229  70.179 0.0000000000
58232  -26.335  -46.856  69.510 0.0000000000
58233  -26.857  -46.565  69.905 0.0000000000
58296  -30.082  -45.982  67.335 0.0000000000
57050  -26.107  -47.405  70.905 0.0000000000
75518  -41.848  -30.796  52.696 0.0000000000
80931  -45.112  -28.038  51.594 0.0000000000
79928  -44.338  -28.190  50.992 0.0000000000
79932  -44.265  -27.745  49.929 0.0000000000
81931  -45.397  -26.990  50.359 0.0000000000
80936  -45.704  -27.124  50.998 0.0000000000
67585  -30.992  -37.776  60.162 0.0000000000
67600  -29.560  -37.842  59.586 0.0000000000
67601  -30.918  -37.753  59.405 0.0000000000
65330  -32.792  -39.016  56.599 0.0000000000
65348  -32.705  -39.218  55.781 0.0000000000
65364  -33.296  -39.689  55.251 0.0000000000
49133  -16.544  -54.676  63.396 0.0000000000
79980  -52.627  -27.574  43.305 0.0000000000
79992  -53.188  -27.629  42.949 0.0000000000
46283  -3.001  -56.707  77.384 0.0000000000
45139  -2.483  -56.850  77.618 0.0000000000
45131  -2.233  -56.713  78.100 0.0000000000
60848  -29.358  -45.544  58.940 0.0000000000
61978  -29.006  -45.126  58.329 0.0000000000
61923  -32.949  -44.038  65.194 0.0000000000
66378  -30.706  -40.504  64.890 0.0000000000
65249  -30.563  -41.092  64.350 0.0000000000
66393  -29.828  -40.397  63.913 0.0000000000
66407  -29.599  -40.811  63.415 0.0000000000
67534  -29.507  -39.621  63.609 0.0000000000
67515  -30.342  -39.573  64.574 0.0000000000
51561  -17.246  -53.472  59.088 0.0000000000
57171  -24.379  -47.261  63.758 0.0000000000
51553  -17.593  -53.194  60.253 0.0000000000
51552  -17.397  -53.404  59.703 0.0000000000
50431  -16.814  -54.010  58.987 0.0000000000
81016  -47.059  -27.751  41.167 0.0000000000
81953  -47.113  -25.507  48.187 0.0000000000
81991  -49.179  -25.705  45.119 0.0000000000
80971  -50.562  -26.330  44.551 0.0000000000
81993  -51.345  -26.165  45.537 0.0000000000
66521  -27.290  -39.118  54.133 0.0000000000
66537  -26.370  -40.173  53.255 0.0000000000
66558  -27.269  -40.391  52.104 0.0000000000
68815  -32.483  -38.102  50.372 0.0000000000
69913  -32.286  -37.279  49.937 0.0000000000
71090  -32.681  -36.357  50.371 0.0000000000
71091  -33.275  -36.625  50.962 0.0000000000
64224  -35.649  -40.217  53.201 0.0000000000
64244  -35.352  -40.062  52.669 0.0000000000
64245  -36.001  -39.999  53.040 0.0000000000
69881  -39.571  -36.458  53.129 0.0000000000
71063  -39.150  -36.039  52.867 0.0000000000
71081  -38.824  -35.452  52.427 0.0000000000
71082  -39.332  -35.408  52.664 0.0000000000
72292  -39.973  -34.635  52.702 0.0000000000
49001  -5.388  -54.831  69.387 0.0000000000
47654  -4.697  -55.460  69.055 0.0000000000
47669  -5.007  -55.461  68.394 0.0000000000
43021  -2.948  -60.170  72.296 0.0000000000
41794  -0.566  -61.448  74.903 0.0000000000
66424  -33.408  -37.995  60.524 0.0000000000
46306  -3.738  -56.585  74.994 0.0000000000
47564  -4.174  -56.335  76.489 0.0000000000
46289  -3.526  -56.770  76.305 0.0000000000
56062  -28.110  -48.407  58.310 0.0000000000
57234  -28.845  -47.401  60.135 0.0000000000
57251  -28.714  -47.580  59.043 0.0000000000
58404  -29.207  -47.103  59.689 0.0000000000
59612  -29.489  -46.730  59.713 0.0000000000
58405  -29.503  -46.835  60.017 0.0000000000
54944  -18.662  -50.492  61.035 0.0000000000
57226  -19.301  -48.540  61.546 0.0000000000
57243  -19.321  -48.226  60.338 0.0000000000
57227  -19.743  -47.807  61.041 0.0000000000
57194  -26.579  -47.241  62.411 0.0000000000
57231  -26.915  -47.892  60.299 0.0000000000
57262  -25.292  -48.319  58.437 0.0000000000
57263  -26.242  -48.691  58.473 0.0000000000
56091  -27.112  -49.183  57.542 0.0000000000
53697  -20.691  -51.102  66.616 0.0000000000
53684  -21.434  -51.064  67.291 0.0000000000
52625  -20.333  -51.671  66.530 0.0000000000
52635  -19.345  -52.289  65.236 0.0000000000
53712  -19.566  -51.361  65.361 0.0000000000
54926  -19.112  -50.422  62.929 0.0000000000
53743  -18.695  -51.456  62.578 0.0000000000
53761  -18.733  -51.058  61.934 0.0000000000
53760  -18.545  -51.454  61.787 0.0000000000
79956  -41.089  -27.733  46.856 0.0000000000
65407  -29.203  -40.060  51.749 0.0000000000
65429  -28.622  -40.759  50.949 0.0000000000
65477  -31.622  -39.722  50.130 0.0000000000
67731  -32.124  -38.739  49.862 0.0000000000
66542  -39.158  -39.577  54.272 0.0000000000
66562  -38.663  -39.637  53.889 0.0000000000
69865  -40.539  -36.881  54.125 0.0000000000
50338  -10.835  -54.013  65.716 0.0000000000
49067  -10.944  -54.041  66.217 0.0000000000
50337  -10.262  -54.035  66.105 0.0000000000
50327  -9.325  -54.163  66.880 0.0000000000
49046  -9.998  -54.225  67.488 0.0000000000
49044  -7.946  -54.135  67.469 0.0000000000
47709  -5.882  -55.294  66.552 0.0000000000
57177  -29.883  -47.621  63.108 0.0000000000
57160  -30.538  -47.415  64.079 0.0000000000
55975  -23.223  -48.961  67.610 0.0000000000
57105  -23.267  -48.198  67.287 0.0000000000
57090  -24.229  -47.841  68.285 0.0000000000
58268  -25.827  -46.756  68.236 0.0000000000
58267  -25.273  -46.979  67.867 0.0000000000
58291  -25.707  -46.693  67.430 0.0000000000
58312  -25.411  -46.762  66.857 0.0000000000
58313  -26.083  -46.510  66.737 0.0000000000
58250  -28.539  -45.802  69.199 0.0000000000
58249  -27.644  -46.162  69.092 0.0000000000
58316  -28.681  -46.553  66.482 0.0000000000
58294  -28.162  -46.316  67.380 0.0000000000
58315  -27.833  -46.466  66.575 0.0000000000
57122  -27.372  -46.619  65.758 0.0000000000
57139  -27.693  -47.097  64.961 0.0000000000
57142  -30.232  -47.324  64.834 0.0000000000
57158  -28.834  -47.631  64.154 0.0000000000
57176  -29.032  -47.714  63.193 0.0000000000
55952  -24.952  -48.468  69.540 0.0000000000
55966  -24.115  -48.709  68.553 0.0000000000
54864  -23.711  -49.168  68.106 0.0000000000
75526  -38.937  -32.251  50.433 0.0000000000
74484  -38.492  -32.146  49.921 0.0000000000
75527  -39.657  -31.914  50.733 0.0000000000
76619  -40.465  -30.539  50.840 0.0000000000
76618  -39.754  -30.869  50.352 0.0000000000
77770  -40.214  -30.290  50.125 0.0000000000
77783  -40.423  -29.796  49.607 0.0000000000
77746  -43.407  -29.495  52.664 0.0000000000
77759  -42.742  -29.581  52.282 0.0000000000
78887  -43.303  -28.942  51.689 0.0000000000
78891  -42.364  -29.042  50.620 0.0000000000
78897  -41.619  -29.116  49.396 0.0000000000
79937  -42.192  -28.623  48.741 0.0000000000
79947  -41.241  -28.303  47.675 0.0000000000
79938  -42.847  -28.317  48.701 0.0000000000
79950  -43.659  -27.598  48.029 0.0000000000
79949  -42.996  -27.822  47.811 0.0000000000
80953  -43.357  -27.404  47.441 0.0000000000
80958  -43.219  -27.038  46.604 0.0000000000
80955  -44.885  -26.726  47.601 0.0000000000
81952  -46.322  -25.992  48.406 0.0000000000
82961  -47.908  -25.537  50.086 0.0000000000
67598  -27.445  -39.009  59.274 0.0000000000
67609  -26.688  -39.793  57.973 0.0000000000
67610  -27.215  -39.039  58.245 0.0000000000
67622  -29.320  -37.973  57.341 0.0000000000
67621  -27.814  -38.474  57.407 0.0000000000
67632  -28.412  -38.093  56.342 0.0000000000
66496  -29.272  -38.209  56.236 0.0000000000
66523  -30.095  -39.003  54.288 0.0000000000
65375  -31.748  -39.721  53.808 0.0000000000
66541  -31.157  -39.571  53.439 0.0000000000
65389  -31.597  -39.993  53.132 0.0000000000
65409  -31.315  -40.204  52.409 0.0000000000
65410  -32.042  -40.351  52.885 0.0000000000
64204  -32.646  -40.439  52.963 0.0000000000
64191  -34.267  -40.448  54.336 0.0000000000
64206  -34.136  -40.502  53.787 0.0000000000
64207  -34.516  -40.534  54.138 0.0000000000
63119  -34.800  -40.478  53.405 0.0000000000
63097  -35.130  -40.569  54.327 0.0000000000
64167  -36.939  -40.377  56.096 0.0000000000
64182  -37.223  -40.474  55.548 0.0000000000
64211  -38.090  -40.404  54.791 0.0000000000
49090  -14.550  -55.238  65.646 0.0000000000
49151  -13.690  -54.236  61.773 0.0000000000
50393  -12.110  -53.740  62.028 0.0000000000
50381  -12.813  -54.020  62.769 0.0000000000
50366  -12.558  -54.048  63.531 0.0000000000
49108  -12.601  -54.125  64.058 0.0000000000
50365  -11.948  -53.956  63.950 0.0000000000
50352  -11.664  -54.017  64.640 0.0000000000
50379  -11.211  -53.765  63.296 0.0000000000
58462  -28.507  -47.640  56.397 0.0000000000
60870  -28.164  -45.748  56.702 0.0000000000
61977  -28.490  -44.406  58.116 0.0000000000
61989  -27.806  -44.451  57.006 0.0000000000
63077  -27.707  -43.522  57.724 0.0000000000
63076  -27.328  -43.276  57.422 0.0000000000
64142  -27.908  -42.826  58.561 0.0000000000
57199  -30.441  -47.200  62.378 0.0000000000
58358  -30.324  -47.125  62.082 0.0000000000
58359  -30.828  -46.929  62.229 0.0000000000
61937  -31.674  -44.656  62.602 0.0000000000
60815  -31.177  -45.546  61.875 0.0000000000
61952  -30.906  -45.173  61.442 0.0000000000
60827  -30.496  -45.451  60.967 0.0000000000
61944  -30.832  -44.317  61.565 0.0000000000
64115  -30.233  -42.297  62.663 0.0000000000
64116  -30.906  -42.726  62.990 0.0000000000
64122  -30.262  -42.864  62.107 0.0000000000
63065  -30.126  -43.966  60.915 0.0000000000
64131  -29.982  -43.207  61.203 0.0000000000
64130  -29.261  -42.852  60.649 0.0000000000
65275  -28.245  -41.097  60.958 0.0000000000
65276  -28.881  -41.950  61.140 0.0000000000
65292  -27.629  -41.268  59.777 0.0000000000
66457  -27.711  -40.559  60.489 0.0000000000
66456  -27.361  -39.995  60.003 0.0000000000
66439  -27.913  -39.850  61.081 0.0000000000
68682  -29.314  -38.631  62.302 0.0000000000
68681  -28.913  -38.749  61.995 0.0000000000
68683  -30.574  -38.107  61.751 0.0000000000
68634  -32.997  -37.832  65.216 0.0000000000
68672  -32.549  -38.201  62.297 0.0000000000
53825  -18.044  -51.397  58.783 0.0000000000
53846  -18.142  -51.435  57.840 0.0000000000
57151  -22.150  -47.526  65.219 0.0000000000
58345  -22.000  -47.140  63.368 0.0000000000
58357  -22.121  -47.123  62.621 0.0000000000
57213  -24.775  -47.042  61.687 0.0000000000
57228  -23.941  -47.157  60.801 0.0000000000
49135  -17.506  -54.767  64.409 0.0000000000
49156  -17.251  -54.356  63.361 0.0000000000
51532  -18.174  -53.013  63.295 0.0000000000
51533  -18.397  -53.263  63.925 0.0000000000
50408  -16.968  -54.021  61.613 0.0000000000
50397  -17.276  -53.813  62.274 0.0000000000
49155  -16.818  -54.323  62.560 0.0000000000
49175  -15.841  -54.634  61.115 0.0000000000
81972  -44.694  -26.177  46.215 0.0000000000
81987  -44.759  -25.963  45.339 0.0000000000
81999  -45.164  -25.747  44.298 0.0000000000
82000  -46.229  -25.561  44.304 0.0000000000
82992  -48.626  -25.134  46.998 0.0000000000
82011  -47.866  -26.129  43.097 0.0000000000
80994  -47.999  -26.672  42.441 0.0000000000
80995  -48.665  -26.785  42.748 0.0000000000
81008  -49.217  -27.421  42.293 0.0000000000
79969  -52.134  -27.302  43.633 0.0000000000
80985  -52.391  -26.752  44.287 0.0000000000
46355  -3.621  -56.957  70.689 0.0000000000
46354  -3.345  -57.506  71.273 0.0000000000
66507  -25.690  -40.650  56.040 0.0000000000
65360  -25.554  -41.363  55.637 0.0000000000
66519  -25.541  -40.475  55.197 0.0000000000
72308  -33.533  -34.829  50.162 0.0000000000
73448  -35.041  -34.134  50.084 0.0000000000
72310  -35.527  -34.800  50.699 0.0000000000
64270  -33.518  -40.174  51.794 0.0000000000
66597  -34.818  -39.539  51.544 0.0000000000
65458  -34.161  -39.878  51.625 0.0000000000
67712  -33.913  -38.899  51.036 0.0000000000
67713  -34.578  -38.980  51.252 0.0000000000
67680  -38.072  -39.270  53.306 0.0000000000
67697  -37.658  -39.058  53.044 0.0000000000
68799  -36.508  -38.288  52.235 0.0000000000
69898  -35.627  -37.379  51.839 0.0000000000
71077  -35.269  -36.456  51.515 0.0000000000
71078  -36.244  -36.290  51.776 0.0000000000
72289  -37.628  -34.908  51.471 0.0000000000
73431  -37.664  -34.359  51.345 0.0000000000
73451  -38.179  -33.452  50.946 0.0000000000
73433  -38.962  -33.831  51.637 0.0000000000
73419  -40.699  -34.007  52.846 0.0000000000
74455  -41.082  -32.523  52.621 0.0000000000
74444  -41.666  -33.408  53.117 0.0000000000
48966  -4.986  -54.684  70.823 0.0000000000
50286  -5.267  -54.288  71.478 0.0000000000
50285  -4.733  -54.437  71.821 0.0000000000
48954  -4.485  -54.674  72.490 0.0000000000
48965  -4.475  -54.954  71.270 0.0000000000
46383  -4.036  -56.884  68.668 0.0000000000
45223  -3.913  -57.960  67.966 0.0000000000
45175  -3.237  -58.323  71.530 0.0000000000
45165  -3.099  -58.262  72.596 0.0000000000
45149  -2.657  -58.284  74.879 0.0000000000
44116  -2.433  -58.967  74.609 0.0000000000
40539  -1.927  -62.091  72.956 0.0000000000
41802  -2.317  -61.403  72.667 0.0000000000
41800  -1.818  -61.528  73.634 0.0000000000
43013  -1.365  -60.310  74.819 0.0000000000
44113  -1.416  -59.099  75.461 0.0000000000
44109  -1.333  -58.147  76.250 0.0000000000
44108  -0.709  -58.926  75.862 0.0000000000
44107  -0.014  -58.876  75.942 0.0000000000
44099  0.296  -58.205  76.209 0.0000000000
45135  -0.034  -57.555  76.743 0.0000000000
41791  1.824  -61.213  75.133 0.0000000000
47592  -3.447  -56.734  74.453 0.0000000000
57235  -29.114  -47.076  60.499 0.0000000000
56034  -19.503  -49.381  63.346 0.0000000000
57188  -19.637  -48.699  63.191 0.0000000000
57189  -19.833  -48.062  63.332 0.0000000000
57195  -27.500  -47.442  62.317 0.0000000000
57248  -27.128  -48.539  59.226 0.0000000000
56060  -27.635  -48.634  58.960 0.0000000000
54863  -23.169  -49.865  67.903 0.0000000000
54873  -21.652  -50.301  67.190 0.0000000000
54887  -21.066  -50.210  66.686 0.0000000000
54886  -20.449  -50.308  66.034 0.0000000000
54901  -19.440  -50.835  64.801 0.0000000000
54902  -19.821  -50.271  65.077 0.0000000000
61988  -26.794  -44.305  56.179 0.0000000000
65455  -30.153  -40.527  50.872 0.0000000000
50362  -9.366  -54.087  64.559 0.0000000000
50349  -9.467  -54.099  65.450 0.0000000000
50335  -8.750  -54.178  66.366 0.0000000000
49066  -8.289  -54.194  66.751 0.0000000000
49084  -6.424  -55.302  65.572 0.0000000000
47730  -6.664  -55.712  64.824 0.0000000000
58329  -31.049  -47.088  65.304 0.0000000000
57074  -25.749  -47.225  69.494 0.0000000000
58247  -26.165  -46.775  68.926 0.0000000000
58269  -26.699  -46.431  68.221 0.0000000000
58272  -29.348  -45.831  68.293 0.0000000000
57124  -28.943  -47.008  65.725 0.0000000000
55953  -25.410  -47.860  69.928 0.0000000000
75516  -40.479  -32.040  51.748 0.0000000000
76603  -40.727  -30.971  51.577 0.0000000000
78888  -44.037  -28.629  51.619 0.0000000000
79927  -43.741  -28.583  50.904 0.0000000000
78899  -43.253  -28.405  49.492 0.0000000000
79940  -44.311  -27.497  49.104 0.0000000000
80947  -44.100  -27.494  48.436 0.0000000000
80948  -44.732  -27.057  48.642 0.0000000000
81940  -45.413  -26.666  49.592 0.0000000000
67611  -28.148  -38.318  58.414 0.0000000000
67623  -29.970  -37.862  57.965 0.0000000000
66475  -33.000  -38.553  57.898 0.0000000000
66486  -32.087  -38.743  57.134 0.0000000000
66499  -32.128  -38.960  56.258 0.0000000000
66524  -31.048  -39.304  54.101 0.0000000000
65376  -32.425  -39.853  54.188 0.0000000000
65391  -32.944  -40.248  53.916 0.0000000000
65377  -33.096  -40.024  54.522 0.0000000000
64177  -33.814  -40.163  54.749 0.0000000000
64178  -34.519  -40.301  54.913 0.0000000000
47751  -16.808  -55.282  65.064 0.0000000000
47750  -16.097  -55.006  64.602 0.0000000000
49111  -15.560  -54.904  64.284 0.0000000000
50392  -11.256  -53.840  62.406 0.0000000000
80005  -51.431  -28.411  41.345 0.0000000000
80006  -52.390  -28.331  41.708 0.0000000000
80019  -53.058  -28.197  41.167 0.0000000000
45137  -1.250  -57.475  77.126 0.0000000000
58444  -28.782  -47.534  57.957 0.0000000000
59642  -28.790  -46.331  57.360 0.0000000000
63072  -28.458  -43.733  58.620 0.0000000000
59556  -32.038  -45.939  63.360 0.0000000000
59562  -31.454  -46.130  62.581 0.0000000000
60784  -32.331  -45.099  63.730 0.0000000000
60801  -32.038  -45.189  62.945 0.0000000000
61938  -32.022  -44.371  63.209 0.0000000000
65247  -31.735  -41.954  64.930 0.0000000000
65246  -31.193  -41.144  65.032 0.0000000000
65264  -29.808  -42.056  62.342 0.0000000000
65253  -29.318  -41.096  62.841 0.0000000000
66422  -28.869  -40.663  62.485 0.0000000000
66421  -28.590  -40.253  62.226 0.0000000000
67550  -28.744  -39.768  62.576 0.0000000000
68669  -29.598  -38.929  63.282 0.0000000000
56088  -18.542  -49.885  58.596 0.0000000000
57135  -23.820  -47.278  65.705 0.0000000000
57152  -23.150  -47.457  64.934 0.0000000000
57170  -23.422  -47.292  63.986 0.0000000000
57245  -24.017  -47.483  59.696 0.0000000000
52654  -18.357  -52.213  62.591 0.0000000000
51540  -17.853  -53.071  62.443 0.0000000000
50430  -16.330  -54.564  58.768 0.0000000000
81974  -46.546  -25.656  46.360 0.0000000000
81976  -48.808  -25.286  46.097 0.0000000000
82012  -48.936  -26.385  43.457 0.0000000000
82013  -49.453  -26.525  43.568 0.0000000000
80982  -49.735  -26.572  43.676 0.0000000000
80997  -50.303  -27.476  43.160 0.0000000000
80973  -51.951  -26.363  45.163 0.0000000000
45207  -3.676  -58.511  69.334 0.0000000000
66520  -26.183  -39.519  54.670 0.0000000000
66536  -25.625  -40.557  54.231 0.0000000000
65387  -26.181  -41.377  52.761 0.0000000000
72284  -33.094  -35.517  50.488 0.0000000000
72286  -34.913  -35.606  51.019 0.0000000000
64243  -34.736  -40.248  52.536 0.0000000000
64271  -34.440  -40.181  52.083 0.0000000000
64272  -34.972  -40.049  52.287 0.0000000000
66598  -35.544  -39.521  51.934 0.0000000000
68780  -38.609  -37.985  53.335 0.0000000000
68779  -38.006  -38.085  53.186 0.0000000000
69900  -37.551  -36.440  52.465 0.0000000000
71079  -37.176  -35.959  51.919 0.0000000000
72290  -38.541  -34.818  51.854 0.0000000000
73420  -41.299  -34.217  53.219 0.0000000000
50301  -5.910  -54.262  70.878 0.0000000000
48984  -5.194  -54.686  70.256 0.0000000000
47668  -4.453  -56.094  68.468 0.0000000000
46397  -4.408  -56.940  67.591 0.0000000000
43019  -2.531  -60.260  73.206 0.0000000000
41796  -1.157  -61.498  74.413 0.0000000000
43012  -0.916  -60.892  74.913 0.0000000000
44112  -0.931  -59.561  75.553 0.0000000000
43002  0.259  -59.609  75.688 0.0000000000
58234  -27.762  -46.166  70.088 0.0000000000
75507  -43.262  -31.368  53.656 0.0000000000
76593  -42.548  -30.669  53.105 0.0000000000
76595  -43.974  -30.401  53.502 0.0000000000
77748  -44.618  -29.488  53.105 0.0000000000
79923  -45.737  -28.421  52.361 0.0000000000
80932  -45.830  -27.649  51.636 0.0000000000
67587  -32.471  -37.842  60.360 0.0000000000
66440  -32.214  -37.928  59.658 0.0000000000
66441  -32.732  -37.987  59.947 0.0000000000
66460  -32.811  -38.276  59.001 0.0000000000
65312  -33.570  -38.676  57.766 0.0000000000
65350  -34.296  -39.566  56.259 0.0000000000
49153  -15.312  -54.658  62.040 0.0000000000
49173  -14.254  -54.703  60.466 0.0000000000
46288  -2.999  -57.038  76.539 0.0000000000
57265  -28.454  -48.016  58.228 0.0000000000
57286  -28.585  -47.820  57.963 0.0000000000
58422  -29.001  -47.278  58.709 0.0000000000
59626  -29.329  -46.535  59.070 0.0000000000
60849  -29.648  -46.008  59.585 0.0000000000
67516  -30.717  -39.447  65.002 0.0000000000
52670  -18.076  -52.350  60.511 0.0000000000
52676  -17.910  -52.278  59.484 0.0000000000
53799  -18.211  -51.464  59.768 0.0000000000
56050  -18.771  -49.999  60.767 0.0000000000
56058  -18.718  -49.938  60.320 0.0000000000
56072  -18.587  -49.863  59.411 0.0000000000
58417  -19.703  -47.708  59.782 0.0000000000
57155  -26.062  -47.041  64.276 0.0000000000
57172  -25.336  -47.148  63.548 0.0000000000
57193  -25.587  -47.092  62.573 0.0000000000
57246  -24.989  -48.024  59.545 0.0000000000
57284  -26.410  -49.036  57.785 0.0000000000
51523  -19.068  -53.126  65.004 0.0000000000
52634  -18.948  -52.303  64.388 0.0000000000
52647  -18.515  -52.362  63.433 0.0000000000
53728  -18.960  -51.386  63.663 0.0000000000
52663  -18.156  -52.296  61.561 0.0000000000
78913  -39.703  -28.422  46.982 0.0000000000
82985  -49.183  -24.959  47.788 0.0000000000
81978  -50.974  -25.682  46.516 0.0000000000
66578  -28.247  -40.290  51.627 0.0000000000
68816  -33.194  -38.189  50.849 0.0000000000
64227  -37.387  -40.445  53.928 0.0000000000
65435  -37.073  -39.993  53.278 0.0000000000
65412  -37.604  -40.097  53.578 0.0000000000
66561  -37.991  -39.534  53.380 0.0000000000
67681  -38.518  -39.055  53.471 0.0000000000
68764  -39.093  -38.049  53.521 0.0000000000
69864  -39.635  -37.193  53.483 0.0000000000
71046  -40.150  -36.216  53.433 0.0000000000
71047  -40.931  -35.660  53.732 0.0000000000
50328  -9.992  -54.133  66.762 0.0000000000
49023  -7.718  -54.119  68.421 0.0000000000
49022  -6.661  -54.395  68.441 0.0000000000
49042  -5.974  -54.797  67.711 0.0000000000
40528  -0.286  -62.555  74.982 0.0000000000
57178  -30.722  -47.349  63.007 0.0000000000
58337  -32.005  -46.527  63.957 0.0000000000
59546  -32.409  -45.682  64.568 0.0000000000
59506  -33.110  -45.383  67.601 0.0000000000
55999  -21.572  -48.459  66.674 0.0000000000
57132  -21.186  -48.277  66.222 0.0000000000
57116  -22.160  -48.372  66.788 0.0000000000
57117  -22.751  -48.069  66.646 0.0000000000
57118  -23.514  -47.606  66.627 0.0000000000
57107  -24.639  -47.210  67.729 0.0000000000
57136  -24.807  -47.027  65.452 0.0000000000
57137  -25.787  -46.934  65.187 0.0000000000
58271  -28.393  -46.083  68.223 0.0000000000
58293  -27.314  -46.328  67.435 0.0000000000
57121  -26.424  -46.558  65.871 0.0000000000
57156  -27.068  -47.099  64.158 0.0000000000
57140  -28.545  -47.305  64.978 0.0000000000
54875  -22.651  -49.300  67.421 0.0000000000
74467  -37.603  -33.048  50.145 0.0000000000
74482  -36.958  -32.496  49.286 0.0000000000
74483  -37.895  -32.362  49.605 0.0000000000
75540  -38.115  -31.606  49.363 0.0000000000
75542  -39.388  -31.339  50.304 0.0000000000
76636  -39.198  -30.951  49.958 0.0000000000
76635  -38.544  -30.776  49.359 0.0000000000
76606  -42.695  -30.121  52.764 0.0000000000
76605  -42.180  -30.132  52.361 0.0000000000
77758  -41.966  -29.609  51.401 0.0000000000
77784  -41.010  -29.532  49.608 0.0000000000
78906  -40.758  -28.778  48.074 0.0000000000
79957  -42.130  -27.453  46.940 0.0000000000
79964  -42.025  -27.055  46.291 0.0000000000
80968  -42.216  -26.842  45.599 0.0000000000
80970  -44.131  -26.171  45.750 0.0000000000
80960  -44.991  -26.387  46.862 0.0000000000
81925  -46.263  -27.071  51.426 0.0000000000
81933  -47.272  -25.989  50.584 0.0000000000
65309  -26.671  -40.852  57.994 0.0000000000
66483  -26.492  -40.460  57.639 0.0000000000
67619  -26.459  -39.860  57.304 0.0000000000
67630  -26.510  -39.485  56.682 0.0000000000
67631  -27.318  -38.853  56.606 0.0000000000
67640  -26.785  -39.169  56.086 0.0000000000
67652  -27.796  -38.743  54.701 0.0000000000
66458  -31.408  -37.910  59.062 0.0000000000
66473  -31.275  -38.022  58.649 0.0000000000
66484  -30.063  -38.219  57.080 0.0000000000
66497  -29.943  -38.362  56.477 0.0000000000
66509  -29.117  -38.474  55.697 0.0000000000
66522  -28.709  -38.863  54.485 0.0000000000
66560  -29.764  -39.608  52.589 0.0000000000
65408  -30.265  -40.059  52.072 0.0000000000
64219  -31.427  -40.297  51.844 0.0000000000
64240  -31.833  -40.242  51.591 0.0000000000
64205  -33.266  -40.441  53.413 0.0000000000
64222  -33.879  -40.489  53.145 0.0000000000
63135  -34.573  -40.393  52.866 0.0000000000
63120  -35.419  -40.424  53.530 0.0000000000
63121  -35.917  -40.377  53.613 0.0000000000
64164  -34.822  -40.055  55.587 0.0000000000
64179  -35.201  -40.400  55.052 0.0000000000
64166  -36.287  -40.377  55.901 0.0000000000
64180  -35.851  -40.463  55.219 0.0000000000
64193  -35.450  -40.516  54.692 0.0000000000
63098  -35.632  -40.539  54.412 0.0000000000
63110  -36.439  -40.562  54.237 0.0000000000
64209  -36.924  -40.603  54.104 0.0000000000
64210  -37.630  -40.471  54.434 0.0000000000
65393  -38.657  -40.014  54.524 0.0000000000
49131  -14.546  -54.637  62.967 0.0000000000
49087  -11.720  -54.079  65.133 0.0000000000
50351  -11.071  -53.982  65.032 0.0000000000
50363  -10.268  -53.853  64.350 0.0000000000
50378  -10.407  -53.866  63.492 0.0000000000
80008  -53.728  -27.471  42.659 0.0000000000
63081  -27.163  -43.453  56.939 0.0000000000
64151  -27.154  -42.816  57.578 0.0000000000
65329  -26.910  -41.972  57.844 0.0000000000
57219  -29.268  -47.000  61.082 0.0000000000
59576  -30.389  -46.565  61.538 0.0000000000
59594  -30.238  -46.317  60.978 0.0000000000
59613  -29.782  -46.487  60.084 0.0000000000
60839  -30.047  -45.700  60.225 0.0000000000
61960  -30.003  -44.638  60.363 0.0000000000
63049  -31.384  -43.862  62.682 0.0000000000
64117  -31.538  -43.403  63.286 0.0000000000
63058  -31.076  -43.896  62.074 0.0000000000
63057  -30.630  -43.846  61.642 0.0000000000
61959  -29.571  -44.507  59.710 0.0000000000
63068  -29.413  -43.811  59.966 0.0000000000
63073  -28.905  -43.575  59.241 0.0000000000
64136  -28.145  -42.365  59.394 0.0000000000
65311  -27.628  -41.975  58.890 0.0000000000
65310  -27.033  -41.197  58.535 0.0000000000
67582  -27.683  -39.089  60.299 0.0000000000
67564  -28.605  -39.129  61.950 0.0000000000
67583  -28.707  -38.463  60.801 0.0000000000
68698  -30.467  -37.933  60.879 0.0000000000
67566  -31.264  -37.749  60.846 0.0000000000
68645  -30.946  -38.814  64.831 0.0000000000
68657  -31.245  -38.341  63.651 0.0000000000
68671  -31.584  -38.210  62.427 0.0000000000
67552  -32.318  -37.996  61.622 0.0000000000
67567  -32.114  -37.795  60.853 0.0000000000
57150  -21.070  -47.771  65.501 0.0000000000
58343  -20.924  -47.271  64.130 0.0000000000
58355  -20.670  -47.341  63.553 0.0000000000
57169  -22.341  -47.266  64.174 0.0000000000
58356  -21.326  -47.165  62.986 0.0000000000
58369  -20.503  -47.401  62.580 0.0000000000
58383  -20.435  -47.414  61.497 0.0000000000
58400  -20.208  -47.424  60.352 0.0000000000
58418  -20.200  -47.359  59.144 0.0000000000
58386  -23.089  -47.175  60.025 0.0000000000
58372  -23.054  -47.135  60.958 0.0000000000
58385  -22.187  -47.093  60.444 0.0000000000
58401  -21.183  -47.123  59.808 0.0000000000
47752  -17.277  -55.254  65.248 0.0000000000
47767  -16.787  -54.935  64.256 0.0000000000
50369  -18.752  -53.592  64.886 0.0000000000
50382  -17.864  -53.978  63.573 0.0000000000
82016  -45.092  -26.279  42.458 0.0000000000
82017  -46.035  -26.191  42.379 0.0000000000
82018  -47.019  -26.365  42.437 0.0000000000
81006  -47.500  -26.948  41.889 0.0000000000
81017  -48.060  -27.654  41.244 0.0000000000
81018  -48.773  -27.580  41.560 0.0000000000
79989  -50.777  -28.213  42.134 0.0000000000
79978  -51.018  -27.914  42.993 0.0000000000
79979  -51.915  -27.901  43.145 0.0000000000
79970  -52.799  -27.033  43.804 0.0000000000
47624  -3.422  -56.353  72.229 0.0000000000
44136  -3.401  -59.420  69.676 0.0000000000
44128  -3.308  -59.356  70.824 0.0000000000
65345  -25.795  -41.167  56.292 0.0000000000
64175  -25.631  -42.446  55.360 0.0000000000
64269  -32.245  -40.028  51.281 0.0000000000
66617  -33.012  -39.196  50.936 0.0000000000
66580  -36.521  -39.466  52.629 0.0000000000
66599  -36.237  -39.297  52.164 0.0000000000
67715  -36.262  -39.009  52.150 0.0000000000
68778  -37.090  -38.290  52.622 0.0000000000
68797  -35.081  -38.300  51.521 0.0000000000
69896  -34.029  -37.467  51.235 0.0000000000
72288  -36.803  -35.381  51.371 0.0000000000
74469  -39.211  -32.868  51.042 0.0000000000
74453  -39.699  -33.322  51.817 0.0000000000
72256  -41.077  -35.067  53.621 0.0000000000
46369  -3.833  -56.819  69.667 0.0000000000
46398  -4.818  -56.364  67.308 0.0000000000
47615  -3.353  -56.449  73.015 0.0000000000
47606  -3.393  -56.575  73.854 0.0000000000
46319  -3.154  -57.170  74.027 0.0000000000
46305  -3.179  -57.234  74.789 0.0000000000
45146  -2.520  -57.781  75.901 0.0000000000
43016  -2.380  -59.927  73.833 0.0000000000
43015  -2.106  -60.417  74.027 0.0000000000
44118  -2.302  -59.766  74.134 0.0000000000
45145  -2.164  -58.604  75.329 0.0000000000
44102  -1.341  -57.742  76.746 0.0000000000
45136  -0.679  -57.543  76.980 0.0000000000
40527  0.723  -62.392  75.178 0.0000000000
43001  0.984  -59.653  75.592 0.0000000000
47768  -17.185  -55.075  64.625 0.0000000000
50276  -5.660  -54.047  72.156 0.0000000000
50287  -5.942  -54.200  71.207 0.0000000000
50326  -8.835  -54.165  66.884 0.0000000000
50348  -8.735  -54.217  65.591 0.0000000000
50395  -13.617  -54.258  61.310 0.0000000000
50421  -17.303  -53.570  60.527 0.0000000000
51515  -19.458  -53.169  65.801 0.0000000000
52655  -18.522  -52.011  62.860 0.0000000000
54934  -18.713  -50.860  61.626 0.0000000000
54945  -18.818  -50.165  61.265 0.0000000000
55976  -23.707  -48.422  67.933 0.0000000000
55985  -22.003  -49.101  66.954 0.0000000000
56051  -18.953  -49.591  60.987 0.0000000000
57092  -25.568  -47.128  68.932 0.0000000000
57209  -19.464  -48.627  62.620 0.0000000000
57211  -22.917  -47.120  62.489 0.0000000000
58290  -25.133  -46.935  67.317 0.0000000000
58344  -21.432  -47.201  63.799 0.0000000000
58347  -31.841  -46.446  63.406 0.0000000000
58374  -30.523  -46.700  61.781 0.0000000000
58388  -29.493  -46.832  60.539 0.0000000000
58399  -19.710  -47.737  60.221 0.0000000000
59555  -31.738  -46.366  63.126 0.0000000000
59577  -30.768  -46.266  61.708 0.0000000000
60800  -31.589  -45.305  62.423 0.0000000000
60828  -30.808  -45.697  61.440 0.0000000000
61922  -32.641  -44.349  64.645 0.0000000000
61968  -28.702  -44.195  58.562 0.0000000000
63050  -31.749  -43.841  63.198 0.0000000000
63069  -29.786  -44.008  60.488 0.0000000000
63096  -34.903  -40.584  54.229 0.0000000000
63099  -36.156  -40.553  54.459 0.0000000000
63106  -34.402  -40.529  53.780 0.0000000000
63107  -34.702  -40.575  53.980 0.0000000000
63109  -35.884  -40.513  54.031 0.0000000000
63134  -34.308  -40.464  53.061 0.0000000000
64152  -27.522  -42.868  58.032 0.0000000000
64163  -26.835  -42.794  57.057 0.0000000000
64194  -36.052  -40.534  54.805 0.0000000000
64208  -36.387  -40.491  53.840 0.0000000000
64226  -36.858  -40.392  53.618 0.0000000000
64246  -36.512  -40.134  53.303 0.0000000000
65245  -30.814  -40.914  64.759 0.0000000000
65250  -31.107  -41.920  64.101 0.0000000000
65361  -25.903  -41.985  56.079 0.0000000000
65392  -37.901  -40.264  54.054 0.0000000000
65411  -36.906  -40.147  53.356 0.0000000000
65432  -35.090  -40.099  52.312 0.0000000000
65434  -36.571  -39.884  53.053 0.0000000000
65460  -35.495  -39.725  52.158 0.0000000000
65478  -32.374  -39.576  50.774 0.0000000000
66364  -30.892  -40.143  65.285 0.0000000000
66365  -31.314  -40.560  65.603 0.0000000000
66392  -29.408  -40.167  63.561 0.0000000000
66405  -28.774  -40.169  62.624 0.0000000000
66471  -26.741  -40.456  58.208 0.0000000000
66494  -25.837  -40.783  56.352 0.0000000000
66579  -35.815  -39.595  52.274 0.0000000000
66595  -32.896  -39.420  51.003 0.0000000000
67535  -29.899  -39.633  64.049 0.0000000000
67551  -29.030  -39.382  62.973 0.0000000000
67602  -31.450  -37.801  59.659 0.0000000000
67650  -26.657  -39.110  55.473 0.0000000000
68644  -30.471  -39.107  64.445 0.0000000000
68655  -29.762  -39.181  63.590 0.0000000000
68696  -28.977  -38.581  61.688 0.0000000000
69863  -39.236  -37.526  53.333 0.0000000000
69878  -37.124  -37.696  52.657 0.0000000000
71065  -40.358  -35.530  53.356 0.0000000000
71075  -33.371  -36.101  50.890 0.0000000000
72271  -39.930  -34.913  52.832 0.0000000000
72285  -33.918  -35.524  50.813 0.0000000000
72312  -37.093  -34.797  51.148 0.0000000000
76620  -40.970  -30.373  51.190 0.0000000000
77742  -44.567  -30.196  53.500 0.0000000000
77747  -44.146  -29.851  53.199 0.0000000000
77757  -41.568  -29.912  51.222 0.0000000000
77772  -41.830  -29.380  50.741 0.0000000000
77781  -38.709  -30.299  49.197 0.0000000000
77782  -39.392  -30.203  49.538 0.0000000000
78880  -44.183  -28.971  52.565 0.0000000000
80957  -42.491  -27.114  46.535 0.0000000000
82004  -50.123  -26.238  44.350 0.0000000000
