#!ascii label  , from subject FTD-FPD109 vox2ras=TkReg
329
98865  -23.486  -9.892  -0.789 0.0000000000
94252  -19.462  -14.345  1.703 0.0000000000
94276  -25.958  -14.309  -1.105 0.0000000000
90668  -22.432  -18.419  0.087 0.0000000000
107010  -26.694  -0.326  2.827 0.0000000000
104369  -28.070  -3.569  2.405 0.0000000000
101557  -20.341  -6.351  1.370 0.0000000000
86389  -21.576  -22.579  0.606 0.0000000000
92463  -21.234  -16.416  0.520 0.0000000000
90648  -19.674  -17.844  1.439 0.0000000000
106165  -27.602  -1.391  2.180 0.0000000000
104364  -23.198  -3.079  1.961 0.0000000000
98834  -19.419  -9.542  1.887 0.0000000000
100588  -17.309  -7.660  3.569 0.0000000000
100644  -21.849  -7.586  0.355 0.0000000000
100629  -25.920  -7.151  1.429 0.0000000000
99757  -26.888  -8.986  0.937 0.0000000000
97954  -27.467  -10.569  -0.664 0.0000000000
96053  -17.820  -12.293  3.253 0.0000000000
96997  -20.821  -11.673  0.627 0.0000000000
96091  -24.893  -12.577  -0.883 0.0000000000
94272  -22.458  -14.503  -0.375 0.0000000000
92477  -24.316  -16.470  -0.595 0.0000000000
90671  -25.091  -18.584  -1.008 0.0000000000
103425  -19.781  -4.180  2.308 0.0000000000
102493  -23.710  -5.152  1.223 0.0000000000
102498  -28.779  -5.672  1.720 0.0000000000
89635  -18.876  -19.586  1.927 0.0000000000
88554  -22.319  -20.462  0.178 0.0000000000
91570  -19.327  -17.227  2.040 0.0000000000
90620  -18.888  -17.717  2.256 0.0000000000
105265  -23.358  -2.532  2.338 0.0000000000
105274  -21.364  -2.830  1.632 0.0000000000
98847  -21.606  -9.674  0.155 0.0000000000
98835  -20.149  -9.520  1.384 0.0000000000
99752  -22.253  -8.748  -0.174 0.0000000000
99754  -24.008  -8.370  0.060 0.0000000000
98848  -24.696  -9.320  0.053 0.0000000000
98850  -26.400  -9.678  0.573 0.0000000000
98867  -25.057  -10.282  -0.273 0.0000000000
95144  -18.630  -13.366  2.374 0.0000000000
96984  -19.332  -11.580  1.821 0.0000000000
96068  -20.084  -12.864  1.232 0.0000000000
96087  -21.804  -12.619  -0.116 0.0000000000
95168  -20.941  -13.609  0.577 0.0000000000
92464  -21.760  -16.760  0.273 0.0000000000
92475  -22.374  -16.433  -0.046 0.0000000000
91595  -22.860  -17.447  -0.145 0.0000000000
91597  -24.782  -17.551  -0.765 0.0000000000
90670  -24.261  -18.543  -0.592 0.0000000000
107003  -25.299  -0.186  3.573 0.0000000000
107809  -25.064  0.693  3.889 0.0000000000
107814  -26.664  0.428  2.978 0.0000000000
108636  -27.313  1.250  1.360 0.0000000000
107833  -27.292  0.208  -0.031 0.0000000000
105269  -28.101  -2.461  2.121 0.0000000000
100613  -18.934  -7.405  2.246 0.0000000000
101519  -17.892  -6.018  3.407 0.0000000000
102475  -19.699  -5.301  2.180 0.0000000000
103446  -22.489  -4.298  1.250 0.0000000000
103460  -22.231  -5.070  1.135 0.0000000000
100631  -27.887  -7.421  1.441 0.0000000000
101561  -27.422  -6.428  1.859 0.0000000000
102514  -29.950  -6.316  0.336 0.0000000000
95181  -25.392  -13.452  -0.976 0.0000000000
96093  -26.571  -12.539  -0.977 0.0000000000
87437  -19.828  -21.606  1.569 0.0000000000
88541  -20.455  -20.483  1.293 0.0000000000
88552  -20.906  -19.845  0.976 0.0000000000
87450  -21.932  -21.525  0.431 0.0000000000
93345  -19.202  -14.851  1.902 0.0000000000
93347  -20.312  -15.449  1.125 0.0000000000
92450  -19.991  -16.318  1.398 0.0000000000
91583  -20.628  -17.352  0.764 0.0000000000
90650  -20.846  -18.329  0.675 0.0000000000
106152  -24.623  -0.982  3.406 0.0000000000
106164  -26.539  -1.342  3.084 0.0000000000
106163  -25.146  -1.735  3.172 0.0000000000
105267  -25.679  -2.494  2.854 0.0000000000
104367  -26.090  -3.359  2.599 0.0000000000
97901  -17.872  -10.480  3.224 0.0000000000
99713  -17.780  -8.606  3.168 0.0000000000
100626  -19.300  -7.961  1.825 0.0000000000
100628  -20.433  -7.176  1.032 0.0000000000
101574  -23.158  -6.599  0.425 0.0000000000
100646  -23.621  -7.497  0.216 0.0000000000
99734  -26.305  -8.104  1.410 0.0000000000
99736  -28.272  -8.162  0.788 0.0000000000
99758  -27.889  -8.893  0.205 0.0000000000
85432  -22.822  -23.544  -0.094 0.0000000000
86400  -23.079  -22.457  -0.303 0.0000000000
96983  -18.705  -11.475  2.386 0.0000000000
97920  -20.522  -10.632  1.057 0.0000000000
97932  -21.747  -10.703  -0.208 0.0000000000
97950  -23.997  -10.721  -1.013 0.0000000000
97007  -22.706  -11.678  -0.907 0.0000000000
95179  -23.617  -13.530  -0.805 0.0000000000
94274  -24.131  -14.460  -0.740 0.0000000000
93359  -21.546  -15.407  0.294 0.0000000000
93370  -22.842  -15.459  -0.364 0.0000000000
93372  -24.742  -15.410  -0.713 0.0000000000
92478  -25.524  -16.480  -1.004 0.0000000000
91607  -26.393  -17.783  -1.448 0.0000000000
107018  -28.194  -0.434  -0.042 0.0000000000
104378  -21.943  -3.530  1.365 0.0000000000
104380  -23.527  -3.868  1.534 0.0000000000
103429  -26.403  -4.252  2.453 0.0000000000
102513  -24.085  -5.753  0.885 0.0000000000
102496  -26.086  -5.533  1.994 0.0000000000
103431  -28.232  -4.457  2.290 0.0000000000
97011  -26.144  -11.737  -0.481 0.0000000000
97024  -27.746  -11.496  -1.466 0.0000000000
90630  -18.529  -18.732  2.340 0.0000000000
90632  -19.386  -18.920  1.517 0.0000000000
89653  -21.231  -19.248  0.749 0.0000000000
89654  -21.969  -19.386  0.366 0.0000000000
87451  -22.681  -21.496  -0.121 0.0000000000
88569  -23.175  -20.502  -0.291 0.0000000000
89674  -23.735  -19.529  -0.450 0.0000000000
105262  -20.587  -2.452  2.351 0.0000000000
98863  -22.187  -9.873  -0.384 0.0000000000
99768  -22.516  -9.432  -0.514 0.0000000000
99770  -23.727  -9.104  -0.362 0.0000000000
98866  -24.430  -9.841  -0.397 0.0000000000
94251  -18.942  -14.282  2.104 0.0000000000
95156  -19.223  -13.443  1.890 0.0000000000
96067  -19.568  -12.620  1.612 0.0000000000
95157  -19.796  -13.569  1.462 0.0000000000
95158  -20.365  -13.634  1.036 0.0000000000
91594  -22.048  -17.465  0.158 0.0000000000
90669  -23.326  -18.472  -0.219 0.0000000000
106154  -26.304  -0.706  3.233 0.0000000000
107004  -26.139  -0.210  3.295 0.0000000000
107815  -27.135  0.412  2.188 0.0000000000
107823  -27.385  0.332  1.131 0.0000000000
107011  -27.241  -0.470  2.110 0.0000000000
105270  -28.507  -3.064  2.019 0.0000000000
105277  -28.565  -2.080  1.480 0.0000000000
105278  -29.085  -2.589  1.384 0.0000000000
100614  -19.420  -6.797  2.015 0.0000000000
101544  -18.410  -6.310  2.849 0.0000000000
101545  -19.216  -6.184  2.343 0.0000000000
102490  -20.278  -5.417  1.748 0.0000000000
102492  -21.576  -5.203  1.202 0.0000000000
102510  -21.783  -5.695  0.864 0.0000000000
100632  -28.778  -7.507  0.834 0.0000000000
101563  -29.154  -6.668  1.114 0.0000000000
95182  -26.214  -13.389  -1.054 0.0000000000
94277  -26.583  -14.022  -1.324 0.0000000000
86388  -20.892  -22.618  1.087 0.0000000000
87438  -20.622  -21.669  1.309 0.0000000000
87439  -21.297  -21.648  0.992 0.0000000000
88542  -20.972  -21.050  1.147 0.0000000000
93336  -18.816  -15.354  2.205 0.0000000000
93346  -19.566  -15.400  1.627 0.0000000000
93337  -19.233  -15.897  1.918 0.0000000000
91581  -19.608  -17.523  1.631 0.0000000000
91571  -19.772  -16.957  1.653 0.0000000000
91582  -20.041  -17.249  1.265 0.0000000000
106162  -23.994  -1.736  2.871 0.0000000000
105276  -22.786  -2.847  1.957 0.0000000000
105266  -24.486  -2.539  2.579 0.0000000000
104366  -24.997  -3.341  2.416 0.0000000000
97902  -18.440  -10.488  2.669 0.0000000000
98833  -18.772  -9.529  2.405 0.0000000000
99751  -21.341  -8.548  0.460 0.0000000000
99732  -19.643  -8.537  1.585 0.0000000000
99733  -20.431  -8.301  1.028 0.0000000000
100627  -19.713  -7.331  1.537 0.0000000000
100645  -22.730  -7.569  0.191 0.0000000000
99755  -24.803  -8.657  0.391 0.0000000000
100647  -24.426  -7.620  0.471 0.0000000000
99756  -25.803  -8.822  0.811 0.0000000000
99735  -27.427  -8.260  1.300 0.0000000000
99759  -28.438  -8.290  -0.053 0.0000000000
97934  -26.921  -10.246  0.119 0.0000000000
98868  -27.755  -9.646  -0.405 0.0000000000
97971  -28.129  -10.567  -1.500 0.0000000000
85431  -21.966  -23.574  0.354 0.0000000000
84465  -23.194  -24.581  -0.107 0.0000000000
96968  -17.552  -11.377  3.468 0.0000000000
96969  -18.147  -11.412  2.968 0.0000000000
96985  -20.072  -11.804  1.217 0.0000000000
97931  -21.177  -10.643  0.417 0.0000000000
96998  -21.464  -11.654  0.094 0.0000000000
97006  -22.046  -11.670  -0.442 0.0000000000
95177  -22.113  -13.567  -0.298 0.0000000000
96088  -22.415  -12.614  -0.569 0.0000000000
95178  -22.799  -13.555  -0.636 0.0000000000
94273  -23.228  -14.499  -0.636 0.0000000000
93358  -20.927  -15.467  0.659 0.0000000000
92476  -23.305  -16.453  -0.348 0.0000000000
93371  -23.738  -15.457  -0.571 0.0000000000
91606  -25.614  -17.731  -1.188 0.0000000000
107015  -27.693  -0.523  1.077 0.0000000000
100587  -16.978  -8.268  3.930 0.0000000000
103424  -19.145  -3.968  2.987 0.0000000000
103426  -20.267  -3.755  2.013 0.0000000000
104376  -20.560  -3.348  1.841 0.0000000000
103447  -23.275  -4.345  1.328 0.0000000000
103448  -24.069  -4.398  1.549 0.0000000000
103427  -24.650  -3.993  1.978 0.0000000000
103449  -24.952  -4.753  1.838 0.0000000000
101575  -24.174  -6.543  0.540 0.0000000000
102512  -23.468  -5.773  0.758 0.0000000000
101559  -25.131  -6.425  1.063 0.0000000000
102497  -28.065  -6.044  1.857 0.0000000000
101547  -26.870  -5.835  2.146 0.0000000000
102478  -27.730  -5.406  2.177 0.0000000000
102479  -28.425  -5.050  2.109 0.0000000000
103450  -28.902  -4.597  1.932 0.0000000000
103451  -29.564  -4.876  1.397 0.0000000000
97009  -24.430  -11.666  -0.936 0.0000000000
97010  -25.267  -11.705  -0.605 0.0000000000
97012  -26.968  -11.618  -0.880 0.0000000000
88540  -19.439  -20.585  1.745 0.0000000000
89634  -18.576  -19.012  2.119 0.0000000000
89652  -20.549  -19.267  1.089 0.0000000000
89673  -22.832  -19.454  -0.026 0.0000000000
92443  -19.011  -16.403  2.174 0.0000000000
91564  -18.717  -17.176  2.474 0.0000000000
106161  -22.923  -1.727  2.783 0.0000000000
105264  -22.453  -2.281  2.224 0.0000000000
105275  -22.181  -2.794  1.693 0.0000000000
98846  -20.958  -9.553  0.860 0.0000000000
99753  -23.214  -8.381  -0.183 0.0000000000
99771  -24.310  -9.053  -0.049 0.0000000000
98849  -25.345  -9.732  0.203 0.0000000000
97933  -26.162  -10.347  0.247 0.0000000000
97953  -26.567  -10.917  -0.238 0.0000000000
95143  -18.051  -13.302  2.979 0.0000000000
96054  -18.381  -12.384  2.676 0.0000000000
96066  -18.976  -12.476  2.133 0.0000000000
96078  -20.583  -12.702  0.822 0.0000000000
96079  -21.225  -12.637  0.380 0.0000000000
95169  -21.558  -13.580  0.174 0.0000000000
94271  -21.834  -14.505  -0.001 0.0000000000
92474  -21.807  -16.084  0.201 0.0000000000
91596  -23.812  -17.484  -0.396 0.0000000000
107002  -24.206  -0.098  3.584 0.0000000000
107810  -26.029  0.508  3.498 0.0000000000
105268  -26.929  -2.437  2.789 0.0000000000
106169  -28.337  -1.402  1.162 0.0000000000
102426  -17.156  -5.510  4.436 0.0000000000
102450  -17.701  -5.337  3.895 0.0000000000
102474  -18.942  -5.016  2.739 0.0000000000
103443  -20.100  -4.798  1.988 0.0000000000
103444  -20.598  -4.359  1.722 0.0000000000
103445  -21.607  -4.546  1.317 0.0000000000
100630  -26.854  -7.293  1.669 0.0000000000
101560  -26.240  -6.247  1.765 0.0000000000
101562  -28.353  -6.641  1.522 0.0000000000
102499  -29.797  -5.887  0.916 0.0000000000
96092  -25.753  -12.589  -0.741 0.0000000000
89636  -19.773  -19.515  1.437 0.0000000000
88553  -21.382  -20.447  0.762 0.0000000000
94253  -20.038  -14.498  1.291 0.0000000000
92462  -20.549  -16.386  0.959 0.0000000000
92449  -19.512  -16.380  1.788 0.0000000000
91584  -21.338  -17.437  0.429 0.0000000000
90651  -21.625  -18.366  0.385 0.0000000000
107001  -23.043  -0.059  3.438 0.0000000000
106151  -23.512  -0.974  3.272 0.0000000000
106153  -25.694  -0.900  3.431 0.0000000000
104368  -27.181  -3.426  2.622 0.0000000000
99731  -19.093  -8.579  2.110 0.0000000000
100612  -18.050  -7.549  2.867 0.0000000000
101571  -20.906  -6.508  0.914 0.0000000000
102509  -21.288  -6.059  0.867 0.0000000000
101573  -22.273  -6.616  0.477 0.0000000000
101576  -24.783  -7.039  0.657 0.0000000000
100648  -25.234  -7.698  0.996 0.0000000000
100649  -28.793  -7.880  -0.043 0.0000000000
100658  -29.015  -7.781  -0.857 0.0000000000
100657  -28.632  -8.129  -0.539 0.0000000000
98851  -27.281  -9.632  0.323 0.0000000000
93374  -26.218  -15.042  -1.249 0.0000000000
86399  -22.312  -22.530  0.108 0.0000000000
97918  -19.053  -10.530  2.116 0.0000000000
97919  -19.741  -10.596  1.566 0.0000000000
97948  -22.366  -10.760  -0.696 0.0000000000
97949  -23.090  -10.747  -1.063 0.0000000000
97008  -23.546  -11.663  -1.111 0.0000000000
96089  -23.150  -12.607  -0.900 0.0000000000
96090  -24.012  -12.589  -1.005 0.0000000000
95180  -24.504  -13.498  -0.911 0.0000000000
94275  -25.054  -14.391  -0.900 0.0000000000
94264  -20.638  -14.542  0.813 0.0000000000
94265  -21.258  -14.528  0.411 0.0000000000
93369  -22.119  -15.404  -0.080 0.0000000000
93373  -25.627  -15.228  -0.997 0.0000000000
92479  -26.189  -15.724  -1.215 0.0000000000
92489  -26.056  -17.136  -1.352 0.0000000000
106176  -28.624  -1.045  0.453 0.0000000000
105273  -20.855  -2.969  1.676 0.0000000000
104379  -22.905  -3.482  1.566 0.0000000000
104365  -23.885  -3.382  1.939 0.0000000000
103428  -25.446  -4.122  2.273 0.0000000000
102511  -22.650  -5.760  0.732 0.0000000000
102494  -24.532  -5.444  1.307 0.0000000000
102495  -25.435  -5.557  1.676 0.0000000000
102476  -25.780  -4.936  2.167 0.0000000000
103430  -27.376  -4.393  2.438 0.0000000000
104381  -28.748  -3.671  2.017 0.0000000000
104382  -29.464  -3.836  1.531 0.0000000000
97951  -24.809  -10.820  -0.610 0.0000000000
97952  -25.608  -10.810  -0.190 0.0000000000
90619  -18.380  -18.159  2.768 0.0000000000
90631  -19.082  -18.290  1.845 0.0000000000
90649  -19.970  -18.336  1.186 0.0000000000
87468  -23.524  -21.516  -0.467 0.0000000000
97935  -27.421  -10.057  -0.091 0.0000000000
98864  -22.737  -9.965  -0.739 0.0000000000
99714  -18.444  -8.532  2.603 0.0000000000
99737  -28.607  -7.999  0.390 0.0000000000
99769  -22.966  -9.201  -0.590 0.0000000000
100633  -29.206  -7.132  0.631 0.0000000000
100643  -21.044  -7.450  0.680 0.0000000000
101546  -26.441  -5.702  2.051 0.0000000000
101556  -19.786  -6.234  1.877 0.0000000000
101558  -24.499  -6.004  0.871 0.0000000000
101572  -21.506  -6.635  0.645 0.0000000000
102451  -18.216  -5.236  3.364 0.0000000000
102477  -26.649  -5.174  2.280 0.0000000000
102491  -21.042  -5.497  1.237 0.0000000000
103459  -21.814  -5.115  1.183 0.0000000000
103461  -22.969  -5.060  1.110 0.0000000000
104377  -21.135  -3.557  1.495 0.0000000000
104383  -30.172  -4.189  0.950 0.0000000000
