#!ascii label  , from subject FTD-FPD109 vox2ras=TkReg
1035
51731  15.598  -45.499  73.523 0.0000000000
44679  11.749  -50.080  58.968 0.0000000000
42137  9.004  -50.367  72.038 0.0000000000
51767  7.149  -44.430  71.121 0.0000000000
60240  8.211  -37.417  68.674 0.0000000000
45632  10.818  -48.689  75.772 0.0000000000
49379  8.457  -46.267  76.802 0.0000000000
50602  19.879  -46.193  73.668 0.0000000000
43246  15.556  -49.557  74.484 0.0000000000
39710  11.556  -51.871  71.916 0.0000000000
58926  8.002  -38.824  76.052 0.0000000000
55460  7.848  -41.381  69.839 0.0000000000
62708  9.876  -36.407  74.792 0.0000000000
41044  8.381  -52.533  66.987 0.0000000000
47127  9.454  -49.671  66.060 0.0000000000
48284  7.896  -47.746  72.278 0.0000000000
55369  8.309  -41.533  76.034 0.0000000000
49536  12.118  -46.421  64.970 0.0000000000
53083  10.512  -42.897  62.683 0.0000000000
57903  9.678  -40.086  61.864 0.0000000000
63957  10.755  -35.618  68.241 0.0000000000
49415  13.528  -47.110  74.780 0.0000000000
50585  11.600  -45.598  75.789 0.0000000000
50622  18.050  -45.887  73.884 0.0000000000
48232  17.915  -47.619  74.591 0.0000000000
48235  15.844  -47.501  75.656 0.0000000000
43230  13.150  -49.414  75.105 0.0000000000
61424  8.910  -36.892  75.581 0.0000000000
42171  8.860  -51.777  68.916 0.0000000000
44543  8.605  -50.665  69.154 0.0000000000
44497  8.519  -49.806  71.675 0.0000000000
52896  9.983  -42.908  76.412 0.0000000000
51686  8.160  -44.715  76.544 0.0000000000
40899  10.172  -51.578  72.071 0.0000000000
39743  10.302  -52.603  69.553 0.0000000000
40936  9.662  -52.128  70.292 0.0000000000
39802  9.099  -53.574  67.624 0.0000000000
48301  9.402  -47.402  68.766 0.0000000000
47125  10.783  -48.263  65.527 0.0000000000
50704  9.368  -45.020  67.866 0.0000000000
57840  8.516  -39.233  68.949 0.0000000000
54289  8.556  -41.984  66.097 0.0000000000
55504  8.506  -41.045  64.570 0.0000000000
55514  9.361  -41.247  62.943 0.0000000000
59065  8.141  -38.783  64.893 0.0000000000
43249  9.583  -49.657  74.105 0.0000000000
45651  8.830  -47.921  73.999 0.0000000000
47004  9.888  -46.905  75.757 0.0000000000
51699  10.488  -44.532  76.224 0.0000000000
47024  22.136  -46.423  72.724 0.0000000000
45676  21.383  -47.399  71.884 0.0000000000
45645  19.856  -47.656  73.582 0.0000000000
44490  17.412  -49.288  73.311 0.0000000000
42121  13.597  -50.675  73.321 0.0000000000
42115  11.183  -50.227  73.895 0.0000000000
55418  6.968  -41.688  73.958 0.0000000000
54253  7.092  -42.715  70.444 0.0000000000
56598  7.585  -40.325  72.567 0.0000000000
58973  8.382  -38.304  71.984 0.0000000000
61491  8.686  -36.544  71.909 0.0000000000
52971  17.558  -44.007  71.854 0.0000000000
48265  26.756  -45.897  73.064 0.0000000000
52930  27.374  -43.916  73.755 0.0000000000
51741  23.023  -44.703  73.110 0.0000000000
52968  20.403  -43.953  72.119 0.0000000000
39856  9.280  -54.740  64.041 0.0000000000
42241  9.827  -52.594  63.560 0.0000000000
44610  8.626  -51.308  66.267 0.0000000000
47079  8.739  -49.109  69.062 0.0000000000
49500  7.729  -46.595  71.016 0.0000000000
48270  7.997  -47.067  74.428 0.0000000000
50627  6.982  -45.483  74.690 0.0000000000
52946  6.889  -43.682  74.132 0.0000000000
57742  8.007  -40.642  76.335 0.0000000000
44646  10.855  -50.787  63.184 0.0000000000
45930  12.451  -49.820  62.199 0.0000000000
47211  13.242  -48.516  61.161 0.0000000000
51816  9.080  -43.990  66.888 0.0000000000
51864  11.942  -44.472  64.159 0.0000000000
48403  11.046  -46.240  60.517 0.0000000000
49577  9.095  -45.507  60.026 0.0000000000
53125  8.856  -43.755  59.558 0.0000000000
63892  11.565  -35.578  72.983 0.0000000000
63922  9.778  -35.576  71.306 0.0000000000
65093  11.235  -34.413  70.090 0.0000000000
62826  8.780  -36.997  67.428 0.0000000000
60305  9.235  -37.968  64.377 0.0000000000
50582  14.476  -46.710  74.815 0.0000000000
50609  13.675  -46.050  74.395 0.0000000000
51732  14.509  -45.383  73.539 0.0000000000
51730  16.617  -45.538  73.569 0.0000000000
50579  17.068  -46.869  74.416 0.0000000000
50607  15.775  -46.353  74.544 0.0000000000
49385  14.931  -47.509  75.330 0.0000000000
43429  10.984  -51.686  58.392 0.0000000000
45966  10.865  -49.823  58.866 0.0000000000
42149  8.850  -50.846  71.122 0.0000000000
43289  8.465  -50.859  70.598 0.0000000000
43266  8.733  -50.084  71.764 0.0000000000
45674  23.536  -46.725  71.558 0.0000000000
40900  9.595  -50.996  72.295 0.0000000000
40917  9.755  -51.671  71.222 0.0000000000
42148  9.270  -51.619  70.751 0.0000000000
40955  9.275  -52.302  69.161 0.0000000000
49509  8.566  -45.852  69.595 0.0000000000
49513  9.430  -45.903  68.439 0.0000000000
50692  8.447  -45.110  68.829 0.0000000000
59012  8.128  -38.125  68.570 0.0000000000
56653  8.195  -40.057  67.088 0.0000000000
57862  7.985  -38.912  66.727 0.0000000000
56668  8.034  -40.069  64.968 0.0000000000
59045  8.039  -38.458  66.305 0.0000000000
43234  10.396  -48.975  74.889 0.0000000000
45642  9.801  -48.095  74.785 0.0000000000
47013  9.951  -47.801  75.112 0.0000000000
50586  10.970  -45.139  76.236 0.0000000000
52920  10.843  -42.941  75.902 0.0000000000
49437  20.951  -46.221  73.308 0.0000000000
47038  20.772  -47.357  73.246 0.0000000000
47017  20.064  -47.017  74.103 0.0000000000
45639  16.808  -48.347  75.024 0.0000000000
44477  17.931  -48.377  74.408 0.0000000000
44485  16.895  -49.331  73.785 0.0000000000
43247  14.371  -50.295  74.275 0.0000000000
44461  12.228  -48.843  75.374 0.0000000000
43239  12.176  -49.556  74.648 0.0000000000
43233  10.831  -49.142  75.137 0.0000000000
42106  10.259  -49.694  74.356 0.0000000000
57773  7.586  -40.128  74.969 0.0000000000
56581  7.451  -40.425  73.593 0.0000000000
57772  7.640  -39.568  74.462 0.0000000000
62688  9.472  -36.583  75.418 0.0000000000
60183  8.326  -37.582  73.709 0.0000000000
61454  8.787  -36.499  73.893 0.0000000000
60193  8.439  -37.242  72.630 0.0000000000
62732  8.888  -36.272  73.400 0.0000000000
51709  24.097  -44.934  73.408 0.0000000000
41082  8.855  -53.332  65.346 0.0000000000
42225  8.955  -52.498  64.902 0.0000000000
42211  8.354  -51.942  66.234 0.0000000000
45707  8.360  -49.527  70.638 0.0000000000
45748  8.720  -50.093  68.593 0.0000000000
47068  8.601  -48.593  70.159 0.0000000000
48293  8.233  -47.468  70.788 0.0000000000
48288  7.819  -47.397  71.751 0.0000000000
48224  8.562  -46.618  75.593 0.0000000000
47039  8.230  -47.433  74.070 0.0000000000
49418  8.143  -46.545  75.846 0.0000000000
52909  8.087  -43.639  76.107 0.0000000000
51700  7.271  -44.675  75.818 0.0000000000
52923  7.351  -43.771  75.425 0.0000000000
51736  6.850  -44.591  74.389 0.0000000000
54177  7.272  -42.885  75.213 0.0000000000
55402  7.078  -42.040  74.908 0.0000000000
56532  8.168  -40.907  76.287 0.0000000000
45690  20.576  -47.776  71.426 0.0000000000
45703  20.893  -47.816  70.664 0.0000000000
40915  12.107  -51.623  71.693 0.0000000000
40952  12.073  -51.683  70.077 0.0000000000
39725  11.373  -51.897  71.142 0.0000000000
39758  10.251  -53.159  68.829 0.0000000000
39757  10.808  -53.353  68.676 0.0000000000
41023  8.836  -53.186  67.468 0.0000000000
39834  8.900  -54.035  65.923 0.0000000000
44637  9.111  -51.073  64.533 0.0000000000
43366  10.175  -51.912  63.502 0.0000000000
45848  9.695  -49.952  64.809 0.0000000000
48334  11.376  -47.212  65.724 0.0000000000
45874  11.642  -49.063  63.223 0.0000000000
48366  12.140  -47.692  64.221 0.0000000000
47182  12.744  -48.432  62.510 0.0000000000
48383  12.843  -47.156  62.705 0.0000000000
54259  7.506  -42.370  69.299 0.0000000000
53021  7.926  -43.399  68.111 0.0000000000
54268  7.894  -42.461  68.172 0.0000000000
54300  9.883  -42.498  64.064 0.0000000000
53058  9.892  -43.065  64.970 0.0000000000
53071  10.637  -42.932  63.839 0.0000000000
50760  11.985  -45.051  62.278 0.0000000000
50761  11.183  -44.631  61.662 0.0000000000
49589  9.985  -46.052  59.898 0.0000000000
51880  10.207  -43.785  60.964 0.0000000000
56699  9.446  -40.583  62.333 0.0000000000
54338  9.751  -42.473  60.813 0.0000000000
55549  9.629  -42.017  60.458 0.0000000000
63905  12.571  -35.033  72.195 0.0000000000
63908  10.189  -35.412  72.273 0.0000000000
65080  11.122  -34.795  71.172 0.0000000000
65114  11.057  -34.286  68.960 0.0000000000
65115  10.739  -34.883  69.166 0.0000000000
63946  9.951  -35.887  69.416 0.0000000000
62825  9.225  -36.634  67.182 0.0000000000
61599  8.925  -37.628  66.196 0.0000000000
61598  9.405  -37.482  65.859 0.0000000000
47011  12.029  -47.854  75.477 0.0000000000
48221  11.150  -47.055  75.851 0.0000000000
49416  12.623  -46.774  74.711 0.0000000000
50603  19.248  -46.170  73.821 0.0000000000
48231  18.851  -47.265  74.308 0.0000000000
50578  18.047  -46.718  74.212 0.0000000000
48233  16.963  -47.878  75.177 0.0000000000
47007  15.925  -48.312  75.712 0.0000000000
44473  14.931  -49.336  75.229 0.0000000000
47008  15.008  -48.360  75.607 0.0000000000
48218  13.556  -47.841  75.112 0.0000000000
60129  9.357  -37.975  77.990 0.0000000000
60155  8.391  -37.851  75.799 0.0000000000
61402  9.430  -37.407  77.140 0.0000000000
62673  10.438  -36.297  76.472 0.0000000000
62686  10.826  -36.128  75.870 0.0000000000
42179  8.836  -52.151  67.862 0.0000000000
43315  8.737  -51.633  67.603 0.0000000000
43300  8.642  -51.220  69.641 0.0000000000
44505  8.275  -50.153  71.019 0.0000000000
45693  8.430  -49.289  71.493 0.0000000000
51672  9.228  -44.331  76.536 0.0000000000
50560  7.975  -45.833  76.695 0.0000000000
52897  9.547  -43.123  76.295 0.0000000000
54136  9.441  -42.051  76.331 0.0000000000
54121  9.255  -41.234  76.688 0.0000000000
56521  8.943  -40.416  77.453 0.0000000000
39698  10.685  -51.970  71.790 0.0000000000
39712  10.544  -52.211  71.116 0.0000000000
39713  10.285  -52.249  70.823 0.0000000000
39729  9.798  -52.381  69.871 0.0000000000
39759  10.100  -53.188  68.853 0.0000000000
38651  9.445  -53.741  67.789 0.0000000000
40975  9.379  -52.792  68.550 0.0000000000
40976  9.210  -52.597  68.461 0.0000000000
47093  9.310  -48.804  67.604 0.0000000000
47126  10.042  -49.009  65.711 0.0000000000
48319  10.115  -47.446  67.465 0.0000000000
48318  10.618  -47.242  66.990 0.0000000000
50715  11.073  -45.873  66.640 0.0000000000
56636  8.355  -40.434  69.404 0.0000000000
54276  8.445  -42.092  67.128 0.0000000000
55474  8.209  -41.258  67.641 0.0000000000
54302  8.573  -41.714  65.253 0.0000000000
54314  9.644  -42.067  63.393 0.0000000000
54325  10.126  -42.522  62.666 0.0000000000
56678  8.794  -40.796  63.751 0.0000000000
56687  8.910  -40.184  63.229 0.0000000000
57887  8.822  -39.379  63.297 0.0000000000
62806  10.689  -36.123  67.455 0.0000000000
61587  10.172  -36.904  66.251 0.0000000000
61574  11.208  -36.652  66.938 0.0000000000
42128  9.106  -50.512  72.721 0.0000000000
43255  8.865  -49.748  72.974 0.0000000000
44476  9.506  -48.613  74.045 0.0000000000
47022  9.093  -47.253  74.848 0.0000000000
48213  9.101  -46.648  76.407 0.0000000000
49375  10.753  -46.973  76.184 0.0000000000
49390  10.397  -46.089  77.017 0.0000000000
50545  9.620  -45.209  76.939 0.0000000000
52908  10.038  -43.580  76.360 0.0000000000
47036  22.834  -46.653  72.512 0.0000000000
45675  22.467  -47.032  71.698 0.0000000000
45652  21.864  -46.877  72.558 0.0000000000
45636  19.086  -47.808  74.115 0.0000000000
44488  18.936  -48.215  73.487 0.0000000000
44502  18.159  -49.086  72.192 0.0000000000
40894  13.076  -50.997  72.394 0.0000000000
40879  12.459  -51.162  73.022 0.0000000000
42102  13.175  -50.422  74.372 0.0000000000
40864  12.255  -50.869  73.542 0.0000000000
40881  11.121  -51.347  73.215 0.0000000000
40882  10.404  -51.224  73.110 0.0000000000
42123  9.531  -50.480  73.671 0.0000000000
52988  6.902  -43.476  71.680 0.0000000000
52997  6.949  -43.480  70.716 0.0000000000
54227  7.286  -41.961  71.942 0.0000000000
55439  7.555  -41.194  71.788 0.0000000000
56613  7.883  -40.368  71.568 0.0000000000
58947  7.956  -38.558  74.101 0.0000000000
57800  7.931  -39.351  72.312 0.0000000000
56625  8.158  -40.443  70.510 0.0000000000
58984  8.483  -38.983  70.831 0.0000000000
58998  8.364  -38.355  69.792 0.0000000000
60227  8.301  -37.465  69.396 0.0000000000
51758  16.951  -44.550  72.507 0.0000000000
47047  25.216  -46.346  72.305 0.0000000000
50574  29.725  -44.094  73.720 0.0000000000
51705  28.710  -43.732  73.738 0.0000000000
50595  27.991  -44.591  73.623 0.0000000000
49432  27.212  -45.103  73.515 0.0000000000
48249  25.319  -45.385  72.999 0.0000000000
48267  24.568  -45.856  72.765 0.0000000000
50600  21.999  -45.627  72.942 0.0000000000
51725  21.320  -45.437  73.047 0.0000000000
52955  21.665  -44.503  72.579 0.0000000000
51726  20.355  -45.460  73.247 0.0000000000
51745  18.946  -44.625  73.030 0.0000000000
51746  17.836  -44.831  73.171 0.0000000000
43354  9.087  -51.810  64.512 0.0000000000
45795  9.151  -50.283  66.453 0.0000000000
44579  8.716  -51.224  67.327 0.0000000000
45769  8.951  -50.505  67.432 0.0000000000
45768  9.222  -49.712  67.268 0.0000000000
47067  8.998  -48.057  69.390 0.0000000000
49504  8.290  -46.383  70.298 0.0000000000
51766  7.560  -45.253  71.027 0.0000000000
44487  8.877  -49.122  72.721 0.0000000000
47050  8.284  -47.796  73.373 0.0000000000
47057  7.938  -47.470  73.299 0.0000000000
50588  7.485  -45.689  76.159 0.0000000000
49448  7.415  -46.199  74.877 0.0000000000
48285  7.665  -47.160  72.686 0.0000000000
49489  7.343  -46.302  72.398 0.0000000000
50647  7.290  -45.449  71.804 0.0000000000
51762  6.871  -44.305  72.360 0.0000000000
54203  6.939  -42.734  74.022 0.0000000000
56551  7.602  -41.152  75.505 0.0000000000
57750  7.846  -39.706  76.223 0.0000000000
57728  8.884  -39.870  77.617 0.0000000000
58897  8.717  -39.535  77.319 0.0000000000
58912  9.033  -38.515  77.436 0.0000000000
40974  12.499  -52.161  69.150 0.0000000000
39742  10.694  -52.470  69.700 0.0000000000
47162  10.644  -49.598  64.161 0.0000000000
44645  11.389  -50.406  62.854 0.0000000000
47245  13.111  -49.058  59.819 0.0000000000
51796  7.897  -44.145  68.425 0.0000000000
51805  8.901  -44.232  67.689 0.0000000000
50734  10.591  -44.880  66.104 0.0000000000
53044  8.914  -43.021  66.148 0.0000000000
51832  9.940  -44.164  65.816 0.0000000000
51848  12.086  -45.301  64.647 0.0000000000
50759  12.454  -45.411  62.907 0.0000000000
49573  11.984  -46.223  61.388 0.0000000000
47247  11.482  -48.654  59.461 0.0000000000
48448  10.246  -47.502  59.394 0.0000000000
53097  9.962  -43.209  60.856 0.0000000000
53112  8.635  -44.492  60.109 0.0000000000
62727  12.210  -36.141  74.339 0.0000000000
62748  13.028  -36.009  73.450 0.0000000000
63879  10.325  -35.747  73.383 0.0000000000
63895  9.774  -35.683  72.672 0.0000000000
62775  8.963  -36.021  71.357 0.0000000000
62780  8.964  -36.297  70.470 0.0000000000
65082  10.254  -35.323  70.634 0.0000000000
63939  9.468  -36.104  69.938 0.0000000000
61557  8.445  -37.180  68.386 0.0000000000
60294  8.512  -38.225  65.993 0.0000000000
60318  8.749  -38.312  64.113 0.0000000000
59091  9.225  -38.980  62.856 0.0000000000
60333  10.057  -38.490  63.096 0.0000000000
50625  15.217  -45.863  74.112 0.0000000000
50626  14.316  -45.844  74.046 0.0000000000
50624  16.183  -46.002  74.038 0.0000000000
50608  14.830  -46.270  74.537 0.0000000000
43428  12.154  -51.702  58.493 0.0000000000
44691  11.558  -50.624  58.724 0.0000000000
44692  10.397  -50.562  58.343 0.0000000000
45965  11.446  -50.021  58.957 0.0000000000
45661  24.382  -46.570  71.955 0.0000000000
45687  23.740  -46.776  70.934 0.0000000000
42136  9.340  -50.922  71.614 0.0000000000
51774  7.472  -44.885  70.310 0.0000000000
50678  7.968  -45.380  69.810 0.0000000000
57852  8.342  -39.057  67.773 0.0000000000
59022  8.076  -38.207  67.492 0.0000000000
57870  7.882  -38.986  65.955 0.0000000000
59035  8.001  -38.198  66.875 0.0000000000
44469  10.459  -48.712  75.234 0.0000000000
45633  10.462  -48.338  75.399 0.0000000000
45626  10.662  -48.235  75.586 0.0000000000
49438  20.189  -46.237  73.583 0.0000000000
48253  20.446  -46.741  73.744 0.0000000000
49407  20.147  -46.534  73.766 0.0000000000
44471  16.229  -48.802  74.944 0.0000000000
44479  16.532  -49.053  74.529 0.0000000000
43245  16.089  -49.380  74.377 0.0000000000
43251  16.163  -49.512  74.028 0.0000000000
43252  15.307  -50.146  73.616 0.0000000000
44462  11.541  -48.892  75.696 0.0000000000
43232  11.594  -49.176  75.070 0.0000000000
44468  10.995  -49.077  75.611 0.0000000000
57759  7.682  -39.509  75.451 0.0000000000
62709  9.322  -36.527  74.646 0.0000000000
61436  8.909  -36.702  74.536 0.0000000000
62731  9.088  -36.121  73.814 0.0000000000
41063  8.588  -53.074  66.078 0.0000000000
42196  8.412  -52.678  66.338 0.0000000000
42197  8.326  -52.258  66.612 0.0000000000
47064  8.371  -48.451  71.217 0.0000000000
49392  8.779  -46.512  76.522 0.0000000000
48236  8.285  -46.679  75.192 0.0000000000
49393  8.373  -46.475  76.290 0.0000000000
54152  8.010  -42.653  75.853 0.0000000000
52910  7.695  -43.726  75.814 0.0000000000
54165  7.633  -42.787  75.585 0.0000000000
55378  7.917  -41.778  75.800 0.0000000000
40934  11.784  -51.704  70.749 0.0000000000
38638  10.151  -53.541  68.357 0.0000000000
38637  10.431  -53.732  68.152 0.0000000000
41043  8.558  -53.016  66.746 0.0000000000
45849  9.267  -50.311  64.969 0.0000000000
44636  9.636  -50.647  64.173 0.0000000000
49527  11.688  -46.486  65.647 0.0000000000
48348  12.344  -47.025  64.462 0.0000000000
48365  12.640  -47.278  63.682 0.0000000000
49535  12.600  -46.190  64.258 0.0000000000
51866  10.969  -43.279  62.803 0.0000000000
51878  11.209  -43.855  62.412 0.0000000000
51879  10.654  -43.678  61.876 0.0000000000
50762  10.461  -44.412  60.996 0.0000000000
56710  9.817  -40.948  61.576 0.0000000000
55538  9.806  -41.662  61.090 0.0000000000
63918  13.715  -34.682  71.802 0.0000000000
63919  12.999  -34.335  71.654 0.0000000000
65067  11.395  -34.805  71.675 0.0000000000
65066  12.188  -34.520  71.643 0.0000000000
65124  10.555  -35.324  68.865 0.0000000000
63958  9.952  -36.070  68.641 0.0000000000
62807  9.885  -36.209  67.725 0.0000000000
61588  9.304  -36.965  66.520 0.0000000000
62824  9.820  -36.403  66.946 0.0000000000
48219  12.516  -47.598  75.169 0.0000000000
49388  11.950  -46.998  74.955 0.0000000000
51733  13.407  -45.210  73.862 0.0000000000
50621  18.956  -45.889  73.744 0.0000000000
50604  18.516  -46.264  73.985 0.0000000000
50605  17.587  -46.345  74.135 0.0000000000
50580  16.222  -46.844  74.821 0.0000000000
49411  16.582  -47.389  74.950 0.0000000000
48234  16.239  -47.625  75.528 0.0000000000
48215  16.417  -47.957  75.623 0.0000000000
45629  15.362  -48.856  75.538 0.0000000000
48216  15.601  -47.818  75.688 0.0000000000
49414  14.299  -47.133  74.977 0.0000000000
48217  14.595  -47.920  75.334 0.0000000000
47010  12.928  -48.098  75.360 0.0000000000
61411  10.711  -36.449  77.221 0.0000000000
62672  11.004  -36.043  76.566 0.0000000000
62685  11.631  -35.952  76.043 0.0000000000
43277  8.504  -50.377  71.235 0.0000000000
45680  8.534  -48.951  72.164 0.0000000000
51671  9.688  -44.134  76.442 0.0000000000
54135  9.846  -41.932  76.588 0.0000000000
54137  8.949  -42.063  76.197 0.0000000000
54120  9.538  -41.131  76.996 0.0000000000
55348  9.179  -40.711  77.354 0.0000000000
39699  10.370  -52.056  71.351 0.0000000000
40916  10.140  -52.021  71.186 0.0000000000
40935  9.731  -52.259  70.634 0.0000000000
39745  9.828  -52.542  69.484 0.0000000000
39760  9.783  -53.174  68.653 0.0000000000
41000  8.942  -52.692  67.964 0.0000000000
48306  9.446  -48.048  68.157 0.0000000000
47092  9.686  -48.059  67.686 0.0000000000
48305  9.644  -47.311  68.148 0.0000000000
49512  9.827  -46.324  67.971 0.0000000000
49519  10.420  -46.369  67.420 0.0000000000
49518  10.918  -46.480  66.862 0.0000000000
50703  10.033  -45.669  67.612 0.0000000000
56647  8.420  -40.279  68.238 0.0000000000
55493  8.262  -40.959  65.542 0.0000000000
55481  8.263  -41.040  66.536 0.0000000000
55503  8.997  -41.475  63.857 0.0000000000
57882  8.104  -39.298  64.537 0.0000000000
56679  8.476  -40.015  64.109 0.0000000000
56688  8.648  -39.668  63.652 0.0000000000
57888  8.421  -39.253  63.887 0.0000000000
65123  11.612  -34.562  68.334 0.0000000000
63956  11.788  -35.084  67.789 0.0000000000
62805  11.760  -35.835  67.540 0.0000000000
43250  9.405  -49.512  73.801 0.0000000000
43254  8.988  -49.837  73.336 0.0000000000
47014  9.795  -47.121  75.306 0.0000000000
45635  9.662  -47.572  74.907 0.0000000000
48222  9.303  -46.680  75.830 0.0000000000
48212  9.492  -46.714  76.291 0.0000000000
49417  11.876  -46.397  75.318 0.0000000000
49389  11.226  -46.489  76.177 0.0000000000
50558  10.532  -45.325  76.580 0.0000000000
49391  9.938  -45.799  77.199 0.0000000000
50544  9.952  -44.791  76.698 0.0000000000
52922  10.158  -44.019  76.243 0.0000000000
48269  22.714  -46.298  72.828 0.0000000000
47037  21.619  -46.877  72.840 0.0000000000
45654  20.059  -47.747  73.232 0.0000000000
45653  20.972  -47.416  72.910 0.0000000000
47018  19.147  -47.553  74.219 0.0000000000
47019  18.291  -47.793  74.516 0.0000000000
44484  17.484  -48.885  73.950 0.0000000000
44489  18.377  -48.504  73.599 0.0000000000
44494  18.322  -48.782  72.837 0.0000000000
44495  17.450  -49.412  72.517 0.0000000000
43274  16.321  -49.975  71.734 0.0000000000
40878  13.040  -50.897  72.877 0.0000000000
40895  12.596  -51.273  72.416 0.0000000000
42122  12.932  -50.773  73.450 0.0000000000
44465  13.838  -49.313  75.346 0.0000000000
44474  14.239  -49.670  75.166 0.0000000000
43238  13.423  -49.954  74.896 0.0000000000
42104  11.671  -49.787  74.212 0.0000000000
42103  12.529  -50.153  74.374 0.0000000000
42114  11.998  -50.370  73.891 0.0000000000
40865  11.525  -50.838  73.593 0.0000000000
40866  10.774  -50.759  73.619 0.0000000000
42107  10.029  -49.620  74.370 0.0000000000
40868  9.723  -50.539  73.684 0.0000000000
42118  9.366  -49.971  74.035 0.0000000000
42124  9.288  -50.346  73.576 0.0000000000
54215  6.958  -42.506  73.104 0.0000000000
54228  6.980  -42.646  72.181 0.0000000000
54214  7.128  -42.004  72.623 0.0000000000
55428  7.335  -41.241  72.741 0.0000000000
60154  8.786  -37.412  76.207 0.0000000000
60166  8.319  -37.810  74.703 0.0000000000
58961  8.007  -38.363  73.040 0.0000000000
57814  8.373  -39.340  71.148 0.0000000000
61472  8.715  -36.546  72.608 0.0000000000
60204  8.588  -37.293  71.492 0.0000000000
60215  8.535  -37.407  70.403 0.0000000000
61509  8.649  -36.620  70.968 0.0000000000
52972  16.460  -43.905  71.676 0.0000000000
52983  17.115  -43.562  71.061 0.0000000000
47032  26.988  -46.233  72.841 0.0000000000
45659  26.337  -46.586  72.105 0.0000000000
47046  26.215  -46.366  72.424 0.0000000000
47033  26.020  -46.073  72.611 0.0000000000
52938  27.774  -43.661  73.782 0.0000000000
52929  28.492  -43.646  73.812 0.0000000000
51706  27.900  -44.073  73.712 0.0000000000
51697  28.416  -44.194  73.669 0.0000000000
50596  26.892  -44.695  73.625 0.0000000000
49434  24.890  -45.186  73.304 0.0000000000
51723  23.711  -44.763  73.290 0.0000000000
51710  22.932  -45.130  73.265 0.0000000000
51724  22.656  -44.945  73.161 0.0000000000
51711  21.812  -45.430  72.985 0.0000000000
52978  21.705  -43.732  71.687 0.0000000000
52967  21.278  -44.021  72.175 0.0000000000
51743  21.042  -44.970  72.939 0.0000000000
52956  20.708  -44.453  72.594 0.0000000000
51744  20.065  -44.828  73.075 0.0000000000
52957  19.800  -44.295  72.616 0.0000000000
52970  18.608  -44.041  72.002 0.0000000000
51756  18.686  -44.287  72.558 0.0000000000
51757  18.093  -44.368  72.560 0.0000000000
41098  9.204  -53.611  64.328 0.0000000000
43329  8.518  -51.594  65.977 0.0000000000
43341  8.742  -51.513  65.192 0.0000000000
44609  8.798  -50.907  65.792 0.0000000000
44562  8.786  -50.924  68.123 0.0000000000
45747  8.936  -49.464  68.076 0.0000000000
47078  9.116  -48.507  68.516 0.0000000000
48297  8.752  -47.367  70.088 0.0000000000
50663  7.803  -45.722  70.618 0.0000000000
50646  7.599  -45.914  71.241 0.0000000000
44482  8.981  -48.580  73.258 0.0000000000
48254  8.122  -46.916  74.659 0.0000000000
47051  7.964  -47.346  73.927 0.0000000000
47056  8.158  -48.012  72.660 0.0000000000
50561  7.757  -45.238  76.521 0.0000000000
50612  7.162  -45.538  75.443 0.0000000000
49460  7.262  -46.250  74.148 0.0000000000
49474  7.202  -46.301  73.265 0.0000000000
50632  6.916  -45.447  73.813 0.0000000000
51752  6.809  -44.494  73.466 0.0000000000
52961  6.848  -43.500  73.265 0.0000000000
56541  7.935  -41.114  75.883 0.0000000000
57751  7.838  -40.500  76.115 0.0000000000
57760  7.630  -40.307  75.562 0.0000000000
57716  9.094  -40.078  77.825 0.0000000000
45663  22.189  -47.017  72.196 0.0000000000
45689  21.659  -47.373  71.250 0.0000000000
39755  11.812  -52.319  69.435 0.0000000000
39727  10.344  -52.287  70.416 0.0000000000
39726  11.056  -52.147  70.766 0.0000000000
39846  9.052  -54.455  64.833 0.0000000000
38712  9.148  -55.532  64.230 0.0000000000
43365  10.719  -51.773  63.052 0.0000000000
42256  10.862  -52.686  62.602 0.0000000000
43380  11.176  -52.034  62.503 0.0000000000
43364  11.334  -51.260  62.741 0.0000000000
47143  10.469  -49.401  64.547 0.0000000000
47161  11.023  -49.292  64.060 0.0000000000
45902  11.890  -49.396  62.823 0.0000000000
45875  11.322  -49.388  63.432 0.0000000000
44656  12.013  -50.647  62.342 0.0000000000
43378  12.514  -51.476  61.784 0.0000000000
44655  12.815  -50.459  61.780 0.0000000000
45928  13.477  -49.390  61.144 0.0000000000
45951  13.667  -49.765  59.805 0.0000000000
47232  12.901  -48.444  60.216 0.0000000000
53003  6.961  -43.403  69.751 0.0000000000
51785  6.959  -43.993  69.585 0.0000000000
53002  7.027  -43.832  69.324 0.0000000000
51806  8.508  -43.782  67.750 0.0000000000
50717  9.585  -44.631  67.068 0.0000000000
51815  9.684  -44.482  66.648 0.0000000000
53045  8.702  -42.656  66.761 0.0000000000
53057  10.528  -43.405  64.636 0.0000000000
51851  10.303  -43.668  65.074 0.0000000000
51850  10.988  -44.011  64.801 0.0000000000
51849  11.775  -44.949  64.987 0.0000000000
50751  12.498  -45.284  63.806 0.0000000000
49574  11.337  -45.934  60.956 0.0000000000
48402  11.629  -46.545  60.749 0.0000000000
48424  11.863  -47.211  60.393 0.0000000000
47234  11.307  -47.478  59.895 0.0000000000
47248  10.787  -47.981  59.424 0.0000000000
48425  10.680  -46.828  59.925 0.0000000000
49576  9.631  -45.545  60.180 0.0000000000
49591  9.061  -45.818  59.600 0.0000000000
54326  9.932  -42.266  62.048 0.0000000000
53111  9.142  -43.798  60.039 0.0000000000
53126  8.591  -44.501  59.634 0.0000000000
51925  8.494  -44.477  58.835 0.0000000000
63890  13.077  -35.763  72.956 0.0000000000
62750  11.460  -35.867  73.491 0.0000000000
63878  10.871  -35.756  73.457 0.0000000000
63894  10.086  -35.510  72.942 0.0000000000
63921  10.318  -35.316  71.631 0.0000000000
63909  9.789  -35.688  72.121 0.0000000000
62774  9.307  -35.825  71.394 0.0000000000
63923  9.385  -35.732  71.129 0.0000000000
65105  11.074  -34.316  69.498 0.0000000000
66334  12.434  -33.602  69.851 0.0000000000
65081  10.554  -35.088  70.824 0.0000000000
65094  10.699  -34.854  70.120 0.0000000000
63959  9.257  -36.525  68.496 0.0000000000
63938  10.002  -35.618  70.030 0.0000000000
63947  9.440  -36.352  69.160 0.0000000000
62793  8.861  -36.760  68.801 0.0000000000
62809  8.786  -36.879  68.086 0.0000000000
60281  8.191  -37.941  66.701 0.0000000000
61590  8.417  -37.471  67.082 0.0000000000
61611  9.114  -37.868  65.612 0.0000000000
60293  8.873  -38.040  65.748 0.0000000000
60335  9.010  -38.450  63.489 0.0000000000
60317  9.143  -38.199  63.745 0.0000000000
60292  10.422  -37.548  65.268 0.0000000000
50583  13.361  -46.608  74.649 0.0000000000
51750  13.703  -44.567  73.033 0.0000000000
51729  17.536  -45.451  73.591 0.0000000000
50606  16.660  -46.403  74.347 0.0000000000
49412  15.884  -47.198  75.412 0.0000000000
49384  15.529  -47.437  75.543 0.0000000000
49413  15.125  -47.132  75.259 0.0000000000
45967  9.820  -49.044  58.450 0.0000000000
42160  8.911  -51.775  70.084 0.0000000000
44492  8.701  -49.466  72.244 0.0000000000
42159  9.292  -52.037  70.225 0.0000000000
40954  9.473  -52.328  69.541 0.0000000000
49503  8.837  -46.533  69.788 0.0000000000
49507  9.550  -46.698  68.521 0.0000000000
49508  9.117  -46.210  69.049 0.0000000000
50691  9.113  -45.494  68.595 0.0000000000
56659  7.915  -39.876  65.980 0.0000000000
59055  8.110  -38.707  65.613 0.0000000000
43243  9.927  -49.354  74.320 0.0000000000
44475  9.827  -48.593  74.466 0.0000000000
44470  10.142  -48.546  74.867 0.0000000000
45634  10.102  -48.042  75.061 0.0000000000
47003  10.286  -47.468  75.430 0.0000000000
51698  11.030  -44.612  75.862 0.0000000000
52921  10.512  -43.453  75.964 0.0000000000
52932  11.116  -43.190  75.575 0.0000000000
48252  21.300  -46.441  73.218 0.0000000000
47025  21.463  -46.740  73.083 0.0000000000
47026  20.514  -47.169  73.630 0.0000000000
47020  17.408  -48.007  75.004 0.0000000000
45638  17.887  -48.089  74.720 0.0000000000
45648  17.638  -48.338  74.625 0.0000000000
44491  16.996  -49.430  73.473 0.0000000000
43253  14.540  -50.444  73.730 0.0000000000
42111  14.083  -50.560  73.720 0.0000000000
44466  12.805  -49.059  75.134 0.0000000000
43231  12.515  -49.344  75.001 0.0000000000
43240  11.252  -49.347  74.671 0.0000000000
42105  10.841  -49.693  74.278 0.0000000000
42116  10.439  -50.199  74.035 0.0000000000
43241  10.598  -49.283  74.648 0.0000000000
43242  10.239  -49.294  74.515 0.0000000000
56565  7.387  -40.947  74.792 0.0000000000
55417  7.194  -41.181  73.514 0.0000000000
56564  7.473  -40.386  74.389 0.0000000000
61425  8.655  -37.242  75.003 0.0000000000
61437  8.585  -37.029  74.229 0.0000000000
61455  8.626  -36.700  73.374 0.0000000000
62753  8.865  -36.330  72.897 0.0000000000
52931  26.737  -44.078  73.722 0.0000000000
52943  23.948  -44.443  73.137 0.0000000000
52953  23.491  -44.333  72.871 0.0000000000
52969  19.532  -43.939  72.010 0.0000000000
42210  8.526  -52.341  65.857 0.0000000000
43330  8.426  -51.673  66.469 0.0000000000
45725  8.480  -49.775  69.635 0.0000000000
49488  7.555  -46.443  71.725 0.0000000000
45644  8.842  -47.506  74.531 0.0000000000
47028  8.498  -47.222  74.519 0.0000000000
48237  7.941  -46.585  75.229 0.0000000000
51687  7.673  -44.623  76.259 0.0000000000
51716  6.985  -44.644  75.185 0.0000000000
52934  7.032  -43.766  74.884 0.0000000000
54191  7.018  -43.016  74.671 0.0000000000
55387  7.506  -41.957  75.549 0.0000000000
40933  12.469  -51.359  71.103 0.0000000000
40953  11.664  -51.783  70.305 0.0000000000
39741  11.329  -52.012  70.068 0.0000000000
39821  8.993  -53.839  66.935 0.0000000000
43353  9.601  -51.614  63.980 0.0000000000
44647  10.219  -50.974  63.546 0.0000000000
48350  11.181  -47.832  65.443 0.0000000000
47142  11.119  -48.497  64.777 0.0000000000
47141  11.748  -48.052  64.381 0.0000000000
47160  11.937  -48.529  63.551 0.0000000000
47183  12.174  -48.746  62.924 0.0000000000
45929  13.018  -49.411  61.802 0.0000000000
54260  7.161  -42.710  69.794 0.0000000000
53012  7.323  -43.392  68.909 0.0000000000
51817  8.751  -43.482  67.299 0.0000000000
54288  8.820  -42.336  65.503 0.0000000000
53059  9.174  -42.791  65.399 0.0000000000
53070  10.931  -43.449  64.258 0.0000000000
51865  11.430  -43.706  63.508 0.0000000000
50752  12.107  -44.601  63.162 0.0000000000
50753  11.630  -44.305  62.546 0.0000000000
49560  11.108  -45.366  61.064 0.0000000000
49575  10.533  -45.761  60.491 0.0000000000
50768  10.657  -45.037  60.906 0.0000000000
50769  10.003  -45.066  60.566 0.0000000000
50763  9.841  -44.514  60.582 0.0000000000
55526  9.789  -41.502  61.803 0.0000000000
54349  9.352  -42.899  60.003 0.0000000000
63906  11.476  -35.073  72.204 0.0000000000
63907  10.733  -35.176  72.221 0.0000000000
63920  10.651  -35.152  71.853 0.0000000000
65106  10.759  -34.797  69.601 0.0000000000
65107  10.461  -35.207  69.686 0.0000000000
65116  10.340  -35.423  69.410 0.0000000000
62808  9.264  -36.519  67.893 0.0000000000
61589  8.804  -37.184  66.822 0.0000000000
47001  11.564  -48.111  75.632 0.0000000000
47002  10.861  -47.794  75.632 0.0000000000
47012  11.360  -47.671  75.557 0.0000000000
50610  12.659  -45.860  74.658 0.0000000000
50611  12.072  -45.515  75.154 0.0000000000
50620  19.755  -45.923  73.609 0.0000000000
49408  19.481  -46.582  73.994 0.0000000000
50577  18.930  -46.479  74.048 0.0000000000
49409  18.493  -46.995  74.319 0.0000000000
49410  17.509  -47.321  74.543 0.0000000000
47021  16.960  -48.090  75.286 0.0000000000
45627  16.532  -48.300  75.337 0.0000000000
45640  15.960  -48.814  75.211 0.0000000000
43236  15.225  -49.457  74.895 0.0000000000
44464  14.655  -49.141  75.512 0.0000000000
45630  14.350  -48.801  75.526 0.0000000000
47009  13.975  -48.306  75.314 0.0000000000
45631  13.111  -48.669  75.297 0.0000000000
45623  12.361  -48.638  75.443 0.0000000000
45624  11.853  -48.592  75.642 0.0000000000
60139  8.462  -38.437  76.381 0.0000000000
60138  8.891  -37.967  76.816 0.0000000000
61413  9.085  -37.067  76.493 0.0000000000
61412  9.817  -36.731  76.717 0.0000000000
61423  9.371  -36.615  76.053 0.0000000000
62687  9.996  -36.351  75.805 0.0000000000
62707  10.617  -36.298  74.976 0.0000000000
41024  8.617  -52.644  67.329 0.0000000000
42186  8.457  -52.192  67.186 0.0000000000
43308  8.866  -51.424  68.571 0.0000000000
44522  8.307  -50.430  70.145 0.0000000000
47061  8.107  -48.345  71.974 0.0000000000
50546  9.068  -45.403  77.045 0.0000000000
50547  8.519  -45.551  76.883 0.0000000000
51673  8.733  -44.505  76.564 0.0000000000
52898  8.969  -43.225  76.272 0.0000000000
52899  8.576  -43.483  76.186 0.0000000000
54151  8.437  -42.460  76.025 0.0000000000
55368  8.651  -41.406  76.266 0.0000000000
55358  8.924  -40.939  76.788 0.0000000000
39697  11.187  -51.898  72.158 0.0000000000
39711  11.020  -52.084  71.507 0.0000000000
39728  10.197  -52.333  70.220 0.0000000000
39744  10.060  -52.625  69.516 0.0000000000
39779  9.573  -53.461  68.158 0.0000000000
39780  9.277  -53.429  67.994 0.0000000000
40999  8.921  -53.156  67.850 0.0000000000
47111  9.478  -49.347  66.675 0.0000000000
45822  9.677  -49.712  65.329 0.0000000000
47110  9.857  -48.509  66.991 0.0000000000
48336  10.314  -48.012  66.671 0.0000000000
48335  10.856  -47.630  66.174 0.0000000000
49528  11.287  -46.554  66.255 0.0000000000
55468  7.963  -41.389  68.757 0.0000000000
54301  9.094  -42.150  64.617 0.0000000000
54313  10.143  -42.557  63.338 0.0000000000
57893  9.209  -39.731  62.611 0.0000000000
62823  10.232  -36.389  66.855 0.0000000000
60267  12.096  -37.116  67.050 0.0000000000
44690  12.706  -50.896  58.724 0.0000000000
42129  8.944  -50.227  72.574 0.0000000000
44481  9.290  -48.794  73.535 0.0000000000
45650  9.204  -48.224  74.048 0.0000000000
45643  9.264  -47.777  74.583 0.0000000000
47023  8.824  -47.017  74.876 0.0000000000
48223  8.905  -46.615  75.913 0.0000000000
49378  8.933  -46.427  77.063 0.0000000000
48210  10.468  -47.073  75.866 0.0000000000
48211  9.975  -46.918  76.225 0.0000000000
50557  11.145  -45.640  76.338 0.0000000000
49376  10.439  -46.875  76.666 0.0000000000
49377  9.696  -46.364  77.163 0.0000000000
52907  10.283  -42.613  76.412 0.0000000000
54164  10.941  -42.848  76.010 0.0000000000
47035  23.798  -46.275  72.588 0.0000000000
45662  23.281  -46.713  71.994 0.0000000000
47049  23.114  -46.783  72.164 0.0000000000
45664  21.164  -47.400  72.476 0.0000000000
45677  20.299  -47.696  72.165 0.0000000000
45691  19.527  -48.301  71.655 0.0000000000
48230  19.717  -46.999  74.140 0.0000000000
47027  19.571  -47.594  73.920 0.0000000000
45646  19.070  -47.981  73.969 0.0000000000
45647  18.311  -48.206  74.342 0.0000000000
45656  18.729  -48.212  73.938 0.0000000000
45655  19.165  -48.174  73.507 0.0000000000
44493  18.864  -48.304  73.185 0.0000000000
45679  18.600  -48.684  72.360 0.0000000000
45692  18.755  -48.837  71.922 0.0000000000
44496  16.903  -49.613  71.994 0.0000000000
42135  13.857  -50.904  71.983 0.0000000000
40914  12.798  -51.212  71.882 0.0000000000
40896  11.982  -51.626  72.510 0.0000000000
43237  14.645  -49.755  74.856 0.0000000000
43248  13.639  -50.398  74.416 0.0000000000
42112  13.517  -50.605  73.959 0.0000000000
42113  12.740  -50.592  73.971 0.0000000000
40880  11.821  -51.330  73.168 0.0000000000
40897  11.426  -51.663  72.694 0.0000000000
40898  10.817  -51.678  72.541 0.0000000000
40867  10.091  -50.639  73.662 0.0000000000
40883  9.694  -50.892  73.191 0.0000000000
40884  9.321  -50.778  73.010 0.0000000000
51775  7.020  -44.143  70.108 0.0000000000
54242  7.058  -42.701  71.316 0.0000000000
54241  7.434  -42.004  71.068 0.0000000000
54252  7.459  -42.099  70.201 0.0000000000
55448  7.726  -41.282  70.836 0.0000000000
58934  7.905  -38.657  75.146 0.0000000000
57787  7.687  -39.415  73.363 0.0000000000
57828  8.484  -39.435  70.115 0.0000000000
58997  8.470  -38.847  70.434 0.0000000000
58985  8.569  -38.326  70.878 0.0000000000
51748  16.114  -45.021  72.973 0.0000000000
51749  14.934  -44.905  72.874 0.0000000000
51759  15.544  -44.310  72.175 0.0000000000
47048  24.117  -46.405  72.267 0.0000000000
51696  29.054  -44.182  73.643 0.0000000000
48247  27.510  -45.538  73.376 0.0000000000
48266  25.726  -45.710  72.759 0.0000000000
47034  24.939  -46.082  72.512 0.0000000000
48268  23.432  -46.152  72.898 0.0000000000
50599  23.232  -45.283  73.276 0.0000000000
49436  21.966  -45.846  73.110 0.0000000000
50601  20.829  -46.023  73.268 0.0000000000
50618  20.928  -45.834  73.137 0.0000000000
52964  23.802  -43.904  72.483 0.0000000000
52965  23.073  -43.999  72.367 0.0000000000
52966  22.242  -43.941  72.165 0.0000000000
52954  22.604  -44.430  72.700 0.0000000000
51742  22.073  -44.882  72.998 0.0000000000
51727  19.448  -45.345  73.451 0.0000000000
51728  18.477  -45.329  73.545 0.0000000000
52958  19.116  -44.220  72.479 0.0000000000
51747  17.017  -45.061  73.217 0.0000000000
42242  9.360  -52.556  64.144 0.0000000000
44624  8.982  -50.677  65.044 0.0000000000
45823  9.313  -50.053  65.476 0.0000000000
43321  8.402  -51.699  66.973 0.0000000000
44596  8.672  -51.235  66.769 0.0000000000
45796  8.909  -50.828  66.743 0.0000000000
48296  9.155  -47.106  69.506 0.0000000000
43260  8.829  -49.906  72.495 0.0000000000
45657  8.629  -48.127  73.299 0.0000000000
45668  8.585  -48.558  72.708 0.0000000000
50587  7.877  -46.319  76.259 0.0000000000
49419  7.840  -46.429  75.777 0.0000000000
49439  7.581  -46.232  75.459 0.0000000000
48271  7.746  -46.872  74.359 0.0000000000
48279  7.608  -46.947  73.647 0.0000000000
48289  7.584  -46.845  72.136 0.0000000000
50636  6.963  -45.410  72.834 0.0000000000
52976  6.869  -43.286  72.508 0.0000000000
58913  8.583  -39.050  76.863 0.0000000000
56531  8.506  -40.713  76.847 0.0000000000
57727  9.146  -39.356  78.141 0.0000000000
57741  8.165  -40.134  76.835 0.0000000000
45688  22.696  -46.943  71.079 0.0000000000
45719  22.130  -47.323  69.658 0.0000000000
45702  21.891  -47.293  70.491 0.0000000000
39756  11.372  -52.888  69.065 0.0000000000
42257  10.342  -52.652  63.062 0.0000000000
45876  10.455  -49.953  63.862 0.0000000000
45904  10.648  -50.441  63.490 0.0000000000
45903  11.002  -50.011  63.192 0.0000000000
43379  11.732  -51.751  62.183 0.0000000000
44654  13.493  -50.178  61.281 0.0000000000
44678  12.296  -50.165  59.027 0.0000000000
51784  7.399  -44.417  69.345 0.0000000000
50705  8.605  -44.413  68.145 0.0000000000
50716  10.335  -45.208  66.878 0.0000000000
50733  11.240  -45.513  66.094 0.0000000000
53031  8.445  -43.026  67.480 0.0000000000
53030  8.829  -43.201  66.936 0.0000000000
53043  9.354  -43.375  65.672 0.0000000000
51833  9.248  -43.658  66.102 0.0000000000
51831  11.013  -44.723  65.617 0.0000000000
51830  11.496  -45.179  65.575 0.0000000000
50746  12.170  -45.662  64.812 0.0000000000
49546  12.803  -46.214  63.247 0.0000000000
48401  12.664  -47.133  61.448 0.0000000000
49558  12.409  -46.094  62.213 0.0000000000
48423  12.645  -47.762  60.614 0.0000000000
47246  12.340  -48.834  59.633 0.0000000000
45953  11.702  -49.506  59.173 0.0000000000
45954  10.759  -48.943  59.095 0.0000000000
45955  10.257  -48.498  58.984 0.0000000000
47249  9.908  -47.974  58.933 0.0000000000
53084  10.226  -43.052  61.843 0.0000000000
51891  9.505  -44.193  60.374 0.0000000000
51901  8.834  -44.648  60.069 0.0000000000
50780  8.807  -45.155  60.251 0.0000000000
50781  8.488  -45.244  60.272 0.0000000000
62705  12.399  -35.982  75.315 0.0000000000
62706  11.475  -36.141  75.122 0.0000000000
62728  11.249  -36.136  74.024 0.0000000000
62729  10.398  -36.136  74.028 0.0000000000
62730  9.734  -36.042  73.804 0.0000000000
62751  9.570  -35.874  73.197 0.0000000000
62768  8.949  -36.243  72.233 0.0000000000
62767  9.328  -35.950  71.852 0.0000000000
61526  8.677  -36.886  70.001 0.0000000000
63930  9.839  -35.570  70.693 0.0000000000
65095  10.367  -35.256  70.144 0.0000000000
63931  9.379  -35.828  70.652 0.0000000000
62787  8.995  -36.607  69.607 0.0000000000
60251  8.225  -37.647  67.992 0.0000000000
60268  8.152  -37.764  67.277 0.0000000000
60307  8.437  -38.550  65.223 0.0000000000
61600  8.531  -37.688  66.595 0.0000000000
60319  8.492  -38.525  64.652 0.0000000000
59076  8.723  -38.765  63.635 0.0000000000
59110  9.472  -39.508  62.359 0.0000000000
61597  9.709  -37.540  65.281 0.0000000000
60316  9.634  -38.093  63.708 0.0000000000
60334  9.439  -38.487  63.258 0.0000000000
57902  9.928  -39.839  61.667 0.0000000000
39696  11.553  -51.781  72.337 0.0000000000
39740  11.659  -51.987  69.814 0.0000000000
40913  13.325  -50.986  72.098 0.0000000000
42117  9.758  -50.117  74.103 0.0000000000
42120  14.375  -50.561  73.222 0.0000000000
43235  10.160  -48.928  74.598 0.0000000000
43244  9.740  -49.144  74.064 0.0000000000
43256  17.047  -49.522  73.187 0.0000000000
43259  8.869  -50.098  72.875 0.0000000000
44463  11.107  -48.893  75.977 0.0000000000
44467  11.933  -49.061  75.311 0.0000000000
44472  15.739  -49.162  74.936 0.0000000000
44478  17.507  -48.586  74.409 0.0000000000
44480  15.947  -49.260  74.684 0.0000000000
44483  18.092  -48.442  74.141 0.0000000000
44486  9.039  -49.298  73.153 0.0000000000
44595  8.807  -50.972  66.368 0.0000000000
44623  9.293  -50.527  64.694 0.0000000000
45625  11.164  -48.509  75.769 0.0000000000
45628  16.204  -48.454  75.407 0.0000000000
45637  18.627  -47.935  74.334 0.0000000000
45641  15.517  -49.070  75.270 0.0000000000
45649  17.146  -48.548  74.665 0.0000000000
45667  19.001  -48.139  73.707 0.0000000000
45901  12.567  -49.256  62.362 0.0000000000
47000  12.300  -48.342  75.502 0.0000000000
47005  16.921  -47.890  75.431 0.0000000000
47006  16.607  -48.127  75.481 0.0000000000
47015  9.232  -46.971  75.117 0.0000000000
47016  8.874  -46.718  75.362 0.0000000000
47040  7.999  -47.241  74.252 0.0000000000
47159  12.614  -47.849  63.120 0.0000000000
47210  13.512  -49.188  60.815 0.0000000000
47231  13.462  -49.079  60.389 0.0000000000
47233  11.928  -48.004  59.919 0.0000000000
48214  16.771  -47.983  75.595 0.0000000000
48220  11.591  -47.312  75.400 0.0000000000
48255  7.835  -46.653  74.852 0.0000000000
48300  9.520  -47.135  68.477 0.0000000000
48349  11.773  -47.442  64.997 0.0000000000
49386  14.066  -47.515  75.008 0.0000000000
49387  13.054  -47.372  74.838 0.0000000000
49559  11.685  -45.544  61.580 0.0000000000
49592  8.708  -45.725  59.620 0.0000000000
50559  10.087  -45.440  77.017 0.0000000000
50576  19.440  -46.319  73.843 0.0000000000
50581  15.414  -46.763  74.969 0.0000000000
50619  20.486  -45.903  73.332 0.0000000000
50623  17.128  -45.934  74.008 0.0000000000
50732  11.827  -45.682  65.417 0.0000000000
50745  12.322  -45.499  64.394 0.0000000000
50770  9.229  -45.017  60.373 0.0000000000
51670  9.927  -44.081  76.395 0.0000000000
51685  10.129  -44.411  76.467 0.0000000000
51712  21.220  -45.760  73.045 0.0000000000
51740  23.550  -44.581  73.164 0.0000000000
51863  12.139  -45.084  64.408 0.0000000000
51902  8.486  -44.967  60.052 0.0000000000
52919  29.094  -43.558  73.779 0.0000000000
52933  11.129  -44.031  75.404 0.0000000000
52939  27.072  -43.838  73.769 0.0000000000
52982  18.144  -43.657  71.200 0.0000000000
53013  7.139  -42.968  69.403 0.0000000000
53147  8.534  -44.291  59.318 0.0000000000
55429  7.087  -41.708  73.186 0.0000000000
56582  7.251  -40.913  74.059 0.0000000000
57813  8.405  -39.204  70.920 0.0000000000
57827  8.431  -39.199  70.673 0.0000000000
57876  7.901  -39.238  65.296 0.0000000000
59077  8.343  -38.739  64.252 0.0000000000
60306  8.862  -38.218  65.067 0.0000000000
61543  8.483  -37.005  69.123 0.0000000000
61575  10.511  -36.442  66.859 0.0000000000
61576  8.440  -37.344  67.685 0.0000000000
61610  9.327  -37.843  65.140 0.0000000000
62749  11.993  -35.950  73.513 0.0000000000
62752  9.262  -36.003  72.792 0.0000000000
63877  11.210  -35.813  73.487 0.0000000000
63893  10.776  -35.381  72.892 0.0000000000
65068  10.962  -34.978  71.779 0.0000000000
65092  11.853  -34.054  70.360 0.0000000000
65125  10.219  -35.657  69.121 0.0000000000
