#!ascii label  , from subject FTD-FPD109 vox2ras=TkReg
920
92221  20.275  -9.197  4.184 0.2500000000
93304  20.244  -8.424  3.586 0.2500000000
92239  20.636  -9.186  2.968 0.7500000000
94251  18.721  -6.880  5.771 0.2500000000
94261  18.954  -7.090  5.205 0.1250000000
93267  19.406  -7.926  5.079 0.2500000000
93283  19.881  -8.199  4.417 0.2500000000
92251  21.065  -9.200  2.504 0.8750000000
93318  21.046  -8.480  2.325 0.8750000000
92250  21.507  -9.424  2.082 0.8750000000
94260  19.327  -7.290  4.565 0.3750000000
94272  19.756  -7.418  3.850 0.3750000000
94293  20.245  -7.417  3.168 0.8750000000
94305  22.104  -7.468  1.255 1.0000000000
94306  21.363  -7.469  1.902 1.0000000000
94292  20.734  -7.427  2.510 0.8750000000
93317  21.773  -8.414  1.692 1.0000000000
93303  20.491  -8.202  2.852 0.8750000000
93333  22.651  -8.581  0.744 1.0000000000
95217  18.475  -6.286  5.394 0.2500000000
95227  19.419  -6.479  4.125 0.7500000000
95247  19.962  -6.499  3.492 0.8750000000
95246  20.475  -6.485  2.828 0.8750000000
94316  22.367  -7.005  0.875 1.0000000000
95261  21.047  -6.496  2.198 1.0000000000
94333  23.196  -7.773  0.045 1.0000000000
94315  22.664  -7.541  0.575 1.0000000000
94304  22.425  -7.986  0.945 1.0000000000
95207  17.828  -6.117  5.806 0.1250000000
95216  18.896  -6.410  4.748 0.6250000000
96201  20.229  -5.553  3.188 1.0000000000
96173  19.735  -5.594  3.834 0.8750000000
95288  23.268  -6.656  0.099 1.0000000000
95272  22.548  -6.534  0.587 1.0000000000
95260  21.629  -6.527  1.576 1.0000000000
96217  21.852  -5.677  1.232 1.0000000000
95287  24.207  -6.639  -0.340 1.0000000000
94330  25.439  -7.150  -0.917 1.0000000000
94332  23.842  -7.667  -0.266 1.0000000000
99157  17.256  -3.005  6.719 0.2500000000
96145  17.918  -5.496  5.571 0.3750000000
96154  18.478  -5.549  4.967 0.5000000000
97196  20.016  -4.853  3.548 1.0000000000
97212  21.641  -4.733  1.448 1.0000000000
96200  20.727  -5.502  2.485 1.0000000000
96240  23.735  -5.656  -0.208 1.0000000000
96241  23.210  -5.809  0.014 1.0000000000
97227  22.232  -4.916  0.798 1.0000000000
96239  24.628  -5.711  -0.537 1.0000000000
95285  25.530  -6.508  -0.958 1.0000000000
96238  25.591  -5.767  -0.877 1.0000000000
96257  26.167  -5.822  -1.191 1.0000000000
99156  17.978  -3.074  5.802 0.5000000000
98140  17.405  -3.879  6.283 0.3750000000
97128  17.563  -4.682  5.864 0.5000000000
98159  18.436  -3.828  5.177 0.5000000000
97167  20.042  -4.158  3.610 0.8750000000
98173  20.274  -3.478  3.397 1.0000000000
98226  22.045  -4.101  1.212 1.0000000000
97195  20.478  -4.367  2.962 1.0000000000
98241  24.014  -4.168  -0.032 1.0000000000
97226  22.923  -4.681  0.314 1.0000000000
97241  26.020  -4.827  -0.568 1.0000000000
97242  25.108  -4.869  -0.486 1.0000000000
96256  26.759  -5.647  -1.417 0.8750000000
100175  17.836  -2.079  6.355 0.5000000000
99176  18.746  -2.806  5.026 0.6250000000
99175  19.491  -2.646  4.379 0.6250000000
99192  20.200  -2.525  3.610 1.0000000000
98158  19.130  -3.667  4.565 0.7500000000
98196  20.567  -3.359  2.969 1.0000000000
98222  25.043  -3.342  0.188 1.0000000000
99236  23.683  -2.861  0.461 1.0000000000
99237  23.013  -3.011  0.666 1.0000000000
98209  22.158  -3.417  1.280 1.0000000000
98240  24.689  -4.115  -0.125 1.0000000000
98224  23.430  -3.810  0.341 1.0000000000
98238  26.482  -4.001  -0.289 0.8750000000
98239  25.554  -4.076  -0.174 1.0000000000
97240  26.963  -4.682  -1.019 0.8750000000
100199  18.433  -1.921  5.534 0.5000000000
100214  19.868  -1.633  4.206 0.8750000000
100251  21.757  -1.438  1.901 1.0000000000
100252  21.117  -1.795  2.450 1.0000000000
99235  24.457  -2.674  0.441 1.0000000000
100264  23.874  -2.046  0.643 1.0000000000
99224  21.999  -2.654  1.567 1.0000000000
99222  25.932  -2.061  1.202 1.0000000000
99244  27.937  -2.890  -1.107 1.0000000000
98221  25.990  -3.358  0.331 1.0000000000
99233  26.555  -2.592  0.942 1.0000000000
98220  26.889  -3.306  0.176 1.0000000000
100198  19.172  -1.780  4.875 0.8750000000
102260  22.865  0.350  1.714 1.0000000000
100229  21.182  -1.068  2.493 1.0000000000
101275  25.371  -0.520  1.858 1.0000000000
101276  24.399  -0.550  1.562 1.0000000000
100260  28.286  -1.248  0.704 1.0000000000
100246  26.311  -1.464  1.586 1.0000000000
100247  25.137  -1.507  1.279 1.0000000000
99231  28.360  -1.819  -0.087 1.0000000000
99243  28.353  -2.102  -0.784 0.8750000000
104125  21.117  2.623  4.087 1.0000000000
104106  19.910  2.286  4.985 0.3750000000
104124  21.747  2.822  3.675 0.8750000000
103236  22.497  1.451  2.566 1.0000000000
101274  26.456  -0.189  2.163 1.0000000000
102258  24.564  0.390  2.014 1.0000000000
105020  22.014  3.672  4.018 0.8750000000
105019  22.943  3.484  3.378 1.0000000000
104123  22.288  2.988  3.368 1.0000000000
104145  22.140  2.164  3.226 1.0000000000
105036  23.732  3.042  3.031 1.0000000000
103235  23.214  1.658  2.412 1.0000000000
102256  26.111  0.539  2.226 1.0000000000
102244  25.669  1.079  2.314 1.0000000000
101258  26.857  0.423  2.217 1.0000000000
105892  22.137  4.107  4.226 0.7500000000
104139  27.538  2.658  2.727 1.0000000000
104141  25.297  2.612  2.759 1.0000000000
103232  25.983  1.803  2.507 1.0000000000
105018  23.891  3.756  3.354 1.0000000000
105035  24.568  3.228  3.106 1.0000000000
110327  22.769  10.471  4.763 0.1250000000
111232  22.375  10.927  4.542 0.1250000000
111230  23.371  10.400  4.396 0.2500000000
111231  22.806  10.585  4.352 0.1250000000
110337  24.397  10.548  3.749 0.3750000000
112227  22.816  11.699  3.497 0.2500000000
111241  24.491  11.071  3.220 0.5000000000
112225  24.428  11.571  3.005 0.2500000000
111254  24.690  11.495  1.860 0.3750000000
113195  23.352  12.456  3.091 0.2500000000
112226  23.831  11.689  3.190 0.2500000000
113210  24.000  12.787  2.260 0.2500000000
112251  24.556  11.992  1.581 0.2500000000
112263  24.582  11.807  0.578 0.3750000000
112275  24.555  11.570  -0.585 0.3750000000
92208  20.090  -8.936  4.952 0.1250000000
93268  19.016  -7.587  5.547 0.1250000000
94331  24.716  -7.601  -0.629 1.0000000000
100231  20.328  -1.511  3.533 0.8750000000
100248  24.125  -1.336  1.084 1.0000000000
91208  20.315  -9.954  4.961 0.1250000000
92238  21.059  -9.721  2.632 0.6250000000
91261  21.957  -10.399  1.703 0.7500000000
93255  18.963  -7.498  5.977 0.1250000000
91260  22.629  -10.418  1.048 1.0000000000
93254  19.435  -8.209  5.581 0.1250000000
93332  23.043  -8.973  0.288 1.0000000000
93350  24.280  -8.634  -0.530 1.0000000000
94351  25.317  -7.934  -0.884 1.0000000000
95208  17.633  -5.621  6.535 0.3750000000
98124  16.675  -3.838  7.042 0.2500000000
97129  17.108  -4.546  6.494 0.2500000000
96255  27.519  -5.592  -1.771 0.8750000000
98266  28.059  -3.696  -2.116 0.8750000000
97259  27.299  -5.144  -1.452 0.8750000000
99251  27.980  -2.986  -2.063 0.8750000000
103161  19.112  1.805  6.188 0.1250000000
103173  19.423  1.424  5.522 0.1250000000
101205  17.798  -1.537  6.812 0.3750000000
101227  19.486  -0.644  4.641 0.6250000000
100261  27.209  -1.873  1.132 1.0000000000
104105  20.509  2.955  4.698 0.5000000000
105021  21.546  3.243  4.044 0.8750000000
103193  20.363  2.057  4.346 0.3750000000
103219  20.280  1.365  4.210 0.8750000000
101273  27.561  0.055  2.063 1.0000000000
102254  28.279  0.740  1.128 1.0000000000
102255  27.874  0.756  1.740 1.0000000000
103231  27.091  1.704  2.505 1.0000000000
106760  23.833  5.129  3.940 0.8750000000
106759  24.809  5.309  3.672 1.0000000000
105034  25.571  3.715  3.104 1.0000000000
104140  26.398  2.668  2.804 1.0000000000
110300  22.711  9.937  6.292 0.1250000000
110311  23.305  9.369  5.419 0.1250000000
109442  24.583  8.666  4.581 0.6250000000
110325  24.275  10.004  4.484 0.6250000000
110344  25.590  10.374  2.294 0.5000000000
111243  22.359  10.993  3.891 0.2500000000
111265  25.200  10.656  0.984 0.5000000000
113212  22.663  13.344  3.060 0.2500000000
113211  23.030  13.205  2.747 0.2500000000
111266  24.774  11.280  1.215 0.5000000000
111281  24.682  10.898  0.229 0.5000000000
114153  24.319  13.558  1.544 0.1250000000
113222  24.449  12.689  1.090 0.2500000000
113247  24.637  12.563  -0.783 0.2500000000
113256  25.201  12.815  -1.404 0.2500000000
114164  24.523  13.405  0.544 0.1250000000
91253  20.524  -9.710  3.378 0.5000000000
92249  22.279  -9.307  1.328 1.0000000000
93351  23.481  -8.677  -0.138 1.0000000000
96153  19.142  -5.555  4.429 0.8750000000
96218  21.312  -5.576  1.830 1.0000000000
96230  22.270  -5.852  0.766 1.0000000000
95286  25.011  -6.560  -0.707 1.0000000000
97147  18.148  -4.722  5.313 0.5000000000
97146  18.790  -4.655  4.742 0.8750000000
97213  21.078  -4.545  2.118 1.0000000000
96228  23.206  -5.291  0.032 1.0000000000
97225  23.570  -4.722  -0.021 1.0000000000
97243  24.256  -4.842  -0.331 1.0000000000
96237  26.309  -5.366  -0.985 1.0000000000
98211  20.958  -3.496  2.461 1.0000000000
99209  20.678  -2.507  2.835 1.0000000000
98225  22.604  -3.820  0.793 1.0000000000
98210  21.571  -3.636  1.717 1.0000000000
97239  27.493  -4.149  -1.221 0.8750000000
96254  28.027  -5.331  -1.949 0.8750000000
99210  20.449  -1.982  3.204 1.0000000000
99225  21.358  -2.583  2.168 1.0000000000
98223  24.210  -3.474  0.182 1.0000000000
99223  22.524  -2.893  1.063 1.0000000000
100265  23.191  -2.294  0.775 1.0000000000
98237  27.351  -3.625  -0.666 0.8750000000
101278  22.592  -0.775  1.495 1.0000000000
100230  20.678  -1.425  2.917 1.0000000000
100249  23.296  -1.479  1.060 1.0000000000
100250  22.582  -1.995  1.227 1.0000000000
100263  24.594  -1.976  0.764 1.0000000000
100262  26.610  -1.996  1.215 1.0000000000
99232  27.725  -2.522  0.115 1.0000000000
101228  18.795  -1.074  5.240 0.6250000000
101244  20.168  -0.712  3.903 0.7500000000
101262  20.482  -0.827  3.323 1.0000000000
101260  21.461  -0.348  2.259 1.0000000000
102247  22.026  0.536  2.116 1.0000000000
101279  21.976  -0.385  1.808 1.0000000000
102246  22.557  0.885  2.103 1.0000000000
103247  23.977  0.795  1.937 1.0000000000
102259  23.781  0.242  1.751 1.0000000000
100245  27.466  -1.035  1.818 1.0000000000
101277  23.499  -0.569  1.396 1.0000000000
103217  21.479  1.939  3.523 1.0000000000
102248  21.270  0.520  2.706 1.0000000000
103249  22.899  1.106  2.109 1.0000000000
103238  21.196  1.175  3.244 1.0000000000
103237  21.775  1.309  2.907 1.0000000000
102245  24.965  1.011  2.257 1.0000000000
105890  23.370  4.360  3.742 0.8750000000
104144  22.820  2.462  2.926 1.0000000000
103233  25.049  1.750  2.432 1.0000000000
103234  24.128  1.445  2.273 1.0000000000
104143  23.557  2.364  2.673 1.0000000000
102243  26.486  0.984  2.262 1.0000000000
105017  24.698  3.927  3.303 1.0000000000
104142  24.363  2.440  2.674 1.0000000000
105888  25.054  4.426  3.342 1.0000000000
110312  23.038  10.260  5.389 0.1250000000
110326  23.339  10.104  4.918 0.1250000000
109429  22.942  8.983  5.916 0.1250000000
112228  22.129  11.683  4.027 0.2500000000
111242  23.435  10.804  3.780 0.2500000000
111253  24.973  10.949  2.195 0.5000000000
110336  25.438  10.180  3.367 0.7500000000
113233  24.565  12.552  0.066 0.2500000000
91239  20.425  -9.957  3.802 0.2500000000
91207  20.673  -10.107  5.167 0.1250000000
91226  20.321  -10.251  4.476 0.1250000000
91252  20.714  -10.345  3.164 0.6250000000
92266  22.871  -9.572  0.649 1.0000000000
101203  18.974  -0.337  5.345 0.6250000000
101243  20.428  -0.164  3.464 0.8750000000
102228  20.154  0.471  4.118 0.7500000000
102227  20.725  0.545  3.318 0.8750000000
103194  19.968  1.348  4.712 0.7500000000
102204  19.505  0.437  5.031 0.8750000000
106772  26.254  5.179  3.318 1.0000000000
105903  27.640  4.479  2.705 1.0000000000
109428  23.327  8.523  5.474 0.3750000000
110324  25.117  9.224  4.186 0.7500000000
109443  23.814  8.840  5.051 0.5000000000
112291  24.803  11.912  -1.606 0.2500000000
111315  24.393  10.987  -1.596 0.3750000000
88398  23.301  -13.626  1.121 0.7500000000
88406  25.601  -13.070  -0.463 0.7500000000
89400  22.880  -12.380  1.353 0.7500000000
88407  24.801  -12.935  -0.351 0.7500000000
88397  24.227  -13.397  0.248 0.7500000000
89399  23.583  -12.283  0.479 0.7500000000
89409  25.192  -12.230  -0.644 0.7500000000
89410  24.541  -12.214  -0.367 0.7500000000
90316  21.776  -11.373  2.162 0.7500000000
91251  21.340  -10.449  2.412 0.6250000000
90328  23.557  -11.232  0.312 0.7500000000
90329  23.057  -11.360  0.835 0.8750000000
90315  22.434  -11.369  1.510 0.8750000000
90342  24.816  -11.414  -0.508 0.7500000000
91274  23.226  -10.463  0.478 0.8750000000
91286  25.687  -10.435  -0.845 0.7500000000
91287  25.113  -10.573  -0.641 0.7500000000
91288  24.458  -10.546  -0.356 0.8750000000
92265  23.415  -9.643  0.156 0.8750000000
92308  25.725  -9.489  -0.970 0.7500000000
92287  24.874  -9.584  -0.665 0.8750000000
93370  27.189  -8.501  -1.813 0.8750000000
93372  25.561  -8.568  -1.007 0.8750000000
93371  26.248  -8.547  -1.399 0.8750000000
94350  25.897  -7.720  -1.193 0.8750000000
95315  29.735  -6.544  -2.215 0.3750000000
94368  28.320  -7.236  -2.317 0.6250000000
94369  27.688  -7.213  -2.150 0.7500000000
94370  27.274  -7.142  -1.946 0.7500000000
96272  31.357  -5.285  -2.263 0.5000000000
95316  28.791  -6.465  -2.446 0.5000000000
96274  29.344  -5.535  -2.512 0.7500000000
96276  27.875  -5.805  -2.091 0.7500000000
97292  32.464  -4.183  -3.244 0.1250000000
96290  31.095  -4.662  -2.869 0.3750000000
96292  29.899  -5.048  -2.648 0.6250000000
97277  29.521  -4.869  -2.532 0.6250000000
97278  28.896  -4.535  -2.319 0.6250000000
98295  33.980  -3.427  -4.515 0.1250000000
98279  32.781  -3.796  -3.780 0.1250000000
97315  31.308  -3.650  -3.569 0.1250000000
99293  31.919  -3.068  -4.857 0.1250000000
98282  29.687  -3.657  -2.711 0.6250000000
99272  29.905  -3.119  -2.827 0.6250000000
99262  28.322  -3.263  -2.361 0.7500000000
98307  33.247  -2.980  -5.044 0.1250000000
100313  32.811  -2.352  -5.111 0.1250000000
99270  31.505  -2.645  -3.871 0.1250000000
99260  30.150  -2.475  -2.679 0.5000000000
99261  28.945  -2.810  -2.460 0.6250000000
99250  28.430  -2.398  -1.679 0.7500000000
98315  34.538  -2.740  -6.297 0.1250000000
100300  31.044  -2.341  -3.101 0.5000000000
100289  30.834  -1.757  -2.623 0.5000000000
100290  29.530  -1.632  -1.993 0.6250000000
100281  28.822  -1.724  -1.394 0.7500000000
105875  22.347  4.673  4.428 0.6250000000
106747  22.451  5.320  4.725 0.5000000000
106761  23.024  4.988  4.272 0.7500000000
101311  30.254  -0.600  -2.051 0.6250000000
100274  28.987  -0.801  -0.852 0.6250000000
101312  29.218  -0.314  -1.636 0.6250000000
101313  28.528  0.121  -1.399 0.6250000000
101296  28.640  -0.213  -0.126 0.7500000000
107648  23.529  5.695  4.444 0.7500000000
103246  27.763  1.288  2.119 0.8750000000
103230  28.112  1.914  2.342 0.8750000000
103255  28.544  1.508  0.793 0.8750000000
104153  28.723  2.326  1.551 0.8750000000
104138  28.353  2.717  2.353 0.8750000000
102293  30.814  0.347  -2.289 0.3750000000
102294  29.770  0.559  -1.998 0.5000000000
102295  28.662  0.941  -1.693 0.5000000000
102275  28.128  0.760  -0.665 0.6250000000
103277  30.474  1.374  -2.311 0.2500000000
102283  28.047  0.633  -1.357 0.5000000000
107635  23.937  6.607  4.745 0.6250000000
108526  24.700  6.964  4.483 0.7500000000
107647  24.312  5.979  4.214 0.7500000000
105033  26.977  3.576  2.945 0.8750000000
105902  28.545  4.327  1.798 0.7500000000
105031  28.638  3.259  1.912 0.8750000000
102276  27.804  1.211  -1.248 0.6250000000
103261  28.386  1.580  -0.167 0.7500000000
103278  29.435  1.656  -2.152 0.3750000000
102296  28.287  1.582  -1.727 0.5000000000
104168  28.264  2.542  -0.567 0.7500000000
107646  25.251  6.352  4.043 0.8750000000
106758  25.841  5.710  3.741 0.8750000000
106771  27.226  5.370  3.080 0.8750000000
107644  26.953  6.577  3.410 0.7500000000
105919  28.790  4.636  -0.252 0.7500000000
104169  27.782  2.597  -1.293 0.5000000000
104198  28.862  3.149  -3.520 0.2500000000
104187  28.182  2.887  -2.712 0.5000000000
103280  28.122  2.084  -1.829 0.5000000000
104185  30.201  2.334  -2.672 0.2500000000
108516  24.216  7.714  4.753 0.5000000000
109441  25.187  8.397  4.262 0.6250000000
108524  26.274  7.838  3.654 0.7500000000
108533  26.933  7.622  3.039 0.7500000000
108532  27.405  7.483  2.477 0.7500000000
108536  28.218  7.387  1.129 0.7500000000
107660  28.059  6.885  2.140 0.7500000000
108538  27.221  8.027  2.218 0.7500000000
107659  28.428  6.675  1.508 0.7500000000
106784  28.932  5.426  0.093 0.7500000000
107663  28.725  6.358  0.422 0.7500000000
105929  27.933  4.072  -1.508 0.5000000000
105937  28.008  4.717  -1.569 0.3750000000
106804  28.314  5.330  -1.311 0.6250000000
104199  28.293  3.511  -3.571 0.2500000000
105068  27.651  3.598  -2.481 0.3750000000
105946  27.443  4.469  -2.939 0.3750000000
109452  25.812  8.721  3.765 0.6250000000
109458  26.818  8.702  2.508 0.7500000000
109461  27.535  8.111  1.021 0.7500000000
108546  27.678  7.611  -0.491 0.7500000000
107674  28.284  6.827  -0.687 0.6250000000
106812  27.557  5.351  -2.579 0.3750000000
107698  27.657  6.338  -2.211 0.3750000000
105083  28.690  3.601  -4.249 0.1250000000
105961  28.479  4.412  -4.872 0.1250000000
105953  27.657  4.552  -3.764 0.2500000000
110335  26.278  9.248  3.039 0.6250000000
110351  26.309  9.558  0.686 0.7500000000
109462  27.087  8.704  1.324 0.6250000000
108547  26.976  8.305  -0.724 0.7500000000
108560  27.373  7.357  -1.703 0.3750000000
108545  28.429  6.902  -0.195 0.7500000000
106820  27.487  5.344  -3.364 0.2500000000
107705  27.447  6.242  -2.971 0.3750000000
107689  28.144  6.403  -1.315 0.6250000000
105981  28.683  4.358  -6.777 0.1250000000
105975  28.603  4.649  -5.550 0.1250000000
105092  28.626  3.944  -5.054 0.1250000000
110343  26.263  9.808  1.978 0.6250000000
109466  26.687  8.924  0.150 0.3750000000
108561  26.837  8.238  -1.263 0.3750000000
108595  27.301  7.417  -4.155 0.2500000000
107729  28.417  6.282  -6.060 0.1250000000
107710  27.565  6.260  -3.751 0.3750000000
105990  28.440  4.083  -8.397 0.1250000000
106838  28.386  5.687  -5.469 0.1250000000
111297  24.636  10.448  -0.787 0.3750000000
111252  25.531  10.360  1.649 0.3750000000
111279  25.797  9.841  0.291 0.3750000000
110385  25.478  9.568  -1.617 0.3750000000
110359  25.942  9.550  -0.238 0.3750000000
109515  26.268  9.278  -3.756 0.3750000000
109497  25.982  9.246  -2.704 0.3750000000
109477  26.109  9.061  -1.672 0.3750000000
108596  26.796  8.501  -4.107 0.3750000000
108590  26.664  8.079  -3.266 0.3750000000
108578  26.614  8.169  -2.192 0.3750000000
108630  29.204  7.405  -7.274 0.1250000000
108606  27.776  7.476  -5.328 0.1250000000
106852  29.096  5.434  -7.903 0.1250000000
110387  24.607  10.529  -2.326 0.2500000000
110414  25.562  9.906  -3.440 0.2500000000
109498  25.401  9.740  -2.514 0.3750000000
110371  25.055  9.860  -1.220 0.3750000000
109528  26.733  9.366  -4.675 0.1250000000
109478  25.565  9.497  -2.102 0.3750000000
110464  29.038  9.285  -6.930 0.1250000000
109527  27.153  8.349  -4.752 0.1250000000
110372  24.693  10.319  -1.615 0.3750000000
110415  25.176  10.670  -3.769 0.2500000000
111372  26.697  10.684  -5.165 0.1250000000
111357  26.223  11.155  -4.768 0.1250000000
111356  27.103  11.135  -5.034 0.1250000000
109570  29.335  8.539  -7.212 0.1250000000
111383  27.948  10.465  -6.081 0.1250000000
111324  27.367  10.940  -4.031 0.1250000000
111370  28.503  11.023  -5.802 0.1250000000
111355  28.140  10.803  -5.001 0.1250000000
111381  29.624  11.054  -6.882 0.1250000000
111400  30.077  10.324  -7.247 0.1250000000
92288  24.030  -9.616  -0.290 0.8750000000
93391  27.891  -7.915  -2.133 0.6250000000
102268  28.442  0.696  0.290 0.8750000000
103262  27.918  1.723  -0.920 0.5000000000
103279  28.580  1.978  -2.062 0.3750000000
107645  26.388  6.807  3.766 0.8750000000
106757  26.786  5.993  3.532 0.8750000000
107654  28.127  6.472  2.248 0.7500000000
106776  28.781  5.501  1.172 0.7500000000
105062  27.654  3.458  -1.733 0.5000000000
105061  28.033  3.441  -1.026 0.7500000000
104176  27.649  2.694  -1.987 0.5000000000
108617  28.036  8.280  -5.958 0.1250000000
110431  25.949  10.355  -4.423 0.2500000000
111371  27.563  10.760  -5.476 0.1250000000
111382  28.814  10.764  -6.481 0.1250000000
98281  30.412  -3.583  -3.055 0.5000000000
97296  29.412  -4.031  -2.541 0.6250000000
97279  28.329  -4.103  -2.161 0.7500000000
100288  31.936  -1.372  -2.727 0.3750000000
103276  31.444  1.177  -2.557 0.2500000000
104159  28.717  2.463  0.386 0.7500000000
109541  27.412  9.024  -5.470 0.1250000000
104183  31.732  1.738  -2.759 0.1250000000
87306  23.923  -14.696  0.993 0.7500000000
87307  23.424  -14.454  1.332 0.7500000000
88386  22.434  -13.415  2.077 0.7500000000
88396  25.191  -13.739  0.041 0.7500000000
89389  22.250  -12.273  2.059 0.7500000000
89408  26.050  -12.309  -0.770 0.6250000000
90341  25.599  -11.351  -0.825 0.7500000000
90348  26.109  -10.879  -1.054 0.6250000000
92307  26.621  -9.411  -1.392 0.6250000000
93369  28.293  -8.794  -1.806 0.5000000000
94347  29.639  -7.689  -1.529 0.3750000000
93390  28.637  -7.947  -2.200 0.5000000000
95313  31.227  -6.035  -1.717 0.1250000000
97275  33.028  -4.603  -2.616 0.1250000000
98278  33.574  -3.712  -3.873 0.1250000000
97312  34.997  -3.682  -4.941 0.1250000000
98323  34.977  -2.657  -7.095 0.1250000000
99299  34.496  -2.361  -6.866 0.1250000000
99309  34.284  -2.102  -7.003 0.1250000000
106762  22.576  4.794  4.381 0.3750000000
100312  33.384  -1.752  -5.495 0.1250000000
100287  32.517  -1.008  -2.801 0.1250000000
101309  32.181  -0.515  -2.567 0.2500000000
102292  31.728  0.260  -2.508 0.2500000000
107637  22.668  6.135  5.214 0.5000000000
104196  31.009  2.597  -3.472 0.1250000000
104184  31.212  2.021  -2.660 0.2500000000
104210  29.810  3.190  -4.819 0.1250000000
105091  29.147  3.513  -4.997 0.1250000000
104226  29.108  3.364  -6.293 0.1250000000
108517  23.547  7.499  5.229 0.3750000000
105121  29.271  3.207  -8.002 0.1250000000
106861  29.663  4.853  -9.233 0.1250000000
105125  29.172  3.527  -8.918 0.1250000000
108629  29.753  6.963  -8.151 0.1250000000
109580  30.967  8.153  -8.662 0.1250000000
113183  22.493  12.635  4.343 0.1250000000
111327  25.079  11.579  -2.755 0.2500000000
111326  25.940  11.517  -3.109 0.1250000000
111312  26.852  11.162  -2.063 0.1250000000
110413  27.961  10.648  -4.252 0.1250000000
110462  30.509  9.310  -7.684 0.1250000000
111369  29.714  11.328  -6.055 0.1250000000
95304  26.122  -6.570  -1.312 0.7500000000
100275  28.824  -1.231  -0.496 0.7500000000
105007  21.273  3.726  4.421 0.3750000000
93373  24.976  -8.580  -0.790 0.8750000000
95303  27.152  -6.478  -1.836 0.7500000000
98265  28.571  -3.658  -2.386 0.6250000000
101287  28.432  -0.068  0.872 0.8750000000
105905  25.750  4.564  3.201 0.8750000000
105904  26.551  4.476  3.049 0.8750000000
105032  28.046  3.514  2.541 0.8750000000
112303  25.005  11.814  -2.199 0.1250000000
111328  24.566  11.245  -2.460 0.2500000000
88387  22.037  -12.867  2.444 0.7500000000
89411  24.142  -12.433  -0.037 0.7500000000
90343  24.107  -11.524  -0.111 0.7500000000
90308  21.147  -11.392  2.849 0.6250000000
91273  23.812  -10.510  0.030 0.8750000000
92286  25.344  -10.030  -0.722 0.7500000000
91299  26.295  -10.203  -1.088 0.7500000000
92309  25.255  -9.072  -0.884 0.8750000000
94349  26.718  -7.520  -1.686 0.7500000000
95301  30.273  -6.825  -1.603 0.2500000000
94367  29.090  -7.336  -2.304 0.5000000000
95317  27.896  -6.464  -2.217 0.7500000000
96273  30.239  -5.582  -2.446 0.5000000000
97276  32.186  -4.673  -2.622 0.2500000000
97313  32.003  -4.015  -3.604 0.2500000000
97294  30.921  -4.100  -3.199 0.3750000000
97295  29.908  -4.337  -2.732 0.6250000000
98306  34.371  -3.060  -5.412 0.1250000000
98305  35.040  -3.104  -5.957 0.1250000000
98297  32.124  -3.647  -4.132 0.1250000000
99285  31.317  -3.132  -3.855 0.5000000000
99284  31.683  -2.853  -4.378 0.1250000000
99292  32.367  -2.737  -4.971 0.1250000000
99271  30.945  -2.846  -3.386 0.5000000000
99300  33.922  -2.249  -6.250 0.1250000000
100306  32.392  -2.247  -4.498 0.1250000000
100299  31.639  -2.182  -3.483 0.1250000000
100280  29.188  -1.045  -1.189 0.6250000000
101303  28.372  -0.008  -0.933 0.6250000000
105052  28.668  3.608  -0.143 0.7500000000
108525  25.525  7.550  4.151 0.6250000000
106770  28.189  5.640  2.310 0.7500000000
105928  28.355  4.426  -0.963 0.6250000000
106795  28.654  5.294  -0.711 0.7500000000
105082  29.244  3.282  -4.256 0.1250000000
104186  29.154  2.546  -2.737 0.2500000000
104197  29.836  2.863  -3.711 0.1250000000
109451  26.463  8.443  3.226 0.7500000000
108542  27.874  7.766  0.698 0.7500000000
107688  28.528  5.812  -1.042 0.6250000000
106805  27.880  5.412  -1.870 0.3750000000
105076  27.782  3.793  -3.298 0.1250000000
109469  27.003  8.414  -0.310 0.3750000000
106826  27.801  5.343  -4.135 0.3750000000
105084  28.148  4.009  -4.153 0.1250000000
106839  28.282  5.199  -4.813 0.1250000000
108589  27.230  7.033  -3.335 0.3750000000
107722  27.929  6.259  -4.698 0.2500000000
106846  28.574  5.313  -6.380 0.1250000000
106857  28.704  4.637  -8.177 0.1250000000
105115  28.817  3.614  -7.313 0.1250000000
111280  25.218  10.091  -0.007 0.3750000000
107737  28.692  6.137  -7.060 0.1250000000
108605  28.223  6.877  -5.757 0.1250000000
110360  25.330  9.746  -0.655 0.3750000000
107736  29.336  6.335  -7.764 0.1250000000
108616  28.433  7.276  -6.278 0.1250000000
109555  28.620  8.528  -6.620 0.1250000000
107743  29.664  5.911  -8.607 0.1250000000
110416  24.762  11.012  -3.561 0.2500000000
110432  25.493  10.708  -4.214 0.2500000000
109542  26.938  9.673  -5.234 0.1250000000
110448  28.434  9.761  -6.507 0.1250000000
109556  28.037  9.087  -6.106 0.1250000000
111401  29.249  10.137  -6.905 0.1250000000
111341  25.202  11.309  -3.647 0.1250000000
111340  26.033  11.402  -4.054 0.1250000000
111339  26.808  11.220  -4.392 0.1250000000
110449  27.728  9.728  -6.022 0.1250000000
110398  27.247  10.760  -2.804 0.1250000000
111325  26.862  11.131  -3.437 0.1250000000
87305  24.830  -14.607  0.495 0.7500000000
87292  23.495  -14.834  1.427 0.7500000000
89390  21.643  -12.299  2.621 0.5000000000
91298  26.962  -10.158  -1.317 0.6250000000
92306  27.469  -9.490  -1.540 0.5000000000
100305  33.215  -1.268  -4.507 0.1250000000
101341  33.986  -0.965  -5.959 0.1250000000
100298  32.715  -1.326  -3.507 0.1250000000
108639  30.408  7.088  -9.096 0.1250000000
109569  30.110  8.132  -8.002 0.1250000000
87293  22.995  -14.665  1.837 0.7500000000
88384  21.714  -13.480  2.898 0.5000000000
86225  24.634  -15.595  0.920 0.6250000000
86224  25.427  -15.536  0.656 0.6250000000
87303  26.632  -14.661  0.416 0.3750000000
87304  25.731  -14.642  0.400 0.6250000000
88393  27.743  -13.491  0.359 0.2500000000
88394  26.903  -13.770  0.190 0.3750000000
107636  23.195  6.165  4.980 0.3750000000
107624  22.928  6.986  5.489 0.2500000000
89407  27.113  -12.349  -0.573 0.5000000000
90340  26.468  -11.526  -1.007 0.5000000000
90346  27.164  -10.658  -1.265 0.3750000000
86222  27.319  -15.621  0.506 0.5000000000
85237  24.951  -16.687  1.222 0.6250000000
87285  21.808  -14.720  3.003 0.3750000000
85251  25.214  -16.116  0.880 0.6250000000
86226  24.095  -15.452  1.195 0.6250000000
86214  23.085  -15.732  2.061 0.6250000000
85248  28.047  -16.600  0.373 0.3750000000
86223  26.333  -15.619  0.559 0.5000000000
86221  28.333  -15.592  0.495 0.3750000000
89398  27.489  -12.829  -0.047 0.2500000000
87302  27.560  -14.600  0.493 0.2500000000
90339  27.382  -11.251  -0.979 0.3750000000
91285  28.054  -10.766  -0.845 0.2500000000
92305  28.180  -9.646  -1.356 0.2500000000
93348  29.172  -8.815  -1.169 0.2500000000
97120  16.615  -4.476  7.150 0.1250000000
100176  17.266  -2.155  7.229 0.2500000000
94346  30.586  -7.291  -1.022 0.2500000000
102180  18.865  0.362  5.736 0.3750000000
101204  18.261  -0.831  6.141 0.2500000000
98114  16.221  -3.714  8.029 0.1250000000
96135  17.168  -5.018  6.793 0.2500000000
91238  20.352  -10.785  3.888 0.2500000000
87284  22.202  -14.261  2.473 0.5000000000
88383  22.106  -13.729  2.485 0.5000000000
88395  26.067  -13.809  0.056 0.5000000000
88405  26.471  -13.107  -0.363 0.5000000000
94329  29.673  -8.294  -0.893 0.2500000000
90309  20.678  -11.426  3.542 0.2500000000
86213  23.620  -15.546  1.532 0.6250000000
89385  21.115  -12.330  3.416 0.3750000000
91297  27.643  -10.328  -1.233 0.2500000000
88404  27.131  -13.117  -0.112 0.3750000000
86212  24.228  -16.005  1.306 0.6250000000
85249  27.046  -16.619  0.550 0.3750000000
85250  25.919  -16.638  0.797 0.5000000000
89406  27.671  -11.856  -0.499 0.2500000000
91296  28.284  -10.208  -0.983 0.2500000000
96124  17.248  -4.943  7.364 0.1250000000
85226  23.725  -17.242  2.165 0.5000000000
84301  26.075  -17.709  0.981 0.3750000000
85236  25.591  -17.174  1.102 0.5000000000
85238  23.944  -16.742  1.725 0.5000000000
84270  23.715  -17.737  2.462 0.3750000000
85227  23.242  -16.721  2.534 0.5000000000
85239  23.405  -16.211  1.904 0.5000000000
83282  23.013  -18.381  3.628 0.1250000000
84271  23.404  -17.736  2.872 0.3750000000
86184  21.997  -15.641  3.181 0.2500000000
81165  23.662  -20.395  2.902 0.1250000000
83301  23.302  -18.399  3.121 0.2500000000
83317  24.088  -18.661  2.301 0.3750000000
84300  26.850  -17.581  0.657 0.2500000000
83315  25.201  -18.314  1.499 0.3750000000
84286  24.702  -17.611  1.593 0.5000000000
82226  22.928  -19.408  3.683 0.1250000000
83300  23.609  -18.373  2.719 0.3750000000
83316  24.671  -18.485  1.798 0.3750000000
84234  22.626  -17.431  3.880 0.1250000000
85194  22.262  -16.377  4.193 0.1250000000
102291  32.473  0.309  -2.798 0.1250000000
86203  22.379  -15.450  2.650 0.3750000000
86204  21.903  -15.301  3.047 0.2500000000
84299  27.793  -17.607  0.243 0.2500000000
84287  24.126  -17.746  2.007 0.5000000000
84285  25.414  -17.684  1.306 0.3750000000
84251  23.058  -17.471  3.326 0.2500000000
85211  22.394  -16.323  3.387 0.1250000000
82243  23.212  -19.055  3.296 0.1250000000
83264  22.752  -18.461  4.133 0.1250000000
85212  21.943  -15.771  3.439 0.1250000000
82225  23.265  -19.716  3.199 0.1250000000
83336  25.902  -18.653  1.157 0.2500000000
82265  24.187  -19.564  2.313 0.2500000000
82263  25.300  -19.138  1.500 0.2500000000
89386  20.702  -12.034  3.863 0.2500000000
83335  26.731  -18.528  0.695 0.2500000000
81188  24.023  -20.066  2.508 0.1250000000
82242  23.622  -19.290  2.779 0.1250000000
82264  24.681  -19.417  1.883 0.2500000000
89373  20.769  -12.283  4.279 0.1250000000
105865  21.146  4.332  4.914 0.1250000000
105877  21.416  4.166  4.560 0.1250000000
106748  21.908  5.037  4.911 0.1250000000
105864  21.508  4.844  5.223 0.1250000000
105857  21.513  5.073  5.817 0.1250000000
106732  21.445  5.604  6.487 0.1250000000
106737  21.915  5.566  5.486 0.1250000000
108504  23.113  7.940  5.696 0.1250000000
107626  21.853  6.319  6.175 0.1250000000
107617  21.466  6.797  7.792 0.1250000000
104089  20.040  3.046  5.231 0.1250000000
104998  20.443  3.805  5.308 0.1250000000
87268  21.450  -14.336  3.631 0.1250000000
88370  20.993  -12.804  4.337 0.1250000000
102181  18.382  0.302  6.442 0.1250000000
104999  19.962  3.366  5.602 0.1250000000
104989  20.393  4.097  5.847 0.1250000000
105849  20.810  5.011  6.877 0.1250000000
106714  20.590  6.127  8.590 0.1250000000
107620  22.064  7.202  6.534 0.1250000000
91225  20.291  -10.994  4.295 0.1250000000
106736  22.346  5.870  5.239 0.1250000000
107625  22.342  6.549  5.717 0.1250000000
88369  21.079  -13.150  3.930 0.1250000000
101191  18.096  -0.367  6.821 0.1250000000
90296  20.442  -11.504  4.095 0.1250000000
89372  20.840  -12.482  3.894 0.1250000000
89351  21.018  -12.206  4.814 0.1250000000
88347  20.995  -12.628  4.493 0.1250000000
105858  20.851  4.588  6.092 0.1250000000
106729  20.527  5.263  7.589 0.1250000000
106727  21.360  6.176  7.158 0.1250000000
107606  21.422  7.214  8.790 0.1250000000
87301  28.541  -14.493  0.630 0.1250000000
88392  28.789  -13.406  0.699 0.1250000000
89397  28.081  -12.385  0.091 0.1250000000
90327  28.830  -11.513  0.172 0.1250000000
90338  28.139  -11.403  -0.442 0.1250000000
91271  30.013  -10.673  0.471 0.1250000000
91272  29.322  -10.906  0.224 0.1250000000
91284  28.769  -10.552  -0.388 0.1250000000
92282  30.673  -9.428  0.331 0.1250000000
92285  28.733  -9.684  -0.941 0.1250000000
93345  31.910  -8.658  0.115 0.1250000000
93346  30.743  -8.755  0.115 0.1250000000
94328  30.217  -8.034  -0.605 0.1250000000
83334  27.401  -18.348  0.338 0.1250000000
84298  28.499  -17.319  -0.091 0.1250000000
85247  29.155  -16.666  0.003 0.1250000000
86220  29.344  -15.436  0.426 0.1250000000
87300  29.562  -14.370  0.683 0.1250000000
89396  29.208  -12.414  0.651 0.1250000000
90326  29.677  -11.547  0.595 0.1250000000
90325  30.580  -11.482  0.748 0.1250000000
93330  31.338  -9.229  0.327 0.1250000000
94345  31.436  -7.008  -0.836 0.1250000000
94326  32.325  -7.466  -0.487 0.1250000000
95300  30.957  -6.595  -1.394 0.1250000000
93347  29.811  -8.756  -0.372 0.1250000000
92284  29.393  -9.624  -0.332 0.1250000000
82285  26.618  -19.500  0.806 0.1250000000
88391  29.848  -13.348  0.868 0.1250000000
92264  29.849  -9.968  0.212 0.1250000000
92262  31.135  -9.824  0.427 0.1250000000
92283  30.101  -9.369  0.163 0.1250000000
94327  31.184  -7.819  -0.379 0.1250000000
82284  27.569  -19.348  0.309 0.1250000000
82300  28.138  -19.272  -0.123 0.1250000000
86219  30.306  -15.193  0.245 0.1250000000
95283  33.355  -7.213  -0.871 0.1250000000
88408  24.406  -12.741  -0.165 0.7500000000
90347  26.699  -10.805  -1.218 0.6250000000
91283  29.446  -10.328  0.069 0.1250000000
92240  20.410  -9.307  3.589 0.7500000000
92261  31.902  -9.698  0.358 0.1250000000
92263  30.444  -9.973  0.387 0.1250000000
93316  22.278  -8.349  1.215 1.0000000000
93331  30.972  -9.294  0.348 0.1250000000
93349  28.611  -9.253  -1.358 0.2500000000
93352  22.956  -8.319  0.249 1.0000000000
93368  29.037  -8.289  -1.856 0.3750000000
93389  29.148  -7.858  -2.069 0.3750000000
94325  33.347  -7.632  -0.722 0.1250000000
94348  27.340  -7.662  -1.974 0.7500000000
95273  22.130  -6.502  1.053 1.0000000000
95284  33.073  -7.116  -0.766 0.1250000000
95299  31.693  -6.364  -1.283 0.1250000000
95302  27.583  -6.079  -2.029 0.7500000000
95314  30.599  -6.117  -1.922 0.1250000000
95318  27.494  -6.827  -2.055 0.7500000000
96111  17.166  -4.871  7.738 0.1250000000
96123  17.595  -5.070  7.725 0.1250000000
96125  16.955  -4.916  7.066 0.1250000000
96136  16.871  -4.710  6.951 0.1250000000
96146  17.496  -5.288  6.203 0.3750000000
96229  22.747  -5.668  0.300 1.0000000000
96275  28.453  -5.600  -2.237 0.7500000000
96291  30.552  -4.854  -2.758 0.6250000000
97109  17.172  -4.994  7.947 0.1250000000
97110  16.560  -4.555  7.651 0.1250000000
97111  16.115  -4.274  8.039 0.1250000000
97119  16.763  -4.468  6.876 0.1250000000
97168  19.523  -4.573  4.100 0.8750000000
97257  28.357  -5.028  -1.993 0.6250000000
97258  27.865  -4.590  -1.751 0.7500000000
97291  33.430  -4.140  -3.279 0.1250000000
97293  31.636  -4.359  -3.059 0.3750000000
97314  31.566  -3.854  -3.636 0.3750000000
97328  35.704  -3.737  -5.921 0.1250000000
97329  35.055  -3.314  -5.530 0.1250000000
98116  16.148  -4.266  7.730 0.1250000000
98125  16.589  -4.101  6.985 0.1250000000
98139  17.906  -4.048  5.693 0.5000000000
98174  19.781  -3.506  3.945 1.0000000000
98253  27.715  -3.644  -1.523 0.8750000000
98280  32.319  -3.921  -3.731 0.2500000000
98283  29.125  -3.651  -2.541 0.6250000000
98296  32.965  -3.420  -4.368 0.1250000000
98298  31.525  -3.409  -4.016 0.1250000000
98299  31.078  -3.444  -3.530 0.5000000000
98308  32.345  -3.215  -4.745 0.1250000000
98309  31.835  -3.278  -4.537 0.1250000000
98316  33.834  -2.657  -5.676 0.1250000000
99191  20.429  -2.962  3.198 1.0000000000
99221  26.352  -2.028  1.217 1.0000000000
99234  25.374  -2.512  0.742 1.0000000000
99259  30.746  -2.404  -2.934 0.5000000000
99273  29.381  -3.298  -2.679 0.6250000000
99283  32.077  -2.628  -4.704 0.1250000000
99291  33.225  -2.466  -5.427 0.1250000000
100244  28.158  -0.475  1.530 1.0000000000
100266  22.814  -2.530  0.904 1.0000000000
100291  28.881  -2.113  -1.946 0.7500000000
100307  31.776  -2.519  -4.102 0.1250000000
101259  26.473  0.440  2.213 1.0000000000
101261  20.818  -0.374  2.854 1.0000000000
101272  28.186  0.202  1.548 1.0000000000
101295  28.780  -0.522  -0.700 0.6250000000
101302  28.817  -0.457  -1.135 0.6250000000
101310  31.322  -0.648  -2.323 0.3750000000
102242  27.275  0.863  2.144 1.0000000000
102257  25.506  0.374  2.187 1.0000000000
102261  22.325  -0.032  1.695 1.0000000000
102284  28.064  1.362  -1.554 0.5000000000
103218  20.733  1.487  3.795 0.8750000000
103245  28.254  1.403  1.618 0.8750000000
103248  23.463  0.974  1.970 1.0000000000
103268  27.897  1.909  -1.480 0.5000000000
103289  32.047  1.476  -2.825 0.1250000000
104238  29.017  3.374  -6.799 0.1250000000
105006  21.720  3.936  4.306 0.3750000000
105016  25.075  4.013  3.267 1.0000000000
105037  23.230  2.894  2.945 1.0000000000
105044  29.052  3.392  1.055 0.8750000000
105093  28.374  4.233  -4.593 0.1250000000
105107  29.044  3.586  -5.714 0.1250000000
105108  28.859  3.792  -6.235 0.1250000000
105114  29.145  3.223  -7.278 0.1250000000
105122  28.699  3.668  -8.204 0.1250000000
105126  28.639  3.816  -8.682 0.1250000000
105127  29.842  3.504  -9.197 0.1250000000
105128  29.627  3.728  -9.226 0.1250000000
105876  21.850  4.381  4.494 0.1250000000
105889  24.233  4.483  3.530 1.0000000000
105891  22.518  4.304  4.110 0.7500000000
105910  29.042  4.482  0.624 0.7500000000
105938  27.675  4.421  -2.105 0.5000000000
105962  28.145  4.615  -4.443 0.1250000000
105976  28.434  4.704  -4.880 0.1250000000
105986  28.538  4.166  -7.726 0.1250000000
105989  28.864  4.287  -8.884 0.1250000000
105993  29.442  4.047  -9.213 0.1250000000
106733  21.025  5.189  6.731 0.1250000000
106746  23.027  5.513  4.580 0.5000000000
106773  25.500  5.041  3.390 1.0000000000
106853  28.702  4.960  -7.346 0.1250000000
106856  29.073  5.053  -8.644 0.1250000000
107621  21.620  6.637  6.898 0.1250000000
107655  27.537  6.664  2.821 0.7500000000
107656  26.989  6.915  3.315 0.7500000000
107673  28.648  6.183  -0.542 0.6250000000
107721  28.164  6.504  -5.446 0.1250000000
108515  24.828  7.844  4.445 0.6250000000
108537  27.777  7.573  1.732 0.7500000000
108541  28.348  7.202  0.497 0.7500000000
108577  27.168  7.205  -2.610 0.3750000000
109465  27.319  8.285  0.375 0.7500000000
109470  26.461  8.882  -0.753 0.3750000000
109581  30.473  7.805  -8.611 0.1250000000
110370  25.702  9.449  -1.042 0.3750000000
110384  27.558  10.432  -2.383 0.1250000000
110386  25.093  9.955  -2.044 0.3750000000
110399  25.449  9.767  -2.885 0.2500000000
110400  25.030  10.156  -2.903 0.2500000000
110401  24.571  10.761  -3.132 0.2500000000
110441  27.213  10.115  -5.561 0.1250000000
110442  26.643  10.087  -5.063 0.1250000000
110463  29.708  9.312  -7.316 0.1250000000
111244  22.075  11.142  4.123 0.2500000000
111264  25.758  10.113  0.885 0.3750000000
111296  24.976  9.967  -0.678 0.3750000000
111338  27.449  11.025  -4.600 0.1250000000
111342  24.695  11.237  -3.194 0.2500000000
111358  25.520  11.030  -4.320 0.2500000000
111399  30.784  10.232  -7.464 0.1250000000
112240  24.662  11.386  2.764 0.2500000000
112241  24.440  11.803  2.490 0.2500000000
112304  24.820  11.606  -2.291 0.2500000000
113194  23.965  12.252  2.855 0.2500000000
113196  22.484  12.759  3.401 0.2500000000
114139  22.662  13.520  3.342 0.2500000000
