#!ascii label  , from subject FTD-FPD109 vox2ras=TkReg
244
34613  56.864  -59.589  9.714 0.0000000000
33479  57.169  -60.223  2.208 0.0000000000
28834  56.173  -64.250  8.322 0.0000000000
32235  60.314  -61.547  7.621 0.0000000000
27725  58.180  -66.189  3.542 0.0000000000
27663  57.969  -66.020  6.529 0.0000000000
26462  56.004  -67.498  4.758 0.0000000000
32290  58.772  -61.336  4.619 0.0000000000
34643  57.232  -59.990  7.208 0.0000000000
32197  57.101  -61.585  9.858 0.0000000000
28830  59.950  -63.901  8.384 0.0000000000
30077  59.678  -63.723  5.415 0.0000000000
31236  59.202  -62.813  2.280 0.0000000000
28987  56.904  -65.057  1.274 0.0000000000
35946  53.923  -58.290  8.943 0.0000000000
33398  53.916  -60.777  8.574 0.0000000000
31112  53.773  -62.974  9.359 0.0000000000
34639  60.941  -59.028  7.871 0.0000000000
27682  55.692  -65.948  5.267 0.0000000000
32302  58.503  -60.955  3.560 0.0000000000
32292  56.643  -61.149  4.481 0.0000000000
29964  56.611  -63.349  9.450 0.0000000000
28832  58.292  -64.261  8.336 0.0000000000
27680  58.911  -66.119  5.468 0.0000000000
27661  59.215  -64.899  6.801 0.0000000000
28932  59.137  -64.964  4.700 0.0000000000
30102  59.497  -63.158  3.735 0.0000000000
30103  59.138  -63.552  3.079 0.0000000000
30131  58.026  -62.794  0.345 0.0000000000
32224  52.499  -61.649  8.542 0.0000000000
31136  54.008  -62.232  9.007 0.0000000000
31114  51.888  -63.063  9.298 0.0000000000
32219  61.259  -61.469  8.816 0.0000000000
33409  60.733  -60.924  8.324 0.0000000000
35993  55.761  -59.638  6.264 0.0000000000
35991  57.305  -59.081  6.742 0.0000000000
28859  55.992  -64.462  7.619 0.0000000000
28858  57.157  -64.737  7.502 0.0000000000
27664  57.039  -65.783  6.342 0.0000000000
26427  57.234  -66.594  5.805 0.0000000000
26460  58.087  -67.288  4.410 0.0000000000
32249  59.259  -61.584  6.495 0.0000000000
33411  58.981  -60.663  7.468 0.0000000000
32251  57.367  -61.264  6.125 0.0000000000
33423  55.977  -60.698  6.130 0.0000000000
34726  56.979  -59.372  0.499 0.0000000000
33377  57.500  -60.557  9.944 0.0000000000
29960  60.739  -62.630  9.396 0.0000000000
31157  60.811  -62.868  8.274 0.0000000000
27644  59.134  -64.743  7.317 0.0000000000
28883  60.033  -63.943  7.632 0.0000000000
31188  60.058  -62.675  6.355 0.0000000000
32289  59.590  -61.846  4.859 0.0000000000
32301  59.432  -61.606  3.815 0.0000000000
33477  58.965  -60.654  1.868 0.0000000000
27748  57.242  -65.448  2.259 0.0000000000
28971  58.058  -63.953  1.576 0.0000000000
31248  59.253  -61.855  1.091 0.0000000000
33514  58.659  -60.119  0.732 0.0000000000
37106  55.543  -57.765  9.252 0.0000000000
35944  56.179  -58.635  9.528 0.0000000000
35960  54.166  -59.266  8.800 0.0000000000
33379  55.476  -60.394  9.162 0.0000000000
32220  55.501  -61.559  9.346 0.0000000000
31110  55.835  -62.708  9.586 0.0000000000
29991  55.314  -63.996  8.959 0.0000000000
28816  52.987  -64.118  8.899 0.0000000000
28860  54.845  -64.338  7.669 0.0000000000
35975  58.386  -59.308  7.299 0.0000000000
35943  57.331  -58.605  9.776 0.0000000000
37104  57.892  -57.776  9.526 0.0000000000
35942  58.397  -58.561  9.985 0.0000000000
33465  57.781  -60.606  2.855 0.0000000000
33466  56.761  -60.629  2.984 0.0000000000
29990  56.379  -63.934  8.972 0.0000000000
29989  57.460  -63.852  8.981 0.0000000000
28833  57.267  -64.289  8.303 0.0000000000
26459  58.529  -66.545  4.612 0.0000000000
27703  59.020  -65.554  4.735 0.0000000000
28947  58.964  -64.569  4.039 0.0000000000
27724  58.394  -65.636  3.692 0.0000000000
30139  56.908  -63.034  -0.656 0.0000000000
31138  52.197  -62.449  8.993 0.0000000000
32234  60.887  -62.051  8.117 0.0000000000
36013  56.416  -58.566  5.578 0.0000000000
28886  55.937  -64.772  6.721 0.0000000000
28907  55.542  -64.903  5.958 0.0000000000
27704  55.537  -66.807  4.798 0.0000000000
26442  56.775  -66.983  5.372 0.0000000000
26461  56.515  -67.471  5.019 0.0000000000
25221  57.306  -67.412  5.151 0.0000000000
25238  56.819  -67.933  4.483 0.0000000000
32265  59.005  -61.518  5.586 0.0000000000
32250  58.293  -61.333  6.411 0.0000000000
32266  58.058  -61.325  5.427 0.0000000000
32268  55.969  -61.163  5.324 0.0000000000
32269  55.077  -61.060  4.982 0.0000000000
33439  55.206  -60.607  5.528 0.0000000000
33376  58.485  -60.526  10.303 0.0000000000
32196  58.181  -61.439  10.176 0.0000000000
31134  61.222  -62.269  8.943 0.0000000000
29986  60.457  -63.358  8.709 0.0000000000
27646  58.096  -65.388  7.003 0.0000000000
28857  58.137  -64.750  7.643 0.0000000000
27645  58.752  -65.093  7.124 0.0000000000
28906  59.587  -64.342  6.126 0.0000000000
28884  59.731  -64.218  7.040 0.0000000000
30033  59.827  -63.913  6.634 0.0000000000
31187  60.209  -62.934  6.917 0.0000000000
30054  59.916  -63.454  6.204 0.0000000000
32264  59.734  -62.000  5.853 0.0000000000
31208  59.895  -62.802  5.291 0.0000000000
31235  59.496  -62.423  3.075 0.0000000000
31222  59.702  -62.539  4.182 0.0000000000
32315  59.345  -61.268  2.641 0.0000000000
24078  54.913  -68.959  0.145 0.0000000000
27761  56.135  -65.779  0.865 0.0000000000
26516  55.895  -66.489  0.952 0.0000000000
28973  57.051  -65.255  1.935 0.0000000000
28972  57.527  -64.860  2.040 0.0000000000
32338  58.908  -61.525  -0.069 0.0000000000
31249  58.688  -62.119  0.402 0.0000000000
32337  59.157  -61.179  0.377 0.0000000000
33495  59.034  -60.611  1.004 0.0000000000
33513  58.914  -60.428  0.233 0.0000000000
38218  55.042  -56.923  9.092 0.0000000000
37107  54.503  -57.587  9.151 0.0000000000
35945  54.995  -58.691  9.201 0.0000000000
34630  53.555  -59.913  8.466 0.0000000000
34629  54.278  -60.095  8.716 0.0000000000
34615  54.928  -59.789  8.987 0.0000000000
33397  54.815  -60.786  8.870 0.0000000000
33396  55.525  -61.159  9.237 0.0000000000
31111  54.821  -62.641  9.389 0.0000000000
29966  54.537  -63.545  9.252 0.0000000000
29965  55.560  -63.432  9.367 0.0000000000
28863  51.476  -64.297  7.798 0.0000000000
28837  52.772  -64.281  8.426 0.0000000000
28836  53.801  -64.182  8.590 0.0000000000
33412  58.018  -60.774  7.199 0.0000000000
34641  59.221  -59.875  7.739 0.0000000000
35976  57.760  -59.557  7.274 0.0000000000
35990  58.471  -58.677  6.649 0.0000000000
32291  57.741  -61.115  4.521 0.0000000000
31109  56.832  -62.562  9.778 0.0000000000
31108  57.963  -62.418  9.993 0.0000000000
29963  57.704  -63.245  9.548 0.0000000000
29987  59.589  -63.680  9.017 0.0000000000
26440  58.433  -66.563  5.723 0.0000000000
27662  58.703  -65.874  6.377 0.0000000000
27679  59.240  -65.316  5.679 0.0000000000
28931  59.343  -64.478  4.986 0.0000000000
30088  59.552  -63.502  4.539 0.0000000000
28946  59.294  -64.078  4.363 0.0000000000
30089  59.285  -63.760  3.940 0.0000000000
28986  57.427  -64.084  0.818 0.0000000000
28998  56.935  -63.823  0.216 0.0000000000
31254  57.904  -62.215  -0.506 0.0000000000
32223  53.476  -61.575  8.645 0.0000000000
32222  54.320  -61.546  8.841 0.0000000000
31137  53.118  -62.363  8.952 0.0000000000
31113  52.811  -63.099  9.277 0.0000000000
34628  60.964  -60.175  8.487 0.0000000000
34640  60.425  -59.717  7.977 0.0000000000
34654  56.733  -59.573  6.819 0.0000000000
35992  56.238  -59.299  6.377 0.0000000000
27647  57.460  -65.398  6.846 0.0000000000
27681  56.593  -66.202  5.786 0.0000000000
26426  57.849  -66.534  6.050 0.0000000000
26441  57.812  -67.147  5.332 0.0000000000
32248  59.954  -61.997  6.850 0.0000000000
32236  59.560  -61.334  7.266 0.0000000000
32237  58.810  -61.250  7.075 0.0000000000
33413  57.267  -60.598  6.991 0.0000000000
32267  57.055  -61.289  5.320 0.0000000000
32252  56.587  -61.147  5.971 0.0000000000
34655  56.302  -60.059  6.673 0.0000000000
34656  55.434  -60.062  6.085 0.0000000000
34673  54.634  -60.002  5.530 0.0000000000
34714  57.412  -59.571  1.008 0.0000000000
34612  58.108  -59.537  10.194 0.0000000000
34592  58.679  -59.958  10.358 0.0000000000
28855  59.568  -64.318  7.692 0.0000000000
28854  60.133  -63.822  8.155 0.0000000000
30012  60.399  -63.459  7.938 0.0000000000
31172  60.479  -62.818  7.550 0.0000000000
32247  60.423  -62.198  7.424 0.0000000000
32316  58.620  -60.715  2.607 0.0000000000
33478  58.197  -60.308  2.069 0.0000000000
25262  57.704  -67.721  3.729 0.0000000000
26517  55.554  -66.999  0.672 0.0000000000
27738  57.324  -66.450  2.572 0.0000000000
27736  58.055  -65.288  3.011 0.0000000000
28956  58.295  -64.526  2.773 0.0000000000
30115  58.686  -63.428  2.002 0.0000000000
30123  58.352  -63.149  1.031 0.0000000000
31246  58.979  -62.574  1.434 0.0000000000
31245  59.427  -62.043  1.964 0.0000000000
32329  59.328  -61.250  1.476 0.0000000000
33496  58.551  -60.203  1.357 0.0000000000
34725  58.035  -59.629  0.595 0.0000000000
37128  56.525  -56.882  8.912 0.0000000000
38217  55.890  -57.138  9.051 0.0000000000
37105  56.676  -57.661  9.361 0.0000000000
34631  52.609  -59.735  8.176 0.0000000000
34614  55.794  -59.611  9.341 0.0000000000
33378  56.319  -60.667  9.500 0.0000000000
32198  55.929  -61.784  9.544 0.0000000000
32221  55.098  -61.730  9.224 0.0000000000
32199  55.409  -62.240  9.448 0.0000000000
29993  53.868  -64.078  8.907 0.0000000000
28835  55.050  -64.234  8.402 0.0000000000
33410  59.927  -60.682  7.750 0.0000000000
35974  59.438  -59.011  7.350 0.0000000000
25222  57.001  -67.611  5.036 0.0000000000
25237  57.524  -67.636  4.715 0.0000000000
26425  58.304  -66.342  6.183 0.0000000000
26443  56.078  -66.976  5.098 0.0000000000
26463  55.346  -67.335  4.399 0.0000000000
26484  58.378  -66.338  3.870 0.0000000000
27702  59.238  -65.137  5.027 0.0000000000
27737  57.700  -65.871  2.878 0.0000000000
28829  60.189  -63.668  8.384 0.0000000000
28856  58.924  -64.608  7.727 0.0000000000
28885  56.763  -64.966  6.969 0.0000000000
28957  57.880  -65.130  2.671 0.0000000000
28985  57.959  -63.663  0.990 0.0000000000
29992  54.326  -64.034  8.913 0.0000000000
30032  60.101  -63.514  7.087 0.0000000000
30053  60.124  -63.147  6.616 0.0000000000
30124  57.827  -63.371  0.666 0.0000000000
30132  57.345  -63.159  0.048 0.0000000000
30133  56.741  -63.611  -0.271 0.0000000000
31106  60.384  -62.230  9.957 0.0000000000
31133  61.383  -61.621  9.049 0.0000000000
31135  54.546  -62.048  9.130 0.0000000000
31173  60.212  -62.529  7.027 0.0000000000
33421  57.520  -61.031  6.749 0.0000000000
33422  56.801  -60.776  6.578 0.0000000000
33497  57.769  -59.838  1.368 0.0000000000
33515  58.271  -59.921  1.046 0.0000000000
34642  58.234  -60.028  7.528 0.0000000000
34644  56.877  -60.358  6.909 0.0000000000
34713  57.758  -59.620  1.019 0.0000000000
