#!ascii label  , from subject FTD-FPD109 vox2ras=TkReg
1964
51566  -43.121  -53.578  59.939 0.0000000000
46424  -31.748  -56.818  66.557 0.0000000000
61065  -41.365  -44.533  46.754 0.0000000000
44351  -38.065  -59.357  51.833 0.0000000000
55091  -42.037  -50.319  53.522 0.0000000000
45280  -38.848  -56.897  63.788 0.0000000000
38041  -32.561  -64.985  58.226 0.0000000000
38088  -37.605  -64.141  53.867 0.0000000000
37957  -24.889  -64.703  62.462 0.0000000000
71068  -51.645  -36.449  51.411 0.0000000000
47980  -25.223  -57.056  50.107 0.0000000000
47919  -39.631  -56.832  55.052 0.0000000000
51610  -36.696  -53.770  54.223 0.0000000000
55009  -42.289  -50.624  57.720 0.0000000000
47812  -42.041  -55.651  61.494 0.0000000000
41997  -40.924  -61.540  59.239 0.0000000000
43222  -41.133  -60.586  56.301 0.0000000000
40814  -40.349  -62.294  51.561 0.0000000000
71138  -53.872  -36.883  47.559 0.0000000000
43105  -28.415  -60.840  65.028 0.0000000000
46604  -24.641  -57.953  57.286 0.0000000000
49222  -29.264  -55.801  59.350 0.0000000000
58560  -42.418  -47.371  50.151 0.0000000000
49121  -35.516  -55.581  65.102 0.0000000000
47866  -33.528  -56.489  58.425 0.0000000000
43207  -36.461  -60.199  57.037 0.0000000000
33989  -36.207  -66.454  56.693 0.0000000000
33890  -20.662  -67.960  63.692 0.0000000000
58496  -49.437  -48.228  53.247 0.0000000000
61029  -48.718  -44.824  49.460 0.0000000000
65444  -52.940  -40.966  51.564 0.0000000000
66645  -46.962  -40.626  48.328 0.0000000000
69967  -47.318  -36.746  45.604 0.0000000000
40734  -19.761  -61.974  56.445 0.0000000000
43247  -28.897  -60.070  54.784 0.0000000000
50483  -41.739  -54.718  57.246 0.0000000000
51600  -39.854  -53.662  56.766 0.0000000000
52693  -41.976  -52.526  59.149 0.0000000000
49212  -43.134  -55.131  60.386 0.0000000000
46576  -42.928  -57.116  57.964 0.0000000000
47910  -43.089  -56.170  57.144 0.0000000000
45435  -40.200  -58.466  55.348 0.0000000000
62184  -38.146  -44.249  44.565 0.0000000000
64337  -41.021  -42.232  45.137 0.0000000000
44165  -30.287  -59.125  66.188 0.0000000000
45337  -28.715  -57.968  62.050 0.0000000000
47772  -30.502  -56.565  63.396 0.0000000000
46680  -38.293  -57.698  50.964 0.0000000000
55070  -39.156  -50.929  54.125 0.0000000000
53938  -35.363  -51.843  52.542 0.0000000000
56169  -39.254  -49.678  52.035 0.0000000000
57363  -39.106  -48.638  50.873 0.0000000000
56191  -42.597  -49.044  52.005 0.0000000000
46442  -37.195  -56.973  65.022 0.0000000000
45339  -35.773  -56.718  61.451 0.0000000000
47846  -36.865  -56.394  59.511 0.0000000000
36692  -39.816  -64.698  56.040 0.0000000000
38026  -39.025  -64.854  58.649 0.0000000000
36689  -37.373  -65.396  55.698 0.0000000000
43268  -39.703  -61.035  52.567 0.0000000000
59774  -48.494  -46.530  51.288 0.0000000000
66623  -49.918  -40.778  50.172 0.0000000000
68824  -49.134  -38.485  49.933 0.0000000000
68846  -46.436  -38.541  47.950 0.0000000000
71112  -49.166  -36.160  48.698 0.0000000000
69987  -51.038  -37.055  44.820 0.0000000000
35182  -23.467  -66.468  61.719 0.0000000000
36644  -21.325  -65.310  59.204 0.0000000000
39393  -23.096  -62.827  57.979 0.0000000000
47937  -24.378  -55.858  53.719 0.0000000000
45462  -21.008  -57.994  52.475 0.0000000000
46693  -22.125  -57.384  49.518 0.0000000000
43188  -32.155  -61.320  57.262 0.0000000000
45433  -31.404  -58.064  56.102 0.0000000000
40739  -30.435  -62.646  56.377 0.0000000000
44331  -37.133  -59.386  53.595 0.0000000000
46639  -35.968  -57.193  53.101 0.0000000000
49315  -37.659  -55.835  54.425 0.0000000000
53882  -39.164  -51.812  56.439 0.0000000000
55052  -42.437  -50.816  55.380 0.0000000000
47793  -40.304  -56.024  62.392 0.0000000000
49249  -39.198  -55.892  58.600 0.0000000000
46574  -41.573  -57.426  58.251 0.0000000000
40742  -41.719  -61.860  57.648 0.0000000000
39424  -40.130  -63.529  54.906 0.0000000000
39451  -39.588  -63.520  52.435 0.0000000000
40756  -39.492  -62.192  55.274 0.0000000000
42069  -38.391  -61.178  54.502 0.0000000000
72320  -52.639  -35.062  49.747 0.0000000000
73441  -55.723  -34.925  50.690 0.0000000000
40655  -26.381  -62.610  64.167 0.0000000000
43178  -24.076  -60.403  59.418 0.0000000000
44258  -26.027  -59.247  61.147 0.0000000000
46592  -26.648  -56.931  58.114 0.0000000000
49309  -27.066  -55.200  54.267 0.0000000000
49353  -34.858  -55.469  51.798 0.0000000000
59807  -38.926  -46.963  49.030 0.0000000000
61042  -41.340  -45.916  48.120 0.0000000000
49077  -33.166  -55.270  66.394 0.0000000000
49162  -32.283  -55.075  62.558 0.0000000000
49164  -34.436  -55.525  62.852 0.0000000000
45410  -34.316  -58.456  57.305 0.0000000000
40707  -34.374  -62.428  58.231 0.0000000000
43190  -38.661  -60.479  58.354 0.0000000000
39349  -36.066  -63.899  59.641 0.0000000000
33960  -34.661  -66.958  57.831 0.0000000000
53756  -44.491  -51.361  62.328 0.0000000000
46380  -32.344  -57.190  69.576 0.0000000000
49015  -36.356  -54.796  69.141 0.0000000000
47682  -38.030  -55.270  67.359 0.0000000000
54961  -44.774  -50.155  59.753 0.0000000000
53864  -45.826  -50.605  57.155 0.0000000000
55055  -46.056  -50.654  55.110 0.0000000000
56145  -49.252  -49.740  55.387 0.0000000000
56158  -45.716  -49.301  53.593 0.0000000000
58526  -45.816  -47.535  51.510 0.0000000000
59813  -44.990  -46.346  49.626 0.0000000000
61057  -44.747  -44.764  47.730 0.0000000000
63185  -51.133  -43.027  49.673 0.0000000000
63201  -47.727  -42.983  47.848 0.0000000000
63221  -43.827  -42.989  46.643 0.0000000000
66648  -43.748  -40.450  46.488 0.0000000000
71135  -50.744  -35.924  46.774 0.0000000000
33931  -19.501  -66.565  60.937 0.0000000000
40749  -16.657  -62.274  55.073 0.0000000000
43232  -22.484  -60.278  55.858 0.0000000000
43253  -18.420  -60.053  53.622 0.0000000000
50435  -31.653  -54.614  59.275 0.0000000000
49313  -30.859  -55.439  55.065 0.0000000000
45464  -27.726  -58.405  52.642 0.0000000000
40788  -28.449  -62.832  52.318 0.0000000000
50453  -42.813  -54.277  58.532 0.0000000000
51592  -41.505  -53.786  57.908 0.0000000000
51565  -42.582  -53.041  59.577 0.0000000000
50438  -43.325  -54.805  59.943 0.0000000000
47896  -43.432  -55.964  58.120 0.0000000000
49252  -43.285  -55.036  58.200 0.0000000000
49290  -42.537  -55.564  57.143 0.0000000000
61064  -40.566  -44.867  46.898 0.0000000000
62178  -40.061  -43.967  45.754 0.0000000000
63236  -39.167  -43.257  44.676 0.0000000000
62179  -40.868  -43.790  45.808 0.0000000000
45250  -31.135  -58.052  66.227 0.0000000000
45276  -29.906  -58.251  64.442 0.0000000000
46454  -30.885  -57.019  64.866 0.0000000000
44354  -40.565  -59.514  50.565 0.0000000000
45478  -38.556  -58.679  51.308 0.0000000000
55090  -40.850  -50.422  53.535 0.0000000000
55088  -38.639  -50.777  53.389 0.0000000000
55107  -40.516  -50.068  52.846 0.0000000000
56189  -40.933  -49.175  51.740 0.0000000000
56172  -42.041  -49.531  52.384 0.0000000000
45260  -37.857  -56.917  64.756 0.0000000000
45341  -36.873  -56.969  62.070 0.0000000000
46508  -37.697  -56.735  61.649 0.0000000000
36704  -39.103  -64.652  55.377 0.0000000000
36691  -38.873  -64.827  56.141 0.0000000000
38073  -38.019  -64.517  54.492 0.0000000000
38071  -36.027  -64.811  54.567 0.0000000000
43276  -39.356  -60.302  52.112 0.0000000000
42118  -40.475  -61.043  50.408 0.0000000000
43293  -40.549  -60.316  50.506 0.0000000000
68807  -50.950  -38.366  51.137 0.0000000000
69907  -50.989  -37.434  50.966 0.0000000000
69921  -49.176  -37.635  49.753 0.0000000000
71086  -50.556  -36.469  50.373 0.0000000000
36592  -24.107  -65.693  61.548 0.0000000000
37984  -23.522  -65.137  60.102 0.0000000000
39360  -23.911  -63.550  60.064 0.0000000000
49349  -24.908  -55.683  51.030 0.0000000000
47962  -23.422  -55.811  51.309 0.0000000000
47995  -23.733  -56.977  49.450 0.0000000000
44371  -23.025  -59.174  49.168 0.0000000000
44360  -24.495  -59.392  49.697 0.0000000000
40704  -32.138  -62.649  57.971 0.0000000000
42023  -30.849  -61.842  56.911 0.0000000000
38039  -31.415  -64.156  57.321 0.0000000000
46630  -38.528  -57.565  54.648 0.0000000000
47930  -37.534  -56.885  54.229 0.0000000000
49316  -38.678  -55.868  54.840 0.0000000000
52708  -40.074  -52.673  57.381 0.0000000000
52707  -39.385  -52.655  56.764 0.0000000000
55007  -40.671  -50.886  56.809 0.0000000000
55031  -40.457  -50.811  56.097 0.0000000000
55033  -42.492  -50.690  56.402 0.0000000000
47794  -41.253  -55.707  62.401 0.0000000000
49230  -40.893  -55.727  59.486 0.0000000000
47830  -41.742  -55.723  60.504 0.0000000000
44300  -43.092  -59.369  57.193 0.0000000000
43211  -42.821  -59.791  57.473 0.0000000000
42044  -41.687  -61.338  56.930 0.0000000000
39406  -40.837  -63.302  56.595 0.0000000000
40757  -40.090  -62.754  55.611 0.0000000000
42059  -40.182  -61.756  56.029 0.0000000000
46618  -39.954  -57.577  55.177 0.0000000000
43236  -38.984  -59.889  55.065 0.0000000000
44321  -38.535  -59.351  54.687 0.0000000000
43257  -37.639  -60.267  53.872 0.0000000000
41963  -27.540  -61.412  64.588 0.0000000000
43153  -26.105  -60.530  62.476 0.0000000000
43140  -27.681  -59.908  63.126 0.0000000000
47822  -28.790  -56.652  60.213 0.0000000000
46523  -27.685  -57.605  60.424 0.0000000000
47863  -27.975  -56.285  58.450 0.0000000000
47916  -27.168  -55.597  55.780 0.0000000000
49267  -28.631  -55.394  57.197 0.0000000000
49326  -35.830  -55.816  53.274 0.0000000000
47954  -35.504  -56.439  52.600 0.0000000000
50511  -35.057  -54.499  52.692 0.0000000000
55103  -35.823  -50.995  52.147 0.0000000000
53936  -34.276  -52.512  51.458 0.0000000000
53958  -34.172  -51.737  50.292 0.0000000000
58540  -41.135  -47.816  50.241 0.0000000000
58538  -39.571  -47.769  49.898 0.0000000000
58558  -40.862  -47.338  49.698 0.0000000000
59822  -39.945  -46.349  48.304 0.0000000000
59810  -41.471  -46.887  49.265 0.0000000000
49078  -33.993  -55.116  66.624 0.0000000000
49119  -33.618  -55.029  64.705 0.0000000000
47774  -35.206  -56.040  63.227 0.0000000000
45396  -35.746  -57.175  59.098 0.0000000000
45360  -35.096  -56.940  60.143 0.0000000000
45411  -35.122  -58.192  57.535 0.0000000000
43205  -34.293  -60.593  56.753 0.0000000000
42028  -34.994  -61.586  57.286 0.0000000000
44272  -40.114  -59.614  58.556 0.0000000000
45415  -38.935  -58.725  57.995 0.0000000000
41995  -39.782  -61.537  59.310 0.0000000000
35259  -37.579  -65.458  57.731 0.0000000000
38006  -37.737  -64.472  59.236 0.0000000000
35219  -36.171  -65.443  58.755 0.0000000000
35218  -35.378  -65.551  58.736 0.0000000000
39469  -40.002  -63.073  51.903 0.0000000000
47681  -37.520  -55.341  67.457 0.0000000000
49102  -40.063  -54.459  65.024 0.0000000000
54938  -44.996  -50.631  61.582 0.0000000000
54987  -47.342  -49.812  58.677 0.0000000000
55015  -47.827  -49.865  57.682 0.0000000000
53887  -46.403  -50.636  56.730 0.0000000000
55037  -47.453  -50.369  56.416 0.0000000000
57343  -50.149  -48.910  54.333 0.0000000000
56161  -48.090  -49.375  54.323 0.0000000000
57340  -47.361  -48.773  53.455 0.0000000000
57353  -46.345  -48.329  52.680 0.0000000000
58511  -48.078  -47.675  52.436 0.0000000000
59796  -48.917  -45.890  50.705 0.0000000000
59794  -46.853  -46.373  50.513 0.0000000000
61001  -47.250  -45.771  49.896 0.0000000000
61026  -45.318  -45.768  49.012 0.0000000000
61047  -46.719  -44.827  48.454 0.0000000000
64280  -51.820  -41.928  50.525 0.0000000000
65496  -48.622  -41.332  49.282 0.0000000000
64314  -48.588  -42.402  48.740 0.0000000000
64326  -47.201  -42.222  47.787 0.0000000000
63214  -45.925  -43.082  47.172 0.0000000000
65516  -45.768  -41.672  47.238 0.0000000000
65522  -43.762  -41.675  46.254 0.0000000000
66650  -45.136  -40.655  47.268 0.0000000000
69955  -46.211  -37.467  47.089 0.0000000000
68850  -44.584  -38.489  46.632 0.0000000000
68856  -45.224  -37.694  46.025 0.0000000000
72340  -53.409  -35.738  48.837 0.0000000000
72361  -51.499  -35.655  47.836 0.0000000000
71113  -52.534  -36.249  47.612 0.0000000000
39390  -20.146  -63.760  57.907 0.0000000000
38038  -19.656  -64.390  58.207 0.0000000000
39403  -18.293  -63.034  56.867 0.0000000000
39402  -17.187  -63.596  56.756 0.0000000000
40750  -17.641  -61.801  55.266 0.0000000000
44279  -23.976  -59.416  58.108 0.0000000000
43199  -23.379  -60.471  57.478 0.0000000000
45419  -23.400  -58.932  56.205 0.0000000000
44336  -19.921  -59.006  52.892 0.0000000000
42128  -17.484  -61.620  49.668 0.0000000000
49183  -33.213  -55.021  61.552 0.0000000000
50413  -32.135  -54.726  60.712 0.0000000000
49246  -33.097  -55.144  58.753 0.0000000000
45431  -30.099  -58.814  55.500 0.0000000000
47917  -31.306  -56.930  55.266 0.0000000000
46627  -29.773  -57.377  54.175 0.0000000000
47938  -29.042  -56.672  53.386 0.0000000000
44329  -28.261  -59.594  53.693 0.0000000000
42094  -27.259  -61.664  51.431 0.0000000000
49303  -40.648  -55.710  56.011 0.0000000000
50492  -39.840  -54.712  56.184 0.0000000000
50482  -40.955  -54.680  56.786 0.0000000000
52702  -41.109  -52.713  58.255 0.0000000000
53841  -41.574  -51.476  58.493 0.0000000000
49211  -42.984  -55.200  61.114 0.0000000000
47872  -42.612  -56.424  58.575 0.0000000000
47851  -42.928  -55.884  59.190 0.0000000000
46599  -43.281  -57.012  57.731 0.0000000000
45424  -42.476  -58.513  56.276 0.0000000000
44311  -41.384  -59.581  55.990 0.0000000000
46620  -41.555  -57.683  55.744 0.0000000000
47921  -41.386  -56.571  55.860 0.0000000000
65526  -40.248  -41.254  44.464 0.0000000000
43086  -29.250  -60.450  66.222 0.0000000000
44214  -28.561  -59.316  63.429 0.0000000000
45275  -29.550  -58.584  64.211 0.0000000000
46468  -29.564  -57.624  62.821 0.0000000000
47805  -29.928  -56.207  61.285 0.0000000000
53914  -37.198  -51.943  54.220 0.0000000000
52723  -35.963  -52.791  53.475 0.0000000000
53926  -36.753  -51.725  53.458 0.0000000000
55104  -36.963  -50.685  52.406 0.0000000000
55121  -37.535  -49.866  51.828 0.0000000000
56206  -37.810  -48.900  50.747 0.0000000000
56187  -39.034  -49.095  51.425 0.0000000000
57365  -40.714  -48.727  51.168 0.0000000000
57386  -42.153  -48.182  50.993 0.0000000000
47742  -36.278  -56.074  65.348 0.0000000000
47775  -35.846  -56.536  63.658 0.0000000000
45296  -36.370  -56.839  62.792 0.0000000000
46527  -36.069  -57.028  60.326 0.0000000000
46595  -36.456  -57.012  58.101 0.0000000000
38029  -41.066  -63.246  58.188 0.0000000000
39369  -40.090  -62.930  59.240 0.0000000000
36666  -39.383  -65.004  57.672 0.0000000000
36677  -38.278  -65.195  56.581 0.0000000000
35278  -36.627  -66.163  55.924 0.0000000000
35277  -36.147  -66.740  55.718 0.0000000000
36701  -36.390  -65.511  55.096 0.0000000000
42099  -40.449  -61.439  51.903 0.0000000000
40815  -40.525  -61.615  50.947 0.0000000000
58514  -51.116  -47.538  53.237 0.0000000000
58512  -49.253  -47.594  52.602 0.0000000000
59754  -51.294  -46.911  52.495 0.0000000000
60978  -50.485  -45.822  51.030 0.0000000000
61004  -50.577  -45.107  50.346 0.0000000000
67706  -52.778  -39.956  52.169 0.0000000000
66605  -52.060  -40.628  51.050 0.0000000000
66586  -51.785  -39.873  51.418 0.0000000000
67739  -49.800  -40.048  50.238 0.0000000000
67748  -47.992  -39.463  49.231 0.0000000000
67758  -46.247  -39.560  47.986 0.0000000000
68834  -47.408  -38.473  48.689 0.0000000000
71110  -47.747  -37.015  48.149 0.0000000000
71133  -48.052  -36.195  47.463 0.0000000000
69960  -54.034  -37.124  46.326 0.0000000000
69958  -52.384  -36.932  45.987 0.0000000000
69989  -52.841  -36.988  44.912 0.0000000000
33903  -22.260  -67.701  62.480 0.0000000000
35199  -21.017  -66.529  60.593 0.0000000000
36623  -22.292  -65.581  59.835 0.0000000000
39376  -21.850  -63.997  58.386 0.0000000000
40719  -21.897  -62.711  57.344 0.0000000000
47913  -24.573  -57.002  55.506 0.0000000000
46624  -22.905  -57.892  54.236 0.0000000000
47949  -22.693  -56.644  52.577 0.0000000000
46656  -21.619  -57.067  51.508 0.0000000000
45496  -19.920  -58.739  49.565 0.0000000000
43301  -18.834  -60.543  49.334 0.0000000000
43303  -20.864  -60.140  48.917 0.0000000000
45408  -32.806  -58.572  56.959 0.0000000000
46608  -32.462  -57.640  56.928 0.0000000000
44280  -31.706  -59.744  56.602 0.0000000000
43218  -30.755  -60.680  56.650 0.0000000000
42056  -29.371  -61.556  55.509 0.0000000000
44340  -37.286  -59.480  52.567 0.0000000000
45466  -36.654  -58.500  52.365 0.0000000000
45456  -36.397  -58.459  53.018 0.0000000000
49328  -37.057  -55.872  54.053 0.0000000000
50499  -36.991  -54.430  54.358 0.0000000000
50491  -38.981  -54.696  55.665 0.0000000000
51606  -38.363  -53.712  55.733 0.0000000000
52710  -37.555  -52.704  55.129 0.0000000000
53916  -38.596  -51.291  54.752 0.0000000000
55050  -40.092  -50.827  55.235 0.0000000000
55073  -42.253  -50.679  54.450 0.0000000000
46474  -39.412  -56.425  63.753 0.0000000000
49185  -38.304  -55.928  61.033 0.0000000000
49187  -39.526  -55.701  60.918 0.0000000000
46573  -40.591  -57.531  58.182 0.0000000000
44273  -41.030  -59.508  58.524 0.0000000000
46575  -42.354  -57.334  58.122 0.0000000000
43194  -42.321  -60.185  58.127 0.0000000000
40711  -41.597  -61.973  58.313 0.0000000000
39407  -41.217  -63.133  57.216 0.0000000000
38063  -40.325  -64.124  55.563 0.0000000000
38090  -39.712  -64.232  53.803 0.0000000000
39450  -38.720  -63.643  52.562 0.0000000000
38108  -40.077  -63.726  53.419 0.0000000000
39437  -40.206  -63.160  53.653 0.0000000000
40781  -39.894  -62.274  53.510 0.0000000000
42058  -39.533  -61.227  55.586 0.0000000000
40768  -38.777  -61.704  54.472 0.0000000000
42080  -39.695  -61.736  53.294 0.0000000000
42086  -38.832  -61.092  53.145 0.0000000000
43266  -38.049  -60.547  53.055 0.0000000000
72298  -52.339  -35.105  50.911 0.0000000000
73439  -53.777  -34.662  50.947 0.0000000000
72299  -54.416  -35.119  50.262 0.0000000000
72322  -54.874  -35.838  49.671 0.0000000000
71116  -55.145  -36.690  48.500 0.0000000000
69951  -55.657  -36.990  46.987 0.0000000000
39322  -25.369  -63.268  63.162 0.0000000000
40682  -24.128  -62.567  60.740 0.0000000000
41985  -25.091  -61.418  61.980 0.0000000000
44256  -24.945  -59.793  60.479 0.0000000000
45391  -25.097  -58.415  59.091 0.0000000000
44246  -27.609  -58.763  61.859 0.0000000000
46543  -26.702  -57.758  59.731 0.0000000000
46605  -25.241  -57.340  57.122 0.0000000000
47926  -25.288  -55.998  54.866 0.0000000000
49308  -25.941  -55.441  54.346 0.0000000000
49351  -26.590  -55.638  51.961 0.0000000000
46662  -36.220  -57.468  51.755 0.0000000000
46678  -36.326  -56.864  51.082 0.0000000000
51625  -34.398  -53.599  52.078 0.0000000000
61053  -40.335  -45.657  47.625 0.0000000000
61054  -41.581  -45.190  47.436 0.0000000000
47719  -31.970  -56.099  66.265 0.0000000000
47740  -31.782  -55.998  65.532 0.0000000000
49118  -32.715  -55.207  64.528 0.0000000000
49163  -33.438  -55.102  62.638 0.0000000000
47824  -34.442  -56.575  60.125 0.0000000000
46505  -35.473  -56.693  61.599 0.0000000000
46525  -34.674  -56.884  60.190 0.0000000000
46568  -33.802  -57.240  58.348 0.0000000000
44282  -33.041  -59.663  56.740 0.0000000000
42026  -32.896  -61.409  57.423 0.0000000000
39380  -32.764  -63.627  58.544 0.0000000000
49226  -37.557  -55.789  59.644 0.0000000000
45413  -37.529  -58.187  57.450 0.0000000000
43208  -37.634  -60.388  57.681 0.0000000000
40694  -38.591  -62.528  59.384 0.0000000000
40693  -37.648  -62.560  59.123 0.0000000000
42010  -36.375  -61.767  57.859 0.0000000000
40690  -35.049  -62.989  59.006 0.0000000000
38004  -34.311  -64.479  59.227 0.0000000000
40793  -37.316  -63.020  52.111 0.0000000000
51558  -43.343  -53.813  61.124 0.0000000000
52674  -43.478  -52.891  61.434 0.0000000000
32663  -22.494  -68.173  63.662 0.0000000000
36557  -25.124  -64.907  64.495 0.0000000000
37931  -25.927  -64.098  64.924 0.0000000000
39285  -27.354  -63.108  65.784 0.0000000000
41916  -29.505  -60.518  67.146 0.0000000000
43068  -30.697  -59.582  68.020 0.0000000000
44147  -31.320  -58.911  68.328 0.0000000000
45232  -32.172  -57.481  68.204 0.0000000000
47678  -32.838  -56.418  68.330 0.0000000000
47700  -33.597  -55.701  68.338 0.0000000000
49079  -34.997  -55.173  66.828 0.0000000000
49014  -35.449  -55.040  69.407 0.0000000000
49080  -35.975  -55.438  66.899 0.0000000000
49081  -36.758  -55.697  66.925 0.0000000000
47722  -37.625  -56.106  66.183 0.0000000000
46428  -38.298  -56.183  65.376 0.0000000000
46429  -38.819  -55.695  65.379 0.0000000000
47744  -39.690  -55.163  64.774 0.0000000000
47760  -40.222  -55.387  63.969 0.0000000000
50414  -43.260  -54.208  61.555 0.0000000000
53816  -42.897  -51.383  60.400 0.0000000000
54960  -43.651  -50.400  59.779 0.0000000000
54983  -43.704  -50.271  58.627 0.0000000000
54951  -46.827  -49.879  60.466 0.0000000000
54985  -45.585  -50.026  58.798 0.0000000000
55010  -43.585  -50.414  57.696 0.0000000000
55034  -43.665  -50.705  56.586 0.0000000000
55054  -44.362  -50.845  55.203 0.0000000000
55093  -44.181  -50.309  53.922 0.0000000000
55079  -47.926  -50.130  55.584 0.0000000000
56141  -45.959  -49.760  54.136 0.0000000000
56156  -43.930  -49.898  53.180 0.0000000000
56175  -44.567  -49.201  52.852 0.0000000000
57369  -44.216  -48.338  51.752 0.0000000000
58543  -43.787  -47.540  50.735 0.0000000000
59773  -47.417  -46.835  51.255 0.0000000000
59771  -45.387  -47.230  50.899 0.0000000000
59791  -43.435  -47.142  50.163 0.0000000000
59825  -43.042  -46.169  48.847 0.0000000000
61044  -43.422  -45.620  48.202 0.0000000000
62157  -43.210  -44.396  47.140 0.0000000000
62112  -51.311  -44.380  50.015 0.0000000000
62134  -49.914  -43.893  49.099 0.0000000000
64300  -50.210  -42.309  49.540 0.0000000000
63203  -49.396  -43.218  48.838 0.0000000000
62132  -48.228  -44.362  48.802 0.0000000000
62149  -46.127  -44.343  47.888 0.0000000000
62172  -44.974  -43.686  47.141 0.0000000000
62169  -42.673  -43.906  46.529 0.0000000000
63230  -42.489  -42.895  45.839 0.0000000000
65520  -42.262  -41.343  45.631 0.0000000000
66653  -41.522  -40.436  45.299 0.0000000000
67756  -44.898  -39.515  47.304 0.0000000000
67765  -43.022  -39.568  46.059 0.0000000000
67769  -41.829  -39.101  44.846 0.0000000000
72319  -51.363  -35.242  49.314 0.0000000000
72337  -50.197  -35.455  48.130 0.0000000000
71146  -49.005  -35.978  46.084 0.0000000000
71162  -50.944  -36.816  45.531 0.0000000000
69969  -49.569  -37.067  45.157 0.0000000000
69984  -47.646  -37.344  44.794 0.0000000000
36620  -19.970  -65.963  59.357 0.0000000000
40702  -23.865  -61.779  59.212 0.0000000000
42039  -22.401  -61.541  56.770 0.0000000000
42053  -20.509  -61.011  55.911 0.0000000000
45440  -21.423  -58.998  53.987 0.0000000000
43244  -20.306  -60.078  54.812 0.0000000000
42051  -18.603  -61.040  55.119 0.0000000000
42064  -17.469  -61.065  54.357 0.0000000000
47773  -30.931  -56.067  63.472 0.0000000000
49181  -31.051  -55.143  61.154 0.0000000000
49223  -29.986  -55.012  58.815 0.0000000000
49287  -32.648  -55.854  57.057 0.0000000000
50480  -31.378  -54.831  56.396 0.0000000000
50464  -30.148  -54.611  56.715 0.0000000000
50496  -29.093  -54.725  54.711 0.0000000000
49337  -27.980  -55.633  52.874 0.0000000000
46660  -27.040  -57.390  51.795 0.0000000000
39414  -29.968  -63.207  55.268 0.0000000000
42067  -29.095  -61.995  54.787 0.0000000000
42076  -28.523  -61.540  53.634 0.0000000000
43255  -27.694  -60.262  52.624 0.0000000000
44349  -26.994  -59.915  51.837 0.0000000000
44347  -25.864  -59.405  50.676 0.0000000000
51582  -42.998  -53.911  59.186 0.0000000000
51581  -42.373  -53.509  58.900 0.0000000000
50437  -43.282  -54.405  59.580 0.0000000000
50455  -43.367  -55.009  59.238 0.0000000000
50454  -43.247  -54.738  58.799 0.0000000000
50470  -43.119  -54.856  58.236 0.0000000000
62166  -39.840  -44.586  46.248 0.0000000000
62167  -40.742  -44.285  46.262 0.0000000000
62168  -41.691  -43.951  46.171 0.0000000000
45259  -30.914  -57.695  65.555 0.0000000000
46441  -31.180  -57.049  65.490 0.0000000000
44353  -40.079  -59.665  51.158 0.0000000000
55108  -41.496  -49.962  52.906 0.0000000000
55109  -42.290  -49.838  52.861 0.0000000000
45279  -38.255  -57.011  64.001 0.0000000000
45320  -37.928  -57.212  63.078 0.0000000000
45299  -38.191  -57.100  63.534 0.0000000000
38074  -38.991  -64.530  54.464 0.0000000000
44352  -39.162  -59.726  51.700 0.0000000000
43278  -40.418  -60.508  51.205 0.0000000000
71069  -52.163  -36.472  51.939 0.0000000000
69885  -51.508  -37.385  51.544 0.0000000000
71087  -51.132  -36.455  50.835 0.0000000000
36577  -24.702  -65.278  62.659 0.0000000000
37985  -24.003  -64.820  60.478 0.0000000000
39346  -24.325  -63.595  61.088 0.0000000000
47963  -24.996  -56.282  50.367 0.0000000000
49365  -24.304  -55.908  50.416 0.0000000000
46676  -24.572  -57.615  49.634 0.0000000000
45501  -24.201  -58.527  49.452 0.0000000000
46677  -25.201  -57.889  50.115 0.0000000000
38023  -32.249  -64.259  58.256 0.0000000000
39378  -31.567  -63.039  57.697 0.0000000000
38040  -31.971  -64.813  57.803 0.0000000000
47931  -38.198  -56.731  54.544 0.0000000000
47932  -38.992  -56.625  54.846 0.0000000000
53861  -40.541  -51.489  57.469 0.0000000000
55008  -41.382  -50.751  57.166 0.0000000000
43223  -41.732  -60.322  56.485 0.0000000000
43224  -42.543  -60.354  57.221 0.0000000000
42043  -40.992  -61.163  56.482 0.0000000000
46631  -39.237  -57.555  54.920 0.0000000000
45434  -39.481  -58.365  55.044 0.0000000000
45447  -38.133  -58.470  54.463 0.0000000000
41964  -28.107  -61.164  64.941 0.0000000000
43122  -27.463  -60.951  64.094 0.0000000000
43123  -28.163  -60.446  64.257 0.0000000000
47844  -28.521  -56.302  59.244 0.0000000000
47864  -28.709  -55.919  58.623 0.0000000000
49243  -28.504  -55.788  57.959 0.0000000000
50504  -36.433  -54.797  53.785 0.0000000000
50503  -35.631  -54.710  53.235 0.0000000000
51618  -36.090  -53.822  53.672 0.0000000000
55119  -35.109  -50.782  51.369 0.0000000000
55118  -34.435  -51.319  50.946 0.0000000000
58539  -40.280  -47.813  50.058 0.0000000000
58559  -41.762  -47.345  49.905 0.0000000000
49099  -34.789  -55.115  65.847 0.0000000000
49120  -34.620  -55.186  64.874 0.0000000000
49143  -35.345  -55.783  64.174 0.0000000000
44285  -35.792  -59.037  56.959 0.0000000000
43206  -35.240  -60.238  56.690 0.0000000000
42029  -35.972  -61.166  57.217 0.0000000000
43192  -40.746  -60.369  58.885 0.0000000000
43191  -39.811  -60.624  58.938 0.0000000000
41996  -40.404  -61.492  59.352 0.0000000000
35258  -36.555  -65.909  57.305 0.0000000000
35239  -36.929  -65.475  58.276 0.0000000000
35257  -35.877  -66.348  57.367 0.0000000000
35238  -35.768  -66.000  57.931 0.0000000000
33980  -35.915  -66.553  57.053 0.0000000000
39470  -40.249  -62.850  52.016 0.0000000000
40813  -39.651  -62.826  51.243 0.0000000000
55038  -47.813  -50.107  56.834 0.0000000000
58497  -50.439  -48.232  53.686 0.0000000000
58484  -50.840  -48.533  54.438 0.0000000000
57342  -49.466  -48.845  53.922 0.0000000000
57341  -48.404  -48.778  53.656 0.0000000000
58495  -48.637  -48.124  52.989 0.0000000000
57355  -47.948  -48.307  53.085 0.0000000000
61002  -48.286  -45.476  50.009 0.0000000000
61028  -47.601  -45.075  49.146 0.0000000000
61027  -46.416  -45.565  49.148 0.0000000000
65399  -53.026  -40.726  52.983 0.0000000000
65445  -53.090  -41.294  51.931 0.0000000000
64282  -52.682  -41.857  51.420 0.0000000000
65466  -52.558  -41.239  51.099 0.0000000000
66632  -47.520  -40.579  48.801 0.0000000000
65495  -47.789  -41.750  48.518 0.0000000000
65509  -47.053  -41.203  48.102 0.0000000000
65508  -46.169  -41.490  47.501 0.0000000000
65515  -45.341  -41.347  47.159 0.0000000000
66643  -45.660  -40.565  47.566 0.0000000000
69956  -46.919  -36.756  46.783 0.0000000000
69965  -45.712  -37.663  46.691 0.0000000000
68857  -45.801  -37.364  45.575 0.0000000000
69983  -46.435  -37.370  45.119 0.0000000000
71114  -53.185  -36.336  47.973 0.0000000000
71137  -52.911  -36.850  47.022 0.0000000000
33889  -20.209  -67.299  63.206 0.0000000000
40717  -19.947  -62.794  57.129 0.0000000000
39404  -19.148  -62.711  56.871 0.0000000000
40732  -17.895  -62.528  56.194 0.0000000000
40751  -18.616  -61.789  55.832 0.0000000000
45405  -24.424  -58.485  57.813 0.0000000000
44292  -23.891  -59.125  57.427 0.0000000000
45430  -23.724  -58.291  56.018 0.0000000000
43299  -17.292  -61.062  49.944 0.0000000000
49225  -33.628  -55.714  59.120 0.0000000000
49224  -33.160  -55.026  59.739 0.0000000000
49247  -33.293  -55.799  58.325 0.0000000000
44306  -29.781  -59.371  55.527 0.0000000000
45444  -29.717  -58.367  54.829 0.0000000000
45443  -29.067  -58.906  54.476 0.0000000000
45455  -29.308  -57.846  54.144 0.0000000000
44318  -28.761  -59.486  54.327 0.0000000000
49288  -40.907  -55.269  56.421 0.0000000000
50493  -40.527  -54.955  56.427 0.0000000000
51580  -41.713  -53.149  58.588 0.0000000000
52692  -41.457  -52.091  58.690 0.0000000000
47832  -42.946  -55.519  59.659 0.0000000000
47895  -43.325  -56.429  57.663 0.0000000000
46600  -43.340  -56.445  58.039 0.0000000000
46610  -43.277  -57.227  56.983 0.0000000000
45425  -43.051  -58.424  56.766 0.0000000000
46609  -42.747  -57.713  56.447 0.0000000000
45437  -41.838  -58.549  55.898 0.0000000000
46621  -42.236  -57.708  55.998 0.0000000000
49289  -41.511  -55.713  56.442 0.0000000000
47908  -41.788  -56.291  56.173 0.0000000000
49304  -41.186  -55.994  56.090 0.0000000000
62176  -38.271  -44.590  45.395 0.0000000000
64336  -40.349  -42.782  45.137 0.0000000000
64345  -40.225  -42.084  44.703 0.0000000000
43107  -29.517  -59.772  65.767 0.0000000000
44180  -29.305  -59.679  64.977 0.0000000000
44181  -29.726  -58.967  65.097 0.0000000000
46453  -30.486  -57.259  64.323 0.0000000000
45295  -29.986  -57.759  63.916 0.0000000000
46469  -30.032  -57.267  63.270 0.0000000000
47786  -29.721  -56.748  61.881 0.0000000000
47787  -30.281  -56.281  62.347 0.0000000000
45490  -39.509  -58.134  50.938 0.0000000000
53915  -37.882  -51.577  54.500 0.0000000000
53927  -37.744  -51.352  53.798 0.0000000000
55106  -39.465  -50.174  52.723 0.0000000000
55087  -37.554  -50.998  53.075 0.0000000000
55105  -38.273  -50.255  52.471 0.0000000000
55122  -38.437  -49.620  51.842 0.0000000000
56190  -41.796  -49.140  51.854 0.0000000000
57366  -41.571  -48.713  51.317 0.0000000000
57385  -41.353  -48.264  50.784 0.0000000000
57367  -42.376  -48.628  51.492 0.0000000000
47743  -36.887  -56.510  65.574 0.0000000000
46455  -36.452  -56.892  64.040 0.0000000000
46471  -36.729  -56.989  63.767 0.0000000000
45363  -36.537  -56.852  61.388 0.0000000000
46528  -36.497  -56.823  60.450 0.0000000000
46569  -36.185  -57.052  58.760 0.0000000000
38043  -40.498  -64.373  57.602 0.0000000000
38042  -39.952  -64.766  57.801 0.0000000000
36679  -40.020  -64.787  56.984 0.0000000000
36690  -38.066  -65.083  55.965 0.0000000000
35280  -37.588  -65.457  56.462 0.0000000000
36688  -36.820  -65.647  55.540 0.0000000000
35289  -36.357  -66.147  55.533 0.0000000000
42100  -40.546  -61.243  51.084 0.0000000000
59734  -51.871  -47.149  53.217 0.0000000000
60980  -52.552  -45.399  51.275 0.0000000000
59777  -52.042  -46.184  51.792 0.0000000000
60979  -51.450  -45.671  51.072 0.0000000000
59797  -49.805  -45.681  50.722 0.0000000000
68771  -52.886  -38.259  52.883 0.0000000000
68757  -53.030  -38.203  53.382 0.0000000000
67687  -52.526  -38.869  52.450 0.0000000000
67705  -52.250  -39.156  52.028 0.0000000000
67704  -51.613  -39.181  51.582 0.0000000000
68806  -50.382  -38.397  50.776 0.0000000000
67721  -50.001  -39.276  50.487 0.0000000000
67720  -49.593  -39.019  50.291 0.0000000000
67737  -48.585  -39.389  49.682 0.0000000000
68835  -48.049  -38.535  49.144 0.0000000000
68823  -48.576  -38.541  49.610 0.0000000000
71096  -49.551  -36.347  49.331 0.0000000000
69934  -48.941  -36.845  49.018 0.0000000000
71111  -48.520  -36.394  48.352 0.0000000000
71132  -47.413  -36.754  47.461 0.0000000000
69973  -53.469  -37.066  45.646 0.0000000000
33921  -22.771  -67.165  61.972 0.0000000000
35180  -21.969  -66.666  61.180 0.0000000000
35201  -22.504  -66.181  60.752 0.0000000000
39377  -23.033  -63.805  58.680 0.0000000000
38022  -22.837  -64.490  59.051 0.0000000000
39392  -22.367  -63.217  57.876 0.0000000000
39391  -21.353  -63.424  57.852 0.0000000000
47925  -24.333  -56.600  54.670 0.0000000000
47924  -23.602  -57.023  54.238 0.0000000000
47936  -23.410  -56.580  53.473 0.0000000000
47993  -22.275  -56.847  49.827 0.0000000000
47960  -21.903  -56.638  50.841 0.0000000000
46674  -21.521  -56.997  50.380 0.0000000000
46673  -20.707  -57.654  50.264 0.0000000000
45497  -20.723  -58.448  49.352 0.0000000000
44368  -20.265  -59.357  49.133 0.0000000000
44369  -21.263  -59.235  48.983 0.0000000000
43284  -23.168  -60.357  49.392 0.0000000000
42133  -22.333  -60.771  49.251 0.0000000000
44281  -32.298  -59.806  56.672 0.0000000000
45407  -32.160  -59.047  56.640 0.0000000000
40722  -30.913  -62.558  57.044 0.0000000000
42042  -30.449  -61.781  56.611 0.0000000000
42041  -29.857  -61.072  56.165 0.0000000000
40738  -29.940  -62.060  56.026 0.0000000000
44330  -36.706  -59.054  53.120 0.0000000000
45457  -36.800  -58.461  53.569 0.0000000000
47942  -36.931  -56.606  53.901 0.0000000000
50505  -37.054  -55.233  54.159 0.0000000000
50500  -37.517  -54.679  54.687 0.0000000000
52712  -38.717  -52.640  56.252 0.0000000000
51605  -37.780  -53.344  55.390 0.0000000000
52711  -38.083  -52.577  55.731 0.0000000000
53899  -37.981  -51.854  55.196 0.0000000000
53900  -38.878  -51.531  55.639 0.0000000000
55051  -41.309  -50.746  55.272 0.0000000000
55072  -41.114  -50.683  54.357 0.0000000000
47776  -39.772  -56.290  62.916 0.0000000000
47792  -39.392  -56.311  62.430 0.0000000000
47810  -40.054  -55.878  61.501 0.0000000000
47848  -41.265  -55.803  59.451 0.0000000000
49229  -40.596  -55.739  59.233 0.0000000000
47870  -40.870  -56.324  58.645 0.0000000000
45400  -41.296  -58.500  58.307 0.0000000000
45402  -42.643  -58.228  57.783 0.0000000000
43210  -42.584  -60.204  57.724 0.0000000000
43195  -42.673  -59.724  57.797 0.0000000000
42031  -42.241  -60.924  57.868 0.0000000000
42015  -41.964  -61.105  58.345 0.0000000000
40712  -41.940  -61.417  58.098 0.0000000000
39396  -41.420  -62.920  57.990 0.0000000000
40725  -41.567  -62.293  57.739 0.0000000000
39416  -40.437  -63.412  56.010 0.0000000000
38075  -39.730  -64.343  54.630 0.0000000000
38076  -40.119  -64.118  54.879 0.0000000000
38091  -40.254  -63.997  54.166 0.0000000000
40770  -39.843  -62.755  54.523 0.0000000000
44310  -40.398  -59.444  55.589 0.0000000000
43237  -39.626  -60.201  55.466 0.0000000000
43249  -38.437  -60.313  54.736 0.0000000000
42057  -38.865  -60.779  55.184 0.0000000000
40780  -39.535  -61.961  53.649 0.0000000000
42079  -39.120  -61.630  53.557 0.0000000000
42087  -39.478  -61.276  52.981 0.0000000000
42078  -38.367  -61.198  53.692 0.0000000000
44320  -37.748  -59.348  54.250 0.0000000000
43265  -37.445  -59.988  53.254 0.0000000000
44341  -38.433  -60.056  52.255 0.0000000000
73426  -54.385  -34.362  51.501 0.0000000000
73440  -54.909  -34.712  50.799 0.0000000000
72300  -55.366  -35.338  50.285 0.0000000000
71099  -55.558  -36.370  49.178 0.0000000000
71117  -56.097  -36.655  48.522 0.0000000000
71140  -55.483  -36.900  47.768 0.0000000000
71141  -56.549  -36.755  47.605 0.0000000000
40654  -25.742  -62.782  63.491 0.0000000000
40673  -24.878  -62.359  62.182 0.0000000000
41980  -25.477  -61.556  62.655 0.0000000000
44244  -26.295  -59.508  61.655 0.0000000000
43166  -25.790  -60.080  61.796 0.0000000000
44257  -25.538  -59.471  60.886 0.0000000000
45375  -25.323  -58.930  59.943 0.0000000000
45356  -25.787  -58.881  60.454 0.0000000000
45315  -28.538  -58.566  62.597 0.0000000000
44231  -27.773  -59.150  62.420 0.0000000000
45336  -28.037  -58.303  61.726 0.0000000000
47862  -27.230  -56.849  58.634 0.0000000000
46544  -27.360  -57.363  59.747 0.0000000000
46566  -26.571  -57.291  58.781 0.0000000000
46591  -25.928  -57.265  57.964 0.0000000000
47888  -26.375  -56.820  57.541 0.0000000000
47902  -25.581  -56.887  56.675 0.0000000000
47903  -26.284  -56.512  56.770 0.0000000000
49297  -27.713  -55.220  55.199 0.0000000000
49296  -26.715  -55.548  55.106 0.0000000000
49335  -26.055  -55.211  52.420 0.0000000000
49336  -27.088  -55.403  52.524 0.0000000000
46651  -36.118  -57.783  52.717 0.0000000000
45476  -36.941  -58.349  51.773 0.0000000000
46650  -35.773  -57.126  52.577 0.0000000000
47967  -35.448  -56.371  51.784 0.0000000000
47982  -35.846  -56.210  50.952 0.0000000000
53925  -35.945  -52.027  53.079 0.0000000000
52722  -35.294  -53.102  52.966 0.0000000000
52732  -34.830  -52.806  52.461 0.0000000000
52742  -34.048  -52.900  51.107 0.0000000000
57382  -38.577  -48.459  50.406 0.0000000000
58556  -38.990  -47.430  49.470 0.0000000000
59821  -38.728  -46.709  48.411 0.0000000000
59823  -40.996  -46.415  48.617 0.0000000000
61041  -40.666  -46.089  48.165 0.0000000000
47720  -32.392  -55.887  66.818 0.0000000000
47741  -32.154  -55.799  66.075 0.0000000000
49097  -32.659  -55.361  65.618 0.0000000000
49141  -33.550  -55.117  63.690 0.0000000000
49184  -34.367  -55.670  61.615 0.0000000000
46488  -35.901  -56.800  62.364 0.0000000000
47790  -35.691  -56.683  62.787 0.0000000000
45394  -34.628  -57.572  58.101 0.0000000000
46546  -34.842  -56.989  59.892 0.0000000000
45378  -34.349  -57.261  58.610 0.0000000000
46545  -34.502  -56.990  59.561 0.0000000000
45393  -33.992  -57.785  57.798 0.0000000000
45409  -33.567  -58.605  57.092 0.0000000000
42027  -33.867  -61.687  57.488 0.0000000000
43204  -33.368  -60.671  56.886 0.0000000000
42008  -33.701  -62.244  58.057 0.0000000000
40705  -32.833  -62.674  58.348 0.0000000000
40688  -33.417  -63.317  58.737 0.0000000000
49227  -38.584  -55.448  59.464 0.0000000000
49207  -38.134  -55.751  60.570 0.0000000000
49248  -38.245  -55.841  58.659 0.0000000000
44270  -38.588  -59.540  58.011 0.0000000000
45414  -38.484  -58.677  57.757 0.0000000000
43209  -38.224  -59.939  57.891 0.0000000000
44287  -37.930  -59.309  57.597 0.0000000000
43189  -38.077  -61.006  58.260 0.0000000000
38008  -39.806  -63.708  59.038 0.0000000000
39368  -39.149  -63.201  59.378 0.0000000000
38007  -38.700  -64.317  59.182 0.0000000000
37989  -37.174  -64.198  59.451 0.0000000000
39351  -37.408  -63.714  59.489 0.0000000000
39366  -37.191  -63.264  59.393 0.0000000000
40710  -37.136  -62.350  58.806 0.0000000000
39365  -36.403  -63.391  59.380 0.0000000000
40691  -35.987  -62.893  59.000 0.0000000000
39364  -35.623  -63.546  59.430 0.0000000000
35217  -34.778  -65.619  58.711 0.0000000000
36626  -34.882  -65.028  59.212 0.0000000000
36648  -34.377  -65.392  58.835 0.0000000000
36647  -33.767  -65.406  58.660 0.0000000000
33959  -34.091  -67.033  57.906 0.0000000000
39467  -38.353  -63.214  51.959 0.0000000000
32662  -21.726  -68.620  63.982 0.0000000000
37916  -26.159  -64.057  65.854 0.0000000000
46393  -32.590  -56.921  68.764 0.0000000000
46410  -32.409  -56.697  67.776 0.0000000000
49056  -34.117  -55.322  67.770 0.0000000000
49033  -34.001  -55.548  68.793 0.0000000000
49035  -35.916  -55.219  68.494 0.0000000000
49057  -35.374  -55.259  67.735 0.0000000000
49058  -36.345  -55.396  67.634 0.0000000000
49059  -36.969  -55.510  67.460 0.0000000000
49037  -37.625  -54.890  68.027 0.0000000000
47702  -37.816  -55.662  66.803 0.0000000000
46427  -37.823  -56.477  65.498 0.0000000000
47703  -38.297  -55.502  66.641 0.0000000000
46412  -38.648  -55.543  65.862 0.0000000000
47724  -38.861  -55.409  65.878 0.0000000000
46446  -39.309  -55.765  64.644 0.0000000000
46430  -39.246  -55.427  65.150 0.0000000000
49122  -40.187  -54.901  64.392 0.0000000000
47761  -40.933  -55.039  63.501 0.0000000000
51550  -43.493  -53.477  61.822 0.0000000000
52667  -43.736  -51.837  61.586 0.0000000000
52673  -43.177  -52.162  61.067 0.0000000000
53776  -44.008  -51.373  61.502 0.0000000000
54949  -44.880  -50.430  60.906 0.0000000000
54948  -44.255  -50.430  60.422 0.0000000000
54959  -43.183  -50.465  59.137 0.0000000000
55013  -46.360  -50.144  58.016 0.0000000000
54986  -46.489  -49.917  58.784 0.0000000000
55012  -45.508  -50.324  57.865 0.0000000000
55011  -44.526  -50.362  57.851 0.0000000000
55036  -45.201  -50.601  57.291 0.0000000000
55035  -44.553  -50.679  57.021 0.0000000000
53904  -45.697  -50.774  55.643 0.0000000000
53918  -45.504  -50.726  55.112 0.0000000000
55075  -44.573  -50.679  54.744 0.0000000000
53917  -45.166  -50.708  54.948 0.0000000000
57328  -50.336  -49.242  55.238 0.0000000000
56129  -48.975  -49.898  56.201 0.0000000000
56159  -46.606  -49.282  53.817 0.0000000000
56142  -46.631  -49.812  54.387 0.0000000000
55094  -45.142  -50.016  54.110 0.0000000000
56157  -44.785  -49.636  53.470 0.0000000000
56176  -45.238  -49.058  53.118 0.0000000000
58509  -46.114  -47.918  52.099 0.0000000000
57370  -44.866  -48.271  51.964 0.0000000000
58508  -45.422  -48.009  51.885 0.0000000000
58524  -44.005  -47.940  51.242 0.0000000000
58525  -44.881  -47.775  51.385 0.0000000000
59752  -48.940  -46.973  51.971 0.0000000000
59751  -48.098  -47.087  51.751 0.0000000000
59793  -45.767  -46.559  50.295 0.0000000000
59792  -44.578  -47.049  50.364 0.0000000000
59812  -43.887  -46.548  49.466 0.0000000000
61046  -45.620  -45.051  48.309 0.0000000000
61045  -44.495  -45.495  48.367 0.0000000000
61056  -43.823  -44.994  47.658 0.0000000000
61055  -42.790  -45.099  47.564 0.0000000000
63186  -52.015  -42.973  50.307 0.0000000000
62137  -52.222  -43.622  50.274 0.0000000000
62136  -51.684  -43.687  49.928 0.0000000000
61031  -50.478  -44.364  49.697 0.0000000000
62135  -50.828  -43.801  49.517 0.0000000000
65464  -51.051  -41.051  50.599 0.0000000000
65485  -51.186  -41.525  50.456 0.0000000000
65484  -50.525  -41.416  50.231 0.0000000000
63204  -49.857  -42.689  49.138 0.0000000000
63202  -48.387  -43.138  48.319 0.0000000000
62152  -48.704  -43.771  48.648 0.0000000000
62151  -47.699  -43.758  48.144 0.0000000000
62150  -46.941  -44.188  48.005 0.0000000000
62162  -47.040  -43.750  47.774 0.0000000000
63222  -45.005  -43.113  47.013 0.0000000000
63213  -45.502  -43.330  47.162 0.0000000000
62171  -44.404  -43.665  47.026 0.0000000000
62170  -43.558  -43.759  46.798 0.0000000000
63220  -43.009  -43.307  46.331 0.0000000000
63231  -43.259  -42.736  46.182 0.0000000000
65513  -43.792  -41.068  46.324 0.0000000000
65521  -43.359  -41.259  46.089 0.0000000000
66654  -42.523  -40.449  45.818 0.0000000000
67757  -45.376  -39.536  47.577 0.0000000000
68845  -45.743  -38.603  47.550 0.0000000000
68855  -44.317  -38.217  45.772 0.0000000000
68849  -43.802  -38.889  46.369 0.0000000000
68854  -43.410  -38.569  45.536 0.0000000000
68853  -42.535  -38.902  45.199 0.0000000000
72297  -51.431  -35.579  50.530 0.0000000000
72360  -50.911  -35.603  47.529 0.0000000000
72359  -50.050  -35.636  47.132 0.0000000000
72374  -49.246  -35.778  46.586 0.0000000000
71147  -50.021  -35.995  46.271 0.0000000000
69971  -51.601  -36.914  45.477 0.0000000000
69957  -51.882  -36.818  45.958 0.0000000000
69968  -48.509  -36.933  45.221 0.0000000000
36622  -21.431  -65.741  59.711 0.0000000000
35214  -20.811  -66.246  60.084 0.0000000000
36621  -20.641  -65.879  59.552 0.0000000000
38037  -19.089  -64.274  58.018 0.0000000000
38018  -19.225  -64.909  58.412 0.0000000000
38035  -17.251  -64.395  57.478 0.0000000000
40731  -16.900  -62.760  55.854 0.0000000000
39401  -16.135  -63.676  55.989 0.0000000000
39413  -16.168  -63.022  55.404 0.0000000000
40748  -15.893  -62.700  54.726 0.0000000000
41988  -24.192  -61.545  60.526 0.0000000000
40687  -23.935  -62.320  59.706 0.0000000000
42003  -23.790  -61.228  58.934 0.0000000000
43233  -22.839  -60.198  56.043 0.0000000000
42040  -23.039  -61.176  57.066 0.0000000000
43215  -22.105  -60.886  56.098 0.0000000000
42038  -21.457  -61.320  56.294 0.0000000000
43231  -21.442  -60.464  55.629 0.0000000000
45452  -22.009  -58.145  53.541 0.0000000000
45441  -22.203  -58.622  54.267 0.0000000000
45451  -21.198  -58.444  53.253 0.0000000000
44325  -19.332  -59.530  53.484 0.0000000000
44314  -19.866  -59.586  53.881 0.0000000000
43243  -19.466  -60.013  54.347 0.0000000000
43229  -19.530  -60.512  55.104 0.0000000000
43242  -18.475  -60.472  54.396 0.0000000000
42065  -18.125  -60.949  54.692 0.0000000000
43241  -17.972  -60.481  53.984 0.0000000000
42130  -19.515  -61.332  49.226 0.0000000000
42129  -18.462  -61.509  49.390 0.0000000000
49117  -31.954  -55.580  64.464 0.0000000000
49139  -31.605  -55.556  63.525 0.0000000000
50425  -31.653  -54.695  60.272 0.0000000000
49202  -30.932  -54.924  60.427 0.0000000000
49201  -30.194  -55.397  60.252 0.0000000000
50434  -30.824  -54.715  59.141 0.0000000000
46607  -31.846  -57.751  56.315 0.0000000000
47907  -32.668  -56.389  56.999 0.0000000000
47906  -32.149  -56.872  56.307 0.0000000000
47928  -30.913  -56.457  54.816 0.0000000000
49300  -31.393  -55.408  55.621 0.0000000000
50490  -31.048  -54.854  55.803 0.0000000000
50465  -30.683  -54.584  57.094 0.0000000000
50489  -30.537  -54.794  55.521 0.0000000000
50477  -29.354  -54.648  55.815 0.0000000000
50498  -30.257  -54.942  54.850 0.0000000000
45465  -28.256  -57.825  53.086 0.0000000000
47953  -28.453  -56.378  52.960 0.0000000000
46649  -28.048  -57.255  52.695 0.0000000000
47966  -27.228  -56.858  51.949 0.0000000000
45475  -27.301  -57.878  52.105 0.0000000000
39422  -29.894  -63.465  54.757 0.0000000000
40767  -29.373  -62.801  54.380 0.0000000000
40778  -28.855  -62.539  53.168 0.0000000000
42085  -28.245  -61.721  52.672 0.0000000000
43256  -28.055  -60.615  53.240 0.0000000000
43264  -27.848  -60.927  52.517 0.0000000000
43275  -26.786  -60.594  51.407 0.0000000000
44348  -26.553  -59.501  51.348 0.0000000000
43274  -26.029  -60.427  50.857 0.0000000000
50468  -42.125  -54.397  57.733 0.0000000000
51593  -42.221  -53.964  58.245 0.0000000000
50427  -43.266  -54.517  60.788 0.0000000000
49231  -43.163  -55.403  59.314 0.0000000000
49275  -43.451  -55.658  57.966 0.0000000000
47909  -42.367  -56.648  56.363 0.0000000000
49291  -42.990  -55.752  57.339 0.0000000000
50484  -42.382  -54.901  57.498 0.0000000000
61063  -39.547  -45.188  46.871 0.0000000000
62165  -38.887  -44.886  46.152 0.0000000000
62177  -39.192  -44.256  45.614 0.0000000000
63226  -38.714  -43.980  45.030 0.0000000000
63227  -39.402  -43.508  45.095 0.0000000000
63228  -40.326  -43.397  45.421 0.0000000000
63229  -41.437  -43.194  45.592 0.0000000000
44166  -30.793  -58.737  66.398 0.0000000000
45258  -30.486  -58.173  65.388 0.0000000000
47756  -30.762  -56.557  63.923 0.0000000000
55071  -40.067  -50.724  54.254 0.0000000000
55089  -39.793  -50.520  53.472 0.0000000000
56170  -40.240  -49.656  52.203 0.0000000000
56171  -41.183  -49.602  52.310 0.0000000000
46457  -37.379  -57.038  64.649 0.0000000000
45277  -37.202  -57.088  64.025 0.0000000000
45298  -37.723  -57.119  63.548 0.0000000000
46489  -37.317  -57.004  62.213 0.0000000000
47826  -37.240  -56.410  60.553 0.0000000000
36703  -38.153  -64.774  55.235 0.0000000000
36702  -37.294  -65.012  55.196 0.0000000000
38072  -37.000  -64.625  54.622 0.0000000000
38087  -36.575  -64.136  54.056 0.0000000000
43277  -39.904  -60.601  52.032 0.0000000000
68786  -52.092  -38.285  52.039 0.0000000000
68785  -51.512  -38.318  51.613 0.0000000000
69906  -49.996  -37.572  50.348 0.0000000000
69922  -49.888  -36.823  49.908 0.0000000000
71097  -50.152  -36.109  49.755 0.0000000000
35183  -23.918  -66.218  61.826 0.0000000000
36607  -23.281  -65.595  60.400 0.0000000000
36608  -23.791  -65.547  60.834 0.0000000000
38002  -23.675  -64.315  59.865 0.0000000000
40686  -23.730  -63.220  59.224 0.0000000000
49319  -24.178  -55.608  52.787 0.0000000000
47950  -23.319  -55.977  52.247 0.0000000000
49348  -23.997  -55.703  50.866 0.0000000000
47978  -23.422  -56.041  50.299 0.0000000000
46694  -23.098  -57.616  49.286 0.0000000000
45499  -22.616  -58.352  49.153 0.0000000000
45500  -23.437  -58.464  49.237 0.0000000000
44372  -23.746  -59.271  49.370 0.0000000000
43285  -23.840  -60.227  49.625 0.0000000000
43187  -32.237  -61.470  57.418 0.0000000000
43202  -31.694  -60.920  56.929 0.0000000000
40703  -31.505  -62.555  57.511 0.0000000000
39394  -31.380  -63.269  57.517 0.0000000000
39405  -30.889  -63.434  56.798 0.0000000000
45446  -37.405  -58.504  54.075 0.0000000000
46641  -37.128  -57.616  53.932 0.0000000000
46629  -37.802  -57.633  54.334 0.0000000000
51607  -39.161  -53.697  56.282 0.0000000000
53883  -39.833  -51.491  56.880 0.0000000000
53901  -39.639  -51.203  56.091 0.0000000000
55032  -41.455  -50.681  56.179 0.0000000000
47811  -41.079  -55.838  61.507 0.0000000000
47829  -40.773  -55.704  60.548 0.0000000000
47871  -41.900  -56.458  58.649 0.0000000000
45416  -43.099  -58.097  57.446 0.0000000000
44288  -42.825  -59.093  57.607 0.0000000000
43225  -42.876  -59.976  57.014 0.0000000000
42045  -41.964  -61.384  57.511 0.0000000000
40741  -41.517  -62.092  57.325 0.0000000000
40740  -40.832  -62.407  56.602 0.0000000000
44309  -39.547  -59.249  55.192 0.0000000000
44308  -39.043  -59.371  54.952 0.0000000000
42068  -38.028  -60.562  54.363 0.0000000000
43248  -38.015  -59.989  54.439 0.0000000000
40656  -26.952  -61.868  64.314 0.0000000000
41981  -26.080  -61.322  63.080 0.0000000000
43138  -26.441  -61.014  63.176 0.0000000000
43139  -27.055  -60.702  63.453 0.0000000000
44230  -27.051  -59.562  62.238 0.0000000000
46504  -28.518  -57.464  61.169 0.0000000000
46503  -28.014  -57.902  61.087 0.0000000000
46524  -28.305  -57.200  60.499 0.0000000000
47843  -27.884  -56.935  59.515 0.0000000000
47889  -27.115  -56.478  57.641 0.0000000000
47890  -27.940  -55.929  57.414 0.0000000000
49283  -27.746  -55.408  56.077 0.0000000000
47940  -35.771  -56.668  53.053 0.0000000000
49340  -35.187  -55.512  52.572 0.0000000000
49339  -34.745  -54.960  52.252 0.0000000000
53937  -34.578  -52.125  51.877 0.0000000000
55102  -35.044  -51.405  51.940 0.0000000000
53949  -34.223  -52.091  51.099 0.0000000000
57383  -39.563  -48.241  50.404 0.0000000000
57399  -39.009  -47.983  49.996 0.0000000000
58557  -39.956  -47.326  49.569 0.0000000000
59808  -39.504  -46.884  49.021 0.0000000000
59809  -40.471  -46.866  49.083 0.0000000000
59824  -41.992  -46.348  48.761 0.0000000000
49098  -33.775  -55.020  65.683 0.0000000000
49142  -34.491  -55.373  63.896 0.0000000000
45361  -35.539  -56.815  60.539 0.0000000000
45338  -35.317  -56.669  60.867 0.0000000000
45395  -35.249  -57.423  58.558 0.0000000000
44283  -33.970  -59.586  56.771 0.0000000000
44297  -34.464  -59.710  56.684 0.0000000000
40723  -34.500  -61.986  57.704 0.0000000000
46572  -39.402  -57.687  57.922 0.0000000000
45398  -39.422  -58.830  58.154 0.0000000000
44271  -39.265  -59.706  58.355 0.0000000000
42013  -39.136  -61.168  58.950 0.0000000000
36650  -38.326  -65.125  58.379 0.0000000000
36630  -38.056  -64.769  58.987 0.0000000000
36649  -37.578  -65.265  58.461 0.0000000000
35220  -36.737  -65.275  58.827 0.0000000000
36628  -36.482  -65.059  59.185 0.0000000000
37987  -35.784  -64.310  59.605 0.0000000000
36627  -35.734  -65.113  59.268 0.0000000000
39468  -39.221  -63.280  51.853 0.0000000000
46394  -32.845  -56.650  69.476 0.0000000000
47650  -32.906  -56.186  70.522 0.0000000000
49036  -36.918  -55.132  68.083 0.0000000000
49016  -37.113  -54.540  68.823 0.0000000000
49082  -39.923  -54.439  66.075 0.0000000000
53757  -44.902  -50.886  62.437 0.0000000000
53778  -45.015  -50.739  61.885 0.0000000000
54929  -45.683  -50.422  62.231 0.0000000000
54939  -45.765  -50.316  61.542 0.0000000000
54950  -46.002  -50.111  60.466 0.0000000000
55014  -47.080  -49.955  57.994 0.0000000000
53866  -46.981  -50.217  57.495 0.0000000000
53888  -47.103  -50.440  56.922 0.0000000000
53906  -46.965  -50.578  56.385 0.0000000000
55057  -47.291  -50.479  55.873 0.0000000000
58485  -51.462  -48.261  55.124 0.0000000000
57327  -49.421  -49.349  54.651 0.0000000000
56144  -48.369  -49.764  54.965 0.0000000000
57326  -48.770  -49.255  54.275 0.0000000000
56160  -47.428  -49.304  54.046 0.0000000000
57339  -46.512  -48.751  53.268 0.0000000000
57338  -45.819  -48.735  53.077 0.0000000000
57354  -47.220  -48.281  52.853 0.0000000000
58510  -47.002  -47.831  52.264 0.0000000000
59795  -47.876  -46.132  50.626 0.0000000000
61000  -46.428  -46.066  49.890 0.0000000000
63165  -52.445  -42.945  50.750 0.0000000000
64281  -52.218  -42.207  50.692 0.0000000000
64302  -51.907  -42.460  50.417 0.0000000000
65482  -49.043  -40.885  49.640 0.0000000000
65497  -49.194  -41.698  49.417 0.0000000000
64313  -47.973  -42.508  48.177 0.0000000000
63215  -46.986  -43.179  47.527 0.0000000000
64325  -46.437  -42.437  47.358 0.0000000000
64332  -45.756  -42.146  47.128 0.0000000000
64331  -45.020  -42.227  46.909 0.0000000000
64330  -44.344  -42.437  46.665 0.0000000000
65514  -44.205  -41.491  46.521 0.0000000000
66649  -44.616  -40.601  46.959 0.0000000000
69946  -46.167  -38.074  47.535 0.0000000000
69945  -45.917  -38.228  47.435 0.0000000000
72339  -52.201  -35.640  48.327 0.0000000000
71136  -51.787  -36.160  47.187 0.0000000000
70004  -50.598  -36.958  44.147 0.0000000000
69986  -49.879  -37.139  44.522 0.0000000000
33932  -19.739  -66.705  60.929 0.0000000000
39375  -20.843  -64.083  58.288 0.0000000000
38019  -20.170  -64.618  58.467 0.0000000000
39389  -18.940  -63.475  57.460 0.0000000000
39388  -17.878  -63.777  57.263 0.0000000000
39387  -17.438  -63.930  57.166 0.0000000000
44269  -24.206  -59.574  58.987 0.0000000000
43186  -23.696  -60.384  58.404 0.0000000000
44278  -23.645  -59.695  57.549 0.0000000000
44291  -23.484  -59.578  56.826 0.0000000000
44304  -22.335  -59.640  55.339 0.0000000000
45461  -20.227  -58.324  52.147 0.0000000000
45450  -20.410  -58.731  52.953 0.0000000000
44335  -19.229  -59.080  52.482 0.0000000000
43262  -18.052  -59.925  52.979 0.0000000000
42092  -16.035  -61.663  51.312 0.0000000000
42102  -16.413  -61.641  50.517 0.0000000000
42127  -16.727  -62.013  49.868 0.0000000000
40847  -17.245  -62.430  49.635 0.0000000000
49182  -32.022  -54.880  61.465 0.0000000000
49203  -32.880  -54.850  60.671 0.0000000000
50426  -32.471  -54.735  60.170 0.0000000000
50452  -32.388  -54.812  58.519 0.0000000000
45432  -30.732  -58.433  55.740 0.0000000000
46617  -31.493  -57.435  55.738 0.0000000000
46616  -30.896  -57.439  55.200 0.0000000000
46628  -30.364  -57.392  54.680 0.0000000000
47927  -30.213  -56.687  54.229 0.0000000000
47939  -29.620  -56.516  53.783 0.0000000000
45454  -28.665  -58.389  53.768 0.0000000000
45453  -28.045  -58.973  53.328 0.0000000000
40805  -28.028  -63.096  51.719 0.0000000000
40787  -27.934  -62.248  51.868 0.0000000000
49302  -39.483  -55.804  55.288 0.0000000000
50481  -40.331  -54.361  56.658 0.0000000000
51601  -40.488  -53.798  57.130 0.0000000000
51602  -41.084  -54.052  57.355 0.0000000000
51591  -40.737  -53.270  57.736 0.0000000000
52701  -40.654  -52.305  57.868 0.0000000000
53862  -41.238  -51.479  58.078 0.0000000000
53863  -41.717  -51.138  58.308 0.0000000000
47813  -42.684  -55.321  61.532 0.0000000000
47831  -42.634  -55.520  60.433 0.0000000000
47850  -42.779  -55.840  59.224 0.0000000000
47874  -43.197  -56.025  58.499 0.0000000000
46577  -43.178  -56.577  58.108 0.0000000000
44299  -42.538  -59.441  56.568 0.0000000000
44298  -41.987  -59.650  56.268 0.0000000000
43239  -41.219  -60.275  56.183 0.0000000000
45436  -41.034  -58.557  55.652 0.0000000000
47922  -41.957  -57.127  55.856 0.0000000000
46619  -40.761  -57.585  55.487 0.0000000000
47920  -40.339  -56.664  55.415 0.0000000000
63235  -38.761  -43.433  44.401 0.0000000000
43106  -28.903  -60.445  65.299 0.0000000000
43124  -28.941  -59.932  64.542 0.0000000000
44199  -29.266  -59.139  64.219 0.0000000000
45293  -28.995  -58.627  63.180 0.0000000000
45294  -29.482  -58.227  63.617 0.0000000000
45316  -29.130  -58.091  62.706 0.0000000000
46485  -29.267  -57.398  62.047 0.0000000000
47804  -29.294  -56.771  61.217 0.0000000000
49200  -29.445  -56.007  60.122 0.0000000000
52716  -37.001  -52.803  54.505 0.0000000000
52715  -36.475  -53.120  53.988 0.0000000000
52724  -36.660  -52.458  53.959 0.0000000000
55086  -36.899  -51.202  52.928 0.0000000000
53939  -36.298  -51.410  52.766 0.0000000000
55120  -36.343  -50.167  51.514 0.0000000000
55133  -36.370  -49.593  50.793 0.0000000000
56185  -37.174  -49.467  51.111 0.0000000000
56186  -38.076  -49.260  51.364 0.0000000000
56207  -38.513  -48.832  50.998 0.0000000000
56188  -40.010  -49.153  51.618 0.0000000000
57364  -39.830  -48.677  51.027 0.0000000000
57384  -40.494  -48.277  50.598 0.0000000000
58541  -41.957  -47.770  50.452 0.0000000000
49100  -35.726  -55.448  66.020 0.0000000000
47758  -36.039  -56.320  64.513 0.0000000000
46470  -36.317  -56.893  63.263 0.0000000000
45317  -36.085  -56.825  62.159 0.0000000000
45318  -36.661  -56.892  62.542 0.0000000000
45340  -36.299  -56.846  61.783 0.0000000000
45362  -36.035  -56.885  60.898 0.0000000000
45381  -35.779  -57.034  60.084 0.0000000000
45412  -36.148  -57.630  57.698 0.0000000000
40697  -41.156  -62.127  59.038 0.0000000000
40696  -40.416  -62.114  59.400 0.0000000000
39381  -40.566  -63.067  58.882 0.0000000000
38027  -39.730  -64.572  58.421 0.0000000000
36651  -39.159  -64.977  58.298 0.0000000000
36678  -39.140  -64.956  56.763 0.0000000000
36665  -38.406  -65.277  57.326 0.0000000000
35269  -37.548  -65.520  56.987 0.0000000000
35268  -36.889  -65.831  56.645 0.0000000000
33997  -36.518  -66.238  56.331 0.0000000000
36700  -35.442  -65.754  54.639 0.0000000000
40836  -40.379  -61.763  50.761 0.0000000000
42117  -40.106  -61.522  50.223 0.0000000000
42142  -40.302  -60.910  49.804 0.0000000000
58498  -51.593  -47.820  53.947 0.0000000000
58513  -50.293  -47.607  52.867 0.0000000000
59753  -50.063  -46.947  52.154 0.0000000000
59775  -49.663  -46.312  51.356 0.0000000000
59776  -50.867  -46.356  51.604 0.0000000000
61003  -49.344  -45.267  50.140 0.0000000000
66588  -53.035  -40.591  51.920 0.0000000000
66587  -52.492  -40.376  51.634 0.0000000000
66604  -51.352  -40.451  50.925 0.0000000000
66603  -50.479  -40.361  50.613 0.0000000000
67722  -50.983  -39.295  51.112 0.0000000000
66622  -49.365  -40.464  49.908 0.0000000000
66621  -48.690  -40.198  49.623 0.0000000000
66633  -48.168  -40.413  49.290 0.0000000000
66631  -46.807  -40.088  48.424 0.0000000000
67747  -47.178  -39.529  48.695 0.0000000000
68833  -46.779  -39.005  48.368 0.0000000000
68847  -46.847  -38.399  48.268 0.0000000000
69920  -48.639  -37.933  49.489 0.0000000000
69932  -47.551  -37.670  48.474 0.0000000000
69947  -46.894  -37.623  47.902 0.0000000000
71144  -47.620  -36.363  46.898 0.0000000000
69949  -53.651  -37.091  46.830 0.0000000000
69948  -53.267  -37.053  46.699 0.0000000000
69959  -53.141  -37.068  46.301 0.0000000000
69972  -52.592  -36.987  45.540 0.0000000000
69988  -51.988  -37.029  44.987 0.0000000000
33919  -20.800  -67.253  61.654 0.0000000000
33920  -21.838  -67.278  61.710 0.0000000000
35200  -21.723  -66.359  60.732 0.0000000000
36645  -21.958  -65.318  59.409 0.0000000000
36624  -22.873  -65.512  59.957 0.0000000000
38021  -22.262  -64.770  58.959 0.0000000000
38020  -21.159  -64.698  58.706 0.0000000000
40718  -20.952  -62.795  57.330 0.0000000000
40735  -20.728  -62.080  56.726 0.0000000000
46614  -24.469  -57.507  56.232 0.0000000000
46613  -23.768  -57.872  55.521 0.0000000000
46625  -23.476  -57.601  54.751 0.0000000000
46635  -22.590  -57.586  53.587 0.0000000000
46647  -22.285  -57.272  52.851 0.0000000000
47961  -22.512  -56.332  51.431 0.0000000000
46657  -22.136  -56.971  52.177 0.0000000000
46645  -21.054  -57.699  51.964 0.0000000000
46655  -20.834  -57.574  51.191 0.0000000000
43302  -19.830  -60.304  49.079 0.0000000000
43304  -21.825  -60.036  48.966 0.0000000000
42132  -21.470  -60.855  49.092 0.0000000000
46593  -33.270  -57.524  57.639 0.0000000000
47891  -33.090  -56.721  57.688 0.0000000000
45423  -32.277  -58.475  56.724 0.0000000000
45422  -31.651  -58.664  56.421 0.0000000000
43219  -31.318  -60.268  56.656 0.0000000000
44295  -31.153  -59.660  56.459 0.0000000000
45421  -31.000  -59.061  56.238 0.0000000000
44294  -30.540  -59.493  56.171 0.0000000000
43217  -29.947  -60.040  56.112 0.0000000000
43235  -29.264  -60.381  55.425 0.0000000000
44350  -37.507  -59.133  51.980 0.0000000000
46640  -36.443  -57.561  53.427 0.0000000000
47941  -36.221  -56.624  53.445 0.0000000000
49327  -36.576  -55.829  53.779 0.0000000000
49317  -39.084  -56.079  54.921 0.0000000000
49301  -38.872  -55.292  55.195 0.0000000000
50501  -38.289  -54.861  55.082 0.0000000000
51612  -37.854  -54.048  55.155 0.0000000000
51611  -37.324  -53.676  54.811 0.0000000000
53898  -37.456  -52.115  54.780 0.0000000000
55049  -39.350  -51.005  54.814 0.0000000000
46459  -39.009  -56.758  64.030 0.0000000000
46491  -38.736  -56.784  62.710 0.0000000000
47809  -39.059  -56.016  61.641 0.0000000000
49208  -39.095  -55.446  60.275 0.0000000000
49228  -39.631  -55.530  59.356 0.0000000000
47828  -40.128  -55.720  60.789 0.0000000000
49250  -40.126  -55.938  58.727 0.0000000000
47869  -39.846  -56.629  58.208 0.0000000000
45399  -40.326  -58.621  58.284 0.0000000000
43181  -41.143  -60.969  59.069 0.0000000000
47849  -42.248  -55.924  59.461 0.0000000000
45401  -42.092  -58.382  58.094 0.0000000000
44275  -42.315  -59.046  58.056 0.0000000000
44274  -41.859  -59.405  58.266 0.0000000000
43193  -41.579  -60.457  58.607 0.0000000000
42014  -41.506  -61.399  58.865 0.0000000000
39382  -41.053  -62.803  58.572 0.0000000000
38044  -41.063  -63.593  57.783 0.0000000000
38055  -41.024  -63.898  57.265 0.0000000000
38054  -40.720  -64.094  56.579 0.0000000000
36705  -39.858  -64.404  55.275 0.0000000000
38089  -38.810  -64.158  53.478 0.0000000000
38106  -39.276  -63.846  52.845 0.0000000000
38107  -39.702  -63.845  53.047 0.0000000000
39452  -40.147  -63.149  52.560 0.0000000000
40794  -40.294  -62.345  52.640 0.0000000000
43238  -40.548  -60.540  55.985 0.0000000000
40755  -38.885  -61.671  54.997 0.0000000000
40769  -39.216  -62.117  54.245 0.0000000000
42088  -40.027  -61.538  52.717 0.0000000000
43258  -37.977  -60.755  53.656 0.0000000000
43267  -39.125  -60.660  52.529 0.0000000000
44342  -39.044  -60.201  52.142 0.0000000000
72277  -51.938  -35.628  51.189 0.0000000000
73424  -52.901  -35.149  51.712 0.0000000000
73438  -52.951  -34.974  51.347 0.0000000000
73456  -53.049  -34.886  50.638 0.0000000000
73457  -53.552  -34.980  50.246 0.0000000000
72321  -53.873  -35.391  49.624 0.0000000000
72341  -54.226  -35.978  49.141 0.0000000000
71115  -54.182  -36.465  48.443 0.0000000000
72301  -56.191  -35.397  50.290 0.0000000000
72323  -55.883  -35.925  49.806 0.0000000000
71098  -54.794  -36.334  49.026 0.0000000000
71139  -54.672  -36.901  47.893 0.0000000000
69950  -54.630  -37.090  47.104 0.0000000000
69961  -54.948  -37.007  46.373 0.0000000000
69962  -55.805  -36.816  46.315 0.0000000000
69975  -55.226  -36.856  45.775 0.0000000000
37970  -24.932  -63.873  62.304 0.0000000000
39333  -24.690  -63.393  61.934 0.0000000000
39334  -25.045  -63.288  62.576 0.0000000000
41984  -24.520  -61.702  61.406 0.0000000000
43164  -24.547  -61.039  60.991 0.0000000000
43152  -25.441  -60.988  62.164 0.0000000000
43165  -25.164  -60.519  61.491 0.0000000000
43173  -24.500  -60.491  60.452 0.0000000000
44265  -24.653  -59.629  59.867 0.0000000000
45390  -24.505  -58.831  58.644 0.0000000000
46589  -24.713  -58.097  57.696 0.0000000000
43155  -27.380  -59.663  62.622 0.0000000000
45334  -26.866  -58.859  61.318 0.0000000000
45359  -27.678  -58.155  61.090 0.0000000000
45358  -27.108  -58.329  60.823 0.0000000000
45377  -26.643  -58.246  60.368 0.0000000000
46542  -26.042  -58.056  59.569 0.0000000000
46590  -25.094  -57.910  57.981 0.0000000000
46615  -25.156  -57.072  56.460 0.0000000000
47914  -25.323  -56.573  55.822 0.0000000000
49307  -24.982  -55.703  54.226 0.0000000000
47915  -26.450  -56.006  55.879 0.0000000000
49295  -25.936  -55.883  55.209 0.0000000000
49320  -25.240  -55.254  53.299 0.0000000000
49334  -25.040  -55.334  52.109 0.0000000000
49350  -25.907  -55.647  51.538 0.0000000000
47964  -25.775  -56.562  50.845 0.0000000000
36663  -32.193  -65.628  57.287 0.0000000000
45477  -37.629  -58.685  51.624 0.0000000000
46663  -37.319  -57.988  51.333 0.0000000000
46679  -37.112  -57.208  50.998 0.0000000000
46661  -35.673  -56.889  52.173 0.0000000000
47968  -35.895  -56.776  51.359 0.0000000000
47983  -36.832  -56.347  50.744 0.0000000000
51617  -35.452  -53.766  53.155 0.0000000000
51626  -34.897  -53.682  52.630 0.0000000000
50510  -34.559  -54.318  52.236 0.0000000000
52731  -34.321  -52.923  51.748 0.0000000000
50519  -34.325  -54.231  51.664 0.0000000000
49367  -34.771  -54.987  51.178 0.0000000000
57398  -38.324  -48.058  49.730 0.0000000000
59831  -39.679  -45.979  47.768 0.0000000000
61052  -39.298  -45.733  47.376 0.0000000000
49140  -32.547  -55.170  63.582 0.0000000000
49204  -33.953  -55.588  60.326 0.0000000000
47845  -34.022  -56.491  59.324 0.0000000000
47789  -35.142  -56.359  62.194 0.0000000000
46526  -34.942  -56.828  60.481 0.0000000000
47806  -34.908  -56.529  61.181 0.0000000000
46594  -33.474  -57.905  57.534 0.0000000000
42025  -32.423  -61.369  57.342 0.0000000000
42006  -32.367  -61.857  57.704 0.0000000000
47808  -38.162  -56.285  61.426 0.0000000000
49206  -37.588  -56.017  60.443 0.0000000000
47894  -38.374  -57.033  57.708 0.0000000000
47893  -38.025  -56.872  57.747 0.0000000000
46596  -37.190  -57.041  57.711 0.0000000000
44286  -36.980  -59.089  57.118 0.0000000000
40695  -39.508  -62.359  59.422 0.0000000000
41994  -38.942  -61.810  59.227 0.0000000000
39367  -38.087  -63.348  59.559 0.0000000000
41993  -38.198  -61.961  59.057 0.0000000000
42011  -37.478  -61.701  58.351 0.0000000000
42030  -36.853  -61.119  57.501 0.0000000000
42009  -35.717  -61.718  57.618 0.0000000000
40708  -35.492  -62.279  58.165 0.0000000000
40689  -34.163  -63.207  58.896 0.0000000000
39347  -35.178  -64.199  59.553 0.0000000000
39363  -34.821  -63.870  59.431 0.0000000000
39362  -33.944  -63.854  59.046 0.0000000000
38003  -33.557  -64.243  58.893 0.0000000000
38024  -33.063  -64.720  58.639 0.0000000000
36646  -33.099  -65.523  58.273 0.0000000000
40835  -39.945  -62.214  50.683 0.0000000000
51567  -43.332  -54.121  60.348 0.0000000000
51557  -43.213  -53.257  60.723 0.0000000000
52668  -43.867  -52.462  61.971 0.0000000000
32672  -21.312  -68.246  63.537 0.0000000000
33904  -23.003  -67.421  62.540 0.0000000000
32664  -23.082  -67.599  63.420 0.0000000000
33905  -23.560  -67.033  62.613 0.0000000000
35165  -24.035  -66.359  62.314 0.0000000000
35155  -24.378  -66.124  63.267 0.0000000000
35146  -24.689  -65.607  63.878 0.0000000000
36578  -24.901  -64.889  63.025 0.0000000000
39309  -25.726  -63.457  63.802 0.0000000000
39310  -26.143  -63.255  64.292 0.0000000000
39284  -26.657  -63.589  65.458 0.0000000000
40646  -26.698  -62.788  64.678 0.0000000000
40647  -27.230  -62.533  65.037 0.0000000000
40648  -27.891  -61.771  65.251 0.0000000000
41950  -28.416  -61.290  65.593 0.0000000000
40642  -28.703  -61.535  66.265 0.0000000000
41951  -28.923  -60.981  66.016 0.0000000000
41935  -29.398  -60.501  66.711 0.0000000000
43087  -29.803  -60.013  66.645 0.0000000000
44154  -30.339  -59.590  66.862 0.0000000000
44155  -30.972  -59.121  67.091 0.0000000000
45241  -31.714  -57.904  67.490 0.0000000000
46409  -32.037  -57.081  67.325 0.0000000000
46425  -32.120  -56.608  67.131 0.0000000000
47699  -33.085  -55.894  67.884 0.0000000000
47679  -33.281  -56.161  68.871 0.0000000000
49055  -33.297  -55.421  67.124 0.0000000000
49034  -34.890  -55.268  68.653 0.0000000000
49101  -36.511  -55.874  66.173 0.0000000000
47721  -37.148  -56.152  66.269 0.0000000000
47680  -37.231  -55.417  67.497 0.0000000000
47701  -37.347  -55.717  66.963 0.0000000000
46426  -37.436  -56.593  65.597 0.0000000000
46443  -37.635  -56.901  65.003 0.0000000000
46444  -37.962  -56.660  65.183 0.0000000000
45262  -38.585  -56.814  64.222 0.0000000000
47683  -38.498  -55.148  67.199 0.0000000000
46411  -38.479  -55.664  65.926 0.0000000000
46445  -38.709  -56.433  64.647 0.0000000000
46460  -39.456  -56.205  64.098 0.0000000000
47777  -40.100  -55.973  63.294 0.0000000000
47778  -41.326  -55.230  63.058 0.0000000000
47779  -42.135  -55.036  62.714 0.0000000000
49124  -41.874  -54.153  63.359 0.0000000000
47795  -42.295  -55.256  62.314 0.0000000000
47796  -42.778  -55.096  61.971 0.0000000000
49188  -42.950  -55.038  61.682 0.0000000000
52680  -42.865  -52.585  60.276 0.0000000000
52679  -42.315  -51.917  59.762 0.0000000000
53796  -43.812  -50.986  61.106 0.0000000000
53815  -42.676  -50.860  59.502 0.0000000000
54982  -42.835  -50.518  58.597 0.0000000000
54940  -47.060  -49.848  61.267 0.0000000000
54963  -46.689  -49.879  59.608 0.0000000000
54962  -45.745  -50.030  59.730 0.0000000000
54984  -44.607  -50.117  58.762 0.0000000000
55053  -43.686  -50.876  55.493 0.0000000000
53885  -44.768  -50.834  56.139 0.0000000000
53884  -44.252  -50.874  55.782 0.0000000000
55074  -43.394  -50.727  54.580 0.0000000000
55092  -43.149  -50.360  53.749 0.0000000000
55059  -48.322  -49.947  56.530 0.0000000000
55058  -48.048  -50.147  56.154 0.0000000000
55078  -47.408  -50.270  55.207 0.0000000000
55077  -46.665  -50.347  54.871 0.0000000000
56155  -43.004  -49.919  53.021 0.0000000000
56174  -43.693  -49.331  52.547 0.0000000000
56192  -43.241  -49.023  52.153 0.0000000000
57352  -45.345  -48.503  52.516 0.0000000000
57350  -43.776  -48.786  52.072 0.0000000000
57368  -43.299  -48.471  51.635 0.0000000000
57387  -42.803  -48.145  51.195 0.0000000000
58523  -43.354  -47.925  51.105 0.0000000000
58542  -42.848  -47.648  50.626 0.0000000000
58528  -47.472  -47.365  51.876 0.0000000000
58527  -46.704  -47.405  51.677 0.0000000000
59772  -46.331  -46.970  51.043 0.0000000000
59770  -44.833  -47.410  50.879 0.0000000000
59790  -42.839  -47.253  50.139 0.0000000000
59811  -42.623  -46.894  49.585 0.0000000000
61025  -44.525  -46.034  49.050 0.0000000000
59826  -43.890  -45.997  48.772 0.0000000000
61043  -42.381  -45.760  48.130 0.0000000000
62156  -42.220  -44.473  46.958 0.0000000000
61030  -49.703  -44.605  49.619 0.0000000000
65465  -51.732  -41.402  50.678 0.0000000000
64301  -51.437  -42.149  50.258 0.0000000000
64315  -49.443  -42.207  49.262 0.0000000000
63184  -50.221  -43.228  49.149 0.0000000000
62133  -49.106  -44.197  49.072 0.0000000000
61048  -47.458  -44.477  48.474 0.0000000000
61058  -45.404  -44.430  47.690 0.0000000000
62161  -46.453  -43.751  47.569 0.0000000000
62160  -45.553  -43.755  47.335 0.0000000000
62159  -44.893  -44.134  47.301 0.0000000000
62158  -44.129  -44.301  47.238 0.0000000000
63218  -41.799  -43.572  45.908 0.0000000000
64338  -41.935  -42.234  45.483 0.0000000000
64340  -43.683  -42.212  46.250 0.0000000000
65519  -41.388  -41.453  45.202 0.0000000000
65527  -40.853  -40.860  44.834 0.0000000000
66642  -44.954  -40.081  47.353 0.0000000000
67761  -44.355  -39.550  46.940 0.0000000000
68844  -44.970  -38.927  47.257 0.0000000000
67760  -43.698  -39.592  46.518 0.0000000000
67764  -41.969  -39.671  45.396 0.0000000000
67763  -41.507  -39.890  45.222 0.0000000000
72296  -50.708  -35.673  49.854 0.0000000000
72318  -50.332  -35.560  49.089 0.0000000000
72338  -51.081  -35.390  48.355 0.0000000000
72336  -49.291  -35.647  48.004 0.0000000000
72335  -48.716  -35.839  47.614 0.0000000000
71145  -48.256  -36.018  46.518 0.0000000000
71158  -47.648  -36.372  46.272 0.0000000000
71149  -52.172  -36.753  46.421 0.0000000000
71148  -51.211  -36.538  46.108 0.0000000000
69970  -50.564  -37.035  45.195 0.0000000000
71161  -50.302  -36.673  45.572 0.0000000000
71160  -49.321  -36.500  45.588 0.0000000000
71159  -48.336  -36.360  45.773 0.0000000000
33933  -20.437  -66.880  60.948 0.0000000000
33945  -20.007  -66.645  60.611 0.0000000000
35213  -19.864  -66.462  60.040 0.0000000000
38033  -15.796  -64.713  56.864 0.0000000000
38050  -16.265  -64.195  56.695 0.0000000000
40701  -23.632  -62.278  58.552 0.0000000000
43185  -23.420  -60.911  57.982 0.0000000000
42022  -23.283  -61.552  57.692 0.0000000000
40720  -22.740  -62.291  57.387 0.0000000000
40737  -22.191  -62.190  57.060 0.0000000000
42037  -20.595  -61.466  56.275 0.0000000000
42036  -20.097  -61.388  56.161 0.0000000000
45429  -23.047  -58.674  55.271 0.0000000000
45428  -22.421  -59.090  54.909 0.0000000000
44317  -22.014  -59.358  54.836 0.0000000000
44327  -20.923  -59.187  53.898 0.0000000000
44316  -21.265  -59.598  54.640 0.0000000000
43245  -20.844  -60.166  55.137 0.0000000000
43230  -20.355  -60.537  55.444 0.0000000000
42052  -19.565  -61.224  55.817 0.0000000000
40765  -17.049  -61.731  54.745 0.0000000000
42063  -16.752  -61.246  53.894 0.0000000000
40763  -15.724  -62.381  53.952 0.0000000000
47757  -31.161  -56.360  64.468 0.0000000000
47788  -30.646  -56.048  62.947 0.0000000000
49161  -31.135  -55.521  62.440 0.0000000000
49160  -30.709  -55.662  61.841 0.0000000000
49180  -30.437  -55.746  61.380 0.0000000000
49272  -33.148  -55.822  58.001 0.0000000000
49271  -32.875  -55.603  57.673 0.0000000000
50467  -32.252  -54.898  57.803 0.0000000000
47918  -31.661  -56.343  55.556 0.0000000000
49286  -32.246  -55.608  56.581 0.0000000000
50466  -31.684  -54.762  57.329 0.0000000000
50450  -30.790  -54.656  58.087 0.0000000000
49245  -29.997  -54.756  57.719 0.0000000000
49244  -29.215  -55.350  58.098 0.0000000000
49268  -29.471  -54.841  56.927 0.0000000000
49284  -28.634  -54.947  56.059 0.0000000000
49310  -28.045  -55.013  54.216 0.0000000000
49324  -29.139  -55.877  53.532 0.0000000000
49323  -28.402  -55.334  53.498 0.0000000000
49322  -27.524  -55.149  53.416 0.0000000000
47951  -27.037  -55.896  52.027 0.0000000000
47965  -26.726  -56.446  51.651 0.0000000000
46659  -26.436  -57.486  51.241 0.0000000000
38052  -31.158  -64.557  56.410 0.0000000000
39415  -30.378  -63.501  55.671 0.0000000000
40754  -30.113  -62.693  55.866 0.0000000000
40753  -29.717  -62.664  55.316 0.0000000000
42055  -28.884  -61.098  54.922 0.0000000000
40779  -29.170  -62.863  53.705 0.0000000000
40766  -28.936  -62.213  54.015 0.0000000000
43246  -28.576  -60.558  54.250 0.0000000000
44328  -27.807  -59.570  53.008 0.0000000000
42084  -27.809  -61.415  52.050 0.0000000000
44338  -27.398  -59.562  52.325 0.0000000000
45463  -27.284  -58.907  52.150 0.0000000000
45474  -26.942  -58.411  51.774 0.0000000000
45473  -26.172  -58.504  51.019 0.0000000000
45488  -25.557  -58.567  50.369 0.0000000000
44361  -25.235  -59.387  50.135 0.0000000000
43286  -24.818  -60.324  50.091 0.0000000000
31400  -21.616  -68.691  64.416 0.0000000000
31409  -21.583  -68.649  64.204 0.0000000000
32656  -21.820  -68.619  64.205 0.0000000000
32658  -22.968  -67.810  64.092 0.0000000000
32673  -21.962  -68.132  63.212 0.0000000000
32674  -22.702  -67.802  63.044 0.0000000000
32675  -23.230  -67.467  62.952 0.0000000000
33901  -20.249  -67.179  62.269 0.0000000000
33906  -23.956  -66.754  62.931 0.0000000000
33917  -19.520  -66.618  61.183 0.0000000000
33918  -19.918  -66.944  61.529 0.0000000000
33922  -23.314  -67.006  62.203 0.0000000000
33934  -21.280  -66.888  61.116 0.0000000000
33946  -20.400  -66.548  60.478 0.0000000000
33988  -35.716  -67.128  56.805 0.0000000000
35156  -24.703  -65.627  63.471 0.0000000000
35164  -23.618  -66.754  62.205 0.0000000000
35181  -22.616  -66.689  61.383 0.0000000000
35198  -19.687  -66.594  60.595 0.0000000000
35202  -23.124  -66.216  61.023 0.0000000000
35215  -21.570  -66.089  60.207 0.0000000000
35216  -22.155  -65.996  60.342 0.0000000000
35234  -33.096  -66.110  57.895 0.0000000000
35236  -34.325  -66.090  58.298 0.0000000000
35237  -35.000  -66.143  58.234 0.0000000000
35240  -37.626  -65.360  58.210 0.0000000000
35279  -37.168  -65.679  56.182 0.0000000000
36567  -24.703  -65.555  63.220 0.0000000000
36568  -24.922  -65.073  63.481 0.0000000000
36591  -23.588  -65.928  61.074 0.0000000000
36606  -22.643  -65.800  60.220 0.0000000000
36609  -35.460  -64.619  59.482 0.0000000000
36610  -36.097  -64.676  59.503 0.0000000000
36611  -36.786  -64.616  59.349 0.0000000000
36612  -37.262  -64.562  59.263 0.0000000000
36625  -34.210  -65.009  59.048 0.0000000000
36629  -37.345  -64.999  58.939 0.0000000000
36643  -20.464  -65.373  59.006 0.0000000000
36667  -40.009  -64.796  57.494 0.0000000000
37944  -25.944  -63.676  64.396 0.0000000000
37958  -25.093  -64.277  62.934 0.0000000000
37969  -24.713  -64.485  61.869 0.0000000000
37986  -35.387  -64.336  59.559 0.0000000000
37988  -36.424  -64.248  59.562 0.0000000000
37990  -37.838  -64.024  59.491 0.0000000000
38000  -22.437  -65.162  59.409 0.0000000000
38001  -23.133  -64.878  59.583 0.0000000000
38005  -35.009  -64.420  59.483 0.0000000000
38009  -40.279  -63.334  58.933 0.0000000000
38025  -33.792  -64.780  58.941 0.0000000000
38028  -40.570  -63.628  58.462 0.0000000000
39297  -26.492  -63.221  64.791 0.0000000000
39298  -26.963  -63.146  65.265 0.0000000000
39348  -35.459  -64.064  59.619 0.0000000000
39350  -36.767  -63.787  59.527 0.0000000000
39359  -23.519  -63.963  59.462 0.0000000000
39361  -33.421  -63.788  58.816 0.0000000000
39370  -40.702  -62.625  59.081 0.0000000000
39374  -20.388  -64.150  58.222 0.0000000000
39379  -31.845  -63.327  57.966 0.0000000000
39395  -31.701  -63.965  57.853 0.0000000000
39423  -30.318  -64.205  54.850 0.0000000000
39499  -17.045  -62.907  49.654 0.0000000000
39500  -17.530  -63.013  49.667 0.0000000000
40663  -25.353  -62.536  62.937 0.0000000000
40672  -24.424  -62.720  61.508 0.0000000000
40692  -36.830  -62.819  59.058 0.0000000000
40706  -33.563  -62.661  58.449 0.0000000000
40709  -36.568  -62.337  58.539 0.0000000000
40721  -23.258  -62.256  57.841 0.0000000000
40724  -34.836  -62.115  57.835 0.0000000000
40726  -41.846  -61.641  57.872 0.0000000000
40733  -18.817  -62.310  56.397 0.0000000000
40736  -21.621  -62.125  56.891 0.0000000000
40752  -19.188  -61.827  56.131 0.0000000000
40764  -16.447  -61.802  54.234 0.0000000000
40846  -16.710  -62.680  49.765 0.0000000000
41972  -25.883  -62.031  63.376 0.0000000000
41973  -26.525  -61.520  63.692 0.0000000000
41974  -27.111  -61.290  64.028 0.0000000000
41992  -24.012  -61.282  59.718 0.0000000000
42002  -23.551  -61.270  58.308 0.0000000000
42004  -31.429  -61.957  57.283 0.0000000000
42005  -31.767  -61.868  57.446 0.0000000000
42007  -33.155  -62.080  57.972 0.0000000000
42012  -38.432  -61.367  58.715 0.0000000000
42021  -22.916  -61.666  57.179 0.0000000000
42024  -31.424  -61.581  57.114 0.0000000000
42050  -17.968  -61.231  54.851 0.0000000000
42054  -21.008  -61.077  56.013 0.0000000000
42066  -28.757  -61.494  54.340 0.0000000000
42070  -38.697  -61.671  54.083 0.0000000000
42077  -37.980  -60.877  54.033 0.0000000000
42103  -16.946  -61.374  50.047 0.0000000000
42134  -22.830  -60.573  49.339 0.0000000000
43154  -27.006  -60.069  62.671 0.0000000000
43174  -25.032  -60.057  60.829 0.0000000000
43179  -40.165  -61.180  59.266 0.0000000000
43180  -40.569  -61.030  59.217 0.0000000000
43200  -23.622  -59.966  57.895 0.0000000000
43201  -31.207  -61.256  56.930 0.0000000000
43203  -32.505  -60.787  56.955 0.0000000000
43214  -21.682  -60.901  55.990 0.0000000000
43216  -22.921  -60.526  56.447 0.0000000000
43220  -34.596  -60.054  56.617 0.0000000000
43221  -34.770  -59.788  56.636 0.0000000000
43228  -19.002  -60.477  54.777 0.0000000000
43234  -28.878  -60.528  54.865 0.0000000000
43252  -17.586  -60.431  53.470 0.0000000000
43254  -18.908  -59.983  53.990 0.0000000000
43263  -27.437  -60.611  51.993 0.0000000000
43281  -16.468  -61.210  50.940 0.0000000000
43305  -22.692  -59.993  49.166 0.0000000000
43306  -23.316  -59.809  49.319 0.0000000000
44198  -28.775  -59.736  64.091 0.0000000000
44200  -29.595  -58.731  64.507 0.0000000000
44215  -29.114  -58.852  63.598 0.0000000000
44229  -26.612  -59.906  62.267 0.0000000000
44243  -25.670  -59.860  61.483 0.0000000000
44245  -27.186  -59.075  61.813 0.0000000000
44266  -25.104  -59.435  60.300 0.0000000000
44284  -34.796  -59.239  56.842 0.0000000000
44293  -30.096  -59.489  55.950 0.0000000000
44296  -34.295  -59.972  56.653 0.0000000000
44303  -21.776  -59.777  55.098 0.0000000000
44305  -23.005  -59.724  55.939 0.0000000000
44307  -30.237  -59.121  55.801 0.0000000000
44312  -42.099  -59.167  56.149 0.0000000000
44315  -20.357  -59.609  54.183 0.0000000000
44319  -29.217  -59.420  54.919 0.0000000000
44322  -39.098  -58.951  54.904 0.0000000000
44326  -20.300  -59.179  53.495 0.0000000000
44337  -27.037  -59.258  51.885 0.0000000000
44339  -36.701  -58.916  52.750 0.0000000000
44370  -22.203  -59.185  49.023 0.0000000000
45242  -32.103  -57.311  67.700 0.0000000000
45249  -30.691  -58.543  66.054 0.0000000000
45261  -38.198  -56.881  64.511 0.0000000000
45278  -37.585  -57.051  64.276 0.0000000000
45297  -36.993  -57.043  63.508 0.0000000000
45319  -37.345  -57.082  62.789 0.0000000000
45335  -27.419  -58.567  61.446 0.0000000000
45357  -26.283  -58.843  60.854 0.0000000000
45374  -24.724  -59.038  59.326 0.0000000000
45376  -26.054  -58.402  60.076 0.0000000000
45379  -34.828  -57.191  59.264 0.0000000000
45380  -35.332  -57.123  59.665 0.0000000000
45392  -25.642  -58.294  59.535 0.0000000000
45397  -38.934  -59.098  58.080 0.0000000000
45406  -24.847  -58.317  58.435 0.0000000000
45420  -24.012  -58.549  56.825 0.0000000000
45442  -22.927  -58.211  54.617 0.0000000000
45445  -30.408  -57.893  55.134 0.0000000000
45448  -38.830  -58.379  54.783 0.0000000000
45467  -37.157  -58.871  52.026 0.0000000000
45472  -20.120  -58.085  50.837 0.0000000000
45486  -20.200  -58.135  49.933 0.0000000000
45487  -24.905  -58.563  49.869 0.0000000000
45498  -21.692  -58.354  49.173 0.0000000000
46440  -30.788  -57.442  65.130 0.0000000000
46456  -37.040  -57.091  64.265 0.0000000000
46458  -38.638  -56.955  63.732 0.0000000000
46472  -38.445  -57.049  63.157 0.0000000000
46473  -39.200  -56.640  63.320 0.0000000000
46486  -29.797  -57.077  62.472 0.0000000000
46487  -35.602  -56.742  62.205 0.0000000000
46490  -37.949  -56.977  62.306 0.0000000000
46506  -35.773  -56.719  61.938 0.0000000000
46507  -37.181  -56.843  61.522 0.0000000000
46522  -27.057  -57.997  60.322 0.0000000000
46547  -36.101  -57.108  59.721 0.0000000000
46548  -36.409  -56.840  59.414 0.0000000000
46564  -25.190  -58.091  58.614 0.0000000000
46565  -25.757  -57.829  58.931 0.0000000000
46567  -33.573  -57.330  58.001 0.0000000000
46570  -36.665  -56.668  58.589 0.0000000000
46571  -38.837  -57.298  57.762 0.0000000000
46597  -38.391  -57.530  57.676 0.0000000000
46598  -38.934  -58.298  57.878 0.0000000000
46606  -25.898  -56.979  57.203 0.0000000000
46626  -24.132  -57.318  55.329 0.0000000000
46634  -21.964  -57.838  53.121 0.0000000000
46636  -23.206  -57.341  54.051 0.0000000000
46637  -28.649  -57.311  53.208 0.0000000000
46638  -29.203  -57.355  53.703 0.0000000000
46646  -21.589  -57.580  52.499 0.0000000000
46648  -27.510  -57.342  52.209 0.0000000000
46658  -25.755  -57.671  50.591 0.0000000000
46664  -37.942  -58.281  51.275 0.0000000000
46675  -21.981  -56.857  49.949 0.0000000000
46691  -20.682  -57.939  49.755 0.0000000000
46692  -21.206  -57.717  49.654 0.0000000000
46695  -23.838  -57.837  49.326 0.0000000000
47723  -38.040  -55.948  66.052 0.0000000000
47759  -36.659  -56.756  64.806 0.0000000000
47791  -38.658  -56.529  62.134 0.0000000000
47807  -37.571  -56.551  61.233 0.0000000000
47821  -28.188  -57.108  60.160 0.0000000000
47823  -29.541  -56.213  60.623 0.0000000000
47825  -34.715  -56.722  60.538 0.0000000000
47827  -37.703  -56.226  60.873 0.0000000000
47842  -27.155  -57.226  59.286 0.0000000000
47847  -40.964  -55.873  59.035 0.0000000000
47865  -33.460  -57.114  58.053 0.0000000000
47867  -37.519  -56.312  58.404 0.0000000000
47868  -38.670  -56.718  57.926 0.0000000000
47873  -42.986  -56.284  58.510 0.0000000000
47892  -33.242  -56.088  58.002 0.0000000000
47904  -27.266  -55.949  56.594 0.0000000000
47905  -28.049  -55.534  56.669 0.0000000000
47929  -31.274  -55.807  55.198 0.0000000000
47935  -22.733  -57.008  53.133 0.0000000000
47952  -27.548  -56.358  52.298 0.0000000000
47976  -21.887  -56.711  50.527 0.0000000000
47977  -22.258  -56.571  50.343 0.0000000000
47979  -24.453  -56.538  49.858 0.0000000000
47981  -35.208  -55.719  51.253 0.0000000000
47994  -22.794  -56.794  49.654 0.0000000000
49096  -32.249  -55.522  65.043 0.0000000000
49186  -38.689  -55.784  61.024 0.0000000000
49205  -34.534  -56.264  60.747 0.0000000000
49209  -40.095  -55.534  60.140 0.0000000000
49210  -40.757  -55.641  59.773 0.0000000000
49251  -40.557  -55.949  58.816 0.0000000000
49253  -43.313  -55.479  58.539 0.0000000000
49269  -30.066  -54.659  57.125 0.0000000000
49270  -32.349  -55.134  57.287 0.0000000000
49273  -42.735  -55.164  57.561 0.0000000000
49274  -43.179  -55.532  57.799 0.0000000000
49285  -29.327  -54.726  56.244 0.0000000000
49298  -28.579  -54.807  54.920 0.0000000000
49299  -30.997  -55.085  55.454 0.0000000000
49311  -29.032  -55.005  54.118 0.0000000000
49312  -30.013  -55.688  54.193 0.0000000000
49314  -31.183  -55.547  55.284 0.0000000000
49321  -26.474  -55.103  53.369 0.0000000000
49325  -29.626  -56.009  53.775 0.0000000000
49333  -24.105  -55.549  51.717 0.0000000000
49338  -28.508  -55.777  53.184 0.0000000000
49352  -34.536  -54.799  51.762 0.0000000000
49364  -23.905  -55.824  50.517 0.0000000000
49366  -34.485  -54.590  51.416 0.0000000000
50401  -43.385  -54.129  61.892 0.0000000000
50412  -31.692  -54.823  60.914 0.0000000000
50424  -30.996  -54.744  59.903 0.0000000000
50436  -32.445  -54.718  59.448 0.0000000000
50451  -31.613  -54.662  58.353 0.0000000000
50469  -42.705  -54.696  57.899 0.0000000000
50478  -29.896  -54.576  56.124 0.0000000000
50479  -30.633  -54.631  56.265 0.0000000000
50487  -29.163  -54.632  55.252 0.0000000000
50488  -29.817  -54.644  55.354 0.0000000000
50497  -29.606  -54.816  54.670 0.0000000000
52733  -35.461  -52.502  52.934 0.0000000000
53777  -44.368  -51.201  61.807 0.0000000000
53797  -44.351  -50.827  61.320 0.0000000000
53842  -41.960  -51.277  58.866 0.0000000000
53865  -46.387  -50.439  57.351 0.0000000000
53867  -47.346  -50.010  57.564 0.0000000000
53886  -45.567  -50.749  56.566 0.0000000000
53889  -47.429  -50.123  57.267 0.0000000000
53902  -44.286  -50.868  55.436 0.0000000000
53903  -44.834  -50.815  55.347 0.0000000000
53905  -46.445  -50.701  56.076 0.0000000000
53928  -38.410  -51.178  54.113 0.0000000000
53950  -34.613  -51.513  51.482 0.0000000000
55056  -46.617  -50.625  55.425 0.0000000000
55076  -45.715  -50.386  54.677 0.0000000000
56128  -48.530  -49.970  55.665 0.0000000000
56143  -47.432  -49.808  54.654 0.0000000000
56173  -42.822  -49.478  52.475 0.0000000000
57329  -50.990  -48.885  55.603 0.0000000000
57351  -44.409  -48.729  52.293 0.0000000000
58544  -44.425  -47.541  50.918 0.0000000000
59814  -45.798  -46.074  49.586 0.0000000000
62153  -49.289  -43.792  48.906 0.0000000000
63183  -49.858  -43.482  48.991 0.0000000000
63219  -42.207  -43.501  46.025 0.0000000000
63223  -45.435  -42.667  47.044 0.0000000000
63232  -43.564  -42.662  46.394 0.0000000000
64299  -49.735  -42.019  49.484 0.0000000000
64316  -49.850  -42.425  49.282 0.0000000000
64335  -39.840  -43.106  45.090 0.0000000000
64339  -42.873  -42.144  45.823 0.0000000000
64346  -40.749  -41.577  44.849 0.0000000000
65467  -52.889  -41.363  51.485 0.0000000000
65483  -49.542  -41.487  49.690 0.0000000000
65507  -45.732  -41.139  47.391 0.0000000000
66644  -46.488  -40.594  47.976 0.0000000000
66655  -43.145  -40.430  46.152 0.0000000000
67738  -49.255  -39.322  50.008 0.0000000000
67746  -46.736  -39.546  48.390 0.0000000000
67768  -41.163  -39.634  44.788 0.0000000000
68770  -52.499  -38.245  52.487 0.0000000000
68805  -49.593  -38.444  50.280 0.0000000000
68851  -45.278  -38.154  46.965 0.0000000000
69905  -49.556  -37.875  50.168 0.0000000000
69933  -48.274  -37.663  48.984 0.0000000000
69954  -45.812  -38.000  47.244 0.0000000000
69966  -46.136  -37.133  46.110 0.0000000000
71134  -50.290  -35.839  46.697 0.0000000000
71150  -52.683  -36.942  46.409 0.0000000000
72317  -49.670  -35.756  48.676 0.0000000000
72357  -48.685  -35.777  46.959 0.0000000000
72358  -49.265  -35.665  47.168 0.0000000000
72373  -48.795  -35.844  46.498 0.0000000000
72375  -49.654  -35.731  46.761 0.0000000000
