#!ascii label  , from subject FTD-FPD109 vox2ras=TkReg
942
36539  -15.022  -65.049  66.179 0.0000000000
59493  -40.896  -47.387  68.064 0.0000000000
60831  -47.326  -45.530  60.946 0.0000000000
62072  -52.179  -44.430  52.932 0.0000000000
55968  -36.876  -50.453  68.151 0.0000000000
61994  -49.855  -44.571  56.732 0.0000000000
72242  -50.642  -35.920  52.828 0.0000000000
75501  -54.411  -32.718  52.224 0.0000000000
53708  -43.715  -50.624  64.557 0.0000000000
54922  -47.064  -49.699  62.769 0.0000000000
60757  -44.210  -45.639  65.306 0.0000000000
35066  -15.808  -65.217  70.791 0.0000000000
36496  -20.846  -65.227  68.308 0.0000000000
39246  -25.497  -62.740  68.553 0.0000000000
44131  -28.629  -59.062  69.254 0.0000000000
48976  -32.221  -55.570  71.072 0.0000000000
50308  -37.079  -53.717  70.115 0.0000000000
52612  -40.518  -52.637  68.083 0.0000000000
55016  -48.754  -49.603  57.736 0.0000000000
75513  -56.990  -33.218  50.941 0.0000000000
57111  -42.969  -48.272  67.636 0.0000000000
57129  -44.871  -48.021  66.137 0.0000000000
60730  -42.694  -46.024  66.854 0.0000000000
40560  -16.362  -63.427  71.617 0.0000000000
35080  -18.458  -65.536  69.557 0.0000000000
52591  -31.663  -53.347  68.947 0.0000000000
50281  -34.414  -54.008  71.093 0.0000000000
53636  -34.258  -51.940  70.043 0.0000000000
57094  -39.164  -48.633  68.229 0.0000000000
54834  -39.469  -50.513  69.460 0.0000000000
55971  -41.656  -49.712  68.661 0.0000000000
53705  -41.489  -51.112  66.090 0.0000000000
59559  -48.090  -46.580  63.035 0.0000000000
54942  -48.287  -49.024  60.726 0.0000000000
59589  -49.640  -46.789  60.695 0.0000000000
62027  -51.610  -44.573  54.652 0.0000000000
58486  -52.201  -47.351  55.332 0.0000000000
59755  -52.568  -46.479  52.726 0.0000000000
60980  -52.552  -45.399  51.275 0.0000000000
71013  -53.097  -36.408  54.486 0.0000000000
68742  -51.815  -38.388  54.628 0.0000000000
53666  -34.663  -51.629  67.910 0.0000000000
63122  -49.540  -44.184  52.156 0.0000000000
74439  -52.012  -33.693  52.508 0.0000000000
73415  -53.909  -34.313  52.190 0.0000000000
71118  -57.144  -36.375  48.644 0.0000000000
51544  -43.913  -53.028  62.160 0.0000000000
54896  -45.490  -49.649  64.507 0.0000000000
58332  -46.696  -47.119  65.092 0.0000000000
33827  -15.866  -65.730  69.193 0.0000000000
35133  -23.322  -65.845  64.792 0.0000000000
37877  -23.609  -64.013  68.314 0.0000000000
36531  -25.375  -64.394  65.910 0.0000000000
39267  -27.747  -62.741  67.377 0.0000000000
41893  -28.947  -60.900  67.828 0.0000000000
44141  -31.127  -58.996  68.967 0.0000000000
47633  -30.532  -57.017  70.438 0.0000000000
49033  -34.001  -55.548  68.793 0.0000000000
54831  -37.078  -50.940  69.928 0.0000000000
51485  -38.919  -53.317  69.112 0.0000000000
47725  -39.376  -55.056  65.808 0.0000000000
49103  -40.518  -54.142  64.549 0.0000000000
50373  -42.594  -53.760  63.258 0.0000000000
58433  -51.219  -47.282  58.013 0.0000000000
65395  -50.484  -41.140  53.218 0.0000000000
64257  -52.064  -42.496  52.022 0.0000000000
36494  -14.310  -65.209  68.423 0.0000000000
57096  -42.541  -48.011  68.089 0.0000000000
58300  -43.198  -47.365  67.423 0.0000000000
59510  -41.709  -46.700  67.346 0.0000000000
52601  -32.242  -52.797  68.374 0.0000000000
52581  -33.050  -52.844  69.922 0.0000000000
53664  -33.276  -52.248  68.220 0.0000000000
58298  -39.742  -48.090  67.545 0.0000000000
57077  -40.462  -49.054  69.370 0.0000000000
58256  -41.580  -48.291  68.698 0.0000000000
55980  -42.471  -49.233  67.765 0.0000000000
59572  -48.884  -46.556  62.009 0.0000000000
61949  -48.524  -45.694  61.294 0.0000000000
62047  -51.895  -44.569  53.755 0.0000000000
62030  -53.181  -45.532  54.264 0.0000000000
60959  -53.274  -45.575  52.812 0.0000000000
60958  -52.958  -45.782  52.010 0.0000000000
60981  -53.330  -44.834  51.779 0.0000000000
71052  -52.955  -36.538  52.850 0.0000000000
69858  -53.152  -37.276  53.715 0.0000000000
69886  -52.079  -37.384  51.986 0.0000000000
75510  -51.585  -32.786  51.246 0.0000000000
75500  -53.549  -32.763  52.230 0.0000000000
74429  -53.423  -33.984  52.952 0.0000000000
74430  -54.055  -33.749  52.379 0.0000000000
73426  -54.385  -34.362  51.501 0.0000000000
74441  -55.510  -33.442  51.919 0.0000000000
72282  -57.144  -34.612  50.424 0.0000000000
52642  -43.837  -51.831  63.329 0.0000000000
52643  -44.343  -51.395  63.128 0.0000000000
54907  -44.280  -50.291  64.530 0.0000000000
59527  -44.608  -46.024  66.367 0.0000000000
58323  -46.058  -47.031  65.695 0.0000000000
60747  -45.379  -45.843  65.673 0.0000000000
60760  -46.611  -45.897  64.712 0.0000000000
60774  -45.453  -45.546  64.328 0.0000000000
32620  -17.114  -66.906  68.535 0.0000000000
32593  -17.389  -66.237  69.373 0.0000000000
35093  -19.598  -65.724  68.699 0.0000000000
39238  -24.621  -62.844  68.969 0.0000000000
37863  -24.124  -63.480  68.733 0.0000000000
36500  -24.418  -64.255  67.336 0.0000000000
37879  -25.780  -63.293  67.833 0.0000000000
37905  -26.658  -63.648  66.581 0.0000000000
39256  -26.376  -63.001  67.784 0.0000000000
43038  -28.993  -60.146  68.677 0.0000000000
43050  -30.025  -59.920  68.236 0.0000000000
44133  -30.173  -58.995  69.366 0.0000000000
50305  -30.770  -54.951  70.452 0.0000000000
48992  -29.917  -56.210  70.297 0.0000000000
48975  -31.389  -55.985  71.019 0.0000000000
46366  -31.855  -57.153  70.236 0.0000000000
47649  -32.354  -56.435  70.580 0.0000000000
47664  -33.311  -56.159  69.893 0.0000000000
47651  -33.572  -55.643  70.465 0.0000000000
50296  -35.742  -53.992  70.665 0.0000000000
48996  -35.855  -54.452  70.042 0.0000000000
48997  -36.688  -54.245  69.678 0.0000000000
49017  -37.839  -54.365  68.671 0.0000000000
54855  -35.387  -51.246  68.261 0.0000000000
54846  -36.979  -50.495  69.302 0.0000000000
53667  -40.340  -51.628  68.822 0.0000000000
53653  -39.163  -51.974  69.551 0.0000000000
51495  -40.020  -53.382  68.166 0.0000000000
50323  -39.516  -54.166  67.945 0.0000000000
50332  -40.199  -53.982  66.684 0.0000000000
51511  -40.601  -53.367  66.551 0.0000000000
53706  -42.136  -50.773  65.394 0.0000000000
52639  -41.665  -52.217  64.650 0.0000000000
52641  -43.279  -52.059  63.843 0.0000000000
51537  -43.390  -53.254  63.178 0.0000000000
39205  -15.186  -63.949  72.202 0.0000000000
35053  -15.007  -65.176  71.383 0.0000000000
35064  -14.639  -65.570  70.891 0.0000000000
53758  -45.643  -50.438  62.477 0.0000000000
54939  -45.765  -50.316  61.542 0.0000000000
54965  -48.349  -49.453  59.351 0.0000000000
61982  -49.508  -44.834  57.746 0.0000000000
61974  -49.972  -45.256  58.563 0.0000000000
60864  -51.369  -45.719  57.576 0.0000000000
58498  -51.593  -47.820  53.947 0.0000000000
57329  -50.990  -48.885  55.603 0.0000000000
66551  -52.853  -40.043  53.411 0.0000000000
66528  -50.972  -39.761  54.138 0.0000000000
65397  -52.134  -41.167  53.388 0.0000000000
65420  -51.828  -41.532  52.804 0.0000000000
64282  -52.682  -41.857  51.420 0.0000000000
63165  -52.445  -42.945  50.750 0.0000000000
76599  -54.429  -31.521  51.362 0.0000000000
76590  -55.767  -32.389  51.794 0.0000000000
76600  -55.547  -31.666  51.059 0.0000000000
76612  -56.736  -32.193  50.337 0.0000000000
56003  -43.174  -49.240  66.175 0.0000000000
55993  -44.218  -48.616  66.115 0.0000000000
57128  -44.121  -48.060  66.735 0.0000000000
59513  -44.166  -46.312  66.798 0.0000000000
60744  -42.972  -45.837  66.166 0.0000000000
37826  -16.326  -64.244  71.502 0.0000000000
35078  -17.215  -65.526  70.109 0.0000000000
36466  -20.188  -64.617  69.648 0.0000000000
51472  -31.466  -54.206  70.385 0.0000000000
50279  -33.636  -54.496  71.197 0.0000000000
52568  -33.148  -53.164  70.782 0.0000000000
52569  -34.302  -53.119  71.122 0.0000000000
52571  -35.986  -52.803  70.907 0.0000000000
55970  -38.041  -49.576  68.005 0.0000000000
55941  -38.512  -50.230  69.412 0.0000000000
55957  -38.831  -49.597  69.189 0.0000000000
55958  -40.405  -49.808  69.321 0.0000000000
53668  -40.901  -51.237  68.523 0.0000000000
52622  -41.179  -51.913  66.496 0.0000000000
54868  -41.744  -50.400  67.856 0.0000000000
54880  -42.242  -49.797  66.990 0.0000000000
40570  -14.971  -62.867  71.590 0.0000000000
56018  -47.784  -48.399  63.427 0.0000000000
54931  -47.585  -49.611  61.891 0.0000000000
57202  -48.505  -48.263  62.294 0.0000000000
56048  -49.048  -48.570  60.628 0.0000000000
56056  -49.870  -48.557  59.291 0.0000000000
62012  -51.256  -44.581  55.650 0.0000000000
60879  -52.211  -45.904  56.404 0.0000000000
60899  -52.505  -45.528  55.653 0.0000000000
59715  -52.835  -46.616  54.714 0.0000000000
72222  -51.776  -35.918  54.093 0.0000000000
71021  -51.105  -37.012  54.041 0.0000000000
68733  -52.704  -37.605  54.548 0.0000000000
67673  -52.990  -39.023  53.690 0.0000000000
58320  -39.864  -48.005  66.376 0.0000000000
57125  -38.923  -49.145  66.608 0.0000000000
61962  -48.355  -45.298  60.024 0.0000000000
62010  -49.189  -44.444  55.754 0.0000000000
62025  -49.614  -44.447  54.711 0.0000000000
62045  -50.036  -44.553  53.724 0.0000000000
63124  -50.835  -44.043  52.311 0.0000000000
73413  -51.145  -34.725  52.593 0.0000000000
74416  -52.666  -34.555  53.590 0.0000000000
72244  -53.264  -35.545  53.401 0.0000000000
72279  -52.880  -35.522  52.215 0.0000000000
73428  -56.352  -34.167  51.065 0.0000000000
72301  -56.191  -35.397  50.290 0.0000000000
52660  -44.093  -51.873  62.545 0.0000000000
53739  -44.917  -50.891  63.008 0.0000000000
54909  -45.841  -49.843  63.835 0.0000000000
57144  -45.389  -48.350  65.565 0.0000000000
56007  -46.405  -48.694  64.776 0.0000000000
56017  -47.051  -49.007  64.175 0.0000000000
58340  -47.579  -46.947  63.940 0.0000000000
60793  -47.473  -45.843  63.133 0.0000000000
60753  -40.585  -46.322  65.319 0.0000000000
60754  -41.382  -45.918  65.384 0.0000000000
60788  -42.815  -45.947  63.709 0.0000000000
35110  -15.648  -65.702  68.002 0.0000000000
33854  -17.164  -66.401  67.117 0.0000000000
35155  -24.378  -66.124  63.267 0.0000000000
40575  -20.140  -63.249  70.294 0.0000000000
37847  -21.161  -64.127  69.868 0.0000000000
36482  -22.225  -64.453  68.691 0.0000000000
36544  -24.097  -65.185  65.341 0.0000000000
40641  -28.074  -62.395  66.057 0.0000000000
41934  -29.123  -61.026  66.678 0.0000000000
46363  -28.535  -57.836  69.596 0.0000000000
47648  -29.471  -57.051  69.959 0.0000000000
45185  -29.776  -58.177  69.672 0.0000000000
45187  -30.896  -57.870  69.829 0.0000000000
45218  -31.605  -58.328  69.078 0.0000000000
48979  -34.594  -54.735  70.679 0.0000000000
54843  -34.566  -51.625  68.974 0.0000000000
54829  -35.673  -51.506  70.041 0.0000000000
53625  -37.047  -52.274  70.682 0.0000000000
54832  -38.098  -50.932  69.780 0.0000000000
52583  -38.175  -52.461  70.010 0.0000000000
51475  -37.763  -53.229  70.056 0.0000000000
49018  -38.478  -54.440  68.302 0.0000000000
47704  -38.871  -55.233  66.490 0.0000000000
49144  -41.346  -54.853  63.291 0.0000000000
51519  -41.075  -52.793  64.923 0.0000000000
50372  -41.760  -53.641  63.727 0.0000000000
49165  -42.453  -54.952  62.589 0.0000000000
49166  -42.939  -54.621  62.274 0.0000000000
35089  -14.686  -65.541  69.817 0.0000000000
60832  -49.406  -45.855  60.379 0.0000000000
58414  -50.677  -47.417  59.143 0.0000000000
56080  -50.250  -48.851  57.965 0.0000000000
58469  -51.841  -47.375  56.588 0.0000000000
57305  -50.790  -48.838  56.718 0.0000000000
56114  -49.332  -49.605  56.938 0.0000000000
63144  -50.263  -43.533  51.826 0.0000000000
63145  -51.147  -43.397  51.997 0.0000000000
68756  -50.249  -38.189  53.923 0.0000000000
67671  -49.615  -39.299  53.739 0.0000000000
65418  -50.139  -41.640  52.399 0.0000000000
64256  -51.405  -42.672  51.927 0.0000000000
63147  -52.570  -43.287  52.005 0.0000000000
61007  -53.304  -44.073  51.212 0.0000000000
37903  -14.424  -64.744  66.147 0.0000000000
59494  -41.500  -47.171  68.004 0.0000000000
59495  -42.190  -47.081  67.788 0.0000000000
59509  -40.862  -46.969  67.184 0.0000000000
52610  -31.328  -53.080  67.623 0.0000000000
53663  -32.647  -52.555  68.015 0.0000000000
53676  -32.642  -52.474  67.437 0.0000000000
58299  -40.436  -47.529  67.708 0.0000000000
58276  -40.455  -47.887  68.448 0.0000000000
58277  -41.258  -47.763  68.512 0.0000000000
58257  -41.988  -48.324  68.558 0.0000000000
61947  -47.679  -45.496  61.906 0.0000000000
60822  -48.451  -45.776  61.649 0.0000000000
61953  -47.841  -45.441  61.242 0.0000000000
62048  -52.647  -44.770  53.703 0.0000000000
62073  -52.940  -44.488  52.620 0.0000000000
71051  -52.562  -36.527  52.438 0.0000000000
76588  -54.009  -32.039  51.921 0.0000000000
75492  -53.886  -33.350  52.404 0.0000000000
75493  -54.522  -33.249  52.279 0.0000000000
74440  -54.773  -33.508  52.132 0.0000000000
75502  -55.218  -32.898  52.207 0.0000000000
53723  -43.932  -50.952  63.987 0.0000000000
60746  -44.776  -45.761  65.877 0.0000000000
60758  -45.084  -45.609  65.182 0.0000000000
60773  -44.497  -45.620  64.431 0.0000000000
33810  -16.415  -65.501  70.133 0.0000000000
33811  -16.969  -65.774  70.051 0.0000000000
36495  -20.140  -65.357  68.672 0.0000000000
35103  -20.019  -65.983  68.104 0.0000000000
39245  -24.859  -63.135  68.668 0.0000000000
37864  -25.110  -63.285  68.362 0.0000000000
37880  -26.368  -63.166  67.616 0.0000000000
39247  -26.346  -62.675  68.126 0.0000000000
43029  -28.848  -59.858  68.934 0.0000000000
43030  -29.603  -59.485  69.112 0.0000000000
44132  -29.446  -59.157  69.279 0.0000000000
50291  -31.512  -55.122  71.096 0.0000000000
50290  -30.885  -55.592  70.937 0.0000000000
47635  -31.913  -56.442  70.813 0.0000000000
47636  -32.682  -55.916  70.872 0.0000000000
47650  -32.906  -56.186  70.522 0.0000000000
47637  -33.263  -55.583  70.812 0.0000000000
50297  -36.500  -53.674  70.539 0.0000000000
50307  -36.405  -53.999  70.290 0.0000000000
48998  -37.275  -54.092  69.358 0.0000000000
54856  -36.219  -50.823  68.172 0.0000000000
55954  -36.703  -50.508  68.764 0.0000000000
52604  -40.602  -51.992  68.371 0.0000000000
52603  -40.051  -52.388  68.716 0.0000000000
51502  -40.528  -53.220  67.352 0.0000000000
51503  -40.911  -52.724  66.812 0.0000000000
53707  -43.091  -50.593  64.882 0.0000000000
53721  -42.571  -51.235  64.679 0.0000000000
53722  -43.206  -51.277  64.350 0.0000000000
35054  -15.433  -64.992  71.297 0.0000000000
36433  -14.965  -64.685  71.802 0.0000000000
33809  -15.660  -65.446  70.392 0.0000000000
54921  -46.196  -50.013  63.071 0.0000000000
54930  -46.369  -50.144  62.284 0.0000000000
54989  -48.940  -49.383  58.523 0.0000000000
54988  -48.167  -49.644  58.575 0.0000000000
55039  -48.507  -49.827  56.983 0.0000000000
61983  -50.483  -44.944  57.634 0.0000000000
61984  -51.142  -45.030  57.295 0.0000000000
71035  -50.089  -36.657  52.759 0.0000000000
66569  -53.010  -40.453  52.546 0.0000000000
66550  -52.378  -40.530  53.799 0.0000000000
65422  -52.968  -41.326  52.617 0.0000000000
55991  -43.009  -49.071  66.966 0.0000000000
55992  -43.612  -48.748  66.441 0.0000000000
57127  -43.481  -48.401  67.016 0.0000000000
59511  -42.425  -46.580  67.273 0.0000000000
59512  -43.275  -46.572  67.177 0.0000000000
60731  -43.451  -46.014  66.726 0.0000000000
37846  -19.909  -64.328  70.070 0.0000000000
51493  -31.248  -53.513  68.565 0.0000000000
51482  -31.561  -53.682  69.437 0.0000000000
51481  -30.931  -54.196  69.576 0.0000000000
51473  -32.126  -53.645  70.260 0.0000000000
51461  -32.468  -53.871  71.085 0.0000000000
52580  -32.567  -53.295  70.117 0.0000000000
53635  -33.557  -52.349  69.617 0.0000000000
53621  -33.813  -52.538  70.464 0.0000000000
53622  -34.734  -52.350  70.718 0.0000000000
52570  -35.240  -52.876  70.957 0.0000000000
57075  -38.655  -49.199  68.639 0.0000000000
57064  -40.131  -49.504  69.434 0.0000000000
55959  -41.145  -49.640  69.061 0.0000000000
54848  -40.757  -50.438  69.026 0.0000000000
54857  -41.384  -50.354  68.508 0.0000000000
53680  -41.380  -50.995  67.935 0.0000000000
54858  -41.832  -49.951  68.278 0.0000000000
57110  -42.689  -48.752  67.824 0.0000000000
55990  -42.622  -49.240  67.311 0.0000000000
54881  -42.712  -49.556  66.329 0.0000000000
40571  -15.962  -62.944  71.439 0.0000000000
39212  -15.832  -63.818  71.895 0.0000000000
57163  -47.994  -47.652  63.382 0.0000000000
57181  -48.315  -47.882  62.809 0.0000000000
58350  -48.270  -47.143  62.984 0.0000000000
58377  -49.373  -47.312  61.151 0.0000000000
58362  -49.081  -47.221  61.854 0.0000000000
57222  -49.373  -48.008  60.853 0.0000000000
57239  -49.528  -48.285  60.282 0.0000000000
57223  -49.861  -47.837  60.292 0.0000000000
62013  -52.285  -44.982  55.497 0.0000000000
59736  -53.168  -46.312  53.963 0.0000000000
59716  -53.186  -46.158  54.346 0.0000000000
59735  -52.585  -46.938  53.753 0.0000000000
59734  -51.871  -47.149  53.217 0.0000000000
59754  -51.294  -46.911  52.495 0.0000000000
72213  -52.776  -35.891  54.595 0.0000000000
71023  -52.274  -36.412  54.562 0.0000000000
69837  -52.929  -37.025  54.647 0.0000000000
67688  -52.779  -39.156  52.794 0.0000000000
57126  -39.350  -48.729  66.385 0.0000000000
62094  -48.869  -44.334  52.269 0.0000000000
62069  -49.460  -44.430  52.643 0.0000000000
62070  -50.455  -44.448  52.895 0.0000000000
63123  -49.973  -44.150  52.194 0.0000000000
75498  -51.743  -33.464  51.921 0.0000000000
74449  -51.198  -33.591  51.544 0.0000000000
74438  -51.251  -34.210  52.246 0.0000000000
73398  -51.896  -34.967  53.526 0.0000000000
74427  -52.029  -34.341  53.252 0.0000000000
73400  -53.579  -34.422  52.770 0.0000000000
73381  -53.299  -34.622  53.441 0.0000000000
73399  -53.368  -35.052  52.982 0.0000000000
73414  -53.377  -34.958  52.722 0.0000000000
73425  -53.253  -34.937  51.951 0.0000000000
73427  -55.527  -34.310  51.154 0.0000000000
75512  -56.481  -33.035  51.411 0.0000000000
74450  -56.137  -33.524  51.534 0.0000000000
74451  -56.732  -33.675  51.100 0.0000000000
72325  -57.372  -35.740  49.285 0.0000000000
72302  -56.861  -35.301  50.175 0.0000000000
52668  -43.867  -52.462  61.971 0.0000000000
52651  -43.937  -52.043  62.981 0.0000000000
53724  -44.697  -50.721  63.486 0.0000000000
53725  -45.444  -50.360  63.229 0.0000000000
56005  -44.685  -49.012  65.517 0.0000000000
57145  -46.125  -47.990  65.272 0.0000000000
57146  -46.907  -47.961  64.698 0.0000000000
57162  -47.536  -47.734  63.987 0.0000000000
58333  -47.212  -47.081  64.444 0.0000000000
60775  -46.362  -45.576  64.186 0.0000000000
60776  -47.090  -45.899  64.005 0.0000000000
35101  -15.501  -65.606  68.811 0.0000000000
35111  -16.251  -66.024  67.664 0.0000000000
33843  -16.235  -66.121  67.989 0.0000000000
32621  -17.583  -67.337  68.097 0.0000000000
35079  -17.854  -65.605  69.822 0.0000000000
33829  -18.394  -66.391  69.072 0.0000000000
33871  -23.082  -67.036  64.633 0.0000000000
33882  -23.485  -66.902  63.741 0.0000000000
33883  -24.009  -66.519  63.582 0.0000000000
35145  -24.176  -66.150  64.012 0.0000000000
39225  -20.646  -63.499  70.243 0.0000000000
37838  -20.936  -63.710  70.168 0.0000000000
37876  -23.151  -64.098  68.457 0.0000000000
36498  -22.811  -64.439  68.075 0.0000000000
36499  -23.757  -64.324  67.599 0.0000000000
36516  -25.221  -64.272  66.536 0.0000000000
36515  -24.684  -64.391  66.803 0.0000000000
36530  -24.728  -64.663  65.988 0.0000000000
36545  -24.820  -65.031  65.175 0.0000000000
36546  -25.469  -64.508  65.230 0.0000000000
37930  -25.438  -64.434  64.638 0.0000000000
39266  -27.220  -63.278  67.082 0.0000000000
37917  -26.887  -63.636  66.047 0.0000000000
39286  -27.734  -63.058  66.275 0.0000000000
40640  -27.576  -62.704  65.637 0.0000000000
39276  -27.871  -63.021  66.774 0.0000000000
41871  -28.777  -60.612  68.372 0.0000000000
40618  -28.423  -61.381  67.846 0.0000000000
40636  -28.856  -61.844  66.843 0.0000000000
41915  -29.117  -61.124  67.336 0.0000000000
41894  -29.513  -60.452  67.763 0.0000000000
43051  -30.578  -59.488  68.671 0.0000000000
43068  -30.697  -59.582  68.020 0.0000000000
44147  -31.320  -58.911  68.328 0.0000000000
48973  -30.119  -56.770  70.358 0.0000000000
47663  -29.360  -56.434  69.777 0.0000000000
47632  -30.016  -57.201  70.083 0.0000000000
46348  -29.548  -57.687  69.801 0.0000000000
46349  -30.259  -57.547  69.929 0.0000000000
45186  -30.300  -57.910  69.831 0.0000000000
46350  -30.997  -57.369  70.239 0.0000000000
45204  -31.838  -57.735  69.556 0.0000000000
45219  -32.158  -57.719  68.986 0.0000000000
49012  -33.778  -55.754  69.451 0.0000000000
47679  -33.281  -56.161  68.871 0.0000000000
50280  -33.993  -54.383  71.117 0.0000000000
48963  -33.962  -54.760  71.018 0.0000000000
53665  -34.091  -51.826  68.196 0.0000000000
54830  -36.162  -51.253  69.987 0.0000000000
54844  -35.308  -51.333  69.387 0.0000000000
53624  -36.378  -52.235  70.805 0.0000000000
53639  -36.743  -51.678  70.448 0.0000000000
55940  -37.691  -50.438  69.420 0.0000000000
54833  -38.873  -50.664  69.560 0.0000000000
52594  -38.824  -52.474  69.627 0.0000000000
51476  -38.382  -53.004  69.664 0.0000000000
50314  -38.356  -53.951  68.899 0.0000000000
50315  -38.970  -54.122  68.439 0.0000000000
49040  -39.513  -54.566  67.340 0.0000000000
49039  -38.948  -54.735  67.589 0.0000000000
47705  -39.313  -54.945  66.516 0.0000000000
49102  -40.063  -54.459  65.024 0.0000000000
49123  -40.925  -54.482  63.831 0.0000000000
52630  -41.360  -51.855  65.422 0.0000000000
51528  -42.606  -52.952  63.795 0.0000000000
51527  -41.729  -52.885  64.219 0.0000000000
49124  -41.874  -54.153  63.359 0.0000000000
49146  -42.854  -54.334  62.697 0.0000000000
50386  -42.836  -54.096  62.865 0.0000000000
51538  -43.666  -53.025  62.847 0.0000000000
50388  -43.390  -53.644  62.466 0.0000000000
33818  -15.267  -65.584  70.152 0.0000000000
35077  -14.374  -65.544  70.486 0.0000000000
35090  -15.251  -65.569  69.390 0.0000000000
35109  -14.987  -65.396  68.444 0.0000000000
54941  -47.827  -49.343  60.926 0.0000000000
54940  -47.060  -49.848  61.267 0.0000000000
54952  -47.713  -49.557  60.267 0.0000000000
59637  -51.008  -46.116  58.594 0.0000000000
59622  -50.641  -46.516  59.121 0.0000000000
59623  -50.940  -46.891  58.845 0.0000000000
57255  -50.412  -48.130  58.928 0.0000000000
57270  -50.813  -48.126  58.076 0.0000000000
59678  -52.217  -46.742  56.249 0.0000000000
59677  -52.003  -46.770  56.846 0.0000000000
58470  -52.092  -47.093  56.292 0.0000000000
57319  -51.242  -48.596  56.032 0.0000000000
57318  -50.653  -49.185  56.098 0.0000000000
56115  -50.129  -49.279  56.826 0.0000000000
56130  -49.913  -49.614  56.174 0.0000000000
64255  -50.637  -42.789  51.704 0.0000000000
69845  -51.641  -37.465  54.491 0.0000000000
69857  -50.413  -37.535  53.634 0.0000000000
68741  -50.833  -38.267  54.293 0.0000000000
66548  -50.948  -40.494  53.815 0.0000000000
67672  -50.375  -39.842  53.925 0.0000000000
66547  -49.966  -40.391  53.594 0.0000000000
66546  -49.013  -40.259  53.348 0.0000000000
66568  -49.521  -41.071  53.050 0.0000000000
64231  -52.205  -41.842  52.370 0.0000000000
64230  -51.594  -41.986  52.242 0.0000000000
63146  -51.909  -43.295  52.075 0.0000000000
62095  -53.197  -43.818  51.750 0.0000000000
62115  -53.141  -43.567  51.229 0.0000000000
58279  -42.629  -47.544  67.866 0.0000000000
60729  -41.887  -46.164  66.864 0.0000000000
52600  -31.649  -53.170  68.485 0.0000000000
52592  -32.205  -53.109  69.291 0.0000000000
52602  -32.897  -52.521  68.528 0.0000000000
53650  -33.333  -52.335  68.921 0.0000000000
58275  -39.798  -48.316  68.575 0.0000000000
58254  -40.221  -48.412  69.045 0.0000000000
58255  -40.918  -48.300  69.001 0.0000000000
57078  -41.314  -48.853  69.029 0.0000000000
55972  -42.082  -49.346  68.411 0.0000000000
57079  -41.875  -48.748  68.710 0.0000000000
57095  -42.378  -48.549  68.236 0.0000000000
60794  -47.906  -46.108  62.960 0.0000000000
59560  -48.439  -46.618  62.519 0.0000000000
60812  -48.543  -46.211  62.169 0.0000000000
60823  -48.792  -45.921  61.480 0.0000000000
59588  -49.253  -46.543  61.157 0.0000000000
62028  -52.339  -44.744  54.476 0.0000000000
62049  -53.224  -45.272  53.696 0.0000000000
59756  -53.118  -46.277  53.339 0.0000000000
71038  -53.147  -36.484  53.290 0.0000000000
69870  -52.956  -37.375  52.909 0.0000000000
75499  -52.514  -32.998  52.105 0.0000000000
74428  -52.835  -33.949  53.264 0.0000000000
75491  -53.166  -33.441  52.672 0.0000000000
73401  -54.231  -33.936  52.248 0.0000000000
73416  -54.893  -33.894  51.830 0.0000000000
75524  -57.354  -32.965  50.353 0.0000000000
74460  -57.329  -33.718  50.545 0.0000000000
73442  -57.395  -34.358  50.267 0.0000000000
72304  -57.665  -34.855  49.488 0.0000000000
51530  -43.707  -52.524  63.089 0.0000000000
54908  -44.862  -50.188  64.211 0.0000000000
59514  -44.771  -46.399  66.494 0.0000000000
57130  -45.581  -47.670  65.840 0.0000000000
58322  -45.246  -46.933  66.280 0.0000000000
59529  -45.752  -46.259  65.772 0.0000000000
59539  -46.388  -46.343  65.236 0.0000000000
59540  -46.943  -46.408  64.646 0.0000000000
60759  -45.943  -45.711  65.118 0.0000000000
60790  -44.807  -45.812  63.454 0.0000000000
33836  -16.668  -66.452  68.761 0.0000000000
33828  -16.786  -66.187  69.261 0.0000000000
32608  -17.048  -66.660  68.974 0.0000000000
32609  -17.535  -66.956  68.811 0.0000000000
35115  -22.667  -65.584  66.177 0.0000000000
37878  -24.671  -63.891  67.909 0.0000000000
37893  -25.347  -63.918  67.220 0.0000000000
37904  -25.849  -63.940  66.585 0.0000000000
37894  -26.337  -63.457  67.265 0.0000000000
39257  -26.937  -62.897  67.644 0.0000000000
41872  -29.402  -60.305  68.249 0.0000000000
43039  -29.778  -59.802  68.860 0.0000000000
44140  -30.433  -59.187  69.154 0.0000000000
50312  -30.122  -55.093  69.686 0.0000000000
49032  -29.737  -55.236  69.169 0.0000000000
50304  -30.169  -55.530  70.174 0.0000000000
48974  -30.605  -56.306  70.760 0.0000000000
46381  -32.614  -56.671  70.087 0.0000000000
47665  -33.882  -55.634  69.990 0.0000000000
50282  -35.069  -53.941  70.823 0.0000000000
48980  -35.218  -54.436  70.521 0.0000000000
49037  -37.625  -54.890  68.027 0.0000000000
53679  -34.860  -51.629  67.243 0.0000000000
54845  -36.213  -50.802  69.178 0.0000000000
53642  -39.155  -51.003  69.562 0.0000000000
53654  -39.632  -51.430  69.303 0.0000000000
52595  -39.383  -52.449  69.215 0.0000000000
51486  -39.579  -53.058  68.762 0.0000000000
51494  -39.411  -53.639  68.494 0.0000000000
50324  -39.974  -54.077  67.402 0.0000000000
49061  -39.699  -54.642  66.726 0.0000000000
49082  -39.923  -54.439  66.075 0.0000000000
50344  -40.351  -53.805  65.825 0.0000000000
50357  -40.424  -53.889  65.005 0.0000000000
52631  -41.962  -51.567  64.778 0.0000000000
52640  -42.467  -52.056  64.302 0.0000000000
50374  -43.006  -53.649  63.252 0.0000000000
51529  -43.363  -52.976  63.290 0.0000000000
39204  -14.499  -63.764  72.476 0.0000000000
37819  -14.204  -64.168  72.500 0.0000000000
36432  -14.277  -64.982  71.933 0.0000000000
33808  -15.175  -65.545  70.627 0.0000000000
54953  -48.529  -49.155  60.029 0.0000000000
54964  -47.556  -49.704  59.496 0.0000000000
61973  -49.228  -45.159  58.700 0.0000000000
61964  -49.569  -45.480  59.241 0.0000000000
60853  -50.740  -45.662  58.398 0.0000000000
59638  -51.169  -46.514  58.330 0.0000000000
58477  -51.779  -47.866  55.965 0.0000000000
67659  -52.179  -39.168  54.473 0.0000000000
67658  -51.336  -39.162  54.409 0.0000000000
66529  -51.757  -40.006  54.171 0.0000000000
66549  -51.741  -40.798  53.851 0.0000000000
65396  -51.371  -41.179  53.338 0.0000000000
65421  -52.466  -41.468  52.846 0.0000000000
64232  -52.593  -41.694  52.464 0.0000000000
64258  -52.558  -42.053  51.978 0.0000000000
63166  -52.677  -42.943  51.321 0.0000000000
76589  -54.959  -32.109  51.900 0.0000000000
76601  -56.305  -32.404  51.275 0.0000000000
76611  -55.891  -31.593  49.978 0.0000000000
76613  -57.353  -32.618  49.890 0.0000000000
54893  -43.008  -49.884  65.625 0.0000000000
54894  -43.931  -49.919  65.079 0.0000000000
56004  -43.756  -49.212  65.774 0.0000000000
57112  -43.577  -47.838  67.203 0.0000000000
58301  -44.042  -47.166  67.129 0.0000000000
58302  -44.602  -46.803  66.716 0.0000000000
60745  -43.959  -45.800  66.168 0.0000000000
60756  -43.263  -45.709  65.389 0.0000000000
36447  -16.344  -65.074  70.715 0.0000000000
35067  -16.632  -65.329  70.357 0.0000000000
36448  -17.039  -64.940  70.619 0.0000000000
36462  -17.439  -65.373  70.209 0.0000000000
36464  -18.512  -64.884  70.035 0.0000000000
36478  -18.946  -65.206  69.483 0.0000000000
36479  -19.671  -65.148  69.186 0.0000000000
36480  -20.704  -64.795  69.163 0.0000000000
50313  -30.572  -54.634  69.626 0.0000000000
50306  -31.340  -54.644  70.831 0.0000000000
51460  -31.789  -54.464  71.064 0.0000000000
48977  -33.256  -55.038  71.111 0.0000000000
50293  -33.238  -54.377  71.264 0.0000000000
51450  -33.790  -54.222  71.250 0.0000000000
51451  -34.216  -53.971  71.186 0.0000000000
52553  -34.519  -53.627  71.093 0.0000000000
52554  -35.000  -53.395  70.957 0.0000000000
51464  -36.169  -53.359  70.771 0.0000000000
51465  -36.962  -53.288  70.649 0.0000000000
55969  -37.468  -50.051  68.146 0.0000000000
55955  -37.283  -50.235  68.836 0.0000000000
55956  -38.078  -49.875  68.885 0.0000000000
55942  -39.293  -49.865  69.401 0.0000000000
57076  -39.461  -48.891  69.247 0.0000000000
57063  -39.853  -49.415  69.442 0.0000000000
54847  -40.076  -50.490  69.295 0.0000000000
52613  -41.022  -51.986  67.606 0.0000000000
53691  -41.564  -50.847  67.079 0.0000000000
54869  -42.090  -49.846  67.804 0.0000000000
54879  -41.898  -50.217  67.429 0.0000000000
53692  -41.872  -50.458  66.288 0.0000000000
54892  -42.342  -50.040  66.075 0.0000000000
39211  -15.087  -63.617  72.194 0.0000000000
37825  -15.530  -64.275  71.844 0.0000000000
56027  -47.470  -49.185  63.222 0.0000000000
56038  -47.729  -49.268  62.520 0.0000000000
56039  -48.308  -48.839  61.866 0.0000000000
54932  -48.065  -49.119  61.311 0.0000000000
57182  -48.751  -47.729  62.254 0.0000000000
56040  -48.861  -48.495  61.239 0.0000000000
56047  -48.526  -48.811  61.041 0.0000000000
56054  -48.724  -48.862  60.443 0.0000000000
54954  -49.054  -48.991  59.560 0.0000000000
56079  -49.564  -49.062  58.539 0.0000000000
61995  -50.809  -44.677  56.626 0.0000000000
61996  -51.635  -45.026  56.579 0.0000000000
59697  -52.487  -46.666  55.620 0.0000000000
62029  -52.883  -45.245  54.654 0.0000000000
58499  -52.207  -47.437  54.560 0.0000000000
72243  -51.331  -35.999  53.642 0.0000000000
71036  -50.814  -36.612  53.456 0.0000000000
71022  -51.739  -36.501  54.267 0.0000000000
69835  -51.766  -37.271  54.872 0.0000000000
68732  -52.259  -37.739  54.748 0.0000000000
69846  -53.093  -37.096  54.289 0.0000000000
68744  -52.958  -38.017  54.160 0.0000000000
67660  -52.728  -39.000  54.194 0.0000000000
66531  -52.850  -39.497  53.896 0.0000000000
67706  -52.778  -39.956  52.169 0.0000000000
59508  -40.217  -47.533  67.055 0.0000000000
59525  -40.288  -47.336  66.280 0.0000000000
54867  -36.994  -50.550  66.932 0.0000000000
55979  -38.204  -49.608  67.122 0.0000000000
57093  -38.592  -49.111  67.746 0.0000000000
57109  -39.030  -48.763  67.265 0.0000000000
60829  -46.160  -45.972  60.341 0.0000000000
61961  -47.763  -45.423  60.432 0.0000000000
61971  -47.402  -45.438  59.297 0.0000000000
61972  -48.400  -45.186  58.966 0.0000000000
61993  -48.810  -44.604  56.830 0.0000000000
62011  -50.243  -44.435  55.702 0.0000000000
62026  -50.639  -44.478  54.699 0.0000000000
62046  -51.011  -44.528  53.776 0.0000000000
62071  -51.363  -44.421  52.971 0.0000000000
63125  -51.668  -43.960  52.389 0.0000000000
73423  -50.420  -34.714  51.675 0.0000000000
73396  -50.772  -35.409  52.627 0.0000000000
73378  -51.845  -35.468  53.782 0.0000000000
73379  -52.413  -35.042  53.830 0.0000000000
73364  -53.095  -35.513  54.345 0.0000000000
74417  -52.969  -34.299  53.552 0.0000000000
72225  -53.250  -35.152  53.718 0.0000000000
72224  -53.229  -35.682  54.159 0.0000000000
72264  -53.012  -35.773  52.697 0.0000000000
72278  -52.494  -35.609  51.787 0.0000000000
75503  -56.014  -32.989  51.975 0.0000000000
73417  -55.724  -33.825  51.530 0.0000000000
72280  -56.317  -34.818  50.700 0.0000000000
72281  -56.847  -34.737  50.576 0.0000000000
52652  -44.437  -51.437  62.847 0.0000000000
53757  -44.902  -50.886  62.437 0.0000000000
53740  -45.583  -50.437  62.772 0.0000000000
54910  -46.762  -49.595  63.445 0.0000000000
54895  -44.851  -49.725  64.834 0.0000000000
56006  -45.634  -49.028  65.055 0.0000000000
56016  -46.124  -49.299  64.507 0.0000000000
59551  -47.673  -46.547  63.494 0.0000000000
60777  -47.442  -46.182  63.512 0.0000000000
60820  -46.968  -45.575  61.693 0.0000000000
60727  -40.946  -46.604  66.619 0.0000000000
60742  -41.312  -46.109  66.166 0.0000000000
60743  -42.076  -45.887  66.189 0.0000000000
60755  -42.299  -45.803  65.403 0.0000000000
60772  -43.526  -45.700  64.521 0.0000000000
60789  -43.797  -45.864  63.612 0.0000000000
60830  -46.685  -45.744  60.703 0.0000000000
36510  -15.323  -65.377  67.357 0.0000000000
35120  -15.882  -65.703  67.367 0.0000000000
35130  -16.899  -65.726  66.417 0.0000000000
33821  -17.462  -65.880  69.664 0.0000000000
32601  -17.895  -66.630  69.108 0.0000000000
37837  -20.264  -63.915  70.319 0.0000000000
37860  -21.351  -64.472  69.344 0.0000000000
36497  -21.776  -64.873  68.176 0.0000000000
36528  -23.331  -65.193  66.155 0.0000000000
36514  -23.895  -64.607  66.826 0.0000000000
36543  -23.514  -65.341  65.516 0.0000000000
35135  -24.560  -65.451  64.428 0.0000000000
37916  -26.159  -64.057  65.854 0.0000000000
39248  -27.179  -62.264  67.981 0.0000000000
39258  -27.604  -62.332  67.713 0.0000000000
40635  -28.371  -62.443  67.101 0.0000000000
43067  -30.143  -59.912  67.451 0.0000000000
45200  -27.882  -58.699  69.228 0.0000000000
45201  -28.634  -58.362  69.518 0.0000000000
49010  -29.064  -56.151  69.370 0.0000000000
47647  -28.948  -57.386  69.761 0.0000000000
46347  -29.051  -57.953  69.714 0.0000000000
44125  -29.330  -58.692  69.465 0.0000000000
44126  -29.763  -58.726  69.569 0.0000000000
44134  -30.703  -58.744  69.387 0.0000000000
46365  -31.205  -57.568  69.964 0.0000000000
45203  -31.197  -58.091  69.614 0.0000000000
45231  -31.847  -58.129  68.448 0.0000000000
48978  -33.901  -55.098  70.881 0.0000000000
49013  -34.472  -55.330  69.580 0.0000000000
48995  -35.070  -54.974  70.037 0.0000000000
53651  -33.929  -51.904  69.102 0.0000000000
53652  -34.661  -51.696  69.561 0.0000000000
54854  -34.808  -51.505  68.557 0.0000000000
53637  -35.182  -51.787  70.203 0.0000000000
53623  -35.604  -52.249  70.808 0.0000000000
52572  -36.675  -52.798  70.827 0.0000000000
53641  -38.703  -51.572  69.771 0.0000000000
53640  -37.636  -51.847  70.263 0.0000000000
52582  -37.623  -52.634  70.405 0.0000000000
51474  -37.294  -53.330  70.373 0.0000000000
50309  -37.745  -53.818  69.440 0.0000000000
49038  -38.243  -54.810  67.852 0.0000000000
51512  -40.855  -52.867  65.924 0.0000000000
50345  -40.662  -53.417  65.228 0.0000000000
50358  -40.930  -53.614  64.433 0.0000000000
49189  -43.127  -54.768  61.398 0.0000000000
50387  -43.167  -53.867  62.649 0.0000000000
49167  -43.175  -54.415  61.873 0.0000000000
35100  -14.638  -65.410  69.068 0.0000000000
61954  -48.323  -45.486  60.913 0.0000000000
61955  -48.799  -45.564  60.660 0.0000000000
59607  -49.645  -46.348  60.496 0.0000000000
60844  -50.016  -45.814  59.498 0.0000000000
59608  -50.069  -46.557  60.118 0.0000000000
58396  -50.309  -47.305  59.899 0.0000000000
57240  -50.066  -48.112  59.725 0.0000000000
56066  -50.075  -48.663  58.672 0.0000000000
56097  -49.641  -49.288  57.709 0.0000000000
59656  -51.651  -46.557  57.443 0.0000000000
58453  -51.560  -47.244  57.311 0.0000000000
57306  -51.328  -48.199  56.660 0.0000000000
57271  -51.216  -47.633  57.663 0.0000000000
56098  -50.327  -48.967  57.316 0.0000000000
63143  -49.192  -43.863  51.783 0.0000000000
69856  -49.500  -37.677  52.838 0.0000000000
68755  -49.788  -38.305  53.530 0.0000000000
67657  -50.447  -39.170  54.138 0.0000000000
67656  -50.019  -39.063  54.041 0.0000000000
68754  -48.924  -38.429  52.951 0.0000000000
65417  -49.185  -41.464  52.264 0.0000000000
65419  -51.057  -41.581  52.662 0.0000000000
64229  -50.854  -42.135  52.092 0.0000000000
63126  -52.325  -43.920  52.352 0.0000000000
61006  -52.860  -44.570  50.860 0.0000000000
62114  -52.737  -43.598  50.711 0.0000000000
62113  -52.226  -44.180  50.283 0.0000000000
61005  -51.921  -44.968  50.541 0.0000000000
32592  -17.020  -66.327  69.334 0.0000000000
32594  -17.733  -66.190  69.354 0.0000000000
32599  -16.988  -66.484  69.154 0.0000000000
32600  -17.296  -66.544  69.149 0.0000000000
33820  -16.934  -65.936  69.642 0.0000000000
33826  -15.322  -65.588  69.704 0.0000000000
33835  -16.190  -66.060  68.463 0.0000000000
33892  -23.895  -66.723  63.323 0.0000000000
35091  -18.279  -65.958  69.369 0.0000000000
35121  -16.513  -65.979  67.019 0.0000000000
35125  -22.793  -65.852  65.417 0.0000000000
35134  -24.071  -65.609  64.617 0.0000000000
35144  -23.593  -66.302  64.294 0.0000000000
36421  -14.167  -64.573  72.312 0.0000000000
36422  -14.544  -64.424  72.228 0.0000000000
36434  -16.003  -64.766  71.222 0.0000000000
36481  -21.490  -64.669  68.855 0.0000000000
36525  -14.685  -65.029  66.852 0.0000000000
36558  -25.462  -64.501  64.876 0.0000000000
37820  -14.841  -64.221  72.224 0.0000000000
37865  -25.670  -63.007  68.223 0.0000000000
37892  -24.814  -64.122  67.358 0.0000000000
37943  -25.432  -64.280  64.114 0.0000000000
39275  -27.337  -63.362  66.457 0.0000000000
40547  -14.017  -63.450  72.663 0.0000000000
40559  -15.459  -63.312  71.895 0.0000000000
40609  -28.144  -61.247  68.163 0.0000000000
40628  -28.670  -61.686  67.452 0.0000000000
43040  -30.450  -59.380  68.996 0.0000000000
44124  -29.029  -58.686  69.435 0.0000000000
45184  -29.130  -58.350  69.568 0.0000000000
45202  -30.696  -58.377  69.596 0.0000000000
46364  -29.118  -57.600  69.775 0.0000000000
46367  -32.420  -56.598  70.399 0.0000000000
48962  -33.733  -54.691  71.085 0.0000000000
48993  -30.458  -55.713  70.582 0.0000000000
48994  -34.247  -55.222  70.363 0.0000000000
49011  -29.646  -55.735  69.651 0.0000000000
49060  -39.302  -54.880  66.956 0.0000000000
49145  -42.192  -54.616  62.964 0.0000000000
50292  -32.426  -54.754  71.212 0.0000000000
50294  -34.262  -54.543  70.924 0.0000000000
50295  -34.886  -54.277  70.741 0.0000000000
50322  -30.554  -54.377  69.180 0.0000000000
50400  -43.204  -54.031  62.382 0.0000000000
51452  -34.775  -53.780  70.948 0.0000000000
51453  -35.412  -53.598  70.817 0.0000000000
51462  -33.652  -53.779  71.233 0.0000000000
51463  -34.200  -53.656  71.187 0.0000000000
51466  -37.385  -53.067  70.488 0.0000000000
51471  -30.936  -54.491  70.023 0.0000000000
51483  -32.137  -53.444  69.777 0.0000000000
51484  -38.227  -53.488  69.444 0.0000000000
52555  -35.596  -53.224  70.878 0.0000000000
52567  -32.585  -53.490  70.595 0.0000000000
52573  -37.217  -52.754  70.665 0.0000000000
52593  -32.896  -52.654  69.115 0.0000000000
52661  -44.456  -51.410  62.617 0.0000000000
53626  -37.382  -52.388  70.526 0.0000000000
53638  -35.983  -51.757  70.447 0.0000000000
53655  -40.370  -51.048  69.040 0.0000000000
54966  -48.988  -49.164  59.190 0.0000000000
55943  -39.865  -49.887  69.448 0.0000000000
55960  -41.661  -49.252  68.844 0.0000000000
55977  -37.084  -50.390  67.561 0.0000000000
55981  -42.790  -48.928  67.531 0.0000000000
56028  -48.081  -48.704  62.738 0.0000000000
56055  -49.289  -48.725  59.893 0.0000000000
56065  -49.462  -48.880  59.182 0.0000000000
56146  -49.658  -49.702  55.736 0.0000000000
57203  -48.998  -48.042  61.712 0.0000000000
57289  -50.811  -48.504  57.340 0.0000000000
57290  -51.285  -47.861  57.280 0.0000000000
58278  -42.046  -47.791  68.330 0.0000000000
58321  -44.607  -47.387  66.636 0.0000000000
58341  -47.912  -47.068  63.531 0.0000000000
58351  -48.649  -47.178  62.424 0.0000000000
58378  -49.810  -47.303  60.530 0.0000000000
58415  -51.028  -47.164  58.610 0.0000000000
58432  -50.855  -47.648  58.571 0.0000000000
58478  -52.137  -47.180  56.014 0.0000000000
59496  -42.742  -46.991  67.536 0.0000000000
59528  -45.156  -46.112  66.178 0.0000000000
59550  -47.335  -46.474  64.029 0.0000000000
59777  -52.042  -46.184  51.792 0.0000000000
60795  -48.236  -46.253  62.559 0.0000000000
60811  -48.262  -45.894  62.169 0.0000000000
60821  -47.475  -45.478  61.461 0.0000000000
60833  -49.835  -46.093  60.169 0.0000000000
60854  -51.140  -45.955  58.263 0.0000000000
60863  -50.986  -45.294  57.757 0.0000000000
60880  -52.480  -46.285  55.935 0.0000000000
60900  -52.782  -45.903  55.416 0.0000000000
60918  -53.149  -45.861  54.615 0.0000000000
60919  -53.308  -45.823  54.083 0.0000000000
60939  -53.330  -45.853  53.575 0.0000000000
61948  -48.220  -45.610  61.658 0.0000000000
61970  -46.939  -45.549  58.934 0.0000000000
62014  -52.648  -45.394  55.320 0.0000000000
65398  -52.785  -40.982  53.285 0.0000000000
66530  -52.531  -39.758  54.064 0.0000000000
68734  -53.264  -37.442  54.125 0.0000000000
68740  -50.116  -38.709  54.013 0.0000000000
68743  -52.504  -38.347  54.543 0.0000000000
69836  -52.528  -37.168  54.781 0.0000000000
69844  -50.961  -37.554  54.190 0.0000000000
69869  -52.507  -37.383  52.495 0.0000000000
71011  -52.184  -36.871  54.697 0.0000000000
71012  -52.704  -36.428  54.689 0.0000000000
71024  -53.263  -36.412  53.963 0.0000000000
71037  -51.241  -36.523  53.872 0.0000000000
71050  -49.705  -36.531  52.241 0.0000000000
71101  -56.986  -36.149  49.299 0.0000000000
72214  -53.065  -35.856  54.616 0.0000000000
72223  -52.316  -35.871  54.348 0.0000000000
72241  -50.259  -36.149  52.552 0.0000000000
72245  -53.388  -34.948  53.299 0.0000000000
72262  -50.527  -35.564  52.426 0.0000000000
72263  -52.725  -35.837  52.317 0.0000000000
72303  -57.381  -34.955  49.948 0.0000000000
73363  -52.825  -35.520  54.354 0.0000000000
73380  -53.013  -34.995  54.035 0.0000000000
73397  -51.278  -35.129  53.069 0.0000000000
73412  -50.600  -35.040  52.206 0.0000000000
73429  -57.013  -34.263  50.755 0.0000000000
73443  -57.660  -34.482  49.697 0.0000000000
74415  -52.418  -34.648  53.557 0.0000000000
74426  -51.429  -34.581  52.809 0.0000000000
74437  -50.693  -34.525  51.858 0.0000000000
74461  -57.674  -33.994  49.977 0.0000000000
75490  -52.539  -33.664  52.796 0.0000000000
75523  -56.828  -32.724  50.931 0.0000000000
76591  -56.154  -32.690  51.661 0.0000000000
77751  -53.792  -31.001  50.879 0.0000000000
