#!ascii label  , from subject FTD-FPD109 vox2ras=TkReg
1831
10316  -30.619  -86.469  -13.793 0.1000000015
9205  -30.238  -86.555  -14.967 0.1000000015
9204  -29.334  -86.865  -15.737 0.1000000015
10358  -30.301  -86.412  -15.821 0.1000000015
10381  -29.262  -86.698  -17.183 0.1000000015
10400  -30.347  -86.026  -17.013 0.1000000015
10412  -28.308  -86.187  -18.365 0.1000000015
12636  -29.418  -84.523  -18.350 0.1000000015
13906  -29.077  -83.476  -17.729 0.1000000015
13907  -30.339  -83.588  -17.936 0.1000000015
13892  -28.154  -83.361  -16.811 0.1000000015
15313  -29.351  -82.692  -17.329 0.1000000015
18054  -30.258  -81.071  -16.698 0.1000000015
13893  -28.845  -82.934  -17.222 0.1000000015
16677  -29.028  -81.492  -16.054 0.1000000015
15299  -28.953  -82.358  -16.708 0.1000000015
11472  -31.515  -85.509  -14.001 0.1000000015
10337  -30.771  -86.307  -14.398 0.1000000015
11496  -31.876  -85.274  -15.166 0.1000000015
10360  -31.473  -85.625  -15.399 0.1000000015
10383  -30.844  -85.878  -16.336 0.1000000015
11515  -31.786  -85.273  -16.066 0.1000000015
11538  -30.717  -85.415  -17.271 0.1000000015
12638  -31.441  -84.547  -17.175 0.1000000015
12637  -30.564  -84.544  -17.881 0.1000000015
15314  -30.166  -82.550  -17.609 0.1000000015
23381  -33.409  -76.743  -18.444 0.1000000015
20773  -31.831  -78.066  -18.320 0.1000000015
20754  -32.309  -78.763  -17.781 0.1000000015
18056  -31.816  -80.020  -17.115 0.1000000015
18055  -31.018  -80.544  -16.963 0.1000000015
18075  -31.593  -81.146  -17.420 0.1000000015
16718  -31.067  -81.725  -17.478 0.1000000015
15300  -29.705  -82.148  -17.135 0.1000000015
12569  -31.043  -85.440  -12.101 0.1000000015
13847  -31.616  -83.719  -12.651 0.2000000030
11458  -31.054  -85.461  -12.544 0.1000000015
13848  -32.283  -83.470  -13.364 0.1000000015
13860  -32.713  -83.725  -14.097 0.1000000015
12577  -31.375  -84.813  -12.898 0.1000000015
12599  -32.203  -84.768  -14.595 0.1000000015
31199  -35.722  -70.736  -14.291 0.1000000015
29922  -35.844  -71.888  -14.904 0.1000000015
13873  -33.085  -83.688  -14.729 0.1000000015
12609  -32.723  -84.184  -15.555 0.1000000015
11516  -32.331  -84.723  -15.835 0.1000000015
29933  -35.999  -71.733  -15.699 0.1000000015
29934  -36.309  -72.347  -16.053 0.1000000015
27243  -36.326  -73.336  -16.175 0.1000000015
26025  -36.362  -74.458  -16.654 0.1000000015
24701  -35.858  -75.250  -16.552 0.1000000015
23334  -35.785  -76.124  -17.038 0.1000000015
13883  -32.978  -83.675  -15.634 0.1000000015
15301  -32.617  -83.147  -16.650 0.1000000015
13908  -31.359  -83.652  -17.517 0.1000000015
27259  -36.595  -73.643  -16.702 0.1000000015
26042  -36.483  -74.702  -17.619 0.1000000015
24724  -36.302  -75.432  -17.563 0.1000000015
22047  -35.010  -76.761  -17.755 0.1000000015
20777  -34.822  -77.354  -17.587 0.1000000015
19417  -34.789  -79.177  -16.865 0.1000000015
19416  -34.481  -79.263  -17.223 0.1000000015
15315  -31.212  -82.673  -17.548 0.1000000015
24746  -35.634  -75.796  -18.146 0.1000000015
22046  -34.550  -77.010  -17.992 0.1000000015
20776  -34.423  -77.865  -17.820 0.1000000015
20756  -34.272  -78.679  -17.612 0.1000000015
18077  -33.334  -80.284  -17.353 0.1000000015
20775  -33.685  -78.284  -17.959 0.1000000015
19431  -33.318  -78.731  -17.835 0.1000000015
19414  -32.993  -79.324  -17.644 0.1000000015
18076  -32.247  -80.512  -17.378 0.1000000015
16719  -31.916  -81.697  -17.474 0.1000000015
15231  -31.643  -82.614  -12.134 0.1000000015
12563  -31.376  -84.239  -10.685 0.1000000015
12546  -31.739  -84.204  -9.981 0.2000000030
11401  -31.936  -84.955  -10.244 0.2000000030
15232  -32.233  -82.703  -12.939 0.1000000015
15249  -32.717  -82.944  -13.608 0.1000000015
32481  -35.866  -69.780  -13.962 0.1000000015
15250  -33.220  -82.774  -14.127 0.1000000015
15266  -33.637  -82.673  -14.884 0.1000000015
15267  -33.963  -81.886  -15.200 0.1000000015
28530  -35.992  -72.273  -15.276 0.1000000015
27242  -35.895  -73.672  -15.873 0.1000000015
26011  -35.433  -74.437  -15.961 0.1000000015
13895  -33.176  -83.277  -15.756 0.1000000015
24680  -35.250  -75.369  -16.224 0.1000000015
23333  -35.457  -75.930  -16.580 0.1000000015
22023  -35.181  -77.305  -16.872 0.1000000015
19404  -34.940  -78.972  -16.523 0.1000000015
16722  -34.346  -80.469  -16.831 0.1000000015
15317  -33.258  -81.860  -17.003 0.1000000015
16720  -32.846  -81.349  -17.320 0.1000000015
16620  -31.645  -81.172  -11.230 0.1000000015
16621  -32.116  -80.809  -11.873 0.1000000015
15216  -31.365  -82.428  -11.311 0.1000000015
15204  -31.314  -82.272  -10.403 0.2000000030
13831  -31.337  -83.169  -10.710 0.2000000030
13813  -31.670  -83.314  -9.718 0.2000000030
12547  -32.253  -84.147  -9.494 0.2000000030
16645  -32.997  -81.955  -13.401 0.1000000015
17999  -32.431  -80.381  -12.316 0.1000000015
18016  -32.929  -80.748  -12.990 0.1000000015
16646  -33.635  -81.873  -14.245 0.1000000015
29920  -34.663  -72.042  -14.089 0.1000000015
28516  -34.148  -72.272  -14.058 0.1000000015
28527  -33.611  -73.224  -14.553 0.1000000015
16659  -34.032  -81.614  -14.869 0.1000000015
33723  -35.676  -68.875  -13.632 0.1000000015
34988  -35.551  -68.385  -13.333 0.1000000015
29906  -35.644  -71.436  -14.486 0.1000000015
29921  -35.266  -72.084  -14.424 0.1000000015
26010  -34.645  -74.645  -15.699 0.1000000015
26009  -33.925  -75.039  -15.601 0.1000000015
23312  -34.841  -76.570  -16.283 0.1000000015
22007  -34.543  -77.778  -15.789 0.1000000015
19393  -34.787  -79.401  -15.794 0.1000000015
18043  -34.659  -80.354  -15.662 0.1000000015
15287  -33.918  -82.013  -15.636 0.1000000015
33743  -35.527  -68.641  -14.422 0.1000000015
23313  -35.283  -76.723  -16.714 0.1000000015
20712  -34.926  -78.521  -16.018 0.1000000015
18044  -34.850  -79.728  -15.983 0.1000000015
15303  -34.021  -81.709  -16.250 0.1000000015
35009  -35.638  -67.606  -14.181 0.1000000015
36390  -35.447  -66.905  -14.272 0.1000000015
36389  -34.608  -66.816  -14.514 0.1000000015
37789  -35.150  -66.263  -14.254 0.1000000015
20636  -31.120  -78.601  -11.577 0.1000000015
17977  -31.578  -80.033  -11.217 0.1000000015
21953  -31.340  -78.222  -12.123 0.1000000015
20637  -31.699  -78.685  -12.153 0.1000000015
17960  -31.303  -80.159  -10.423 0.1000000015
16607  -31.394  -81.304  -10.018 0.1000000015
15189  -31.483  -82.202  -9.621 0.2000000030
21970  -31.655  -78.181  -12.502 0.1000000015
19340  -32.202  -79.372  -12.334 0.1000000015
15169  -31.814  -82.531  -9.029 0.2000000030
21984  -32.053  -78.053  -13.114 0.1000000015
20664  -32.586  -78.923  -13.046 0.1000000015
36347  -35.550  -66.637  -12.420 0.1000000015
34972  -35.275  -68.011  -12.831 0.1000000015
33722  -35.135  -68.836  -13.152 0.1000000015
32458  -34.570  -69.368  -12.884 0.1000000015
32480  -35.062  -69.717  -13.360 0.1000000015
31197  -34.341  -70.597  -13.239 0.1000000015
29904  -34.215  -71.611  -13.657 0.1000000015
23280  -31.223  -77.008  -13.245 0.1000000015
21993  -32.529  -78.110  -13.986 0.1000000015
20665  -32.971  -79.387  -13.291 0.1000000015
18017  -33.489  -80.950  -13.804 0.1000000015
27225  -32.935  -73.787  -14.679 0.1000000015
25993  -33.253  -74.737  -15.293 0.1000000015
20687  -33.824  -79.076  -14.930 0.1000000015
20686  -33.097  -79.034  -13.912 0.1000000015
18031  -33.950  -81.069  -14.438 0.1000000015
36348  -36.259  -66.216  -12.860 0.1000000015
27240  -34.458  -73.956  -15.298 0.1000000015
25994  -34.010  -74.408  -15.368 0.1000000015
24678  -33.492  -75.775  -15.615 0.1000000015
22006  -33.837  -77.688  -15.410 0.1000000015
21995  -34.021  -78.331  -15.337 0.1000000015
19380  -34.405  -79.764  -15.214 0.1000000015
19379  -33.870  -80.074  -14.345 0.1000000015
34973  -35.827  -67.501  -13.148 0.1000000015
36374  -35.881  -67.063  -13.873 0.1000000015
36359  -36.104  -66.824  -13.261 0.1000000015
37775  -35.882  -66.134  -13.891 0.1000000015
37788  -34.322  -66.045  -14.246 0.1000000015
36388  -33.567  -66.642  -14.478 0.1000000015
21969  -31.226  -77.847  -12.312 0.1000000015
23240  -30.562  -77.401  -11.767 0.1000000015
20620  -30.919  -78.877  -11.005 0.1000000015
23279  -30.529  -76.538  -12.661 0.1000000015
19279  -31.049  -79.581  -9.633 0.1000000015
16594  -31.608  -81.495  -9.175 0.1000000015
24636  -30.480  -75.902  -13.311 0.1000000015
16576  -31.970  -81.680  -8.599 0.2000000030
34960  -35.286  -67.406  -12.514 0.1000000015
32479  -34.269  -69.946  -12.924 0.1000000015
31183  -33.577  -70.496  -12.769 0.1000000015
24658  -31.857  -75.939  -14.691 0.1000000015
23281  -31.938  -77.483  -13.856 0.1000000015
17937  -31.915  -80.694  -8.686 0.1000000015
16577  -32.429  -81.245  -8.283 0.2000000030
34971  -34.576  -68.284  -12.382 0.1000000015
28515  -33.344  -72.711  -14.052 0.1000000015
27212  -32.361  -73.417  -14.177 0.1000000015
25992  -32.296  -74.858  -14.924 0.1000000015
24659  -32.657  -75.838  -15.236 0.1000000015
23298  -32.530  -77.038  -14.676 0.1000000015
37740  -36.131  -65.557  -12.564 0.1000000015
37758  -36.318  -65.704  -13.230 0.1000000015
39175  -35.926  -64.766  -13.554 0.1000000015
40522  -35.413  -63.802  -13.434 0.1000000015
37774  -35.123  -65.484  -14.016 0.1000000015
39174  -34.914  -64.605  -13.661 0.1000000015
37773  -34.044  -65.238  -13.912 0.1000000015
24621  -29.756  -75.334  -11.794 0.1000000015
24609  -29.977  -76.073  -11.783 0.1000000015
23239  -30.086  -76.841  -11.399 0.1000000015
25954  -29.789  -74.514  -12.300 0.1000000015
23260  -30.797  -77.227  -12.245 0.1000000015
21940  -30.090  -77.489  -10.584 0.1000000015
19298  -30.853  -79.152  -10.442 0.1000000015
24622  -30.053  -75.711  -12.455 0.1000000015
20599  -30.340  -78.255  -10.039 0.1000000015
17949  -31.480  -80.475  -9.437 0.1000000015
27211  -31.469  -73.857  -13.994 0.1000000015
25955  -30.209  -74.748  -13.127 0.1000000015
19265  -30.918  -79.000  -9.113 0.1000000015
36346  -34.627  -66.575  -11.486 0.1000000015
34959  -34.489  -67.700  -11.949 0.1000000015
33681  -33.497  -68.536  -11.520 0.1000000015
32457  -33.743  -69.581  -12.384 0.1000000015
31182  -32.752  -70.490  -12.184 0.1000000015
29903  -33.045  -71.906  -13.346 0.1000000015
28514  -32.124  -72.779  -13.552 0.1000000015
25975  -30.776  -74.894  -13.853 0.1000000015
19266  -31.482  -79.602  -8.811 0.1000000015
37739  -35.382  -65.558  -11.717 0.1000000015
29888  -33.594  -71.162  -13.148 0.1000000015
25976  -31.493  -74.920  -14.452 0.1000000015
17938  -32.399  -80.418  -8.237 0.1000000015
39147  -36.115  -64.521  -12.061 0.1000000015
39162  -36.459  -64.693  -12.925 0.1000000015
40511  -36.230  -63.906  -13.157 0.1000000015
41779  -35.415  -62.627  -13.356 0.1000000015
40510  -35.291  -63.219  -13.438 0.1000000015
40508  -33.429  -62.939  -13.137 0.1000000015
25937  -29.345  -74.410  -11.222 0.1000000015
24608  -29.722  -75.864  -11.181 0.1000000015
23238  -29.823  -76.411  -11.098 0.1000000015
21939  -29.842  -76.997  -10.515 0.1000000015
27191  -29.743  -73.371  -12.015 0.1000000015
21925  -29.766  -76.997  -9.989 0.1000000015
19297  -30.575  -78.673  -10.290 0.1000000015
27193  -31.214  -73.298  -13.353 0.1000000015
27192  -30.425  -73.466  -12.814 0.1000000015
21926  -30.091  -77.634  -9.542 0.1000000015
29902  -32.200  -71.949  -12.980 0.1000000015
28496  -31.349  -72.489  -12.860 0.1000000015
28495  -30.521  -72.202  -11.986 0.1000000015
20577  -30.498  -78.350  -9.180 0.1000000015
34943  -33.892  -67.243  -11.177 0.1000000015
34958  -33.545  -67.876  -11.259 0.1000000015
32438  -33.355  -69.185  -11.778 0.1000000015
32456  -32.981  -69.772  -11.787 0.1000000015
29887  -32.814  -71.238  -12.775 0.1000000015
19251  -31.879  -79.079  -8.203 0.1000000015
39132  -35.739  -64.009  -11.392 0.1000000015
41765  -36.417  -62.667  -12.379 0.1000000015
40484  -36.231  -63.422  -11.845 0.1000000015
42998  -35.968  -61.935  -12.841 0.1000000015
41780  -36.217  -62.995  -13.040 0.1000000015
41778  -34.213  -62.107  -13.415 0.1000000015
42997  -35.005  -61.117  -13.153 0.1000000015
29862  -30.227  -71.514  -11.012 0.1000000015
28471  -29.722  -72.228  -11.118 0.1000000015
27159  -29.055  -73.212  -10.631 0.1000000015
24594  -29.324  -75.435  -10.282 0.1000000015
29847  -30.498  -71.036  -10.737 0.1000000015
23200  -29.433  -76.247  -9.620 0.1000000015
31163  -32.418  -70.168  -11.588 0.1000000015
31162  -31.692  -70.409  -11.181 0.1000000015
29885  -31.154  -71.496  -11.821 0.1000000015
28494  -29.787  -72.696  -11.700 0.1000000015
21906  -29.751  -76.944  -9.026 0.1000000015
37725  -34.854  -65.094  -11.075 0.1000000015
36333  -33.782  -66.462  -10.690 0.1000000015
33680  -33.040  -68.408  -10.946 0.1000000015
29886  -31.782  -71.455  -12.256 0.1000000015
21907  -30.428  -77.589  -8.536 0.1000000015
39146  -35.447  -64.681  -11.369 0.1000000015
20578  -31.176  -78.442  -8.420 0.1000000015
41756  -36.112  -62.480  -11.626 0.1000000015
42984  -36.198  -61.750  -12.057 0.1000000015
42983  -35.661  -60.892  -12.336 0.1000000015
44087  -34.975  -59.916  -12.511 0.1000000015
45115  -34.235  -59.073  -12.576 0.1000000015
42996  -33.798  -60.954  -13.338 0.1000000015
25925  -28.870  -74.178  -9.781 0.1000000015
24577  -29.126  -75.296  -9.182 0.1000000015
36309  -33.392  -66.001  -9.997 0.1000000015
33657  -32.504  -68.630  -10.345 0.1000000015
32415  -32.115  -69.294  -10.402 0.1000000015
31161  -31.008  -70.686  -10.778 0.1000000015
39131  -34.958  -64.219  -10.611 0.1000000015
37724  -34.148  -65.342  -10.383 0.1000000015
34942  -33.070  -67.597  -10.528 0.1000000015
32437  -32.632  -69.383  -11.098 0.1000000015
40483  -35.651  -63.202  -11.088 0.1000000015
41755  -35.565  -62.083  -10.908 0.1000000015
42957  -35.159  -60.983  -10.617 0.1000000015
42970  -35.699  -61.225  -11.490 0.1000000015
44076  -35.191  -60.035  -11.431 0.1000000015
45106  -34.733  -58.977  -11.827 0.1000000015
46250  -34.081  -58.458  -11.954 0.1000000015
29846  -29.880  -71.341  -10.326 0.1000000015
28450  -29.128  -72.239  -10.037 0.1000000015
27158  -28.720  -73.128  -9.778 0.1000000015
27144  -28.584  -73.050  -9.116 0.1000000015
31143  -30.666  -70.489  -10.091 0.1000000015
32436  -31.856  -69.780  -10.627 0.1000000015
40466  -34.945  -62.998  -10.277 0.1000000015
39117  -34.371  -63.732  -9.827 0.1000000015
46236  -34.224  -58.370  -11.252 0.1000000015
46249  -33.551  -58.252  -11.274 0.1000000015
28449  -28.773  -72.561  -9.422 0.1000000015
32414  -31.506  -69.570  -9.933 0.1000000015
39130  -34.107  -64.528  -9.863 0.1000000015
37705  -33.481  -65.262  -9.397 0.1000000015
36332  -33.059  -66.746  -10.052 0.1000000015
33636  -32.549  -68.068  -9.977 0.1000000015
33656  -32.055  -69.032  -10.031 0.1000000015
41743  -34.877  -61.918  -9.959 0.1000000015
44064  -34.634  -59.914  -10.317 0.1000000015
45096  -34.585  -58.906  -10.814 0.1000000015
46235  -33.729  -57.929  -10.223 0.1000000015
47494  -33.156  -57.460  -9.559 0.1000000015
31127  -30.302  -70.295  -9.378 0.1000000015
33635  -32.047  -68.555  -9.470 0.1000000015
32394  -31.125  -69.184  -8.927 0.1000000015
32413  -30.789  -69.883  -9.427 0.1000000015
39116  -33.657  -64.059  -9.114 0.1000000015
36308  -32.825  -66.324  -9.285 0.1000000015
34924  -32.564  -67.449  -9.576 0.1000000015
40465  -34.198  -62.802  -9.346 0.1000000015
45095  -34.218  -58.868  -9.774 0.1000000015
47495  -33.494  -57.479  -9.263 0.1000000015
34923  -32.159  -67.794  -8.834 0.1000000015
34904  -32.334  -67.033  -8.844 0.1000000015
42956  -34.594  -60.897  -9.708 0.1000000015
46219  -34.045  -57.891  -9.135 0.1000000015
41742  -34.331  -61.727  -9.280 0.1000000015
42945  -34.059  -60.976  -8.920 0.1000000015
44063  -34.268  -59.942  -9.318 0.1000000015
45084  -34.091  -59.015  -8.625 0.1000000015
46195  -34.331  -57.714  -8.065 0.1000000015
41729  -33.856  -62.011  -8.608 0.1000000015
44050  -33.938  -60.187  -8.539 0.1000000015
9222  -29.284  -86.838  -16.655 0.1000000015
10382  -29.920  -86.474  -16.656 0.1000000015
10399  -29.739  -86.141  -17.595 0.1000000015
11514  -31.223  -85.438  -16.638 0.1000000015
11537  -29.804  -85.344  -18.150 0.1000000015
12657  -28.648  -84.977  -18.548 0.1000000015
10338  -31.362  -85.739  -14.643 0.1000000015
12586  -32.029  -84.707  -14.019 0.1000000015
10359  -30.928  -86.051  -15.338 0.1000000015
11497  -32.311  -84.809  -15.395 0.1000000015
11539  -31.422  -85.109  -16.792 0.1000000015
12621  -32.241  -84.434  -16.298 0.1000000015
13909  -32.127  -83.806  -16.893 0.1000000015
22045  -33.893  -77.302  -18.229 0.1000000015
20753  -31.562  -78.615  -17.630 0.1000000015
19413  -32.133  -79.463  -17.404 0.1000000015
19403  -31.491  -79.437  -17.041 0.1000000015
12570  -31.052  -84.812  -11.885 0.1000000015
13859  -32.033  -84.120  -13.428 0.1000000015
13839  -31.217  -83.498  -11.565 0.2000000030
13872  -32.789  -84.017  -14.531 0.1000000015
31198  -35.183  -70.668  -13.674 0.1000000015
28537  -35.699  -73.218  -15.479 0.1000000015
22037  -35.295  -76.851  -17.381 0.1000000015
23384  -35.415  -76.333  -17.815 0.1000000015
20757  -34.896  -78.238  -17.157 0.1000000015
20735  -35.023  -78.309  -16.507 0.1000000015
18079  -34.455  -79.923  -16.874 0.1000000015
18078  -34.118  -80.069  -17.196 0.1000000015
15316  -32.320  -82.595  -17.119 0.1000000015
16721  -33.802  -81.010  -17.129 0.1000000015
16631  -31.672  -81.914  -11.772 0.1000000015
16632  -32.215  -81.527  -12.331 0.1000000015
15302  -33.297  -82.538  -16.327 0.1000000015
27241  -35.172  -73.702  -15.478 0.1000000015
22008  -34.984  -77.580  -16.427 0.1000000015
16700  -34.288  -81.073  -16.573 0.1000000015
27227  -34.672  -73.385  -15.012 0.1000000015
18032  -34.348  -80.727  -14.962 0.1000000015
34989  -35.846  -67.868  -13.610 0.1000000015
24679  -34.339  -75.693  -15.917 0.1000000015
23311  -33.906  -76.798  -15.767 0.1000000015
20711  -34.476  -78.844  -15.550 0.1000000015
16678  -34.489  -81.174  -15.981 0.1000000015
35008  -35.011  -67.605  -14.634 0.1000000015
20635  -30.767  -78.119  -11.463 0.1000000015
19319  -31.222  -79.364  -11.067 0.1000000015
19320  -31.639  -79.351  -11.691 0.1000000015
20685  -32.548  -78.550  -13.485 0.1000000015
15170  -32.610  -82.295  -8.431 0.2000000030
23297  -31.642  -76.772  -14.166 0.1000000015
21994  -33.329  -78.092  -14.767 0.1000000015
19359  -33.260  -79.965  -13.487 0.1000000015
27224  -32.072  -74.132  -14.487 0.1000000015
23310  -33.128  -76.577  -15.381 0.1000000015
19267  -32.060  -79.874  -8.374 0.1000000015
39173  -33.932  -64.353  -13.463 0.1000000015
27210  -30.776  -74.025  -13.463 0.1000000015
40496  -36.450  -63.684  -12.612 0.1000000015
40509  -34.530  -63.326  -13.382 0.1000000015
44096  -34.246  -60.012  -13.083 0.1000000015
45114  -33.449  -58.890  -12.556 0.1000000015
29765  -42.697  -71.263  -5.934 0.5000000000
21864  -42.837  -77.614  -6.340 0.5000000000
21848  -42.578  -77.553  -5.824 0.5000000000
29764  -41.649  -71.169  -6.084 0.5000000000
29793  -43.182  -71.606  -6.575 0.5000000000
28362  -43.666  -71.868  -6.638 0.5000000000
21865  -43.254  -77.030  -6.839 0.5000000000
29733  -39.824  -71.116  -5.414 0.5000000000
29734  -40.870  -71.043  -5.236 0.5000000000
23158  -43.658  -76.154  -6.942 0.5000000000
29763  -40.570  -71.242  -6.228 0.5000000000
29791  -41.283  -71.503  -7.055 0.5000000000
28385  -41.961  -71.849  -7.899 0.4000000060
20582  -41.332  -78.301  -8.584 0.5000000000
19271  -40.570  -79.250  -8.676 0.5000000000
20603  -41.055  -77.705  -9.273 0.5000000000
20602  -40.362  -78.135  -9.401 0.5000000000
21957  -39.536  -77.093  -10.862 0.5000000000
21958  -39.639  -77.413  -10.399 0.5000000000
23262  -38.825  -76.952  -10.995 0.4000000060
24610  -38.170  -76.000  -11.081 0.4000000060
25881  -39.545  -74.895  -6.003 0.1000000015
23144  -42.131  -76.512  -5.791 0.5000000000
29735  -41.982  -71.065  -5.115 0.5000000000
29766  -43.657  -71.677  -5.884 0.5000000000
28363  -44.282  -72.388  -6.550 0.4000000060
23146  -43.358  -76.163  -6.539 0.5000000000
29708  -39.966  -70.978  -4.330 0.5000000000
29707  -39.186  -70.992  -4.788 0.5000000000
31027  -38.421  -70.651  -3.545 0.5000000000
31045  -38.339  -70.825  -4.551 0.5000000000
31026  -37.619  -70.468  -3.839 0.4000000060
29762  -39.543  -71.382  -6.371 0.4000000060
29732  -38.782  -71.149  -5.563 0.3000000119
28409  -42.413  -72.385  -8.771 0.6999999881
28410  -43.378  -72.813  -8.555 0.5000000000
31062  -37.968  -70.922  -5.319 0.3000000119
29790  -40.212  -71.631  -7.165 0.4000000060
27137  -43.685  -73.661  -8.752 0.6000000238
25908  -44.443  -74.583  -7.658 0.6000000238
21887  -43.167  -77.079  -7.560 0.5000000000
20562  -42.211  -78.525  -7.331 0.3000000119
29731  -38.053  -71.139  -6.005 0.3000000119
29789  -39.235  -71.718  -7.322 0.3000000119
28407  -40.214  -72.423  -8.984 0.4000000060
28432  -41.626  -72.809  -9.805 0.5000000000
27148  -42.253  -73.675  -9.953 0.6000000238
24581  -42.456  -75.317  -9.494 0.6000000238
21931  -42.124  -77.109  -8.869 0.5000000000
21930  -41.580  -77.207  -9.148 0.5000000000
28383  -39.772  -72.044  -8.054 0.4000000060
28456  -41.640  -73.134  -10.549 0.5000000000
25928  -41.440  -74.540  -10.651 0.5000000000
24580  -41.628  -75.372  -9.931 0.5000000000
21929  -40.785  -77.008  -9.656 0.5000000000
29788  -38.443  -71.496  -7.827 0.4000000060
28406  -39.247  -72.211  -8.935 0.4000000060
28430  -39.604  -72.286  -10.098 0.5000000000
28478  -41.372  -72.994  -11.332 0.5000000000
27198  -41.073  -73.837  -12.039 0.4000000060
24597  -41.170  -75.318  -10.526 0.5000000000
23245  -40.779  -76.009  -10.742 0.5000000000
28454  -40.095  -72.012  -11.463 0.5000000000
27178  -41.047  -73.034  -12.341 0.5000000000
25959  -40.811  -74.097  -12.033 0.4000000060
24613  -40.164  -75.713  -11.438 0.4000000060
23244  -40.233  -76.552  -10.911 0.5000000000
29852  -39.741  -71.577  -12.459 0.5000000000
28498  -39.472  -73.204  -12.775 0.4000000060
25939  -39.324  -74.830  -11.770 0.4000000060
24611  -38.853  -76.142  -11.326 0.4000000060
28475  -39.585  -72.380  -12.901 0.3000000119
28497  -39.074  -73.428  -12.628 0.4000000060
27177  -38.828  -74.274  -12.016 0.3000000119
27176  -38.063  -73.891  -11.902 0.3000000119
25927  -37.823  -74.976  -11.149 0.3000000119
25840  -39.807  -74.237  -4.414 0.1000000015
25857  -38.890  -74.588  -5.454 0.1000000015
25858  -40.116  -74.400  -5.372 0.1000000015
25859  -41.142  -74.273  -5.461 0.4000000060
24500  -41.368  -74.971  -5.915 0.4000000060
24522  -41.444  -75.647  -5.966 0.4000000060
24501  -42.114  -75.362  -5.871 0.4000000060
24502  -42.943  -75.457  -5.961 0.5000000000
23145  -43.021  -76.347  -6.080 0.5000000000
29710  -42.279  -71.342  -4.197 0.5000000000
29736  -43.031  -71.313  -5.023 0.5000000000
29767  -44.215  -72.139  -5.554 0.4000000060
24503  -43.702  -75.172  -6.272 0.5000000000
29709  -41.172  -71.132  -4.237 0.5000000000
31028  -39.306  -70.844  -3.357 0.5000000000
31046  -39.030  -70.898  -4.105 0.5000000000
25897  -44.717  -74.299  -6.732 0.6000000238
31025  -36.939  -70.109  -4.099 0.2000000030
32283  -36.666  -69.475  -3.295 0.2000000030
31044  -37.480  -70.542  -4.769 0.3000000119
31061  -37.390  -70.657  -5.819 0.3000000119
29760  -37.832  -71.056  -6.834 0.4000000060
32311  -36.692  -69.437  -5.369 0.3000000119
31081  -36.999  -69.821  -6.569 0.4000000060
31082  -37.284  -70.352  -6.857 0.4000000060
29787  -37.870  -70.744  -7.872 0.4000000060
28429  -38.932  -71.662  -9.768 0.4000000060
28453  -39.350  -71.476  -10.876 0.4000000060
31101  -37.572  -69.991  -7.792 0.3000000119
29813  -38.148  -70.324  -8.801 0.3000000119
29834  -38.925  -70.738  -10.616 0.3000000119
29851  -39.255  -70.716  -12.074 0.3000000119
28474  -38.724  -72.810  -12.631 0.4000000060
31147  -39.027  -69.975  -11.477 0.2000000030
31146  -38.317  -70.059  -11.585 0.2000000030
29866  -38.370  -71.685  -12.236 0.3000000119
27175  -37.123  -73.394  -11.525 0.3000000119
29850  -37.937  -70.883  -11.706 0.2000000030
28473  -37.648  -72.632  -12.039 0.4000000060
34925  -36.871  -67.721  -9.593 0.1000000015
25841  -40.873  -74.145  -4.533 0.1000000015
25842  -41.881  -73.966  -4.691 0.2000000030
25860  -42.094  -74.364  -5.547 0.5000000000
25862  -43.458  -74.539  -5.795 0.4000000060
29711  -43.233  -71.719  -4.190 0.4000000060
29712  -43.870  -72.310  -4.284 0.4000000060
28328  -44.221  -72.740  -5.016 0.4000000060
25863  -44.120  -74.300  -5.835 0.5000000000
29691  -40.368  -71.177  -3.177 0.5000000000
29692  -41.520  -71.535  -3.379 0.4000000060
24504  -44.280  -74.583  -6.183 0.4000000060
31007  -38.120  -70.112  -2.100 0.4000000060
31016  -38.625  -70.518  -2.632 0.4000000060
32276  -37.459  -69.674  -1.951 0.4000000060
31015  -37.720  -70.262  -2.836 0.4000000060
32284  -37.063  -69.802  -2.688 0.3000000119
33538  -36.568  -68.593  -2.767 0.2000000030
32296  -36.618  -69.445  -4.384 0.2000000030
34838  -36.686  -68.140  -3.310 0.1000000015
34848  -36.848  -68.187  -3.980 0.3000000119
33560  -36.743  -68.656  -4.780 0.3000000119
32325  -36.851  -69.491  -6.126 0.3000000119
34849  -37.333  -67.909  -4.597 0.2000000030
33561  -37.204  -68.322  -5.388 0.2000000030
33590  -37.376  -68.737  -6.639 0.2000000030
31130  -38.561  -69.897  -9.577 0.2000000030
33607  -38.462  -68.808  -8.370 0.2000000030
32397  -38.630  -69.538  -9.256 0.2000000030
31131  -38.949  -69.948  -10.580 0.2000000030
32398  -39.053  -69.377  -10.085 0.1000000015
33641  -39.793  -68.378  -10.512 0.1000000015
32418  -39.247  -69.279  -11.304 0.1000000015
32417  -38.475  -69.334  -11.531 0.1000000015
32416  -37.651  -69.393  -11.193 0.1000000015
33660  -39.368  -68.487  -11.380 0.1000000015
33659  -38.380  -68.480  -11.238 0.1000000015
33658  -37.894  -68.900  -11.256 0.1000000015
34944  -38.143  -67.755  -10.820 0.1000000015
33639  -37.764  -68.024  -10.725 0.1000000015
36310  -37.991  -66.809  -9.960 0.1000000015
37684  -37.766  -65.827  -8.985 0.1000000015
25825  -41.574  -74.273  -3.710 0.3000000119
25812  -42.082  -74.243  -2.813 0.3000000119
25843  -42.495  -73.832  -4.535 0.3000000119
27089  -42.546  -73.842  -5.066 0.3000000119
27102  -43.073  -74.002  -5.369 0.4000000060
28320  -42.790  -73.234  -2.776 0.3000000119
27078  -42.977  -73.568  -3.409 0.3000000119
27090  -42.994  -73.627  -4.561 0.5000000000
27103  -43.660  -73.777  -5.281 0.5000000000
29687  -41.816  -71.937  -2.770 0.4000000060
28322  -42.858  -72.429  -3.184 0.5000000000
29695  -43.598  -72.556  -3.777 0.4000000060
28327  -44.029  -72.746  -4.503 0.4000000060
27104  -44.272  -73.385  -5.438 0.5000000000
31009  -39.913  -70.675  -1.481 0.4000000060
29685  -40.229  -71.172  -2.090 0.4000000060
32263  -38.556  -69.347  -0.830 0.4000000060
31008  -38.843  -70.224  -1.662 0.4000000060
31017  -39.515  -70.795  -2.390 0.5000000000
32277  -38.095  -69.765  -1.508 0.4000000060
33518  -38.873  -68.461  -0.146 0.4000000060
32262  -37.696  -69.268  -1.166 0.3000000119
33516  -36.991  -68.000  -0.923 0.3000000119
33533  -37.115  -69.002  -1.381 0.3000000119
33532  -36.737  -68.212  -1.561 0.2000000030
34827  -37.229  -67.127  -2.461 0.1000000015
34840  -37.767  -67.366  -4.162 0.1000000015
34862  -37.716  -67.889  -5.539 0.2000000030
34850  -38.072  -67.414  -4.934 0.1000000015
34876  -37.986  -67.941  -6.336 0.2000000030
34863  -38.409  -67.493  -5.894 0.2000000030
34877  -38.535  -67.694  -6.903 0.2000000030
33608  -38.754  -68.297  -8.140 0.1000000015
34892  -38.987  -67.774  -7.768 0.1000000015
33622  -39.316  -68.685  -9.395 0.1000000015
34909  -40.204  -67.973  -9.226 0.1000000015
34945  -38.859  -67.661  -11.082 0.1000000015
36335  -39.833  -67.397  -10.961 0.1000000015
36334  -39.411  -67.256  -10.977 0.1000000015
36311  -38.783  -66.651  -10.368 0.1000000015
37686  -39.164  -64.988  -9.948 0.1000000015
37685  -38.439  -65.485  -9.448 0.1000000015
39081  -38.013  -64.671  -8.387 0.1000000015
39061  -38.226  -64.154  -7.213 0.1000000015
39046  -38.726  -64.061  -5.874 0.1000000015
24477  -41.611  -74.608  -2.108 0.3000000119
24476  -41.174  -74.843  -1.932 0.2000000030
27047  -42.119  -74.314  -1.263 0.3000000119
27062  -42.089  -73.237  -1.745 0.4000000060
27046  -41.968  -73.629  -1.088 0.3000000119
31010  -40.505  -70.757  -0.920 0.3000000119
29682  -40.247  -71.056  -1.679 0.4000000060
28306  -41.421  -72.106  -1.800 0.4000000060
28307  -41.729  -72.807  -1.369 0.3000000119
32264  -39.757  -69.000  -0.562 0.3000000119
30999  -40.249  -69.966  -0.818 0.3000000119
28287  -41.271  -72.056  -0.910 0.4000000060
28288  -41.737  -72.899  -0.329 0.3000000119
33519  -39.760  -68.211  -0.072 0.3000000119
33499  -39.355  -67.724  0.215 0.3000000119
33498  -38.407  -67.817  0.127 0.3000000119
34789  -37.970  -67.348  0.177 0.3000000119
33517  -37.568  -68.260  -0.482 0.3000000119
34807  -37.401  -67.247  -0.309 0.3000000119
36115  -37.125  -66.876  -1.411 0.2000000030
36121  -37.185  -66.850  -1.730 0.1000000015
36122  -37.666  -66.407  -1.906 0.1000000015
36123  -38.488  -65.929  -2.196 0.1000000015
36136  -37.845  -66.910  -3.091 0.1000000015
36137  -38.727  -66.338  -2.925 0.1000000015
36154  -38.578  -66.931  -4.113 0.1000000015
36176  -38.853  -67.108  -5.340 0.1000000015
36202  -38.907  -67.186  -5.942 0.2000000030
36203  -39.508  -66.923  -6.234 0.2000000030
34893  -39.717  -67.606  -8.136 0.1000000015
36230  -40.276  -66.666  -7.029 0.1000000015
36285  -40.347  -67.363  -8.423 0.1000000015
36286  -40.976  -67.173  -9.043 0.1000000015
34910  -40.536  -67.305  -9.900 0.1000000015
34929  -40.363  -67.036  -10.377 0.1000000015
36312  -39.874  -66.658  -10.773 0.1000000015
37707  -40.003  -65.236  -10.615 0.1000000015
39101  -38.781  -64.582  -9.225 0.1000000015
39082  -38.942  -63.984  -8.417 0.1000000015
39083  -40.029  -63.703  -8.495 0.1000000015
39062  -39.582  -63.870  -7.153 0.1000000015
40392  -39.635  -63.613  -5.454 0.1000000015
39047  -39.514  -63.880  -6.174 0.1000000015
40370  -39.344  -63.211  -4.471 0.1000000015
24428  -41.052  -76.016  -0.966 0.2000000030
24459  -41.183  -75.448  -1.423 0.2000000030
24429  -41.905  -75.937  -0.980 0.2000000030
25804  -41.975  -74.512  -1.741 0.3000000119
24430  -42.988  -76.061  -0.529 0.2000000030
25784  -42.409  -75.132  -0.850 0.3000000119
29683  -40.663  -71.351  -1.483 0.3000000119
27030  -42.053  -73.723  -0.307 0.3000000119
32265  -40.897  -69.108  -0.675 0.3000000119
29667  -40.986  -71.253  -0.723 0.3000000119
33520  -40.626  -68.134  -0.260 0.3000000119
33521  -41.563  -68.257  -0.401 0.3000000119
29668  -41.815  -71.627  -0.225 0.3000000119
29646  -42.006  -72.472  0.102 0.3000000119
28269  -42.263  -73.074  0.255 0.2000000030
27013  -42.088  -73.467  0.032 0.2000000030
34792  -40.996  -67.296  0.253 0.2000000030
33500  -40.158  -67.661  0.131 0.2000000030
34791  -39.987  -67.081  0.450 0.3000000119
34790  -38.946  -67.099  0.427 0.3000000119
36100  -37.691  -66.585  0.067 0.3000000119
37487  -37.802  -65.912  -0.146 0.2000000030
37499  -37.773  -65.800  -0.934 0.1000000015
37500  -38.584  -65.384  -1.483 0.1000000015
38978  -40.139  -64.794  -2.086 0.1000000015
38948  -40.527  -64.256  -1.671 0.1000000015
40302  -42.016  -63.639  -1.380 0.1000000015
37527  -39.146  -65.697  -2.450 0.1000000015
38979  -41.021  -64.833  -2.378 0.1000000015
38950  -42.593  -64.233  -2.036 0.1000000015
40303  -43.074  -63.698  -1.440 0.1000000015
40278  -44.585  -63.226  -0.850 0.1000000015
36138  -39.511  -66.001  -3.026 0.1000000015
37528  -40.307  -65.598  -2.897 0.1000000015
37529  -41.623  -65.416  -3.063 0.1000000015
38980  -42.102  -64.832  -2.544 0.1000000015
38951  -43.694  -64.321  -2.116 0.1000000015
40305  -45.196  -63.864  -1.494 0.1000000015
36155  -39.935  -66.389  -3.809 0.1000000015
36177  -39.690  -66.722  -5.063 0.1000000015
36204  -40.495  -66.464  -6.055 0.2000000030
36258  -40.724  -66.821  -7.975 0.1000000015
36259  -41.573  -66.705  -8.247 0.1000000015
36313  -40.837  -66.371  -10.126 0.1000000015
39118  -40.533  -64.290  -10.274 0.1000000015
39119  -41.440  -64.030  -10.126 0.1000000015
39102  -39.628  -64.159  -9.649 0.1000000015
40432  -41.134  -63.427  -8.276 0.1000000015
39063  -40.385  -63.656  -7.745 0.1000000015
40412  -40.771  -63.469  -6.951 0.1000000015
25762  -45.396  -74.555  0.808 0.2000000030
24404  -43.406  -75.838  -0.384 0.2000000030
25759  -42.634  -74.717  -0.380 0.3000000119
27031  -42.271  -74.309  -0.595 0.3000000119
25761  -44.336  -74.976  0.350 0.2000000030
25760  -43.210  -75.226  -0.207 0.2000000030
32266  -41.996  -69.244  -0.590 0.3000000119
31001  -42.411  -70.414  -0.394 0.3000000119
29669  -42.929  -71.407  -0.067 0.3000000119
29647  -42.549  -72.310  0.247 0.3000000119
34793  -41.837  -67.150  0.594 0.2000000030
34810  -42.304  -67.533  0.273 0.3000000119
36104  -41.298  -66.907  0.643 0.2000000030
36103  -40.730  -66.752  0.777 0.2000000030
36102  -39.599  -66.291  0.784 0.3000000119
36101  -38.424  -66.474  0.442 0.3000000119
37474  -38.030  -66.102  0.287 0.2000000030
37475  -38.532  -65.602  0.436 0.2000000030
37488  -38.269  -65.307  -0.411 0.2000000030
40299  -39.738  -63.942  -1.006 0.1000000015
37559  -41.328  -65.904  -3.641 0.1000000015
37530  -42.721  -65.422  -3.181 0.1000000015
38982  -44.412  -65.138  -2.757 0.1000000015
36156  -41.086  -66.261  -4.201 0.1000000015
36157  -42.045  -66.158  -4.292 0.1000000015
37561  -43.364  -65.926  -3.777 0.1000000015
36178  -40.773  -66.449  -4.988 0.1000000015
36179  -41.766  -66.202  -5.004 0.1000000015
36180  -42.726  -66.141  -5.011 0.1000000015
36181  -43.709  -66.177  -5.098 0.1000000015
36205  -41.539  -66.051  -6.030 0.1000000015
37612  -43.051  -66.145  -6.393 0.1000000015
37638  -43.024  -66.395  -6.954 0.1000000015
37610  -41.939  -66.333  -6.810 0.1000000015
36231  -41.336  -66.483  -7.130 0.1000000015
36232  -42.130  -66.574  -7.638 0.1000000015
36260  -42.461  -66.501  -8.436 0.1000000015
36287  -41.732  -66.457  -9.200 0.1000000015
36314  -41.715  -65.685  -9.837 0.1000000015
37708  -41.129  -65.066  -10.454 0.1000000015
39103  -40.690  -63.629  -9.487 0.1000000015
25736  -46.020  -74.023  2.031 0.3000000119
27018  -46.114  -73.425  1.339 0.3000000119
27017  -45.649  -73.569  0.770 0.3000000119
27016  -44.747  -73.840  0.609 0.2000000030
27015  -43.657  -74.114  0.471 0.2000000030
28272  -45.119  -72.694  0.369 0.3000000119
28271  -44.086  -73.034  0.486 0.3000000119
27014  -42.582  -74.050  0.117 0.2000000030
33522  -42.673  -68.178  -0.069 0.3000000119
32268  -44.034  -69.813  -0.364 0.3000000119
29671  -44.829  -71.697  0.038 0.3000000119
29649  -44.316  -72.228  0.150 0.3000000119
28270  -43.060  -73.151  0.520 0.2000000030
34774  -42.770  -67.853  1.079 0.2000000030
33502  -43.194  -68.296  0.620 0.3000000119
33503  -44.022  -69.063  0.555 0.3000000119
34773  -41.880  -67.308  1.405 0.2000000030
36086  -40.805  -66.666  1.398 0.2000000030
36085  -39.700  -66.138  1.512 0.3000000119
37476  -39.171  -65.392  1.029 0.2000000030
38921  -38.853  -65.006  0.650 0.2000000030
36234  -43.828  -66.340  -7.178 0.1000000015
36261  -43.572  -66.280  -8.407 0.1000000015
36288  -42.637  -65.867  -9.278 0.1000000015
36315  -42.142  -65.349  -9.694 0.1000000015
24339  -46.138  -74.270  3.936 0.1000000015
25719  -46.301  -73.783  3.206 0.2000000030
26994  -46.257  -73.265  1.917 0.3000000119
28259  -46.279  -72.770  2.140 0.3000000119
29631  -46.033  -72.381  1.609 0.3000000119
32269  -44.759  -70.159  -0.007 0.3000000119
30989  -45.289  -71.265  1.078 0.3000000119
32243  -43.578  -69.294  1.262 0.3000000119
32244  -44.160  -69.594  1.056 0.3000000119
30988  -44.936  -70.701  0.597 0.3000000119
32242  -42.978  -69.063  1.414 0.2000000030
33480  -41.896  -68.246  1.780 0.2000000030
34756  -41.563  -67.696  1.877 0.1000000015
33470  -40.279  -68.310  2.334 0.1000000015
36066  -40.289  -66.602  1.937 0.2000000030
28240  -46.210  -72.575  3.005 0.3000000119
29613  -45.969  -72.321  2.249 0.3000000119
29630  -45.573  -71.814  1.700 0.3000000119
30977  -45.150  -71.315  1.450 0.3000000119
30963  -43.500  -70.589  1.760 0.3000000119
30975  -43.927  -70.320  1.467 0.3000000119
30976  -44.701  -70.672  1.232 0.3000000119
30962  -42.985  -70.595  1.969 0.2000000030
30961  -42.104  -70.218  2.038 0.2000000030
30960  -41.331  -70.106  2.446 0.1000000015
33471  -41.186  -68.325  2.058 0.1000000015
34754  -39.917  -67.285  2.289 0.1000000015
28239  -45.834  -72.326  3.588 0.3000000119
28220  -45.700  -72.345  4.102 0.2000000030
29612  -45.445  -72.001  2.795 0.3000000119
29629  -44.971  -71.481  1.850 0.3000000119
29611  -44.600  -71.551  2.476 0.3000000119
29585  -43.373  -71.213  2.553 0.2000000030
29586  -44.033  -71.512  3.012 0.3000000119
29628  -44.391  -71.107  1.729 0.3000000119
30948  -42.645  -71.104  2.837 0.2000000030
30928  -41.385  -70.475  4.265 0.1000000015
30913  -41.420  -70.322  5.082 0.1000000015
30927  -40.662  -70.265  3.874 0.1000000015
30946  -40.898  -70.370  3.214 0.1000000015
32231  -40.648  -69.456  2.414 0.1000000015
32220  -40.149  -69.971  3.358 0.1000000015
32230  -39.782  -69.226  2.755 0.1000000015
33469  -39.149  -68.372  2.792 0.1000000015
29588  -45.321  -71.989  3.861 0.2000000030
29564  -44.563  -71.681  4.294 0.2000000030
29587  -44.746  -71.698  3.449 0.2000000030
30930  -43.667  -71.350  4.315 0.2000000030
30929  -42.674  -71.036  4.055 0.1000000015
30914  -42.339  -70.687  5.010 0.1000000015
32205  -40.987  -70.171  4.798 0.1000000015
32204  -40.325  -69.929  4.469 0.1000000015
32219  -39.318  -69.405  3.681 0.1000000015
32173  -40.553  -69.977  5.582 0.1000000015
32188  -40.138  -69.623  5.301 0.1000000015
32218  -38.790  -68.979  4.200 0.1000000015
30896  -40.566  -70.300  5.920 0.1000000015
32172  -40.069  -69.691  5.847 0.1000000015
32187  -39.596  -69.212  5.638 0.1000000015
28387  -44.015  -72.701  -7.642 0.4000000060
28386  -43.287  -71.955  -7.524 0.5000000000
29792  -42.379  -71.492  -6.863 0.5000000000
27127  -44.531  -73.469  -7.302 0.5000000000
28342  -44.459  -72.699  -5.590 0.4000000060
20548  -42.863  -77.927  -6.730 0.5000000000
27117  -44.765  -73.402  -6.221 0.4000000060
24523  -43.964  -75.499  -6.721 0.5000000000
28411  -44.041  -73.255  -8.096 0.6000000238
23189  -43.244  -76.583  -8.114 0.5000000000
21886  -42.701  -77.548  -7.767 0.3000000119
20561  -41.602  -78.896  -7.918 0.5000000000
24545  -44.482  -75.093  -7.025 0.5000000000
20531  -41.869  -78.823  -5.437 0.5000000000
24544  -44.048  -75.687  -7.311 0.5000000000
28384  -40.816  -71.947  -8.016 0.4000000060
20583  -42.165  -77.781  -8.144 0.4000000060
21943  -40.128  -77.217  -10.067 0.5000000000
23263  -39.367  -76.715  -11.188 0.4000000060
21973  -39.035  -77.439  -10.711 0.4000000060
24612  -39.540  -75.972  -11.456 0.4000000060
25938  -38.551  -75.002  -11.519 0.4000000060
25882  -40.488  -74.875  -5.957 0.2000000030
29737  -43.863  -71.786  -4.938 0.5000000000
28408  -41.319  -72.378  -8.919 0.4000000060
28434  -43.185  -73.252  -9.114 0.6000000238
29761  -38.612  -71.409  -6.625 0.4000000060
28433  -42.490  -73.078  -9.582 0.6000000238
25918  -42.621  -74.298  -9.651 0.6000000238
25919  -43.354  -74.603  -9.104 0.6000000238
27138  -44.257  -73.861  -8.095 0.6000000238
24563  -43.766  -75.504  -8.303 0.5000000000
21913  -42.980  -77.108  -7.985 0.5000000000
28455  -41.081  -72.716  -10.928 0.5000000000
25929  -41.957  -74.316  -10.244 0.6000000238
28457  -41.995  -73.318  -10.213 0.5000000000
24582  -43.260  -75.276  -9.027 0.5000000000
23204  -41.413  -76.117  -9.738 0.5000000000
23188  -42.959  -76.126  -8.775 0.5000000000
28382  -38.937  -71.941  -8.121 0.4000000060
28431  -40.608  -72.708  -10.075 0.5000000000
27163  -41.472  -73.251  -11.138 0.5000000000
25942  -41.129  -74.333  -11.401 0.4000000060
25943  -41.475  -74.066  -10.895 0.5000000000
23203  -40.846  -76.361  -9.990 0.5000000000
28405  -38.715  -71.718  -8.651 0.4000000060
29814  -38.414  -71.063  -9.087 0.3000000119
28477  -40.911  -72.655  -11.945 0.5000000000
25941  -40.514  -74.733  -11.641 0.4000000060
24614  -40.698  -75.448  -11.160 0.5000000000
28500  -40.657  -72.812  -12.545 0.4000000060
25940  -39.951  -74.934  -11.746 0.4000000060
27196  -39.978  -73.712  -12.603 0.4000000060
29867  -39.228  -71.729  -12.675 0.4000000060
28476  -40.200  -72.191  -12.584 0.4000000060
27195  -39.346  -73.973  -12.356 0.4000000060
29693  -42.513  -71.927  -3.368 0.5000000000
29738  -44.204  -72.338  -4.996 0.4000000060
24524  -44.342  -74.784  -6.460 0.5000000000
31014  -37.109  -70.101  -3.324 0.3000000119
33549  -36.571  -68.744  -3.750 0.2000000030
31043  -36.901  -70.087  -5.057 0.3000000119
33574  -36.950  -68.847  -5.912 0.3000000119
32340  -37.227  -69.306  -6.802 0.3000000119
32358  -37.415  -69.598  -7.341 0.3000000119
29833  -38.615  -70.406  -9.781 0.3000000119
31114  -38.143  -69.723  -8.648 0.2000000030
29865  -37.437  -71.714  -11.767 0.2000000030
31145  -37.302  -70.185  -11.198 0.2000000030
33638  -37.136  -68.500  -10.389 0.1000000015
34926  -37.545  -67.458  -10.065 0.1000000015
29694  -43.299  -72.265  -3.638 0.5000000000
27091  -43.696  -73.213  -4.439 0.4000000060
32275  -36.786  -69.191  -2.221 0.3000000119
34839  -37.225  -67.546  -3.483 0.1000000015
34826  -36.746  -67.767  -2.564 0.1000000015
33575  -37.483  -68.334  -6.167 0.2000000030
32341  -37.525  -68.899  -7.110 0.2000000030
33591  -37.975  -68.399  -7.229 0.2000000030
32377  -38.430  -69.275  -8.694 0.2000000030
32359  -37.764  -69.232  -7.765 0.2000000030
33592  -38.528  -68.025  -7.506 0.2000000030
32378  -38.861  -69.214  -9.278 0.1000000015
33640  -39.547  -68.872  -10.729 0.1000000015
33661  -39.742  -68.489  -11.060 0.1000000015
33623  -39.919  -68.259  -9.947 0.1000000015
32396  -36.836  -69.511  -10.526 0.1000000015
34946  -39.676  -67.927  -11.073 0.1000000015
34927  -38.261  -67.262  -10.506 0.1000000015
36284  -38.071  -66.250  -9.582 0.1000000015
37661  -37.753  -65.303  -8.637 0.1000000015
27063  -42.394  -73.730  -2.121 0.3000000119
25826  -42.380  -73.939  -3.927 0.3000000119
28323  -43.209  -72.852  -3.310 0.3000000119
27079  -43.511  -73.147  -3.712 0.3000000119
28318  -41.654  -72.065  -2.332 0.4000000060
28319  -42.259  -72.656  -2.464 0.4000000060
30998  -39.423  -69.885  -1.006 0.4000000060
29686  -41.047  -71.662  -2.430 0.4000000060
33497  -37.934  -67.831  0.005 0.3000000119
34815  -36.937  -67.291  -1.796 0.2000000030
36153  -37.819  -67.167  -3.708 0.1000000015
34908  -39.439  -68.150  -8.502 0.1000000015
34928  -40.089  -67.672  -10.430 0.1000000015
37706  -39.253  -65.789  -10.296 0.1000000015
24460  -41.718  -75.129  -1.518 0.2000000030
24475  -40.739  -74.978  -1.696 0.2000000030
36116  -37.329  -66.554  -0.751 0.1000000015
37501  -39.490  -65.125  -2.062 0.1000000015
34878  -39.286  -67.236  -7.187 0.1000000015
36257  -39.959  -66.986  -7.701 0.1000000015
23064  -42.299  -76.694  -0.460 0.2000000030
25785  -42.869  -75.539  -0.521 0.2000000030
31000  -41.234  -70.327  -0.609 0.3000000119
34808  -41.264  -67.757  -0.135 0.3000000119
40301  -40.977  -63.638  -1.257 0.1000000015
38949  -41.530  -64.225  -1.887 0.1000000015
40304  -44.138  -63.776  -1.472 0.1000000015
40277  -43.540  -63.180  -0.814 0.1000000015
37558  -40.654  -66.052  -3.640 0.1000000015
38981  -43.203  -64.881  -2.692 0.1000000015
25735  -45.746  -74.404  1.385 0.2000000030
24405  -43.888  -76.052  -0.172 0.2000000030
25763  -45.882  -74.002  1.232 0.3000000119
32267  -43.083  -69.459  -0.448 0.3000000119
31002  -43.474  -70.537  -0.367 0.3000000119
29670  -43.922  -71.478  -0.141 0.3000000119
29648  -43.481  -72.244  0.248 0.3000000119
34794  -42.621  -67.688  0.660 0.3000000119
36087  -41.410  -66.756  0.973 0.2000000030
33501  -42.895  -67.974  0.413 0.3000000119
38946  -38.752  -64.738  -0.643 0.1000000015
38947  -39.512  -64.376  -1.245 0.1000000015
37560  -42.342  -65.860  -3.712 0.1000000015
36158  -43.037  -66.105  -4.366 0.1000000015
36206  -42.462  -65.973  -5.754 0.1000000015
37611  -42.405  -66.172  -6.533 0.1000000015
37637  -42.413  -66.465  -7.134 0.1000000015
36233  -42.935  -66.525  -7.654 0.1000000015
28274  -46.198  -72.855  1.489 0.3000000119
28273  -45.935  -72.751  0.848 0.3000000119
28289  -45.273  -72.071  0.279 0.3000000119
33523  -43.695  -68.876  -0.068 0.3000000119
31003  -44.384  -70.758  -0.225 0.3000000119
32254  -44.522  -69.889  0.590 0.3000000119
31004  -45.063  -71.002  0.120 0.3000000119
34775  -43.034  -68.048  0.915 0.3000000119
33481  -42.555  -68.250  1.429 0.2000000030
33483  -43.706  -68.836  0.968 0.3000000119
34772  -41.296  -66.977  1.626 0.2000000030
24338  -45.500  -74.774  3.744 0.1000000015
26960  -46.486  -73.135  3.604 0.2000000030
26973  -46.399  -73.244  2.635 0.3000000119
29650  -45.792  -71.940  0.944 0.3000000119
30974  -43.288  -69.924  1.494 0.3000000119
32241  -42.302  -69.092  1.622 0.2000000030
34755  -40.997  -67.275  1.977 0.1000000015
29610  -43.865  -71.148  2.060 0.3000000119
32232  -41.545  -69.240  1.934 0.2000000030
30947  -41.771  -70.742  3.139 0.1000000015
29562  -43.430  -71.346  3.504 0.2000000030
32189  -40.787  -70.018  5.175 0.1000000015
30931  -44.006  -71.485  4.339 0.2000000030
17926  -41.314  -80.130  -6.994 0.3000000119
16524  -40.941  -81.097  -5.716 0.3000000119
16541  -41.017  -80.957  -6.285 0.3000000119
13711  -35.983  -83.477  -4.543 0.2000000030
13734  -33.544  -83.652  -5.307 0.2000000030
15079  -39.772  -81.571  -4.971 0.4000000060
15098  -38.369  -82.431  -4.669 0.3000000119
17908  -40.922  -80.675  -6.805 0.4000000060
15099  -39.074  -82.236  -4.959 0.3000000119
15097  -37.648  -82.645  -4.400 0.3000000119
19255  -40.875  -79.604  -8.099 0.4000000060
15139  -39.832  -81.945  -5.862 0.4000000060
13713  -37.832  -83.100  -4.973 0.3000000119
13736  -35.719  -84.368  -4.988 0.2000000030
17924  -40.033  -80.473  -8.131 0.4000000060
16562  -40.338  -80.772  -7.304 0.4000000060
13737  -37.750  -83.330  -5.400 0.4000000060
17943  -40.350  -79.941  -8.475 0.4000000060
20581  -40.505  -78.736  -8.986 0.4000000060
15138  -39.039  -82.463  -5.743 0.4000000060
12463  -37.459  -83.484  -5.373 0.3000000119
12482  -36.058  -85.017  -5.457 0.3000000119
16583  -39.375  -80.591  -8.667 0.4000000060
16539  -39.381  -81.827  -6.568 0.4000000060
13758  -37.625  -83.679  -6.084 0.3000000119
12483  -36.815  -84.796  -5.783 0.4000000060
19302  -39.758  -78.834  -9.578 0.4000000060
16560  -38.524  -81.634  -7.422 0.4000000060
12505  -37.266  -84.453  -6.101 0.3000000119
20623  -39.675  -78.072  -9.841 0.4000000060
16600  -39.328  -80.340  -9.287 0.4000000060
16582  -38.719  -81.051  -8.472 0.4000000060
15154  -37.960  -82.209  -6.947 0.4000000060
19301  -39.298  -78.980  -9.852 0.4000000060
16559  -37.663  -81.933  -7.563 0.4000000060
13775  -37.066  -83.874  -7.546 0.3000000119
20622  -39.198  -78.302  -10.056 0.4000000060
16611  -38.483  -80.468  -9.568 0.4000000060
16581  -37.771  -81.486  -8.377 0.4000000060
15153  -37.248  -82.788  -7.272 0.4000000060
17965  -38.823  -79.765  -9.840 0.4000000060
16610  -37.724  -80.665  -9.473 0.4000000060
16598  -38.142  -80.979  -9.166 0.4000000060
15174  -37.177  -81.980  -7.992 0.4000000060
12536  -36.912  -84.493  -8.161 0.3000000119
17982  -38.451  -79.358  -9.850 0.4000000060
16597  -37.113  -81.328  -9.056 0.4000000060
15173  -36.654  -82.409  -8.334 0.4000000060
11385  -36.804  -85.437  -8.078 0.2000000030
20640  -38.697  -78.210  -10.097 0.3000000119
17964  -38.095  -80.218  -9.645 0.4000000060
19323  -38.257  -79.013  -9.866 0.4000000060
17980  -37.307  -79.833  -9.570 0.4000000060
16596  -36.372  -81.078  -9.434 0.4000000060
15192  -36.319  -81.946  -8.996 0.4000000060
13797  -36.616  -83.625  -8.326 0.2000000030
12551  -36.315  -84.508  -8.993 0.2000000030
11405  -35.651  -85.553  -9.374 0.3000000119
21971  -38.183  -77.138  -10.292 0.3000000119
20639  -38.101  -78.557  -9.847 0.3000000119
19322  -37.689  -79.261  -9.663 0.3000000119
15191  -35.813  -82.195  -9.223 0.3000000119
13817  -35.575  -83.405  -9.277 0.2000000030
13818  -36.072  -83.038  -8.811 0.2000000030
10247  -34.811  -86.496  -9.430 0.2000000030
23241  -38.390  -76.925  -10.697 0.3000000119
21954  -37.590  -78.271  -9.622 0.3000000119
16608  -36.696  -80.560  -9.506 0.4000000060
23222  -37.892  -76.780  -10.459 0.3000000119
20621  -37.114  -78.748  -9.521 0.3000000119
19299  -36.349  -80.089  -9.689 0.2000000030
16595  -35.652  -81.316  -9.475 0.2000000030
12550  -35.325  -84.500  -9.616 0.1000000015
10266  -34.226  -86.732  -9.993 0.2000000030
20600  -36.077  -78.701  -9.328 0.2000000030
19280  -36.256  -79.625  -9.688 0.2000000030
15190  -35.202  -82.433  -9.342 0.1000000015
12549  -34.371  -84.517  -9.637 0.1000000015
11404  -34.845  -85.446  -9.925 0.1000000015
24596  -37.550  -75.939  -10.664 0.2000000030
23221  -37.421  -76.814  -10.034 0.3000000119
21928  -37.127  -77.787  -9.604 0.3000000119
27162  -37.295  -74.178  -11.175 0.2000000030
25926  -37.051  -74.969  -10.629 0.1000000015
21927  -36.552  -77.794  -9.350 0.2000000030
17940  -35.390  -80.545  -9.373 0.1000000015
13816  -34.717  -83.492  -9.366 0.1000000015
11403  -33.907  -85.309  -10.002 0.1000000015
24595  -36.920  -75.972  -10.158 0.2000000030
23201  -36.253  -76.811  -9.203 0.2000000030
20580  -35.345  -78.624  -8.852 0.1000000015
19270  -35.610  -79.553  -9.314 0.1000000015
16579  -34.886  -81.523  -9.193 0.1000000015
16578  -34.164  -81.568  -8.617 0.1000000015
13815  -33.936  -83.834  -9.193 0.1000000015
11402  -32.878  -85.210  -10.009 0.1000000015
11425  -32.454  -85.930  -10.801 0.1000000015
24579  -36.463  -76.087  -9.628 0.1000000015
21910  -35.860  -77.719  -8.942 0.2000000030
19268  -34.234  -80.164  -8.422 0.1000000015
15171  -33.573  -82.376  -8.520 0.1000000015
13795  -33.180  -83.387  -8.847 0.1000000015
12535  -32.658  -83.844  -9.179 0.1000000015
10285  -32.194  -86.806  -11.393 0.1000000015
19254  -34.267  -79.057  -8.262 0.1000000015
16557  -32.879  -81.629  -8.159 0.1000000015
11424  -31.506  -85.417  -11.057 0.1000000015
13794  -32.233  -83.369  -9.110 0.1000000015
37465  -39.264  -65.243  1.634 0.2000000030
27161  -36.311  -73.800  -10.727 0.1000000015
25917  -36.210  -75.101  -9.974 0.1000000015
21909  -35.086  -77.624  -8.528 0.1000000015
24578  -35.895  -75.827  -9.185 0.1000000015
20579  -34.624  -78.499  -8.386 0.1000000015
19253  -33.745  -79.615  -8.113 0.1000000015
17922  -33.051  -80.685  -8.033 0.1000000015
16523  -40.279  -81.638  -5.618 0.3000000119
16540  -40.372  -81.353  -6.452 0.4000000060
13712  -37.031  -83.355  -4.735 0.3000000119
13739  -38.789  -82.761  -5.055 0.3000000119
15122  -39.068  -82.452  -5.205 0.3000000119
12461  -36.514  -84.198  -5.118 0.3000000119
16561  -39.542  -81.078  -7.565 0.4000000060
12484  -37.293  -83.955  -5.638 0.3000000119
17942  -39.781  -80.193  -8.938 0.4000000060
15137  -38.042  -82.820  -6.331 0.4000000060
15136  -37.565  -83.257  -6.606 0.3000000119
16612  -39.054  -80.307  -9.593 0.4000000060
16609  -37.033  -80.674  -9.492 0.4000000060
17979  -36.961  -79.854  -9.558 0.3000000119
21942  -37.983  -77.255  -10.194 0.3000000119
17961  -36.494  -80.358  -9.603 0.4000000060
19281  -36.669  -79.261  -9.579 0.2000000030
17951  -36.011  -80.518  -9.718 0.2000000030
11427  -34.287  -86.160  -10.153 0.1000000015
15172  -34.460  -82.454  -8.981 0.1000000015
23202  -36.868  -76.863  -9.636 0.3000000119
17939  -34.564  -80.702  -8.749 0.1000000015
13796  -33.992  -83.147  -8.938 0.1000000015
12548  -33.313  -84.381  -9.421 0.1000000015
11426  -33.498  -86.033  -10.467 0.1000000015
23187  -35.536  -76.696  -8.739 0.1000000015
19269  -34.725  -79.601  -8.678 0.1000000015
11445  -31.802  -86.102  -11.275 0.1000000015
17923  -33.878  -80.717  -8.303 0.1000000015
11444  -31.138  -85.935  -11.917 0.1000000015
21845  -39.643  -77.870  -5.712 0.3000000119
20529  -40.073  -78.660  -5.228 0.2000000030
20508  -38.340  -79.179  -4.577 0.3000000119
20509  -39.408  -79.387  -4.711 0.2000000030
23156  -41.113  -76.358  -5.854 0.4000000060
21846  -40.717  -77.719  -5.525 0.2000000030
23143  -41.333  -77.072  -5.590 0.4000000060
19207  -38.781  -79.856  -4.133 0.2000000030
21847  -41.682  -77.746  -5.515 0.4000000060
20510  -40.378  -79.459  -4.896 0.2000000030
19208  -39.636  -80.267  -4.473 0.2000000030
19206  -37.934  -79.565  -3.985 0.1000000015
19194  -38.208  -80.181  -3.705 0.2000000030
17861  -37.677  -80.602  -3.389 0.1000000015
20511  -41.005  -79.285  -5.011 0.3000000119
19193  -37.289  -79.677  -3.435 0.1000000015
17863  -39.156  -80.847  -4.250 0.2000000030
17860  -36.664  -80.321  -3.047 0.1000000015
16477  -36.181  -81.083  -3.306 0.1000000015
16478  -37.113  -81.216  -3.432 0.1000000015
15074  -36.526  -81.849  -3.732 0.1000000015
17877  -34.037  -80.963  -3.934 0.1000000015
17878  -34.709  -81.183  -3.757 0.1000000015
16500  -35.784  -81.628  -3.672 0.1000000015
16497  -33.479  -81.588  -4.453 0.1000000015
16498  -34.359  -81.668  -4.150 0.1000000015
17879  -39.594  -80.745  -4.513 0.2000000030
16480  -38.657  -81.349  -4.126 0.2000000030
17862  -38.472  -80.812  -3.787 0.2000000030
16479  -37.979  -81.336  -3.716 0.2000000030
15093  -34.047  -82.282  -4.516 0.1000000015
16496  -32.511  -81.345  -4.585 0.1000000015
19224  -41.952  -79.486  -5.668 0.2000000030
19223  -41.710  -79.857  -5.362 0.3000000119
17864  -39.566  -81.002  -4.534 0.2000000030
15075  -37.415  -81.971  -3.916 0.2000000030
15094  -34.808  -82.330  -4.270 0.1000000015
16521  -32.113  -81.978  -5.192 0.1000000015
15092  -33.414  -82.284  -4.799 0.1000000015
17897  -41.420  -80.356  -5.463 0.3000000119
15077  -38.808  -81.847  -4.559 0.3000000119
15096  -36.776  -82.713  -4.119 0.2000000030
13710  -35.145  -83.006  -4.433 0.1000000015
15119  -32.902  -82.691  -5.244 0.1000000015
15120  -33.830  -82.941  -4.861 0.1000000015
13735  -34.731  -83.800  -4.889 0.1000000015
13756  -31.896  -83.763  -6.433 0.1000000015
17910  -41.924  -80.132  -5.949 0.2000000030
12503  -33.418  -84.884  -5.765 0.1000000015
12480  -34.056  -84.822  -5.490 0.1000000015
12502  -32.752  -84.757  -6.151 0.1000000015
19257  -41.950  -79.368  -7.015 0.2000000030
12481  -35.141  -84.980  -5.331 0.1000000015
11326  -34.144  -85.428  -5.671 0.1000000015
10170  -34.750  -86.148  -5.919 0.1000000015
12517  -30.516  -84.920  -7.516 0.1000000015
12501  -31.714  -84.978  -6.845 0.1000000015
11349  -34.333  -85.970  -5.870 0.1000000015
10188  -32.117  -87.145  -6.743 0.1000000015
20547  -42.486  -78.543  -6.169 0.3000000119
20530  -41.035  -78.666  -5.257 0.2000000030
17881  -40.855  -80.617  -5.024 0.3000000119
15121  -34.497  -82.880  -4.582 0.1000000015
13757  -32.499  -83.911  -5.982 0.1000000015
15076  -38.122  -81.875  -4.172 0.2000000030
19209  -40.615  -80.115  -4.884 0.3000000119
15095  -35.738  -82.420  -4.048 0.1000000015
12500  -30.965  -84.547  -7.249 0.1000000015
12518  -31.087  -85.057  -7.228 0.1000000015
11347  -32.750  -85.921  -6.350 0.1000000015
13774  -30.453  -84.152  -7.376 0.1000000015
11346  -31.969  -86.301  -6.721 0.1000000015
11329  -36.254  -85.537  -5.937 0.2000000030
7978  -32.886  -88.115  -7.070 0.1000000015
7998  -32.553  -88.554  -7.419 0.1000000015
7999  -33.396  -88.430  -7.838 0.2000000030
7013  -31.805  -89.764  -8.415 0.1000000015
9067  -34.906  -87.038  -6.945 0.2000000030
9066  -34.158  -87.787  -7.439 0.2000000030
6994  -32.548  -89.141  -8.070 0.2000000030
8000  -33.981  -88.050  -8.065 0.1000000015
6041  -31.400  -89.953  -8.777 0.1000000015
6995  -33.037  -88.945  -8.434 0.2000000030
8019  -33.795  -88.206  -8.236 0.1000000015
11350  -36.014  -86.025  -6.248 0.2000000030
7014  -32.509  -89.335  -8.778 0.1000000015
7015  -33.060  -88.954  -9.026 0.1000000015
11351  -36.547  -85.713  -6.474 0.2000000030
10213  -35.684  -86.725  -7.106 0.2000000030
9088  -34.931  -87.029  -7.699 0.1000000015
9086  -33.667  -88.143  -9.061 0.1000000015
10231  -35.815  -86.520  -7.988 0.1000000015
9087  -34.191  -87.645  -8.619 0.1000000015
12520  -37.239  -84.307  -6.734 0.2000000030
10214  -36.416  -86.165  -7.342 0.2000000030
10232  -36.366  -86.084  -8.143 0.2000000030
9106  -34.098  -87.164  -9.724 0.1000000015
12519  -37.079  -84.837  -7.401 0.2000000030
10230  -35.091  -86.768  -8.485 0.1000000015
9105  -33.651  -87.800  -9.556 0.1000000015
10192  -35.386  -86.477  -6.407 0.1000000015
9041  -34.320  -87.178  -6.680 0.1000000015
21863  -40.846  -77.010  -5.654 0.2000000030
20528  -38.999  -78.642  -5.242 0.1000000015
25811  -41.294  -74.554  -2.756 0.2000000030
25810  -40.505  -74.553  -2.427 0.1000000015
23028  -45.034  -75.969  1.268 0.1000000015
23044  -41.709  -76.815  0.025 0.1000000015
23062  -40.982  -76.238  -0.549 0.1000000015
23063  -41.479  -76.438  -0.546 0.1000000015
23006  -45.216  -75.652  1.793 0.2000000030
23005  -44.836  -76.083  1.890 0.1000000015
24385  -41.525  -76.217  1.363 0.1000000015
24386  -45.544  -75.097  1.539 0.2000000030
23048  -44.722  -76.288  0.814 0.1000000015
23027  -44.510  -76.511  1.197 0.1000000015
23025  -42.936  -76.956  0.903 0.1000000015
23045  -42.583  -77.090  0.155 0.1000000015
23024  -42.063  -76.728  0.739 0.1000000015
24521  -40.791  -75.574  -6.091 0.2000000030
25824  -40.642  -74.328  -3.514 0.1000000015
23065  -43.125  -76.905  -0.308 0.1000000015
23047  -44.258  -76.645  0.421 0.1000000015
24387  -45.734  -74.724  2.241 0.2000000030
23043  -40.981  -76.368  -0.114 0.1000000015
23023  -41.183  -76.379  0.599 0.1000000015
23004  -44.141  -76.558  1.875 0.1000000015
23154  -39.535  -76.282  -6.294 0.1000000015
21862  -40.198  -76.935  -5.920 0.1000000015
28207  -45.533  -72.419  4.346 0.1000000015
28208  -46.093  -72.729  4.139 0.1000000015
26942  -46.032  -73.239  4.551 0.1000000015
25674  -46.114  -74.015  5.302 0.1000000015
24312  -46.097  -74.152  4.849 0.1000000015
28221  -46.163  -72.634  3.893 0.1000000015
26923  -45.212  -73.289  5.194 0.1000000015
26924  -46.052  -73.906  5.806 0.1000000015
25654  -46.673  -74.315  6.522 0.1000000015
24278  -47.095  -74.725  6.979 0.1000000015
26941  -45.629  -72.756  4.522 0.1000000015
24296  -46.554  -74.568  5.961 0.1000000015
24295  -46.108  -75.278  5.799 0.1000000015
28190  -45.200  -72.439  4.626 0.1000000015
25629  -47.516  -74.637  7.971 0.1000000015
26910  -45.592  -73.863  6.580 0.1000000015
26911  -46.517  -74.235  6.996 0.1000000015
25642  -47.128  -74.504  7.362 0.1000000015
24258  -47.550  -75.142  7.601 0.1000000015
29547  -44.883  -72.075  4.840 0.1000000015
29546  -44.257  -71.700  4.796 0.1000000015
26894  -45.988  -74.043  7.805 0.1000000015
28189  -44.657  -72.363  5.007 0.1000000015
30916  -43.998  -71.491  4.596 0.1000000015
38922  -39.011  -64.397  0.872 0.1000000015
40257  -39.577  -63.316  0.282 0.1000000015
26922  -44.099  -73.013  5.525 0.1000000015
30915  -43.395  -71.222  4.737 0.1000000015
38934  -38.704  -64.816  0.144 0.1000000015
38935  -39.125  -64.158  -0.209 0.1000000015
41582  -40.388  -62.730  0.014 0.1000000015
40258  -40.093  -62.861  0.086 0.1000000015
26895  -47.077  -74.347  8.105 0.1000000015
40273  -39.691  -63.745  -0.643 0.1000000015
24311  -45.948  -74.649  4.833 0.1000000015
25700  -46.335  -73.719  4.230 0.1000000015
29565  -45.100  -72.086  4.432 0.1000000015
28452  -36.607  -72.423  -11.336 0.1000000015
29848  -35.996  -71.753  -10.741 0.1000000015
29849  -36.763  -71.153  -11.169 0.1000000015
24497  -36.614  -75.159  -5.214 0.1000000015
23140  -36.089  -75.961  -5.176 0.1000000015
23141  -36.853  -76.372  -5.671 0.1000000015
25837  -36.410  -74.419  -4.555 0.1000000015
24489  -35.776  -75.417  -4.810 0.1000000015
23135  -35.551  -76.533  -4.433 0.1000000015
27087  -36.301  -73.898  -3.922 0.1000000015
25855  -36.997  -74.430  -4.778 0.1000000015
24498  -37.899  -75.369  -5.900 0.1000000015
27074  -35.312  -73.869  -3.660 0.1000000015
27058  -35.456  -73.199  -2.816 0.1000000015
28316  -35.566  -72.773  -2.084 0.1000000015
27075  -36.215  -73.464  -3.299 0.1000000015
21642  -34.294  -77.631  8.369 0.1000000015
21641  -33.727  -76.943  8.808 0.1000000015
25635  -31.130  -74.385  6.419 0.1000000015
25647  -31.191  -74.679  5.493 0.1000000015
26898  -30.721  -73.386  6.164 0.1000000015
28180  -30.724  -71.975  5.541 0.1000000015
23142  -37.854  -76.455  -6.113 0.1000000015
26915  -29.872  -72.915  4.685 0.1000000015
29538  -30.700  -71.605  4.918 0.1000000015
28315  -34.716  -72.905  -2.277 0.1000000015
28303  -34.927  -72.393  -1.719 0.1000000015
20527  -37.913  -78.465  -5.151 0.1000000015
29556  -29.702  -71.715  3.849 0.1000000015
29605  -30.641  -71.241  2.473 0.1000000015
29641  -31.555  -71.579  0.884 0.1000000015
28302  -33.692  -72.617  -1.562 0.1000000015
29679  -34.128  -71.881  -1.096 0.1000000015
29680  -34.646  -71.999  -1.214 0.1000000015
28216  -29.079  -72.843  3.410 0.1000000015
29640  -30.891  -71.851  1.111 0.1000000015
29643  -33.472  -71.327  0.346 0.1000000015
29644  -34.344  -71.487  0.199 0.1000000015
22904  -32.731  -76.160  8.375 0.1000000015
24251  -32.153  -75.882  7.641 0.1000000015
25621  -31.750  -74.440  7.754 0.1000000015
25856  -37.708  -74.501  -5.033 0.1000000015
24499  -38.622  -75.046  -6.010 0.1000000015
24518  -38.299  -75.915  -6.222 0.1000000015
28158  -30.508  -72.587  5.718 0.1000000015
26899  -31.271  -73.398  7.067 0.1000000015
21843  -37.464  -77.542  -5.638 0.1000000015
30959  -31.647  -70.936  2.484 0.1000000015
29624  -32.021  -71.011  1.690 0.1000000015
28304  -35.683  -72.510  -1.443 0.1000000015
29607  -32.724  -71.001  2.501 0.1000000015
29625  -33.152  -71.110  1.435 0.1000000015
29666  -35.262  -71.964  -0.589 0.1000000015
22859  -33.905  -76.142  9.702 0.1000000015
24220  -33.271  -75.719  9.158 0.1000000015
24201  -34.245  -75.696  10.118 0.1000000015
24202  -34.974  -75.971  10.782 0.1000000015
24237  -32.585  -75.631  8.500 0.1000000015
25608  -32.764  -74.526  8.444 0.1000000015
25838  -37.349  -73.943  -3.992 0.1000000015
25880  -38.970  -74.944  -6.038 0.1000000015
25622  -32.314  -73.960  7.982 0.1000000015
27076  -37.097  -73.535  -3.078 0.1000000015
24519  -38.911  -75.515  -6.252 0.1000000015
28159  -31.347  -72.345  6.286 0.1000000015
29559  -32.282  -71.391  4.469 0.1000000015
29582  -31.964  -70.960  3.283 0.1000000015
29558  -31.279  -71.269  4.281 0.1000000015
29626  -34.275  -71.474  1.243 0.1000000015
29627  -34.778  -71.684  0.737 0.1000000015
29583  -33.051  -71.302  3.555 0.1000000015
29608  -33.822  -71.441  2.539 0.1000000015
25583  -34.897  -75.140  10.230 0.1000000015
25839  -38.653  -74.198  -4.220 0.1000000015
24221  -33.828  -75.287  9.676 0.1000000015
25584  -35.876  -74.941  10.189 0.1000000015
24204  -36.466  -75.354  10.779 0.1000000015
27060  -37.423  -73.451  -2.150 0.1000000015
25821  -37.685  -73.764  -3.211 0.1000000015
25609  -33.820  -74.383  8.722 0.1000000015
25595  -34.295  -74.757  9.503 0.1000000015
27059  -36.433  -73.115  -2.362 0.1000000015
23153  -38.660  -76.402  -6.293 0.1000000015
28149  -32.614  -72.936  7.272 0.1000000015
26884  -32.875  -73.584  7.800 0.1000000015
28267  -35.851  -72.379  0.159 0.1000000015
28317  -36.189  -72.817  -1.655 0.1000000015
28148  -31.873  -72.795  7.073 0.1000000015
28256  -34.675  -71.911  2.136 0.1000000015
29540  -32.474  -71.785  5.523 0.1000000015
29560  -33.349  -71.762  4.688 0.1000000015
29584  -33.938  -71.740  3.729 0.1000000015
25596  -35.286  -74.618  9.511 0.1000000015
27043  -36.994  -73.118  -1.210 0.1000000015
24520  -39.931  -75.523  -6.219 0.1000000015
28257  -35.290  -72.169  1.269 0.1000000015
28268  -36.545  -72.959  0.320 0.1000000015
29561  -34.037  -71.941  4.373 0.1000000015
28161  -33.395  -72.793  6.717 0.1000000015
28181  -32.504  -72.055  6.065 0.1000000015
28204  -33.531  -72.094  5.381 0.1000000015
27061  -38.194  -73.813  -2.081 0.1000000015
27027  -37.132  -73.313  -0.067 0.1000000015
25610  -34.771  -74.350  8.781 0.1000000015
28237  -35.285  -72.460  2.507 0.1000000015
28258  -36.238  -72.886  1.065 0.1000000015
26871  -34.330  -74.017  8.071 0.1000000015
28217  -34.591  -72.129  4.082 0.1000000015
28236  -34.622  -72.058  3.100 0.1000000015
26885  -33.830  -73.440  7.389 0.1000000015
28205  -34.211  -72.205  4.975 0.1000000015
28206  -35.141  -72.511  4.661 0.1000000015
28183  -33.857  -72.519  5.833 0.1000000015
27044  -37.917  -73.678  -1.359 0.1000000015
27045  -38.518  -74.014  -1.414 0.1000000015
26992  -36.772  -73.398  1.753 0.1000000015
27010  -37.007  -73.433  0.835 0.1000000015
25611  -35.725  -74.305  8.686 0.1000000015
26958  -36.222  -72.951  3.664 0.1000000015
26971  -36.588  -73.245  2.744 0.1000000015
28218  -35.437  -72.552  3.627 0.1000000015
28219  -35.883  -72.855  2.911 0.1000000015
26900  -33.981  -73.132  6.798 0.1000000015
25782  -38.870  -74.527  -0.311 0.1000000015
27011  -37.888  -73.960  0.508 0.1000000015
26972  -37.412  -73.774  2.430 0.1000000015
26993  -37.547  -73.907  1.427 0.1000000015
25597  -36.227  -74.580  9.428 0.1000000015
26886  -34.908  -73.700  7.370 0.1000000015
25758  -39.228  -74.965  0.017 0.1000000015
26872  -35.249  -74.091  8.082 0.1000000015
24203  -35.627  -75.501  10.783 0.1000000015
24187  -39.011  -75.877  11.665 0.1000000015
24186  -37.929  -75.795  11.468 0.1000000015
24205  -37.463  -75.273  10.668 0.1000000015
24269  -31.764  -75.556  7.038 0.1000000015
29539  -31.494  -71.634  5.340 0.1000000015
28203  -29.792  -71.855  4.321 0.1000000015
29557  -30.301  -71.465  4.174 0.1000000015
29580  -30.072  -71.418  3.253 0.1000000015
29581  -30.993  -71.056  3.289 0.1000000015
29623  -31.119  -71.256  1.676 0.1000000015
29642  -32.425  -71.468  0.477 0.1000000015
28284  -33.106  -72.047  -0.824 0.1000000015
28301  -32.768  -73.353  -1.141 0.1000000015
24250  -32.002  -75.342  7.972 0.1000000015
28285  -35.827  -72.381  -0.776 0.1000000015
25594  -33.429  -74.924  9.152 0.1000000015
28286  -36.445  -72.797  -0.441 0.1000000015
27028  -37.820  -73.684  -0.489 0.1000000015
28238  -35.998  -72.861  2.039 0.1000000015
26938  -35.841  -72.791  4.272 0.1000000015
27012  -38.355  -74.165  -0.094 0.1000000015
22831  -38.228  -76.324  12.094 0.1000000015
2687  -21.785  -94.173  -14.348 0.1000000015
2673  -21.390  -94.325  -13.399 0.1000000015
7146  -20.529  -89.283  -16.420 0.1000000015
6166  -20.693  -90.435  -16.106 0.1000000015
6148  -21.243  -91.244  -15.767 0.1000000015
5197  -21.606  -91.993  -15.609 0.1000000015
3461  -21.158  -93.623  -15.667 0.1000000015
9215  -20.688  -87.525  -16.393 0.1000000015
10377  -20.953  -86.859  -16.138 0.1000000015
2674  -22.525  -94.098  -13.542 0.1000000015
2662  -22.990  -93.944  -12.543 0.1000000015
2644  -22.412  -93.797  -11.681 0.1000000015
3448  -22.394  -93.883  -14.539 0.1000000015
4300  -21.842  -92.864  -15.446 0.1000000015
3462  -21.953  -93.737  -14.991 0.1000000015
2661  -21.986  -94.130  -12.596 0.1000000015
6167  -21.850  -90.328  -15.966 0.1000000015
4299  -20.969  -92.649  -15.983 0.1000000015
5196  -21.013  -91.911  -15.816 0.1000000015
7147  -21.513  -89.370  -16.145 0.1000000015
8125  -21.839  -87.936  -15.958 0.1000000015
9198  -21.377  -87.443  -16.002 0.1000000015
10353  -21.508  -86.581  -15.571 0.1000000015
11420  -25.662  -85.542  -10.849 0.1000000015
8051  -23.977  -88.594  -10.336 0.1000000015
11440  -25.827  -86.293  -11.202 0.1000000015
2645  -23.374  -93.488  -11.702 0.1000000015
2626  -22.974  -93.412  -11.087 0.1000000015
3366  -23.003  -92.592  -10.483 0.1000000015
6057  -23.532  -90.697  -10.591 0.1000000015
7048  -23.678  -90.044  -10.669 0.1000000015
7068  -24.505  -89.186  -11.127 0.1000000015
3416  -23.547  -93.702  -12.882 0.1000000015
4207  -22.857  -91.979  -10.274 0.1000000015
3435  -23.685  -93.574  -13.571 0.1000000015
3395  -22.304  -93.503  -10.882 0.1000000015
4301  -22.884  -93.041  -15.052 0.1000000015
8137  -21.199  -88.335  -16.190 0.1000000015
11421  -26.756  -85.371  -10.889 0.1000000015
9138  -24.909  -87.436  -11.132 0.1000000015
12560  -26.319  -84.404  -10.693 0.1000000015
4222  -23.707  -92.355  -10.523 0.1000000015
6058  -24.535  -90.583  -10.905 0.1000000015
6076  -24.680  -89.843  -11.134 0.1000000015
3379  -23.383  -92.999  -10.791 0.1000000015
2628  -23.991  -93.239  -11.283 0.1000000015
5198  -22.555  -92.085  -15.518 0.1000000015
6149  -22.225  -91.203  -15.739 0.1000000015
7148  -22.624  -89.446  -16.294 0.1000000015
8138  -22.327  -88.435  -16.125 0.1000000015
3450  -23.605  -93.500  -14.029 0.1000000015
10261  -25.023  -86.043  -10.625 0.1000000015
8070  -24.856  -88.359  -11.220 0.1000000015
4302  -23.826  -92.714  -14.868 0.1000000015
10260  -24.575  -86.616  -10.334 0.1000000015
3397  -24.191  -93.376  -11.699 0.1000000015
3417  -24.204  -93.430  -12.757 0.1000000015
11419  -24.788  -85.460  -10.010 0.1000000015
4271  -25.270  -92.370  -13.690 0.1000000015
4254  -26.274  -92.418  -12.400 0.1000000015
5151  -26.685  -91.573  -12.769 0.1000000015
7069  -25.352  -89.506  -11.112 0.1000000015
4223  -24.835  -92.486  -10.452 0.1000000015
3418  -24.912  -93.326  -12.150 0.1000000015
4224  -25.715  -92.706  -10.078 0.1000000015
4252  -24.794  -93.184  -12.728 0.1000000015
4238  -26.166  -92.986  -11.512 0.1000000015
5111  -25.556  -91.678  -10.304 0.1000000015
6077  -25.054  -90.149  -11.059 0.1000000015
6059  -25.574  -90.487  -10.680 0.1000000015
5089  -26.445  -91.666  -9.927 0.1000000015
3381  -25.324  -93.119  -10.522 0.1000000015
5167  -25.683  -92.023  -13.785 0.1000000015
3399  -25.860  -93.232  -10.723 0.1000000015
2627  -23.641  -93.245  -11.195 0.1000000015
2646  -23.801  -93.282  -11.457 0.1000000015
2675  -23.206  -93.917  -13.248 0.1000000015
2688  -22.472  -94.022  -14.199 0.1000000015
2702  -21.640  -94.101  -14.804 0.1000000015
3378  -22.672  -93.057  -10.555 0.1000000015
3380  -24.302  -93.151  -10.878 0.1000000015
3382  -25.890  -93.179  -10.251 0.1000000015
3396  -23.649  -93.559  -12.310 0.1000000015
3398  -25.210  -93.338  -11.286 0.1000000015
3434  -23.157  -93.893  -13.679 0.1000000015
3449  -23.109  -93.671  -14.265 0.1000000015
3463  -22.586  -93.593  -14.726 0.1000000015
4208  -26.206  -92.250  -9.957 0.1000000015
4237  -25.470  -93.223  -11.877 0.1000000015
4253  -25.443  -92.872  -12.618 0.1000000015
4284  -23.461  -93.176  -14.628 0.1000000015
4285  -23.973  -93.154  -14.184 0.1000000015
5088  -26.066  -91.912  -9.979 0.1000000015
5109  -23.242  -91.420  -10.435 0.1000000015
5110  -24.246  -91.580  -10.600 0.1000000015
5150  -25.927  -92.158  -13.188 0.1000000015
7049  -24.027  -89.618  -10.918 0.1000000015
7979  -33.204  -88.209  -7.295 0.1000000015
8018  -33.499  -88.458  -8.637 0.1000000015
9040  -33.460  -87.762  -6.859 0.1000000015
9042  -34.826  -86.814  -6.554 0.1000000015
9065  -33.581  -88.083  -7.352 0.2000000030
9119  -24.452  -87.571  -10.629 0.1000000015
9139  -25.586  -87.627  -11.299 0.1000000015
10171  -35.011  -86.183  -5.951 0.1000000015
10193  -36.072  -86.307  -6.657 0.2000000030
10280  -24.740  -87.049  -10.848 0.1000000015
10281  -25.244  -86.657  -11.071 0.1000000015
10384  -31.291  -85.729  -15.782 0.1000000015
10413  -29.049  -85.953  -18.398 0.1000000015
11327  -34.608  -85.747  -5.743 0.1000000015
11328  -35.554  -85.782  -5.834 0.2000000030
11348  -33.795  -85.665  -5.865 0.1000000015
11368  -36.858  -85.518  -7.159 0.2000000030
11441  -26.390  -86.179  -11.147 0.1000000015
11485  -31.884  -85.155  -14.570 0.1000000015
11486  -32.207  -84.879  -14.914 0.1000000015
11555  -28.342  -85.551  -18.485 0.1000000015
11556  -29.083  -85.293  -18.599 0.1000000015
12462  -37.146  -83.788  -5.325 0.3000000119
12479  -33.134  -84.246  -5.699 0.1000000015
12504  -37.048  -85.034  -6.567 0.2000000030
12516  -29.854  -85.075  -7.843 0.1000000015
12534  -32.380  -83.788  -9.260 0.2000000030
12576  -31.092  -85.251  -12.349 0.1000000015
12587  -32.568  -84.208  -14.399 0.1000000015
12600  -32.644  -84.349  -14.824 0.1000000015
12601  -33.052  -83.961  -14.974 0.1000000015
12610  -32.957  -84.046  -15.142 0.1000000015
12620  -31.794  -84.776  -16.658 0.1000000015
12639  -31.917  -84.411  -16.791 0.1000000015
12656  -28.292  -85.075  -18.422 0.1000000015
13714  -38.587  -82.657  -4.998 0.3000000119
13715  -38.879  -82.546  -5.093 0.3000000119
13732  -32.116  -83.401  -5.980 0.1000000015
13733  -32.677  -83.424  -5.684 0.1000000015
13738  -38.367  -82.934  -5.144 0.3000000119
13759  -38.270  -83.006  -5.554 0.4000000060
13760  -38.752  -82.724  -5.238 0.3000000119
13776  -37.351  -83.619  -6.840 0.3000000119
13793  -31.881  -83.089  -9.255 0.2000000030
13814  -31.998  -83.639  -9.388 0.2000000030
13861  -33.206  -83.249  -14.482 0.1000000015
13884  -33.212  -83.595  -15.261 0.1000000015
13894  -32.745  -83.597  -16.150 0.1000000015
13905  -28.345  -83.857  -17.512 0.1000000015
15078  -39.377  -81.691  -4.844 0.3000000119
15100  -39.661  -81.832  -5.032 0.4000000060
15123  -39.639  -82.024  -5.296 0.3000000119
15150  -32.815  -81.979  -8.230 0.1000000015
15151  -33.059  -81.994  -8.213 0.1000000015
15152  -36.806  -83.193  -7.865 0.3000000119
15285  -28.538  -82.105  -16.046 0.1000000015
15286  -33.493  -82.848  -15.550 0.1000000015
16476  -35.348  -81.072  -3.467 0.1000000015
16481  -39.218  -81.319  -4.508 0.2000000030
16482  -39.720  -81.279  -4.775 0.2000000030
16499  -35.119  -81.714  -3.891 0.1000000015
16501  -40.268  -81.374  -5.099 0.4000000060
16502  -40.897  -80.878  -5.293 0.3000000119
16522  -32.880  -81.955  -4.885 0.1000000015
16538  -38.617  -82.204  -6.557 0.4000000060
16558  -33.434  -81.505  -8.261 0.1000000015
16580  -37.120  -81.749  -8.501 0.4000000060
16599  -38.873  -80.620  -9.230 0.4000000060
16660  -34.324  -81.318  -15.388 0.1000000015
16697  -29.716  -81.555  -16.622 0.1000000015
16698  -30.354  -81.624  -17.113 0.1000000015
16699  -33.760  -81.638  -16.673 0.1000000015
17880  -40.051  -80.790  -4.730 0.2000000030
17898  -41.848  -80.168  -5.675 0.3000000119
17909  -41.491  -80.377  -6.257 0.3000000119
17925  -40.775  -80.176  -7.625 0.4000000060
17941  -35.811  -80.085  -9.646 0.2000000030
17950  -35.716  -80.830  -9.626 0.2000000030
17952  -39.563  -79.953  -9.526 0.4000000060
17953  -40.037  -79.758  -9.058 0.4000000060
17962  -36.922  -80.206  -9.569 0.4000000060
17963  -37.472  -80.246  -9.555 0.4000000060
17978  -31.960  -80.171  -11.759 0.1000000015
17981  -37.979  -79.714  -9.733 0.4000000060
18057  -34.705  -80.235  -16.319 0.1000000015
18058  -34.866  -79.492  -16.229 0.1000000015
18080  -34.786  -79.545  -16.508 0.1000000015
19195  -38.865  -80.437  -4.028 0.2000000030
19210  -41.372  -79.917  -5.151 0.3000000119
19211  -41.740  -79.540  -5.359 0.3000000119
19239  -41.715  -79.798  -6.820 0.3000000119
19240  -42.062  -79.491  -6.404 0.2000000030
19256  -41.491  -79.477  -7.504 0.5000000000
19272  -41.181  -79.115  -8.159 0.5000000000
19278  -30.631  -78.875  -9.768 0.1000000015
19282  -39.500  -79.411  -9.704 0.4000000060
19283  -40.003  -79.209  -9.316 0.4000000060
19300  -36.703  -79.739  -9.598 0.3000000119
19321  -37.163  -79.419  -9.513 0.3000000119
19324  -38.812  -78.792  -9.983 0.4000000060
19358  -32.792  -79.760  -12.866 0.1000000015
19394  -34.954  -78.956  -16.081 0.1000000015
19415  -33.853  -79.359  -17.511 0.1000000015
19432  -33.592  -78.918  -17.721 0.1000000015
20512  -41.493  -79.225  -5.148 0.3000000119
20563  -42.949  -77.681  -7.235 0.3000000119
20601  -36.674  -78.718  -9.547 0.2000000030
20619  -30.612  -78.361  -10.865 0.1000000015
20638  -37.589  -78.733  -9.621 0.3000000119
20641  -39.070  -77.837  -10.351 0.5000000000
20642  -39.348  -77.869  -10.164 0.4000000060
20653  -32.058  -78.616  -12.625 0.1000000015
20654  -38.929  -77.872  -10.449 0.4000000060
20655  -39.030  -78.064  -10.618 0.4000000060
20755  -33.889  -78.826  -17.715 0.1000000015
20774  -32.789  -78.318  -18.048 0.1000000015
21849  -43.029  -76.963  -6.274 0.5000000000
21860  -38.307  -77.119  -6.126 0.1000000015
21911  -41.982  -77.512  -8.659 0.5000000000
21912  -42.574  -77.058  -8.436 0.5000000000
21941  -37.650  -77.631  -9.804 0.3000000119
21951  -30.483  -77.679  -11.369 0.1000000015
21952  -30.905  -77.862  -11.880 0.1000000015
21955  -38.066  -77.827  -9.989 0.3000000119
21956  -38.403  -78.067  -9.989 0.3000000119
21972  -38.591  -77.605  -10.382 0.4000000060
21983  -31.399  -77.694  -12.670 0.1000000015
22884  -33.733  -76.530  9.234 0.1000000015
22905  -33.062  -76.352  8.580 0.1000000015
22925  -32.682  -76.438  7.948 0.1000000015
22926  -32.987  -76.614  8.161 0.1000000015
23046  -43.444  -77.055  0.301 0.1000000015
23066  -43.729  -76.800  -0.143 0.1000000015
23155  -40.327  -76.145  -6.159 0.2000000030
23157  -41.737  -75.984  -5.904 0.4000000060
23174  -43.575  -76.364  -7.489 0.5000000000
23205  -42.216  -76.514  -9.103 0.5000000000
23219  -29.705  -76.485  -10.630 0.1000000015
23220  -29.894  -76.971  -10.811 0.1000000015
23223  -40.555  -76.486  -10.304 0.5000000000
23224  -40.942  -76.046  -10.312 0.5000000000
23242  -38.705  -76.703  -11.058 0.4000000060
23243  -39.799  -76.452  -11.260 0.4000000060
23259  -30.278  -76.516  -12.100 0.1000000015
23261  -38.353  -76.947  -10.529 0.3000000119
23299  -33.325  -77.276  -15.236 0.1000000015
23335  -36.129  -75.644  -17.408 0.1000000015
23360  -35.895  -75.881  -17.617 0.1000000015
23361  -36.123  -75.640  -17.624 0.1000000015
23383  -35.008  -76.350  -18.163 0.1000000015
24183  -35.553  -75.932  11.091 0.1000000015
24184  -36.085  -75.900  11.309 0.1000000015
24200  -33.799  -75.702  9.687 0.1000000015
24219  -32.932  -75.516  8.854 0.1000000015
24236  -32.236  -75.329  8.277 0.1000000015
24238  -32.941  -75.905  8.780 0.1000000015
24270  -32.014  -75.911  7.231 0.1000000015
24297  -46.836  -74.439  6.753 0.1000000015
24406  -44.917  -75.744  0.558 0.1000000015
24431  -43.458  -76.542  -0.323 0.2000000030
24490  -36.116  -74.903  -4.839 0.1000000015
24496  -36.151  -75.512  -5.086 0.1000000015
24562  -43.162  -75.582  -8.941 0.5000000000
24564  -44.270  -75.241  -7.567 0.5000000000
24598  -41.685  -74.921  -10.135 0.5000000000
24623  -39.232  -76.461  -11.312 0.4000000060
24624  -39.456  -76.381  -11.345 0.4000000060
24637  -31.101  -75.977  -14.062 0.1000000015
24681  -35.645  -74.873  -16.248 0.1000000015
24700  -35.571  -75.530  -16.451 0.1000000015
24702  -36.412  -75.193  -17.098 0.1000000015
24723  -36.196  -75.298  -17.970 0.1000000015
25582  -34.289  -75.181  9.937 0.1000000015
25593  -32.935  -75.242  8.890 0.1000000015
25607  -32.160  -75.045  8.308 0.1000000015
25634  -30.828  -73.908  6.090 0.1000000015
25655  -46.799  -74.212  6.946 0.1000000015
25861  -42.779  -74.623  -5.731 0.4000000060
25883  -44.591  -74.185  -6.074 0.4000000060
25907  -44.026  -74.449  -8.455 0.6000000238
25924  -28.695  -73.523  -9.400 0.1000000015
25956  -39.492  -74.342  -12.094 0.4000000060
25957  -39.751  -74.308  -12.153 0.4000000060
25958  -40.315  -74.194  -12.171 0.4000000060
26012  -35.944  -74.425  -16.257 0.1000000015
26026  -36.703  -74.371  -17.072 0.1000000015
26041  -36.276  -74.745  -18.079 0.1000000015
26870  -33.503  -73.963  8.120 0.1000000015
26883  -32.052  -73.441  7.622 0.1000000015
26901  -34.531  -73.294  6.765 0.1000000015
26937  -30.024  -73.377  4.571 0.1000000015
26956  -29.073  -73.525  3.459 0.1000000015
26957  -35.845  -72.742  3.853 0.1000000015
27029  -38.434  -74.075  -0.779 0.1000000015
27057  -34.601  -73.488  -2.877 0.1000000015
27088  -36.733  -73.700  -3.591 0.1000000015
27092  -44.097  -72.988  -4.848 0.4000000060
27101  -42.660  -74.167  -5.445 0.4000000060
27149  -42.988  -73.715  -9.410 0.6000000238
27164  -41.616  -73.580  -10.755 0.5000000000
27174  -29.406  -73.157  -11.417 0.1000000015
27179  -41.272  -73.418  -11.726 0.4000000060
27180  -41.382  -73.802  -11.259 0.5000000000
27194  -38.794  -73.692  -12.391 0.4000000060
27197  -40.735  -73.504  -12.437 0.4000000060
27226  -33.876  -73.724  -14.970 0.1000000015
27258  -36.277  -73.891  -16.318 0.1000000015
27280  -36.554  -73.835  -17.360 0.1000000015
28150  -33.176  -73.138  7.343 0.1000000015
28160  -32.397  -72.384  6.556 0.1000000015
28162  -34.210  -72.958  6.340 0.1000000015
28178  -29.710  -72.644  4.461 0.1000000015
28179  -30.039  -72.227  4.885 0.1000000015
28182  -33.047  -72.188  5.947 0.1000000015
28202  -29.489  -72.313  4.094 0.1000000015
28215  -28.857  -73.293  3.208 0.1000000015
28290  -45.556  -72.228  0.521 0.3000000119
28305  -36.233  -72.715  -1.108 0.1000000015
28324  -43.753  -72.811  -3.942 0.4000000060
28381  -38.661  -71.736  -8.186 0.4000000060
28426  -28.983  -72.059  -9.290 0.1000000015
28472  -30.296  -71.775  -11.405 0.1000000015
28499  -40.135  -72.937  -12.796 0.4000000060
28528  -34.375  -72.763  -14.507 0.1000000015
28529  -35.461  -72.781  -15.014 0.1000000015
28538  -36.126  -72.757  -15.692 0.1000000015
28539  -36.397  -72.852  -16.370 0.1000000015
29522  -31.827  -71.844  5.888 0.1000000015
29523  -32.096  -71.992  6.138 0.1000000015
29541  -33.120  -71.913  5.405 0.1000000015
29563  -44.134  -71.505  3.911 0.2000000030
29606  -32.106  -70.893  2.485 0.1000000015
29609  -43.422  -70.918  2.056 0.3000000119
29645  -35.067  -71.811  0.204 0.1000000015
29651  -46.046  -72.494  1.207 0.3000000119
29663  -32.929  -71.667  -0.319 0.1000000015
29664  -33.719  -71.684  -0.637 0.1000000015
29665  -34.542  -71.721  -0.556 0.1000000015
29672  -45.378  -71.691  0.357 0.3000000119
29681  -35.297  -72.175  -1.192 0.1000000015
29713  -44.091  -72.513  -4.710 0.4000000060
29863  -30.841  -71.257  -11.349 0.1000000015
29864  -31.494  -71.069  -11.676 0.1000000015
29868  -39.720  -71.832  -12.845 0.5000000000
29905  -35.205  -71.452  -14.017 0.1000000015
30944  -31.210  -70.980  3.006 0.1000000015
30945  -31.449  -70.943  2.958 0.1000000015
30958  -31.198  -71.001  2.745 0.1000000015
30971  -31.222  -71.043  2.264 0.1000000015
30972  -31.504  -71.005  2.003 0.1000000015
30973  -42.728  -69.772  1.609 0.2000000030
31005  -45.294  -71.318  0.615 0.3000000119
31060  -36.843  -70.051  -5.971 0.4000000060
31100  -37.218  -69.825  -7.078 0.3000000119
31142  -29.975  -70.785  -9.628 0.1000000015
31144  -31.356  -70.209  -10.514 0.1000000015
31181  -32.028  -70.729  -11.764 0.1000000015
33482  -43.160  -68.441  1.108 0.3000000119
33524  -44.341  -69.444  0.077 0.3000000119
33621  -38.799  -69.037  -8.910 0.1000000015
33701  -34.018  -68.672  -12.107 0.1000000015
33702  -34.560  -68.789  -12.617 0.1000000015
34795  -42.886  -67.904  0.814 0.3000000119
34806  -37.022  -67.478  -0.970 0.3000000119
34809  -41.813  -67.584  0.019 0.3000000119
34816  -37.196  -66.897  -1.970 0.1000000015
34864  -38.902  -67.270  -6.415 0.2000000030
36229  -39.729  -66.884  -7.036 0.1000000015
36358  -35.706  -67.288  -12.821 0.1000000015
37636  -41.970  -66.477  -7.188 0.1000000015
37738  -34.519  -65.787  -11.105 0.1000000015
40411  -40.053  -63.685  -6.268 0.1000000015
40521  -34.734  -64.025  -13.432 0.1000000015
40523  -35.940  -63.959  -13.367 0.1000000015
41787  -35.560  -63.236  -13.390 0.1000000015
41788  -35.871  -63.403  -13.317 0.1000000015
42971  -35.974  -61.856  -11.521 0.1000000015
45120  -32.980  -59.406  -12.812 0.1000000015
45121  -33.685  -59.399  -12.970 0.1000000015
46258  -33.820  -58.670  -12.305 0.1000000015
