#!ascii label  , from subject FTD-FPD109 vox2ras=TkReg
441
19255  -40.875  -79.604  -8.099 0.0000000000
20558  -32.296  -78.491  -7.859 0.0000000000
27178  -41.047  -73.034  -12.341 0.0000000000
19299  -36.349  -80.089  -9.689 0.0000000000
28451  -35.615  -72.629  -10.604 0.0000000000
24504  -44.280  -74.583  -6.183 0.0000000000
29763  -40.570  -71.242  -6.228 0.0000000000
30999  -40.249  -69.966  -0.818 0.0000000000
28453  -39.350  -71.476  -10.876 0.0000000000
27176  -38.063  -73.891  -11.902 0.0000000000
29850  -37.937  -70.883  -11.706 0.0000000000
28362  -43.666  -71.868  -6.638 0.0000000000
29710  -42.279  -71.342  -4.197 0.0000000000
33518  -38.873  -68.461  -0.146 0.0000000000
32284  -37.063  -69.802  -2.688 0.0000000000
15154  -37.960  -82.209  -6.947 0.0000000000
19254  -34.267  -79.057  -8.262 0.0000000000
13796  -33.992  -83.147  -8.938 0.0000000000
16576  -31.970  -81.680  -8.599 0.0000000000
23203  -40.846  -76.361  -9.990 0.0000000000
17965  -38.823  -79.765  -9.840 0.0000000000
24595  -36.920  -75.972  -10.158 0.0000000000
24560  -34.190  -75.634  -8.237 0.0000000000
27137  -43.685  -73.661  -8.752 0.0000000000
28408  -41.319  -72.378  -8.919 0.0000000000
29788  -38.443  -71.496  -7.827 0.0000000000
28287  -41.271  -72.056  -0.910 0.0000000000
31028  -39.306  -70.844  -3.357 0.0000000000
31044  -37.480  -70.542  -4.769 0.0000000000
32341  -37.525  -68.899  -7.110 0.0000000000
13818  -36.072  -83.038  -8.811 0.0000000000
25876  -30.172  -73.773  -6.841 0.0000000000
21906  -29.751  -76.944  -9.026 0.0000000000
21969  -31.226  -77.847  -12.312 0.0000000000
29834  -38.925  -70.738  -10.616 0.0000000000
29851  -39.255  -70.716  -12.074 0.0000000000
16561  -39.542  -81.078  -7.565 0.0000000000
20559  -33.157  -78.582  -7.793 0.0000000000
17922  -33.051  -80.685  -8.033 0.0000000000
19267  -32.060  -79.874  -8.374 0.0000000000
16607  -31.394  -81.304  -10.018 0.0000000000
19266  -31.482  -79.602  -8.811 0.0000000000
25942  -41.129  -74.333  -11.401 0.0000000000
25940  -39.951  -74.934  -11.746 0.0000000000
27175  -37.123  -73.394  -11.525 0.0000000000
25927  -37.823  -74.976  -11.149 0.0000000000
25917  -36.210  -75.101  -9.974 0.0000000000
24578  -35.895  -75.827  -9.185 0.0000000000
27146  -34.765  -73.830  -9.357 0.0000000000
24563  -43.766  -75.504  -8.303 0.0000000000
25908  -44.443  -74.583  -7.658 0.0000000000
29764  -41.649  -71.169  -6.084 0.0000000000
28385  -41.961  -71.849  -7.899 0.0000000000
29791  -41.283  -71.503  -7.055 0.0000000000
28383  -39.772  -72.044  -8.054 0.0000000000
29789  -39.235  -71.718  -7.322 0.0000000000
31010  -40.505  -70.757  -0.920 0.0000000000
29685  -40.229  -71.172  -2.090 0.0000000000
31017  -39.515  -70.795  -2.390 0.0000000000
33549  -36.571  -68.744  -3.750 0.0000000000
31025  -36.939  -70.109  -4.099 0.0000000000
32311  -36.692  -69.437  -5.369 0.0000000000
31081  -36.999  -69.821  -6.569 0.0000000000
17980  -37.307  -79.833  -9.570 0.0000000000
16597  -37.113  -81.328  -9.056 0.0000000000
16596  -36.372  -81.078  -9.434 0.0000000000
12549  -34.371  -84.517  -9.637 0.0000000000
27112  -29.204  -72.932  -6.920 0.0000000000
23168  -29.835  -75.746  -7.781 0.0000000000
24609  -29.977  -76.073  -11.783 0.0000000000
28454  -40.095  -72.012  -11.463 0.0000000000
28498  -39.472  -73.204  -12.775 0.0000000000
29867  -39.228  -71.729  -12.675 0.0000000000
29866  -38.370  -71.685  -12.236 0.0000000000
29849  -36.763  -71.153  -11.169 0.0000000000
27117  -44.765  -73.402  -6.221 0.0000000000
29736  -43.031  -71.313  -5.023 0.0000000000
29735  -41.982  -71.065  -5.115 0.0000000000
32263  -38.556  -69.347  -0.830 0.0000000000
32277  -38.095  -69.765  -1.508 0.0000000000
32262  -37.696  -69.268  -1.166 0.0000000000
33538  -36.568  -68.593  -2.767 0.0000000000
34839  -37.225  -67.546  -3.483 0.0000000000
19270  -35.610  -79.553  -9.314 0.0000000000
16595  -35.652  -81.316  -9.475 0.0000000000
16578  -34.164  -81.568  -8.617 0.0000000000
15170  -32.610  -82.295  -8.431 0.0000000000
13813  -31.670  -83.314  -9.718 0.0000000000
15204  -31.314  -82.272  -10.403 0.0000000000
16620  -31.645  -81.172  -11.230 0.0000000000
17999  -32.431  -80.381  -12.316 0.0000000000
20603  -41.055  -77.705  -9.273 0.0000000000
17942  -39.781  -80.193  -8.938 0.0000000000
20640  -38.697  -78.210  -10.097 0.0000000000
21954  -37.590  -78.271  -9.622 0.0000000000
25938  -38.551  -75.002  -11.519 0.0000000000
23222  -37.892  -76.780  -10.459 0.0000000000
21928  -37.127  -77.787  -9.604 0.0000000000
21910  -35.860  -77.719  -8.942 0.0000000000
21885  -34.333  -77.591  -8.142 0.0000000000
23172  -33.276  -76.704  -7.779 0.0000000000
21931  -42.124  -77.109  -8.869 0.0000000000
24581  -42.456  -75.317  -9.494 0.0000000000
28457  -41.995  -73.318  -10.213 0.0000000000
28387  -44.015  -72.701  -7.642 0.0000000000
28409  -42.413  -72.385  -8.771 0.0000000000
28455  -41.081  -72.716  -10.928 0.0000000000
28430  -39.604  -72.286  -10.098 0.0000000000
28429  -38.932  -71.662  -9.768 0.0000000000
29813  -38.148  -70.324  -8.801 0.0000000000
28318  -41.654  -72.065  -2.332 0.0000000000
29691  -40.368  -71.177  -3.177 0.0000000000
29708  -39.966  -70.978  -4.330 0.0000000000
31016  -38.625  -70.518  -2.632 0.0000000000
31045  -38.339  -70.825  -4.551 0.0000000000
29732  -38.782  -71.149  -5.563 0.0000000000
29760  -37.832  -71.056  -6.834 0.0000000000
31101  -37.572  -69.991  -7.792 0.0000000000
16581  -37.771  -81.486  -8.377 0.0000000000
15173  -36.654  -82.409  -8.334 0.0000000000
15190  -35.202  -82.433  -9.342 0.0000000000
12550  -35.325  -84.500  -9.616 0.0000000000
27135  -34.044  -73.768  -8.765 0.0000000000
24542  -33.253  -75.582  -7.884 0.0000000000
23171  -32.447  -76.579  -7.566 0.0000000000
23169  -30.615  -76.120  -7.536 0.0000000000
21908  -31.003  -77.709  -8.080 0.0000000000
19297  -30.575  -78.673  -10.290 0.0000000000
20636  -31.120  -78.601  -11.577 0.0000000000
31131  -38.949  -69.948  -10.580 0.0000000000
31147  -39.027  -69.975  -11.477 0.0000000000
16562  -40.338  -80.772  -7.304 0.0000000000
17924  -40.033  -80.473  -8.131 0.0000000000
19252  -32.638  -79.549  -8.008 0.0000000000
19251  -31.879  -79.079  -8.203 0.0000000000
27198  -41.073  -73.837  -12.039 0.0000000000
25941  -40.514  -74.733  -11.641 0.0000000000
25959  -40.811  -74.097  -12.033 0.0000000000
27161  -36.311  -73.800  -10.727 0.0000000000
27147  -35.598  -74.200  -9.919 0.0000000000
27160  -35.370  -73.457  -10.170 0.0000000000
24503  -43.702  -75.172  -6.272 0.0000000000
24524  -44.342  -74.784  -6.460 0.0000000000
24545  -44.482  -75.093  -7.025 0.0000000000
25897  -44.717  -74.299  -6.732 0.0000000000
29790  -40.212  -71.631  -7.165 0.0000000000
29762  -39.543  -71.382  -6.371 0.0000000000
31000  -41.234  -70.327  -0.609 0.0000000000
31009  -39.913  -70.675  -1.481 0.0000000000
34848  -36.848  -68.187  -3.980 0.0000000000
32296  -36.618  -69.445  -4.384 0.0000000000
33574  -36.950  -68.847  -5.912 0.0000000000
33561  -37.204  -68.322  -5.388 0.0000000000
17979  -36.961  -79.854  -9.558 0.0000000000
16608  -36.696  -80.560  -9.506 0.0000000000
17961  -36.494  -80.358  -9.603 0.0000000000
24577  -29.126  -75.296  -9.182 0.0000000000
23238  -29.823  -76.411  -11.098 0.0000000000
24608  -29.722  -75.864  -11.181 0.0000000000
29852  -39.741  -71.577  -12.459 0.0000000000
31146  -38.317  -70.059  -11.585 0.0000000000
29865  -37.437  -71.714  -11.767 0.0000000000
32264  -39.757  -69.000  -0.562 0.0000000000
33517  -37.568  -68.260  -0.482 0.0000000000
34838  -36.686  -68.140  -3.310 0.0000000000
13775  -37.066  -83.874  -7.546 0.0000000000
19269  -34.725  -79.601  -8.678 0.0000000000
17939  -34.564  -80.702  -8.749 0.0000000000
19268  -34.234  -80.164  -8.422 0.0000000000
16577  -32.429  -81.245  -8.283 0.0000000000
16557  -32.879  -81.629  -8.159 0.0000000000
15169  -31.814  -82.531  -9.029 0.0000000000
13831  -31.337  -83.169  -10.710 0.0000000000
17960  -31.303  -80.159  -10.423 0.0000000000
16621  -32.116  -80.809  -11.873 0.0000000000
17977  -31.578  -80.033  -11.217 0.0000000000
21929  -40.785  -77.008  -9.656 0.0000000000
20602  -40.362  -78.135  -9.401 0.0000000000
20639  -38.101  -78.557  -9.847 0.0000000000
21971  -38.183  -77.138  -10.292 0.0000000000
28497  -39.074  -73.428  -12.628 0.0000000000
27195  -39.346  -73.973  -12.356 0.0000000000
27177  -38.828  -74.274  -12.016 0.0000000000
24596  -37.550  -75.939  -10.664 0.0000000000
23221  -37.421  -76.814  -10.034 0.0000000000
23202  -36.868  -76.863  -9.636 0.0000000000
21927  -36.552  -77.794  -9.350 0.0000000000
24561  -35.124  -75.696  -8.677 0.0000000000
23187  -35.536  -76.696  -8.739 0.0000000000
23186  -34.728  -76.640  -8.329 0.0000000000
23173  -33.971  -76.710  -8.006 0.0000000000
25919  -43.354  -74.603  -9.104 0.0000000000
24582  -43.260  -75.276  -9.027 0.0000000000
25918  -42.621  -74.298  -9.651 0.0000000000
25929  -41.957  -74.316  -10.244 0.0000000000
27148  -42.253  -73.675  -9.953 0.0000000000
28363  -44.282  -72.388  -6.550 0.0000000000
28432  -41.626  -72.809  -9.805 0.0000000000
28431  -40.608  -72.708  -10.075 0.0000000000
28407  -40.214  -72.423  -8.984 0.0000000000
28382  -38.937  -71.941  -8.121 0.0000000000
28406  -39.247  -72.211  -8.935 0.0000000000
28405  -38.715  -71.718  -8.651 0.0000000000
29814  -38.414  -71.063  -9.087 0.0000000000
28306  -41.421  -72.106  -1.800 0.0000000000
32276  -37.459  -69.674  -1.951 0.0000000000
31007  -38.120  -70.112  -2.100 0.0000000000
31015  -37.720  -70.262  -2.836 0.0000000000
31026  -37.619  -70.468  -3.839 0.0000000000
31062  -37.968  -70.922  -5.319 0.0000000000
29731  -38.053  -71.139  -6.005 0.0000000000
31061  -37.390  -70.657  -5.819 0.0000000000
32340  -37.227  -69.306  -6.802 0.0000000000
31082  -37.284  -70.352  -6.857 0.0000000000
32358  -37.415  -69.598  -7.341 0.0000000000
16612  -39.054  -80.307  -9.593 0.0000000000
16600  -39.328  -80.340  -9.287 0.0000000000
16611  -38.483  -80.468  -9.568 0.0000000000
15192  -36.319  -81.946  -8.996 0.0000000000
13797  -36.616  -83.625  -8.326 0.0000000000
12551  -36.315  -84.508  -8.993 0.0000000000
15172  -34.460  -82.454  -8.981 0.0000000000
13816  -34.717  -83.492  -9.366 0.0000000000
11403  -33.907  -85.309  -10.002 0.0000000000
28427  -34.263  -72.969  -9.239 0.0000000000
28404  -33.607  -72.772  -8.525 0.0000000000
25896  -32.852  -74.540  -7.746 0.0000000000
24541  -32.227  -75.481  -7.480 0.0000000000
23185  -30.079  -76.649  -8.137 0.0000000000
21881  -30.825  -77.073  -7.804 0.0000000000
21907  -30.428  -77.589  -8.536 0.0000000000
20577  -30.498  -78.350  -9.180 0.0000000000
21926  -30.091  -77.634  -9.542 0.0000000000
23240  -30.562  -77.401  -11.767 0.0000000000
20635  -30.767  -78.119  -11.463 0.0000000000
21953  -31.340  -78.222  -12.123 0.0000000000
34807  -37.401  -67.247  -0.309 0.0000000000
16560  -38.524  -81.634  -7.422 0.0000000000
19253  -33.745  -79.615  -8.113 0.0000000000
17938  -32.399  -80.418  -8.237 0.0000000000
17937  -31.915  -80.694  -8.686 0.0000000000
16594  -31.608  -81.495  -9.175 0.0000000000
17949  -31.480  -80.475  -9.437 0.0000000000
19279  -31.049  -79.581  -9.633 0.0000000000
24597  -41.170  -75.318  -10.526 0.0000000000
24614  -40.698  -75.448  -11.160 0.0000000000
24613  -40.164  -75.713  -11.438 0.0000000000
24612  -39.540  -75.972  -11.456 0.0000000000
27162  -37.295  -74.178  -11.175 0.0000000000
25926  -37.051  -74.969  -10.629 0.0000000000
24579  -36.463  -76.087  -9.628 0.0000000000
25916  -35.412  -74.865  -9.281 0.0000000000
25906  -34.712  -74.770  -8.747 0.0000000000
27138  -44.257  -73.861  -8.095 0.0000000000
29793  -43.182  -71.606  -6.575 0.0000000000
28386  -43.287  -71.955  -7.524 0.0000000000
29792  -42.379  -71.492  -6.863 0.0000000000
28384  -40.816  -71.947  -8.016 0.0000000000
29667  -40.986  -71.253  -0.723 0.0000000000
29683  -40.663  -71.351  -1.483 0.0000000000
29682  -40.247  -71.056  -1.679 0.0000000000
32283  -36.666  -69.475  -3.295 0.0000000000
31014  -37.109  -70.101  -3.324 0.0000000000
31043  -36.901  -70.087  -5.057 0.0000000000
32325  -36.851  -69.491  -6.126 0.0000000000
33590  -37.376  -68.737  -6.639 0.0000000000
17964  -38.095  -80.218  -9.645 0.0000000000
16610  -37.724  -80.665  -9.473 0.0000000000
16609  -37.033  -80.674  -9.492 0.0000000000
15191  -35.813  -82.195  -9.223 0.0000000000
13815  -33.936  -83.834  -9.193 0.0000000000
25902  -28.918  -73.733  -8.128 0.0000000000
25903  -29.243  -74.343  -7.852 0.0000000000
24538  -29.710  -74.857  -7.500 0.0000000000
24558  -29.286  -75.174  -8.204 0.0000000000
23184  -29.462  -76.076  -8.602 0.0000000000
21925  -29.766  -76.997  -9.989 0.0000000000
23239  -30.086  -76.841  -11.399 0.0000000000
23260  -30.797  -77.227  -12.245 0.0000000000
28477  -40.911  -72.655  -11.945 0.0000000000
28500  -40.657  -72.812  -12.545 0.0000000000
28476  -40.200  -72.191  -12.584 0.0000000000
28475  -39.585  -72.380  -12.901 0.0000000000
28474  -38.724  -72.810  -12.631 0.0000000000
28473  -37.648  -72.632  -12.039 0.0000000000
28452  -36.607  -72.423  -11.336 0.0000000000
29848  -35.996  -71.753  -10.741 0.0000000000
29767  -44.215  -72.139  -5.554 0.0000000000
29737  -43.863  -71.786  -4.938 0.0000000000
29766  -43.657  -71.677  -5.884 0.0000000000
29765  -42.697  -71.263  -5.934 0.0000000000
29734  -40.870  -71.043  -5.236 0.0000000000
30998  -39.423  -69.885  -1.006 0.0000000000
33516  -36.991  -68.000  -0.923 0.0000000000
33533  -37.115  -69.002  -1.381 0.0000000000
32275  -36.786  -69.191  -2.221 0.0000000000
19280  -36.256  -79.625  -9.688 0.0000000000
17951  -36.011  -80.518  -9.718 0.0000000000
17940  -35.390  -80.545  -9.373 0.0000000000
16579  -34.886  -81.523  -9.193 0.0000000000
15171  -33.573  -82.376  -8.520 0.0000000000
12547  -32.253  -84.147  -9.494 0.0000000000
15216  -31.365  -82.428  -11.311 0.0000000000
16631  -31.672  -81.914  -11.772 0.0000000000
16632  -32.215  -81.527  -12.331 0.0000000000
19271  -40.570  -79.250  -8.676 0.0000000000
17943  -40.350  -79.941  -8.475 0.0000000000
20581  -40.505  -78.736  -8.986 0.0000000000
19302  -39.758  -78.834  -9.578 0.0000000000
19301  -39.298  -78.980  -9.852 0.0000000000
20622  -39.198  -78.302  -10.056 0.0000000000
17982  -38.451  -79.358  -9.850 0.0000000000
19323  -38.257  -79.013  -9.866 0.0000000000
19322  -37.689  -79.261  -9.663 0.0000000000
20621  -37.114  -78.748  -9.521 0.0000000000
27196  -39.978  -73.712  -12.603 0.0000000000
25939  -39.324  -74.830  -11.770 0.0000000000
24610  -38.170  -76.000  -11.081 0.0000000000
21942  -37.983  -77.255  -10.194 0.0000000000
19281  -36.669  -79.261  -9.579 0.0000000000
20600  -36.077  -78.701  -9.328 0.0000000000
20580  -35.345  -78.624  -8.852 0.0000000000
21909  -35.086  -77.624  -8.528 0.0000000000
20579  -34.624  -78.499  -8.386 0.0000000000
20560  -33.950  -78.495  -8.043 0.0000000000
21884  -33.575  -77.616  -7.842 0.0000000000
21883  -32.731  -77.612  -7.677 0.0000000000
20582  -41.332  -78.301  -8.584 0.0000000000
21930  -41.580  -77.207  -9.148 0.0000000000
23204  -41.413  -76.117  -9.738 0.0000000000
23188  -42.959  -76.126  -8.775 0.0000000000
24580  -41.628  -75.372  -9.931 0.0000000000
25928  -41.440  -74.540  -10.651 0.0000000000
25943  -41.475  -74.066  -10.895 0.0000000000
27163  -41.472  -73.251  -11.138 0.0000000000
27127  -44.531  -73.469  -7.302 0.0000000000
28411  -44.041  -73.255  -8.096 0.0000000000
28410  -43.378  -72.813  -8.555 0.0000000000
28434  -43.185  -73.252  -9.114 0.0000000000
28433  -42.490  -73.078  -9.582 0.0000000000
28456  -41.640  -73.134  -10.549 0.0000000000
28478  -41.372  -72.994  -11.332 0.0000000000
29833  -38.615  -70.406  -9.781 0.0000000000
29686  -41.047  -71.662  -2.430 0.0000000000
29692  -41.520  -71.535  -3.379 0.0000000000
29709  -41.172  -71.132  -4.237 0.0000000000
29733  -39.824  -71.116  -5.414 0.0000000000
31008  -38.843  -70.224  -1.662 0.0000000000
31027  -38.421  -70.651  -3.545 0.0000000000
31046  -39.030  -70.898  -4.105 0.0000000000
29707  -39.186  -70.992  -4.788 0.0000000000
29761  -38.612  -71.409  -6.625 0.0000000000
29787  -37.870  -70.744  -7.872 0.0000000000
31114  -38.143  -69.723  -8.648 0.0000000000
16583  -39.375  -80.591  -8.667 0.0000000000
16582  -38.719  -81.051  -8.472 0.0000000000
16559  -37.663  -81.933  -7.563 0.0000000000
16598  -38.142  -80.979  -9.166 0.0000000000
15174  -37.177  -81.980  -7.992 0.0000000000
15153  -37.248  -82.788  -7.272 0.0000000000
12536  -36.912  -84.493  -8.161 0.0000000000
13817  -35.575  -83.405  -9.277 0.0000000000
32417  -38.475  -69.334  -11.531 0.0000000000
28428  -34.866  -72.771  -9.913 0.0000000000
25905  -34.127  -74.653  -8.490 0.0000000000
27134  -33.306  -73.698  -8.150 0.0000000000
25904  -33.593  -74.535  -8.169 0.0000000000
24559  -33.800  -75.081  -8.180 0.0000000000
21882  -31.684  -77.626  -7.759 0.0000000000
24539  -30.415  -75.217  -7.290 0.0000000000
24540  -31.287  -75.378  -7.277 0.0000000000
23170  -31.498  -76.402  -7.487 0.0000000000
20557  -31.739  -78.426  -8.015 0.0000000000
20578  -31.176  -78.442  -8.420 0.0000000000
19265  -30.918  -79.000  -9.113 0.0000000000
19298  -30.853  -79.152  -10.442 0.0000000000
20620  -30.919  -78.877  -11.005 0.0000000000
19319  -31.222  -79.364  -11.067 0.0000000000
19320  -31.639  -79.351  -11.691 0.0000000000
12534  -32.380  -83.788  -9.260 0.0000000000
13793  -31.881  -83.089  -9.255 0.0000000000
13814  -31.998  -83.639  -9.388 0.0000000000
15150  -32.815  -81.979  -8.230 0.0000000000
15151  -33.059  -81.994  -8.213 0.0000000000
15152  -36.806  -83.193  -7.865 0.0000000000
16580  -37.120  -81.749  -8.501 0.0000000000
16599  -38.873  -80.620  -9.230 0.0000000000
17941  -35.811  -80.085  -9.646 0.0000000000
17950  -35.716  -80.830  -9.626 0.0000000000
17952  -39.563  -79.953  -9.526 0.0000000000
17953  -40.037  -79.758  -9.058 0.0000000000
17962  -36.922  -80.206  -9.569 0.0000000000
17963  -37.472  -80.246  -9.555 0.0000000000
17978  -31.960  -80.171  -11.759 0.0000000000
17981  -37.979  -79.714  -9.733 0.0000000000
19272  -41.181  -79.115  -8.159 0.0000000000
19278  -30.631  -78.875  -9.768 0.0000000000
19282  -39.500  -79.411  -9.704 0.0000000000
19283  -40.003  -79.209  -9.316 0.0000000000
19300  -36.703  -79.739  -9.598 0.0000000000
19321  -37.163  -79.419  -9.513 0.0000000000
19324  -38.812  -78.792  -9.983 0.0000000000
20599  -30.340  -78.255  -10.039 0.0000000000
20601  -36.674  -78.718  -9.547 0.0000000000
20619  -30.612  -78.361  -10.865 0.0000000000
20638  -37.589  -78.733  -9.621 0.0000000000
20642  -39.348  -77.869  -10.164 0.0000000000
21911  -41.982  -77.512  -8.659 0.0000000000
21941  -37.650  -77.631  -9.804 0.0000000000
21952  -30.905  -77.862  -11.880 0.0000000000
21955  -38.066  -77.827  -9.989 0.0000000000
21956  -38.403  -78.067  -9.989 0.0000000000
21983  -31.399  -77.694  -12.670 0.0000000000
23205  -42.216  -76.514  -9.103 0.0000000000
23219  -29.705  -76.485  -10.630 0.0000000000
23224  -40.942  -76.046  -10.312 0.0000000000
23261  -38.353  -76.947  -10.529 0.0000000000
24543  -33.672  -76.147  -7.963 0.0000000000
24562  -43.162  -75.582  -8.941 0.0000000000
24598  -41.685  -74.921  -10.135 0.0000000000
25883  -44.591  -74.185  -6.074 0.0000000000
25891  -29.197  -73.731  -7.581 0.0000000000
25892  -29.653  -73.975  -7.244 0.0000000000
25907  -44.026  -74.449  -8.455 0.0000000000
25956  -39.492  -74.342  -12.094 0.0000000000
25957  -39.751  -74.308  -12.153 0.0000000000
25958  -40.315  -74.194  -12.171 0.0000000000
27123  -28.907  -73.132  -7.527 0.0000000000
27136  -34.426  -74.226  -8.823 0.0000000000
27145  -34.355  -73.512  -9.133 0.0000000000
27149  -42.988  -73.715  -9.410 0.0000000000
27164  -41.616  -73.580  -10.755 0.0000000000
27179  -41.272  -73.418  -11.726 0.0000000000
27180  -41.382  -73.802  -11.259 0.0000000000
27194  -38.794  -73.692  -12.391 0.0000000000
27197  -40.735  -73.504  -12.437 0.0000000000
28381  -38.661  -71.736  -8.186 0.0000000000
28499  -40.135  -72.937  -12.796 0.0000000000
29868  -39.720  -71.832  -12.845 0.0000000000
31060  -36.843  -70.051  -5.971 0.0000000000
31100  -37.218  -69.825  -7.078 0.0000000000
