#!ascii label  , from subject FTD-FPD109 vox2ras=TkReg
879
80487  -23.540  -28.473  1.505 0.4285714328
81539  -24.255  -27.349  0.115 0.2857142985
80506  -23.932  -28.030  0.804 0.4285714328
81541  -26.228  -27.168  -0.105 0.4285714328
82543  -24.296  -26.590  -0.163 0.2857142985
81557  -25.380  -26.772  -0.283 0.4285714328
82562  -26.076  -26.130  -0.059 0.4285714328
83525  -25.059  -25.276  -0.409 0.4285714328
83526  -25.759  -25.248  -0.188 0.4285714328
85454  -24.980  -23.483  -0.717 0.4285714328
85455  -25.681  -23.401  -0.410 0.4285714328
87469  -24.373  -21.589  -0.684 0.5714285970
86418  -24.637  -22.549  -0.696 0.5714285970
86419  -25.392  -22.530  -0.689 0.4285714328
86420  -26.078  -22.487  -0.493 0.2857142985
87470  -25.123  -21.689  -0.850 0.7142857313
87471  -25.876  -21.550  -0.925 0.7142857313
88589  -26.912  -20.435  -0.838 0.7142857313
88574  -27.212  -20.509  -0.386 0.4285714328
87484  -26.110  -21.004  -1.019 0.7142857313
87485  -26.273  -21.163  -0.854 0.5714285970
89677  -27.890  -19.379  -0.596 0.5714285970
89694  -26.258  -19.756  -1.275 0.5714285970
89695  -27.101  -19.788  -1.128 0.5714285970
90686  -27.672  -18.613  -1.234 0.5714285970
90672  -28.048  -18.732  -0.917 0.5714285970
90673  -28.307  -18.570  -0.557 0.4285714328
91609  -28.165  -17.511  -1.331 0.5714285970
91599  -28.853  -17.105  -0.533 0.5714285970
91607  -26.393  -17.783  -1.448 0.7142857313
92480  -28.638  -17.052  -1.010 0.7142857313
92481  -29.046  -16.419  -0.959 0.7142857313
91608  -27.281  -17.647  -1.529 0.5714285970
91606  -25.614  -17.731  -1.188 0.5714285970
92491  -27.822  -16.541  -1.577 0.8571428657
93390  -29.224  -15.639  -1.490 0.7142857313
93375  -29.546  -15.841  -0.716 0.5714285970
92490  -26.715  -16.527  -1.455 0.7142857313
94291  -29.989  -14.525  -1.976 0.7142857313
93376  -30.002  -15.252  -0.413 0.5714285970
93389  -28.462  -15.561  -1.744 0.7142857313
95197  -30.649  -13.688  -1.605 0.5714285970
93388  -27.576  -15.477  -1.637 0.5714285970
96109  -30.813  -13.209  -2.145 0.7142857313
94300  -29.010  -14.070  -2.515 0.7142857313
94301  -29.653  -14.099  -2.575 0.7142857313
95208  -30.045  -13.436  -2.754 0.7142857313
96125  -31.264  -12.001  -2.465 0.7142857313
96110  -31.344  -12.673  -1.730 0.5714285970
95207  -29.342  -13.359  -2.671 0.7142857313
94288  -27.215  -14.398  -1.627 0.5714285970
97026  -31.807  -11.811  -2.263 0.5714285970
97043  -32.046  -11.295  -2.498 0.5714285970
95196  -28.583  -13.386  -2.329 0.8571428657
97042  -31.587  -11.273  -2.664 0.7142857313
97041  -30.823  -11.405  -2.708 0.7142857313
96123  -29.734  -12.524  -2.677 0.8571428657
97040  -30.045  -11.565  -2.642 0.7142857313
98900  -30.490  -9.382  -2.969 0.8571428657
97999  -31.796  -9.838  -3.049 0.5714285970
97990  -30.239  -10.507  -2.826 0.8571428657
97989  -29.521  -10.684  -2.518 0.8571428657
97039  -29.331  -11.584  -2.405 0.8571428657
99792  -29.905  -8.547  -2.705 0.8571428657
100684  -30.803  -7.473  -3.501 0.8571428657
101610  -30.384  -6.949  -3.379 0.8571428657
100678  -30.103  -7.650  -3.081 0.8571428657
100665  -29.350  -7.842  -1.707 1.0000000000
100677  -29.709  -7.817  -2.398 1.0000000000
98899  -29.547  -9.582  -2.563 0.8571428657
101602  -29.777  -7.320  -2.001 1.0000000000
99781  -29.171  -8.624  -1.992 1.0000000000
101591  -30.165  -6.694  -1.743 1.0000000000
102514  -29.950  -6.316  0.336 0.7142857313
101590  -29.652  -7.246  -1.295 1.0000000000
101584  -30.101  -6.592  -0.804 1.0000000000
105279  -30.051  -3.198  0.953 1.0000000000
104382  -29.464  -3.836  1.531 0.8571428657
105288  -29.517  -1.979  0.771 0.8571428657
105289  -30.020  -2.327  0.693 1.0000000000
107035  -28.655  0.199  -1.157 0.8571428657
107019  -28.962  -0.868  -0.015 0.8571428657
107020  -29.420  -1.141  0.130 1.0000000000
108664  -27.695  1.239  -1.853 0.8571428657
108665  -28.596  1.353  -1.825 0.8571428657
109412  -27.191  2.400  -1.968 0.7142857313
108652  -26.997  1.309  -1.047 0.5714285970
109402  -26.511  2.644  -1.291 0.7142857313
109411  -26.760  3.087  -1.993 0.5714285970
109397  -26.231  2.744  -0.174 0.5714285970
108645  -26.619  1.911  -0.501 0.5714285970
109388  -26.659  2.947  0.860 0.4285714328
110949  -26.285  4.662  -0.544 0.4285714328
110148  -27.118  4.053  1.982 0.2857142985
110930  -27.124  4.720  2.065 0.2857142985
111662  -27.536  5.337  2.216 0.2857142985
93391  -29.840  -15.188  -1.173 0.5714285970
97992  -32.357  -10.573  -2.762 0.5714285970
96124  -30.617  -12.610  -2.564 0.7142857313
97991  -31.203  -10.382  -2.979 0.8571428657
98910  -31.054  -8.855  -3.097 0.8571428657
99793  -30.569  -8.326  -3.129 0.8571428657
102500  -30.193  -5.437  0.585 0.8571428657
110919  -29.160  5.250  3.710 0.1428571492
82542  -23.609  -26.389  0.138 0.2857142985
83508  -23.675  -25.398  -0.149 0.2857142985
82560  -24.781  -26.150  -0.289 0.2857142985
84487  -26.130  -24.256  -0.007 0.4285714328
84484  -23.864  -24.542  -0.476 0.2857142985
83524  -24.349  -25.311  -0.375 0.4285714328
86417  -23.861  -22.468  -0.518 0.5714285970
87472  -26.605  -21.442  -0.368 0.4285714328
88571  -25.004  -20.722  -0.954 0.2857142985
88572  -25.448  -21.150  -0.961 0.7142857313
88588  -26.477  -20.624  -0.942 0.7142857313
89676  -25.295  -19.213  -1.143 0.5714285970
91586  -28.904  -17.729  0.042 0.4285714328
90684  -25.842  -18.814  -1.335 0.7142857313
90687  -28.162  -18.256  -0.998 0.7142857313
91598  -28.520  -17.779  -0.704 0.5714285970
92492  -28.603  -16.403  -1.346 0.7142857313
92493  -28.946  -16.142  -1.281 0.7142857313
92489  -26.056  -17.136  -1.352 0.5714285970
95198  -30.935  -13.233  -0.966 0.5714285970
92479  -26.189  -15.724  -1.215 0.5714285970
94278  -30.228  -14.489  -0.980 0.5714285970
94290  -29.142  -14.821  -2.238 0.7142857313
98901  -31.246  -9.495  -3.042 0.5714285970
98898  -29.022  -10.080  -2.175 1.0000000000
101603  -30.102  -6.878  -2.682 1.0000000000
99773  -28.394  -8.620  -1.057 1.0000000000
101577  -29.588  -6.778  0.390 0.8571428657
102498  -28.779  -5.672  1.720 0.7142857313
103452  -30.052  -5.054  0.876 1.0000000000
103463  -31.032  -4.561  -0.036 1.0000000000
103450  -28.902  -4.597  1.932 0.7142857313
107018  -28.194  -0.434  -0.042 0.8571428657
106178  -29.947  -1.496  0.258 1.0000000000
110165  -26.182  3.757  0.169 0.7142857313
108646  -27.100  1.159  0.204 0.5714285970
109389  -27.295  2.213  1.587 0.4285714328
110940  -26.807  4.782  1.368 0.2857142985
110947  -26.426  4.701  0.410 0.4285714328
110174  -26.538  3.721  -1.829 0.4285714328
111679  -26.158  5.604  -0.241 0.4285714328
111671  -27.223  5.964  1.458 0.2857142985
111677  -26.528  5.551  0.651 0.4285714328
89675  -24.749  -19.638  -0.932 0.4285714328
111670  -26.951  5.463  1.424 0.2857142985
80507  -24.863  -28.136  0.597 0.4285714328
81538  -23.289  -27.330  0.568 0.2857142985
81540  -25.226  -27.552  -0.115 0.4285714328
81556  -24.774  -26.933  -0.265 0.4285714328
82561  -25.469  -26.044  -0.246 0.4285714328
85433  -23.463  -23.878  -0.384 0.2857142985
84485  -24.616  -24.435  -0.599 0.4285714328
84486  -25.376  -24.363  -0.436 0.4285714328
85453  -24.104  -23.511  -0.624 0.4285714328
88586  -25.360  -20.323  -1.098 0.5714285970
89693  -25.491  -19.795  -1.189 0.5714285970
90685  -26.781  -18.758  -1.434 0.5714285970
91585  -28.574  -18.161  -0.317 0.4285714328
92465  -29.355  -16.600  -0.017 0.5714285970
94302  -30.108  -14.011  -2.557 0.7142857313
94289  -28.260  -14.476  -2.082 0.8571428657
101583  -29.557  -7.072  -0.458 1.0000000000
102499  -29.797  -5.887  0.916 0.8571428657
107034  -28.437  0.293  -1.374 0.8571428657
107844  -27.596  0.272  -1.112 0.8571428657
108651  -26.681  1.941  -1.092 0.5714285970
109398  -26.837  2.021  0.541 0.5714285970
110157  -26.731  3.901  1.090 0.4285714328
110931  -27.443  4.280  2.753 0.2857142985
111649  -27.966  4.680  3.011 0.2857142985
111650  -28.536  5.416  3.012 0.1428571492
89692  -25.146  -20.126  -1.087 0.2857142985
103451  -29.564  -4.876  1.397 1.0000000000
110169  -26.235  3.677  -0.893 0.5714285970
114731  -25.059  9.580  -1.098 0.2857142985
115462  -25.576  10.963  0.078 0.1428571492
113293  -25.054  7.724  -0.928 0.2857142985
114737  -25.341  9.278  -1.548 0.2857142985
114720  -25.746  9.706  0.152 0.1428571492
115449  -26.233  11.026  0.716 0.1428571492
112465  -26.730  6.077  0.948 0.1428571492
112474  -25.503  7.062  -0.290 0.2857142985
112476  -26.576  7.451  0.623 0.1428571492
113302  -26.058  7.619  -1.807 0.2857142985
113301  -25.451  7.695  -1.431 0.2857142985
111689  -29.401  5.609  -3.181 0.2857142985
111684  -27.924  6.127  -2.633 0.2857142985
114711  -26.392  10.306  0.643 0.1428571492
111681  -26.209  5.633  -1.125 0.2857142985
110190  -27.954  4.144  -2.774 0.2857142985
112489  -26.680  6.772  -1.927 0.2857142985
112487  -25.293  7.050  -1.154 0.2857142985
110955  -30.757  4.163  -1.862 0.1428571492
110961  -27.922  4.781  -3.193 0.2857142985
111683  -27.124  6.143  -2.597 0.2857142985
113973  -26.006  8.758  0.390 0.1428571492
111682  -26.557  5.686  -2.016 0.2857142985
112488  -25.921  6.689  -1.523 0.2857142985
110193  -32.987  3.626  -2.677 0.1428571492
110180  -32.053  3.498  -1.572 0.1428571492
110953  -29.334  4.343  -2.639 0.4285714328
110175  -27.170  3.750  -2.550 0.2857142985
108656  -32.012  1.097  -0.688 0.2857142985
109414  -29.244  2.354  -1.806 0.4285714328
110176  -27.968  3.321  -2.490 0.2857142985
110951  -26.499  4.662  -1.455 0.2857142985
107876  -32.648  0.658  -2.579 0.1428571492
109416  -31.281  2.497  -1.131 0.2857142985
109413  -28.261  2.325  -2.156 0.4285714328
108653  -29.756  1.093  -1.011 0.5714285970
107044  -32.445  -0.870  -3.157 0.1428571492
107862  -32.610  0.332  -1.905 0.1428571492
108655  -31.262  1.068  -0.566 0.4285714328
106206  -32.530  -1.788  -3.621 0.2857142985
106200  -32.600  -1.697  -2.530 0.7142857313
107861  -29.331  0.773  -1.150 0.7142857313
106179  -30.507  -1.994  0.326 0.8571428657
107027  -31.543  -0.614  -0.733 0.8571428657
107847  -30.574  0.319  -0.607 0.5714285970
105324  -31.904  -2.695  -5.014 0.2857142985
106215  -32.251  -1.867  -4.606 0.2857142985
107026  -30.752  -0.544  -0.505 0.7142857313
107025  -29.808  -0.601  -0.361 0.8571428657
104436  -32.156  -3.614  -5.355 0.1428571492
105302  -32.559  -2.586  -1.887 0.7142857313
98850  -26.400  -9.678  0.573 0.5714285970
100658  -29.015  -7.781  -0.857 0.8571428657
100649  -28.793  -7.880  -0.043 0.8571428657
99736  -28.272  -8.162  0.788 0.4285714328
100632  -28.778  -7.507  0.834 0.5714285970
104392  -30.804  -3.978  0.393 0.8571428657
102521  -31.241  -5.160  -1.435 0.8571428657
105290  -30.960  -2.831  0.179 0.8571428657
103508  -32.281  -4.541  -5.133 0.2857142985
104406  -32.096  -3.946  -1.747 0.8571428657
105301  -32.100  -2.634  -0.691 0.8571428657
106188  -30.327  -1.065  -0.256 0.8571428657
102557  -33.358  -4.992  -5.647 0.4285714328
103488  -32.068  -4.214  -3.064 0.7142857313
105308  -32.566  -2.647  -3.018 0.7142857313
98849  -25.345  -9.732  0.203 0.2857142985
99758  -27.889  -8.893  0.205 0.5714285970
102520  -30.748  -5.763  -1.182 0.8571428657
103469  -30.848  -5.202  -0.283 0.8571428657
103470  -31.340  -4.762  -0.780 0.8571428657
104399  -31.895  -3.820  -0.916 0.8571428657
102554  -32.225  -5.307  -4.731 0.4285714328
103499  -31.756  -4.786  -3.632 0.8571428657
103478  -31.989  -4.268  -2.315 0.8571428657
101620  -33.305  -5.567  -5.356 0.4285714328
95182  -26.214  -13.389  -1.054 0.7142857313
96092  -25.753  -12.589  -0.741 0.4285714328
95183  -26.962  -13.383  -1.373 0.7142857313
97024  -27.746  -11.496  -1.466 0.8571428657
97012  -26.968  -11.618  -0.880 0.5714285970
97953  -26.567  -10.917  -0.238 0.5714285970
98867  -25.057  -10.282  -0.273 0.4285714328
97971  -28.129  -10.567  -1.500 0.8571428657
97954  -27.467  -10.569  -0.664 0.5714285970
98869  -28.001  -9.334  -1.032 0.7142857313
98868  -27.755  -9.646  -0.405 0.5714285970
100685  -31.704  -7.343  -3.907 0.7142857313
101611  -31.137  -6.474  -3.853 0.7142857313
102539  -31.041  -5.716  -3.119 0.7142857313
100691  -34.251  -6.921  -4.406 0.2857142985
100689  -33.296  -6.495  -4.764 0.4285714328
101617  -32.783  -6.034  -4.828 0.5714285970
94276  -25.958  -14.309  -1.105 0.4285714328
95181  -25.392  -13.452  -0.976 0.4285714328
96122  -28.949  -12.455  -2.421 0.7142857313
96108  -28.136  -12.436  -1.998 0.7142857313
97025  -28.573  -11.401  -2.020 0.7142857313
97972  -28.676  -10.492  -1.897 0.8571428657
99802  -32.310  -8.121  -3.606 0.7142857313
100687  -33.815  -7.532  -4.076 0.2857142985
99801  -31.332  -8.178  -3.420 0.5714285970
93372  -24.742  -15.410  -0.713 0.5714285970
94287  -26.554  -14.620  -1.366 0.5714285970
94277  -26.583  -14.022  -1.324 0.5714285970
98902  -32.990  -9.736  -2.902 0.4285714328
98913  -33.533  -8.734  -3.360 0.4285714328
99804  -34.015  -8.373  -3.455 0.4285714328
99803  -33.262  -8.171  -3.704 0.4285714328
91597  -24.782  -17.551  -0.765 0.5714285970
94266  -30.436  -14.489  0.138 0.4285714328
95185  -30.956  -13.357  -0.295 0.4285714328
97955  -33.053  -10.783  -1.064 0.4285714328
97974  -33.729  -10.207  -1.656 0.4285714328
97993  -33.357  -10.112  -2.436 0.4285714328
85434  -26.820  -23.543  0.372 0.1428571492
96095  -31.986  -12.139  -0.864 0.4285714328
97013  -32.515  -11.433  -1.364 0.4285714328
86401  -27.154  -22.272  0.380 0.1428571492
87452  -27.044  -21.494  0.148 0.1428571492
89656  -28.574  -19.337  0.538 0.2857142985
93348  -30.612  -15.536  1.256 0.2857142985
95160  -32.511  -13.222  1.501 0.2857142985
94255  -31.031  -14.407  1.118 0.2857142985
92466  -29.810  -16.156  0.342 0.4285714328
95171  -31.327  -13.372  0.440 0.2857142985
94254  -30.499  -14.966  0.798 0.2857142985
96081  -32.017  -12.528  0.384 0.2857142985
87453  -27.558  -21.168  0.523 0.2857142985
88556  -28.360  -20.408  0.938 0.2857142985
90634  -30.112  -18.451  1.392 0.2857142985
92453  -31.035  -16.518  1.625 0.2857142985
92452  -29.960  -16.568  0.985 0.2857142985
91572  -29.333  -17.949  0.624 0.2857142985
86402  -28.021  -22.317  1.039 0.1428571492
88544  -29.786  -20.084  1.522 0.2857142985
87454  -28.467  -21.468  1.231 0.2857142985
89637  -29.005  -19.320  1.055 0.2857142985
89638  -29.527  -19.201  1.302 0.2857142985
81558  -25.790  -26.560  -0.221 0.2857142985
84466  -26.803  -24.607  0.355 0.1428571492
84467  -27.527  -24.453  0.571 0.1428571492
80488  -24.457  -28.495  1.474 0.2857142985
83527  -26.449  -25.335  0.160 0.2857142985
80489  -25.464  -28.520  1.437 0.1428571492
80467  -22.979  -29.042  2.134 0.2857142985
87440  -29.133  -20.786  1.402 0.2857142985
91573  -29.781  -17.706  1.053 0.2857142985
93349  -31.589  -15.466  1.667 0.2857142985
95170  -30.765  -13.752  0.053 0.4285714328
95172  -31.864  -13.162  0.945 0.2857142985
96986  -32.578  -11.842  0.545 0.2857142985
96093  -26.571  -12.539  -0.977 0.7142857313
96999  -32.581  -11.393  -0.200 0.4285714328
98879  -27.956  -9.931  -1.069 0.5714285970
97027  -32.376  -11.404  -2.171 0.4285714328
98000  -32.377  -9.633  -3.023 0.4285714328
99794  -34.328  -8.697  -2.982 0.2857142985
100688  -34.450  -7.540  -3.476 0.2857142985
100686  -32.891  -7.122  -4.249 0.5714285970
106177  -29.058  -1.552  0.668 0.7142857313
102549  -31.591  -5.482  -4.081 0.7142857313
107833  -27.292  0.208  -0.031 0.4285714328
107024  -28.926  -0.179  -0.697 0.7142857313
101618  -33.565  -6.126  -5.164 0.2857142985
105300  -31.516  -2.095  -0.262 0.8571428657
110952  -26.844  4.640  -2.266 0.2857142985
107849  -32.199  0.256  -0.960 0.4285714328
109406  -31.703  1.518  -0.759 0.4285714328
114713  -27.791  9.257  1.593 0.1428571492
110954  -29.889  4.241  -2.308 0.2857142985
110179  -30.972  3.323  -1.412 0.1428571492
81522  -22.785  -27.681  0.930 0.2857142985
85436  -28.903  -23.236  1.173 0.1428571492
85422  -29.171  -22.547  1.381 0.1428571492
88555  -27.904  -20.015  0.184 0.2857142985
90633  -29.444  -18.452  1.013 0.2857142985
91575  -31.567  -17.526  1.715 0.2857142985
90652  -28.578  -18.551  0.020 0.2857142985
93373  -25.627  -15.228  -0.997 0.5714285970
92451  -29.411  -17.297  0.585 0.2857142985
95180  -24.504  -13.498  -0.911 0.2857142985
96069  -32.655  -12.195  1.062 0.2857142985
96987  -33.037  -11.276  0.880 0.2857142985
96107  -27.338  -12.478  -1.463 0.5714285970
97010  -25.267  -11.705  -0.605 0.4285714328
97011  -26.144  -11.737  -0.481 0.5714285970
97000  -32.985  -10.883  0.161 0.4285714328
98848  -24.696  -9.320  0.053 0.2857142985
97933  -26.162  -10.347  0.247 0.5714285970
97936  -33.118  -10.728  -0.336 0.2857142985
99757  -26.888  -8.986  0.937 0.2857142985
97975  -34.175  -9.920  -1.079 0.1428571492
98883  -34.673  -9.445  -1.895 0.4285714328
98882  -33.977  -9.826  -2.264 0.4285714328
98884  -35.306  -9.106  -1.514 0.1428571492
102526  -30.598  -6.141  -2.309 0.8571428657
99795  -34.720  -8.469  -2.687 0.1428571492
100690  -33.729  -6.757  -4.721 0.2857142985
103500  -31.973  -4.058  -3.785 0.7142857313
103512  -33.985  -4.158  -5.778 0.2857142985
103514  -33.404  -3.664  -5.960 0.1428571492
104427  -31.990  -3.551  -4.418 0.4285714328
103510  -32.785  -4.273  -5.701 0.4285714328
105330  -32.095  -2.656  -5.866 0.1428571492
107028  -32.171  -0.642  -1.303 0.5714285970
106221  -32.069  -1.844  -5.456 0.1428571492
107875  -32.503  -0.017  -2.763 0.1428571492
113284  -26.604  8.226  0.673 0.1428571492
107848  -31.422  0.263  -0.588 0.5714285970
107888  -32.410  -0.042  -3.760 0.1428571492
108669  -32.722  1.224  -2.367 0.1428571492
110177  -28.952  3.587  -2.286 0.2857142985
110178  -29.982  3.360  -1.708 0.2857142985
109417  -32.116  2.121  -1.149 0.2857142985
109418  -32.716  2.222  -2.082 0.1428571492
110181  -32.566  2.884  -1.782 0.1428571492
110963  -29.749  4.850  -2.974 0.2857142985
111690  -30.257  5.761  -3.094 0.2857142985
110964  -30.615  4.919  -2.606 0.1428571492
110965  -31.696  4.703  -2.234 0.1428571492
80509  -26.985  -28.128  0.390 0.1428571492
84468  -28.478  -24.368  0.737 0.1428571492
94256  -32.132  -14.441  1.575 0.2857142985
101613  -34.688  -6.478  -4.244 0.2857142985
110966  -32.723  5.023  -2.721 0.1428571492
112497  -29.890  6.567  -3.078 0.2857142985
80486  -22.635  -28.286  1.449 0.2857142985
80508  -25.905  -28.240  0.428 0.1428571492
82544  -26.810  -26.279  0.267 0.1428571492
85456  -26.208  -23.253  -0.081 0.1428571492
86421  -26.512  -22.586  0.008 0.1428571492
87473  -27.011  -21.110  0.029 0.2857142985
89678  -28.293  -19.056  -0.139 0.2857142985
93360  -29.799  -15.901  -0.086 0.4285714328
93387  -26.763  -15.308  -1.439 0.4285714328
97973  -32.999  -10.847  -1.974 0.4285714328
95195  -27.751  -13.433  -1.857 0.7142857313
97988  -29.051  -10.838  -2.192 0.7142857313
101604  -30.540  -6.432  -3.227 0.7142857313
100657  -28.632  -8.129  -0.539 0.8571428657
98881  -28.967  -9.370  -2.042 0.8571428657
99780  -28.651  -9.015  -1.784 0.8571428657
102515  -30.331  -5.880  0.020 0.8571428657
107860  -28.793  0.655  -1.423 0.7142857313
98911  -31.839  -8.987  -3.114 0.4285714328
90671  -25.091  -18.584  -1.008 0.5714285970
90653  -28.989  -18.500  0.525 0.2857142985
96094  -31.419  -12.855  -0.414 0.4285714328
99772  -27.966  -9.089  -0.601 0.5714285970
105291  -31.609  -3.286  -0.350 0.8571428657
106189  -30.902  -1.531  -0.250 0.8571428657
112480  -25.682  6.403  -0.802 0.2857142985
112475  -25.999  6.707  0.130 0.2857142985
113984  -25.133  8.569  -1.288 0.2857142985
114719  -25.356  10.115  -0.580 0.1428571492
113972  -25.312  8.720  -0.442 0.2857142985
114721  -26.483  9.341  0.713 0.1428571492
113282  -25.449  7.501  -0.362 0.2857142985
113992  -25.586  8.462  -1.730 0.2857142985
113283  -25.907  7.875  0.184 0.1428571492
112490  -27.719  6.866  -1.735 0.2857142985
111687  -27.588  5.481  -3.013 0.2857142985
110189  -27.585  4.369  -2.837 0.2857142985
110962  -28.782  4.591  -2.970 0.2857142985
110191  -28.393  3.935  -2.609 0.2857142985
110956  -31.408  3.971  -1.656 0.1428571492
111686  -27.054  5.329  -2.628 0.2857142985
110192  -32.472  4.262  -2.167 0.1428571492
108668  -32.521  1.215  -1.434 0.1428571492
108666  -29.424  1.399  -1.400 0.5714285970
109415  -30.272  2.220  -1.259 0.4285714328
108680  -32.712  1.103  -3.251 0.1428571492
109404  -30.834  1.966  -0.943 0.4285714328
108654  -30.450  1.315  -0.804 0.5714285970
107846  -29.709  0.416  -0.848 0.7142857313
107036  -32.445  -0.743  -2.157 0.4285714328
106191  -32.406  -1.619  -1.474 0.7142857313
106190  -31.841  -1.500  -0.705 0.7142857313
105314  -32.283  -2.680  -4.070 0.5714285970
104435  -32.025  -4.137  -4.758 0.4285714328
104400  -32.302  -3.327  -1.486 0.8571428657
98851  -27.281  -9.632  0.323 0.5714285970
99759  -28.438  -8.290  -0.053 0.5714285970
102527  -31.132  -5.388  -2.082 0.8571428657
103487  -31.615  -4.863  -2.658 0.8571428657
103507  -31.951  -4.747  -4.450 0.4285714328
102555  -32.792  -5.131  -5.329 0.5714285970
104407  -32.340  -3.525  -2.425 0.8571428657
97934  -26.921  -10.246  0.119 0.5714285970
97952  -25.608  -10.810  -0.190 0.4285714328
97951  -24.809  -10.820  -0.610 0.2857142985
98880  -28.437  -9.646  -1.631 0.8571428657
101612  -32.077  -6.582  -4.264 0.5714285970
101616  -31.955  -5.964  -4.358 0.7142857313
93374  -26.218  -15.042  -1.249 0.5714285970
98903  -33.855  -9.267  -2.862 0.4285714328
99805  -34.379  -8.261  -3.131 0.2857142985
94267  -30.831  -13.964  0.489 0.2857142985
96111  -32.034  -11.925  -1.714 0.4285714328
89655  -28.136  -19.434  -0.006 0.2857142985
89657  -29.075  -18.950  0.930 0.2857142985
95159  -31.747  -13.695  1.187 0.2857142985
93361  -30.112  -15.535  0.462 0.2857142985
85435  -27.788  -23.379  0.773 0.1428571492
91574  -30.557  -17.538  1.480 0.2857142985
86403  -28.757  -22.303  1.328 0.1428571492
88543  -29.000  -19.839  1.232 0.2857142985
80469  -24.910  -29.017  2.224 0.1428571492
80468  -23.935  -29.057  2.181 0.1428571492
98904  -34.495  -9.044  -2.689 0.2857142985
113964  -27.178  8.770  1.164 0.1428571492
80490  -26.640  -28.667  1.499 0.1428571492
81542  -27.334  -27.175  0.288 0.1428571492
113273  -27.330  7.767  1.208 0.1428571492
106169  -28.337  -1.402  1.162 0.5714285970
105270  -28.507  -3.064  2.019 0.4285714328
105269  -28.101  -2.461  2.121 0.4285714328
105277  -28.565  -2.080  1.480 0.5714285970
104369  -28.070  -3.569  2.405 0.4285714328
106176  -28.624  -1.045  0.453 0.4285714328
102478  -27.730  -5.406  2.177 0.4285714328
103431  -28.232  -4.457  2.290 0.4285714328
103430  -27.376  -4.393  2.438 0.4285714328
104381  -28.748  -3.671  2.017 0.5714285970
105278  -29.085  -2.589  1.384 0.5714285970
101563  -29.154  -6.668  1.114 0.5714285970
95161  -33.740  -13.477  1.991 0.1428571492
96070  -33.319  -12.296  1.689 0.1428571492
87468  -23.524  -21.516  -0.467 0.2857142985
94259  -35.401  -14.809  1.988 0.1428571492
94258  -34.330  -14.673  1.891 0.1428571492
94247  -35.673  -14.301  2.350 0.1428571492
95162  -34.717  -13.779  2.259 0.1428571492
94248  -36.046  -14.785  2.414 0.1428571492
92454  -32.144  -16.530  1.844 0.1428571492
93351  -33.813  -15.567  1.626 0.1428571492
93350  -32.716  -15.502  1.775 0.1428571492
93354  -36.572  -15.867  1.532 0.1428571492
93352  -34.935  -15.806  1.170 0.1428571492
91555  -36.253  -17.230  3.796 0.1428571492
92444  -36.918  -16.514  2.197 0.1428571492
92413  -36.065  -16.216  4.266 0.1428571492
85452  -23.455  -23.174  -0.398 0.2857142985
86400  -23.079  -22.457  -0.303 0.2857142985
89640  -31.430  -19.440  1.618 0.1428571492
90636  -32.037  -18.508  1.603 0.1428571492
90635  -31.017  -18.472  1.643 0.1428571492
92456  -34.170  -16.346  1.241 0.1428571492
92455  -33.313  -16.606  1.611 0.1428571492
93362  -35.154  -16.296  0.452 0.1428571492
93364  -36.472  -16.020  0.464 0.1428571492
91577  -37.430  -17.610  1.213 0.1428571492
90621  -36.711  -18.151  2.594 0.1428571492
92445  -37.166  -16.939  1.532 0.1428571492
85432  -22.822  -23.544  -0.094 0.2857142985
85431  -21.966  -23.574  0.354 0.2857142985
88545  -30.728  -20.279  1.600 0.1428571492
90637  -32.895  -18.444  1.257 0.1428571492
92468  -34.610  -16.707  0.470 0.1428571492
91587  -33.413  -17.617  1.196 0.1428571492
93377  -36.033  -16.227  -0.700 0.1428571492
92470  -37.423  -16.626  0.025 0.1428571492
93378  -36.456  -16.173  -0.414 0.1428571492
90593  -36.205  -18.112  4.231 0.1428571492
90611  -36.418  -18.075  3.403 0.1428571492
87441  -30.037  -21.054  1.530 0.1428571492
87442  -30.989  -21.245  1.490 0.1428571492
89658  -32.897  -20.054  0.866 0.1428571492
88547  -32.437  -20.512  1.025 0.1428571492
90655  -33.973  -18.396  0.074 0.1428571492
89641  -32.576  -19.522  1.266 0.1428571492
91600  -34.521  -17.522  -0.274 0.1428571492
90654  -33.476  -18.423  0.733 0.1428571492
92482  -35.017  -16.885  -0.288 0.1428571492
90656  -37.680  -18.194  0.553 0.1428571492
92495  -36.847  -16.210  -1.662 0.1428571492
89625  -36.766  -18.932  2.398 0.1428571492
90622  -37.064  -18.283  1.843 0.1428571492
86390  -29.348  -21.854  1.475 0.1428571492
88557  -32.837  -20.516  0.540 0.1428571492
87444  -32.452  -20.978  0.723 0.1428571492
88546  -31.720  -20.434  1.451 0.1428571492
89659  -33.421  -19.509  0.339 0.1428571492
91610  -34.770  -17.708  -1.076 0.1428571492
90674  -34.313  -18.383  -0.719 0.1428571492
91611  -35.276  -17.229  -1.592 0.1428571492
92504  -36.700  -16.594  -2.278 0.1428571492
91601  -35.042  -17.163  -0.818 0.1428571492
91589  -37.682  -17.313  0.289 0.1428571492
92483  -35.545  -16.568  -0.796 0.1428571492
87457  -33.754  -21.503  -0.206 0.1428571492
87456  -32.764  -21.495  0.506 0.1428571492
87443  -31.943  -21.406  1.056 0.1428571492
89680  -33.975  -19.453  -0.823 0.1428571492
88575  -33.655  -20.510  -0.640 0.1428571492
92505  -37.353  -16.580  -2.000 0.1428571492
90689  -35.325  -17.634  -2.196 0.1428571492
89679  -33.565  -20.012  -0.297 0.1428571492
91588  -33.985  -17.592  0.544 0.1428571492
88534  -36.622  -19.444  2.924 0.1428571492
90570  -36.324  -18.186  5.071 0.1428571492
91566  -36.990  -17.457  2.023 0.1428571492
93353  -35.888  -15.665  1.193 0.1428571492
92458  -37.307  -16.755  0.871 0.1428571492
84465  -23.194  -24.581  -0.107 0.2857142985
91612  -37.836  -17.143  -1.688 0.1428571492
90638  -37.405  -18.453  1.251 0.1428571492
88522  -36.438  -19.569  3.690 0.1428571492
89569  -36.706  -19.065  5.178 0.1428571492
102497  -28.065  -6.044  1.857 0.4285714328
91537  -35.933  -17.270  4.759 0.1428571492
91565  -36.713  -17.293  2.898 0.1428571492
93341  -36.574  -15.536  2.674 0.1428571492
96071  -34.337  -12.510  2.289 0.1428571492
106165  -27.602  -1.391  2.180 0.4285714328
107015  -27.693  -0.523  1.077 0.4285714328
112498  -30.680  6.772  -3.210 0.1428571492
89639  -30.423  -19.327  1.578 0.1428571492
86391  -30.294  -22.002  1.497 0.1428571492
97937  -33.521  -10.490  0.181 0.1428571492
97956  -33.617  -10.330  -0.728 0.1428571492
94257  -33.228  -14.466  1.740 0.1428571492
95163  -35.342  -13.960  2.378 0.1428571492
94260  -35.987  -15.318  1.821 0.1428571492
95151  -35.620  -13.766  2.696 0.1428571492
91576  -32.595  -17.555  1.632 0.1428571492
93365  -36.984  -16.280  0.609 0.1428571492
92433  -36.590  -16.347  3.266 0.1428571492
92467  -33.988  -17.014  1.111 0.1428571492
93363  -35.757  -16.208  0.181 0.1428571492
92469  -35.245  -16.531  0.004 0.1428571492
92485  -37.396  -16.436  -0.642 0.1428571492
89642  -33.152  -18.996  0.959 0.1428571492
93392  -35.967  -16.236  -1.151 0.1428571492
92496  -37.491  -16.464  -1.313 0.1428571492
89660  -33.941  -18.935  -0.274 0.1428571492
88558  -33.251  -20.590  -0.031 0.1428571492
92494  -35.986  -16.404  -1.782 0.1428571492
91621  -37.257  -17.207  -2.398 0.1428571492
80465  -21.139  -28.934  2.159 0.1428571492
80485  -21.686  -28.217  1.623 0.1428571492
81521  -22.152  -27.488  1.049 0.1428571492
82541  -22.609  -26.484  0.541 0.1428571492
82526  -21.822  -26.545  0.820 0.1428571492
83506  -22.123  -25.648  0.572 0.1428571492
83507  -22.949  -25.514  0.230 0.1428571492
83494  -20.415  -25.525  1.318 0.1428571492
83495  -21.273  -25.562  0.932 0.1428571492
84463  -21.648  -24.588  0.693 0.1428571492
84464  -22.445  -24.577  0.278 0.1428571492
85421  -21.222  -23.590  0.843 0.1428571492
86399  -22.312  -22.530  0.108 0.1428571492
86389  -21.576  -22.579  0.606 0.1428571492
87450  -21.932  -21.525  0.431 0.2857142985
87451  -22.681  -21.496  -0.121 0.1428571492
88570  -24.073  -20.583  -0.683 0.2857142985
92477  -24.316  -16.470  -0.595 0.4285714328
92478  -25.524  -16.480  -1.004 0.4285714328
100631  -27.887  -7.421  1.441 0.2857142985
101561  -27.422  -6.428  1.859 0.2857142985
101562  -28.353  -6.641  1.522 0.2857142985
104366  -24.997  -3.341  2.416 0.2857142985
105268  -26.929  -2.437  2.789 0.2857142985
88554  -22.319  -20.462  0.178 0.2857142985
81520  -21.283  -27.386  1.335 0.1428571492
85420  -20.495  -23.596  1.315 0.1428571492
87439  -21.297  -21.648  0.992 0.1428571492
88569  -23.175  -20.502  -0.291 0.2857142985
89673  -22.832  -19.454  -0.026 0.2857142985
89674  -23.735  -19.529  -0.450 0.2857142985
90670  -24.261  -18.543  -0.592 0.4285714328
91596  -23.812  -17.484  -0.396 0.4285714328
92476  -23.305  -16.453  -0.348 0.2857142985
99735  -27.427  -8.260  1.300 0.2857142985
100630  -26.854  -7.293  1.669 0.2857142985
101560  -26.240  -6.247  1.765 0.2857142985
101547  -26.870  -5.835  2.146 0.2857142985
102479  -28.425  -5.050  2.109 0.2857142985
103428  -25.446  -4.122  2.273 0.2857142985
103427  -24.650  -3.993  1.978 0.2857142985
104367  -26.090  -3.359  2.599 0.2857142985
99734  -26.305  -8.104  1.410 0.2857142985
100648  -25.234  -7.698  0.996 0.2857142985
102495  -25.435  -5.557  1.676 0.2857142985
103449  -24.952  -4.753  1.838 0.2857142985
102496  -26.086  -5.533  1.994 0.2857142985
102476  -25.780  -4.936  2.167 0.2857142985
103429  -26.403  -4.252  2.453 0.2857142985
102513  -24.085  -5.753  0.885 0.2857142985
102494  -24.532  -5.444  1.307 0.2857142985
82527  -22.289  -26.949  0.740 0.1428571492
104368  -27.181  -3.426  2.622 0.2857142985
82540  -22.178  -26.232  0.626 0.1428571492
84452  -20.858  -24.571  1.120 0.1428571492
88553  -21.382  -20.447  0.762 0.2857142985
102493  -23.710  -5.152  1.223 0.2857142985
93371  -23.738  -15.457  -0.571 0.2857142985
94275  -25.054  -14.391  -0.900 0.2857142985
113976  -29.748  8.783  0.242 0.1428571492
113286  -28.988  8.041  -0.195 0.1428571492
112483  -29.481  6.802  -1.362 0.1428571492
112492  -29.785  6.635  -2.199 0.1428571492
114724  -30.604  9.683  0.715 0.1428571492
112482  -28.543  6.946  -1.288 0.1428571492
113994  -26.660  8.429  -1.554 0.1428571492
116166  -26.157  11.854  -1.017 0.1428571492
94274  -24.131  -14.460  -0.740 0.2857142985
113305  -30.266  6.995  -2.525 0.1428571492
113288  -30.870  7.853  -0.368 0.1428571492
112496  -29.239  6.214  -2.857 0.1428571492
113296  -29.213  7.334  -0.662 0.1428571492
112484  -30.209  7.007  -1.483 0.1428571492
111688  -28.495  5.690  -3.187 0.1428571492
113303  -27.022  7.736  -1.530 0.1428571492
112491  -28.752  6.358  -2.155 0.1428571492
114734  -27.644  9.320  -0.620 0.1428571492
115476  -26.488  10.943  -0.891 0.1428571492
114733  -26.815  9.670  -1.090 0.1428571492
115482  -25.594  9.792  -1.500 0.1428571492
115474  -25.160  10.651  -0.972 0.1428571492
114738  -25.802  9.197  -1.915 0.1428571492
113304  -27.572  7.421  -1.403 0.1428571492
114723  -29.378  9.877  0.491 0.1428571492
113287  -30.012  7.933  -0.183 0.1428571492
113295  -28.000  7.715  -0.866 0.1428571492
113975  -28.543  8.804  -0.211 0.1428571492
115465  -28.965  11.297  0.678 0.1428571492
113986  -27.194  8.545  -1.142 0.1428571492
113297  -30.193  7.273  -0.787 0.1428571492
101575  -24.174  -6.543  0.540 0.1428571492
100629  -25.920  -7.151  1.429 0.1428571492
101559  -25.131  -6.425  1.063 0.1428571492
103448  -24.069  -4.398  1.549 0.1428571492
104378  -21.943  -3.530  1.365 0.1428571492
104379  -22.905  -3.482  1.566 0.1428571492
104380  -23.527  -3.868  1.534 0.1428571492
105264  -22.453  -2.281  2.224 0.1428571492
105265  -23.358  -2.532  2.338 0.1428571492
106161  -22.923  -1.727  2.783 0.2857142985
97009  -24.430  -11.666  -0.936 0.1428571492
99771  -24.310  -9.053  -0.049 0.1428571492
99755  -24.803  -8.657  0.391 0.1428571492
100647  -24.426  -7.620  0.471 0.1428571492
101622  -34.081  -5.510  -5.543 0.1428571492
102512  -23.468  -5.773  0.758 0.1428571492
105267  -25.679  -2.494  2.854 0.1428571492
105266  -24.486  -2.539  2.579 0.1428571492
106162  -23.994  -1.736  2.871 0.2857142985
106164  -26.539  -1.342  3.084 0.2857142985
108626  -26.584  0.930  3.267 0.2857142985
110137  -27.633  3.431  3.623 0.1428571492
106163  -25.146  -1.735  3.172 0.2857142985
107011  -27.241  -0.470  2.110 0.2857142985
107823  -27.385  0.332  1.131 0.2857142985
107010  -26.694  -0.326  2.827 0.2857142985
107810  -26.029  0.508  3.498 0.2857142985
107814  -26.664  0.428  2.978 0.2857142985
110158  -27.246  3.180  1.773 0.1428571492
108620  -24.764  1.686  4.361 0.2857142985
107809  -25.064  0.693  3.889 0.1428571492
107808  -23.756  0.932  4.056 0.1428571492
108621  -26.211  1.494  3.706 0.2857142985
109378  -27.412  2.439  2.660 0.1428571492
108622  -27.045  1.955  3.263 0.2857142985
110149  -27.476  3.345  2.744 0.1428571492
109370  -26.886  2.608  3.675 0.1428571492
105263  -21.594  -2.197  2.116 0.2857142985
108616  -24.570  2.202  4.683 0.1428571492
110132  -27.073  3.053  4.660 0.1428571492
109363  -24.765  2.610  5.005 0.1428571492
105255  -19.661  -2.293  3.396 0.1428571492
102559  -34.271  -5.192  -5.429 0.1428571492
100646  -23.621  -7.497  0.216 0.1428571492
102556  -34.755  -5.531  -4.837 0.1428571492
102511  -22.650  -5.760  0.732 0.1428571492
103460  -22.231  -5.070  1.135 0.1428571492
104365  -23.885  -3.382  1.939 0.1428571492
106160  -21.999  -1.548  2.544 0.2857142985
106152  -24.623  -0.982  3.406 0.1428571492
106154  -26.304  -0.706  3.233 0.2857142985
107003  -25.299  -0.186  3.573 0.1428571492
107004  -26.139  -0.210  3.295 0.1428571492
109368  -24.951  2.251  4.622 0.1428571492
109369  -25.649  2.293  4.339 0.1428571492
109364  -26.192  2.834  4.479 0.1428571492
110131  -25.811  3.009  5.066 0.1428571492
101619  -34.265  -6.127  -5.179 0.1428571492
108636  -27.313  1.250  1.360 0.2857142985
110917  -27.887  4.148  3.276 0.1428571492
108627  -27.130  1.356  2.679 0.2857142985
109365  -26.969  2.990  4.131 0.1428571492
111663  -28.207  6.051  2.362 0.1428571492
98866  -24.430  -9.841  -0.397 0.1428571492
99756  -25.803  -8.822  0.811 0.1428571492
100679  -34.802  -7.602  -2.474 0.1428571492
101576  -24.783  -7.039  0.657 0.1428571492
103447  -23.275  -4.345  1.328 0.1428571492
101574  -23.158  -6.599  0.425 0.1428571492
105275  -22.181  -2.794  1.693 0.1428571492
104364  -23.198  -3.079  1.961 0.1428571492
105276  -22.786  -2.847  1.957 0.1428571492
99754  -24.008  -8.370  0.060 0.1428571492
106153  -25.694  -0.900  3.431 0.2857142985
107815  -27.135  0.412  2.188 0.2857142985
112457  -28.271  6.852  2.192 0.1428571492
106151  -23.512  -0.974  3.272 0.1428571492
88552  -20.906  -19.845  0.976 0.1428571492
89654  -21.969  -19.386  0.366 0.1428571492
90649  -19.970  -18.336  1.186 0.1428571492
90650  -20.846  -18.329  0.675 0.1428571492
91583  -20.628  -17.352  0.764 0.1428571492
90651  -21.625  -18.366  0.385 0.1428571492
91584  -21.338  -17.437  0.429 0.1428571492
90668  -22.432  -18.419  0.087 0.1428571492
92463  -21.234  -16.416  0.520 0.1428571492
91595  -22.860  -17.447  -0.145 0.1428571492
92475  -22.374  -16.433  -0.046 0.1428571492
92462  -20.549  -16.386  0.959 0.1428571492
92474  -21.807  -16.084  0.201 0.1428571492
93370  -22.842  -15.459  -0.364 0.1428571492
95179  -23.617  -13.530  -0.805 0.1428571492
90669  -23.326  -18.472  -0.219 0.1428571492
88541  -20.455  -20.483  1.293 0.1428571492
89636  -19.773  -19.515  1.437 0.1428571492
108619  -23.980  1.555  4.391 0.1428571492
96091  -24.893  -12.577  -0.883 0.1428571492
89653  -21.231  -19.248  0.749 0.1428571492
89652  -20.549  -19.267  1.089 0.1428571492
90648  -19.674  -17.844  1.439 0.1428571492
92464  -21.760  -16.760  0.273 0.1428571492
91594  -22.048  -17.465  0.158 0.1428571492
92450  -19.991  -16.318  1.398 0.1428571492
80505  -23.231  -28.004  0.995 0.2857142985
81537  -22.623  -27.202  0.738 0.1428571492
82559  -24.144  -25.980  -0.170 0.2857142985
88573  -26.782  -20.739  -0.651 0.7142857313
88587  -25.761  -20.629  -1.104 0.5714285970
89592  -36.414  -18.965  4.455 0.1428571492
89610  -36.357  -18.739  3.795 0.1428571492
89624  -36.536  -18.838  3.134 0.1428571492
91602  -37.873  -17.025  -0.671 0.1428571492
91620  -36.414  -17.205  -2.637 0.1428571492
92457  -37.031  -16.454  1.426 0.1428571492
92484  -36.975  -16.123  -0.929 0.1428571492
92503  -36.187  -16.737  -2.359 0.1428571492
93355  -36.986  -16.332  1.085 0.1428571492
93379  -37.000  -16.188  -0.173 0.1428571492
93393  -36.381  -16.131  -1.150 0.1428571492
95184  -30.596  -13.804  -0.628 0.4285714328
95209  -30.437  -13.644  -2.364 0.7142857313
96080  -31.579  -12.906  0.148 0.4285714328
97935  -27.421  -10.057  -0.091 0.5714285970
98912  -32.891  -8.974  -3.258 0.4285714328
99737  -28.607  -7.999  0.390 0.8571428657
99774  -28.924  -8.194  -1.468 1.0000000000
100633  -29.206  -7.132  0.631 0.5714285970
100650  -29.175  -7.398  0.075 1.0000000000
101546  -26.441  -5.702  2.051 0.2857142985
101558  -24.499  -6.004  0.871 0.1428571492
101578  -29.928  -6.565  -0.102 0.8571428657
101621  -33.779  -5.572  -5.507 0.1428571492
102477  -26.649  -5.174  2.280 0.2857142985
102538  -30.499  -6.280  -2.870 0.7142857313
102558  -33.850  -5.004  -5.723 0.4285714328
103461  -22.969  -5.060  1.110 0.1428571492
103462  -30.540  -4.912  0.414 1.0000000000
103477  -31.646  -4.627  -1.697 0.8571428657
103511  -33.414  -4.336  -5.821 0.2857142985
103513  -32.808  -3.884  -5.907 0.1428571492
104377  -21.135  -3.557  1.495 0.1428571492
104383  -30.172  -4.189  0.950 1.0000000000
104393  -31.344  -3.879  -0.181 0.8571428657
104414  -32.243  -3.466  -3.489 0.7142857313
104426  -31.934  -4.255  -4.227 0.7142857313
105280  -30.486  -3.537  0.629 1.0000000000
105332  -32.599  -2.534  -6.353 0.1428571492
106170  -28.738  -1.911  1.170 0.7142857313
107002  -24.206  -0.098  3.584 0.1428571492
107023  -28.278  0.005  -1.086 0.8571428657
107845  -29.066  0.346  -1.080 0.7142857313
107859  -28.186  0.531  -1.588 0.8571428657
107863  -32.686  0.749  -2.231 0.1428571492
108667  -29.971  1.510  -1.093 0.5714285970
108679  -32.570  0.486  -3.201 0.1428571492
109403  -26.800  2.039  -1.392 0.5714285970
109405  -31.297  1.766  -0.817 0.4285714328
110138  -27.924  3.447  4.195 0.1428571492
110960  -27.319  4.717  -2.840 0.2857142985
111661  -27.039  5.086  1.810 0.2857142985
112479  -25.351  7.033  -0.588 0.2857142985
112481  -28.101  7.161  -1.310 0.1428571492
113285  -28.519  8.166  -0.389 0.1428571492
113294  -27.385  7.977  -1.174 0.1428571492
113974  -26.545  8.763  0.747 0.1428571492
113985  -26.467  9.053  -1.659 0.1428571492
113987  -27.817  8.568  -0.649 0.1428571492
113993  -26.220  8.418  -1.817 0.2857142985
114712  -27.170  9.783  1.154 0.1428571492
115481  -25.335  9.982  -1.248 0.1428571492
116837  -25.654  12.105  -0.902 0.1428571492
