#!ascii label  , from subject FTD-FPD109 vox2ras=TkReg
897
107208  44.206  6.528  48.363 0.0000000000
106413  47.998  5.170  36.707 0.0000000000
111808  53.759  11.459  36.133 0.0000000000
103823  50.184  3.175  27.010 0.0000000000
103645  46.277  2.305  44.700 0.0000000000
109946  56.881  9.777  42.564 0.0000000000
106455  49.258  5.621  29.561 0.0000000000
109156  45.183  8.208  35.543 0.0000000000
108113  51.885  7.959  43.154 0.0000000000
107230  47.731  6.217  43.328 0.0000000000
101740  48.728  0.509  38.575 0.0000000000
111784  50.109  11.565  38.208 0.0000000000
110042  45.930  10.493  31.960 0.0000000000
109154  51.947  8.614  35.469 0.0000000000
110942  48.262  10.122  28.744 0.0000000000
110858  45.475  10.408  37.638 0.0000000000
109042  48.339  8.159  46.140 0.0000000000
108111  45.941  7.186  45.785 0.0000000000
101704  47.424  0.587  41.594 0.0000000000
111754  55.104  11.829  40.755 0.0000000000
112785  53.120  12.319  40.983 0.0000000000
111810  51.880  11.472  36.260 0.0000000000
110873  48.399  10.917  35.083 0.0000000000
111873  48.990  11.800  32.537 0.0000000000
107252  50.261  6.766  39.926 0.0000000000
109101  52.316  8.417  39.798 0.0000000000
107276  50.157  7.244  36.886 0.0000000000
107354  51.089  6.634  27.680 0.0000000000
108241  48.978  8.351  28.388 0.0000000000
107363  49.028  6.754  26.543 0.0000000000
107355  46.791  6.746  27.453 0.0000000000
103816  47.791  2.665  27.455 0.0000000000
101852  48.514  -0.181  30.203 0.0000000000
106350  42.694  4.631  47.116 0.0000000000
105445  44.508  4.841  45.154 0.0000000000
110837  56.224  10.259  39.027 0.0000000000
103735  48.134  2.275  34.595 0.0000000000
105529  48.178  4.706  32.401 0.0000000000
104668  50.272  3.316  31.005 0.0000000000
106464  53.919  5.871  29.037 0.0000000000
109026  53.143  9.205  47.406 0.0000000000
109028  50.824  8.732  47.193 0.0000000000
108125  49.843  7.030  43.358 0.0000000000
106376  48.741  4.920  40.487 0.0000000000
105453  45.862  4.070  43.265 0.0000000000
104571  46.812  2.940  40.593 0.0000000000
103714  47.078  2.475  37.250 0.0000000000
101790  49.992  0.550  35.492 0.0000000000
104530  41.552  2.790  47.922 0.0000000000
112776  51.514  12.424  41.448 0.0000000000
111771  48.502  11.529  38.982 0.0000000000
110865  47.445  10.752  36.257 0.0000000000
110032  45.889  9.291  33.496 0.0000000000
106447  45.194  5.840  31.538 0.0000000000
109066  54.592  8.773  43.591 0.0000000000
109119  54.620  8.711  38.715 0.0000000000
110006  54.124  9.634  35.239 0.0000000000
107310  49.308  7.417  32.737 0.0000000000
110040  50.588  9.909  32.252 0.0000000000
111889  50.689  11.443  32.177 0.0000000000
110933  47.030  10.640  29.503 0.0000000000
107333  45.641  6.489  29.670 0.0000000000
110848  45.265  10.698  38.488 0.0000000000
111773  46.650  11.286  39.642 0.0000000000
108097  46.460  7.584  47.282 0.0000000000
108105  44.887  7.031  46.954 0.0000000000
111780  54.516  11.294  38.295 0.0000000000
111781  53.344  11.529  38.441 0.0000000000
111809  52.897  11.649  36.198 0.0000000000
111825  51.187  11.442  35.221 0.0000000000
111837  51.552  11.895  34.117 0.0000000000
106395  49.037  5.858  37.845 0.0000000000
107269  50.153  7.105  37.877 0.0000000000
106403  49.005  6.105  36.820 0.0000000000
105580  51.362  4.779  27.030 0.0000000000
107362  49.950  6.599  26.733 0.0000000000
105588  49.745  4.881  26.664 0.0000000000
105589  48.807  4.935  26.518 0.0000000000
103824  49.457  3.172  26.852 0.0000000000
102879  48.623  1.782  27.873 0.0000000000
101880  49.705  1.167  28.159 0.0000000000
105437  43.654  4.398  46.315 0.0000000000
110827  56.902  10.673  40.773 0.0000000000
109963  56.636  9.930  40.648 0.0000000000
102807  49.893  1.451  33.496 0.0000000000
103758  49.157  2.411  32.745 0.0000000000
103756  51.469  2.090  32.140 0.0000000000
105547  54.525  5.098  30.191 0.0000000000
106462  54.853  4.968  29.234 0.0000000000
106486  53.988  5.243  28.122 0.0000000000
108118  47.856  7.273  44.444 0.0000000000
108107  49.027  7.601  44.670 0.0000000000
107229  48.576  6.303  43.147 0.0000000000
106362  49.120  5.532  41.819 0.0000000000
106363  48.383  5.112  42.196 0.0000000000
105444  44.951  4.189  44.812 0.0000000000
106354  45.104  5.354  44.070 0.0000000000
103656  45.675  2.630  43.705 0.0000000000
101713  47.537  0.524  40.706 0.0000000000
102716  46.701  1.374  40.761 0.0000000000
102726  46.780  1.558  39.687 0.0000000000
104593  46.775  2.833  38.834 0.0000000000
102759  47.402  1.445  37.931 0.0000000000
102774  48.180  1.271  37.038 0.0000000000
101755  48.723  0.678  37.641 0.0000000000
101772  52.587  0.009  36.347 0.0000000000
112802  51.725  11.989  39.330 0.0000000000
112775  52.424  12.454  41.687 0.0000000000
112787  51.360  12.302  40.551 0.0000000000
112789  49.690  12.083  39.857 0.0000000000
111769  49.672  11.634  38.659 0.0000000000
111801  47.818  11.400  37.561 0.0000000000
111800  48.655  11.385  37.413 0.0000000000
110890  47.020  11.017  33.592 0.0000000000
110019  46.496  9.882  34.051 0.0000000000
110043  45.751  9.519  32.498 0.0000000000
108213  45.249  7.706  32.507 0.0000000000
108219  45.512  7.717  31.458 0.0000000000
109050  52.592  8.415  45.264 0.0000000000
109049  53.770  8.613  45.390 0.0000000000
109068  52.694  8.270  42.886 0.0000000000
109122  52.248  8.441  37.908 0.0000000000
109110  53.937  8.603  39.324 0.0000000000
109130  53.887  8.510  37.483 0.0000000000
109140  54.500  8.867  36.862 0.0000000000
109162  53.149  9.041  35.175 0.0000000000
105540  48.553  4.825  31.200 0.0000000000
107304  49.016  6.407  33.622 0.0000000000
107316  48.218  6.966  31.185 0.0000000000
110074  48.591  9.234  28.221 0.0000000000
109197  48.810  9.487  30.269 0.0000000000
110066  48.655  10.417  29.709 0.0000000000
110909  50.621  10.871  31.718 0.0000000000
111918  49.063  11.061  30.472 0.0000000000
112890  48.404  11.464  30.501 0.0000000000
110943  47.846  10.397  28.725 0.0000000000
104712  46.428  4.363  27.720 0.0000000000
108243  46.278  7.142  28.392 0.0000000000
105573  46.049  4.574  28.597 0.0000000000
104692  45.475  3.867  29.726 0.0000000000
109056  56.763  8.919  45.234 0.0000000000
109988  44.780  9.479  37.529 0.0000000000
109998  45.701  9.534  36.361 0.0000000000
109005  48.595  8.189  48.721 0.0000000000
108091  47.264  7.880  47.784 0.0000000000
108102  47.451  7.807  46.025 0.0000000000
108119  46.993  7.217  44.641 0.0000000000
101684  46.789  1.029  43.107 0.0000000000
111755  53.796  12.067  40.416 0.0000000000
111767  52.948  11.912  39.638 0.0000000000
111797  51.453  11.411  37.356 0.0000000000
111812  49.771  11.235  36.466 0.0000000000
111826  50.048  11.213  35.404 0.0000000000
111854  48.143  11.497  33.439 0.0000000000
111855  47.191  11.747  32.680 0.0000000000
108143  50.805  7.274  41.393 0.0000000000
108131  52.126  8.244  41.539 0.0000000000
108159  50.823  7.468  39.307 0.0000000000
108171  50.755  7.721  37.355 0.0000000000
108177  50.888  7.821  36.427 0.0000000000
107342  50.908  6.671  28.171 0.0000000000
107332  48.875  6.810  29.177 0.0000000000
108248  50.259  7.177  27.782 0.0000000000
108249  49.501  7.712  27.522 0.0000000000
109223  48.563  8.541  27.352 0.0000000000
109224  47.602  8.707  27.341 0.0000000000
107364  48.172  6.820  26.497 0.0000000000
104722  47.014  4.506  26.961 0.0000000000
103817  46.999  3.209  27.570 0.0000000000
100848  48.980  -0.731  29.794 0.0000000000
107212  43.390  6.139  47.592 0.0000000000
107215  44.309  6.355  46.266 0.0000000000
106348  43.808  5.384  46.148 0.0000000000
105441  44.918  3.934  45.532 0.0000000000
104545  46.253  2.700  45.298 0.0000000000
111745  56.225  11.551  41.484 0.0000000000
111764  56.117  10.782  39.211 0.0000000000
111793  55.344  10.623  37.510 0.0000000000
105503  47.571  4.325  35.328 0.0000000000
105511  47.868  5.029  34.791 0.0000000000
104639  47.657  3.887  34.209 0.0000000000
104669  49.116  3.680  31.353 0.0000000000
104682  49.800  4.018  30.525 0.0000000000
104666  52.468  3.500  30.925 0.0000000000
104680  51.910  4.073  30.347 0.0000000000
105562  51.724  5.464  29.325 0.0000000000
107340  52.862  6.274  28.226 0.0000000000
106488  52.663  5.402  27.486 0.0000000000
104708  51.415  3.852  27.269 0.0000000000
102867  50.658  1.078  28.255 0.0000000000
109027  51.914  8.948  47.267 0.0000000000
109051  51.377  8.295  45.230 0.0000000000
109041  49.458  8.368  46.173 0.0000000000
109052  50.229  8.208  45.282 0.0000000000
108124  50.604  7.273  43.082 0.0000000000
107234  50.210  6.626  41.850 0.0000000000
106375  49.219  5.534  39.977 0.0000000000
106396  48.240  5.106  38.332 0.0000000000
107219  44.778  6.320  45.555 0.0000000000
107232  45.967  5.858  43.720 0.0000000000
106365  46.994  4.866  42.789 0.0000000000
102699  46.060  1.876  42.749 0.0000000000
104556  46.577  3.463  42.361 0.0000000000
105456  47.661  3.970  41.425 0.0000000000
105459  47.713  3.942  40.527 0.0000000000
105477  47.485  4.258  38.549 0.0000000000
105486  47.334  4.242  37.515 0.0000000000
103730  47.639  2.576  35.492 0.0000000000
102782  49.109  0.983  35.165 0.0000000000
102790  50.572  0.868  34.125 0.0000000000
101753  50.600  0.309  37.226 0.0000000000
101788  51.923  0.025  35.420 0.0000000000
106343  42.491  4.879  48.304 0.0000000000
105439  42.498  4.121  47.323 0.0000000000
103624  41.850  1.986  46.945 0.0000000000
112746  51.740  12.674  43.238 0.0000000000
112766  49.795  12.444  41.829 0.0000000000
111787  47.701  11.436  38.383 0.0000000000
110857  46.304  10.839  37.310 0.0000000000
109997  46.462  9.897  36.029 0.0000000000
110874  47.718  10.611  35.379 0.0000000000
110008  46.410  9.668  35.291 0.0000000000
108196  45.166  7.895  34.623 0.0000000000
109075  55.467  9.156  42.854 0.0000000000
109089  52.892  8.565  40.944 0.0000000000
109098  54.649  8.904  40.582 0.0000000000
109956  56.145  9.449  41.222 0.0000000000
109977  55.552  9.407  38.523 0.0000000000
110863  55.042  10.035  35.987 0.0000000000
111833  53.904  10.954  34.620 0.0000000000
106419  49.156  6.222  34.942 0.0000000000
107295  49.691  6.827  34.376 0.0000000000
108203  50.609  8.023  34.020 0.0000000000
108224  48.408  7.982  30.296 0.0000000000
108217  49.262  8.488  32.094 0.0000000000
109172  51.557  9.100  33.970 0.0000000000
110028  52.363  9.837  33.470 0.0000000000
110896  53.132  11.135  33.202 0.0000000000
112844  52.562  11.958  33.624 0.0000000000
112863  49.717  11.777  32.271 0.0000000000
111891  47.628  11.941  31.186 0.0000000000
110052  46.209  10.379  31.005 0.0000000000
109216  46.674  8.679  28.023 0.0000000000
109209  46.112  8.462  29.551 0.0000000000
108225  45.754  7.780  30.228 0.0000000000
106457  45.348  5.703  30.552 0.0000000000
101841  47.498  -0.012  31.347 0.0000000000
111789  45.873  11.188  39.027 0.0000000000
107207  44.816  6.695  48.694 0.0000000000
108093  45.377  6.958  48.627 0.0000000000
108099  44.782  6.973  47.888 0.0000000000
111795  53.649  11.357  37.243 0.0000000000
111823  53.064  11.763  35.094 0.0000000000
111824  52.230  11.712  35.178 0.0000000000
111836  52.520  11.958  34.432 0.0000000000
106404  48.420  5.476  37.222 0.0000000000
106412  48.393  5.592  36.264 0.0000000000
104717  50.841  4.214  26.968 0.0000000000
105587  50.620  4.857  26.812 0.0000000000
104718  50.114  3.961  26.756 0.0000000000
104719  49.153  3.996  26.488 0.0000000000
102878  49.429  1.790  27.688 0.0000000000
103814  49.858  2.481  27.287 0.0000000000
109935  57.004  9.644  43.504 0.0000000000
109945  57.313  10.233  43.028 0.0000000000
109954  57.203  10.263  42.082 0.0000000000
109955  56.798  9.788  41.633 0.0000000000
102806  50.976  1.106  33.491 0.0000000000
102826  50.536  1.488  33.038 0.0000000000
102825  51.179  1.510  32.782 0.0000000000
105546  55.334  4.959  29.865 0.0000000000
104697  55.239  3.734  28.819 0.0000000000
105570  54.831  4.462  28.691 0.0000000000
108187  45.008  7.687  35.381 0.0000000000
107221  48.198  6.843  43.740 0.0000000000
107236  48.892  5.824  42.534 0.0000000000
106357  48.106  5.656  42.787 0.0000000000
103646  45.682  2.838  44.397 0.0000000000
104550  45.440  3.432  44.103 0.0000000000
103655  45.917  2.089  43.913 0.0000000000
101726  47.779  0.592  39.770 0.0000000000
102725  47.133  0.943  40.097 0.0000000000
102739  47.256  1.093  39.153 0.0000000000
102740  46.857  1.705  38.791 0.0000000000
101756  48.114  0.774  38.079 0.0000000000
102758  48.087  1.025  37.653 0.0000000000
112803  51.143  11.886  38.941 0.0000000000
112795  51.187  12.125  39.695 0.0000000000
112796  50.311  11.913  39.168 0.0000000000
111785  49.263  11.466  38.071 0.0000000000
111799  49.503  11.367  37.352 0.0000000000
110900  46.410  11.287  32.408 0.0000000000
110031  46.165  10.302  32.977 0.0000000000
109181  45.537  8.658  32.036 0.0000000000
110053  45.897  9.577  31.564 0.0000000000
109060  52.256  8.078  44.044 0.0000000000
109132  52.102  8.470  36.963 0.0000000000
109131  53.049  8.514  37.230 0.0000000000
109142  52.926  8.604  36.369 0.0000000000
109141  53.738  8.661  36.606 0.0000000000
109153  52.737  8.750  35.628 0.0000000000
105553  48.675  5.370  30.494 0.0000000000
106446  48.380  5.951  30.773 0.0000000000
106456  48.720  5.896  29.847 0.0000000000
110953  48.349  9.576  28.170 0.0000000000
110067  48.545  9.857  29.235 0.0000000000
110930  48.777  10.687  30.141 0.0000000000
111931  48.238  10.644  29.289 0.0000000000
111919  48.464  10.936  29.984 0.0000000000
111932  48.132  10.622  29.000 0.0000000000
104701  46.176  3.960  28.059 0.0000000000
105582  46.300  4.581  27.999 0.0000000000
103804  46.211  3.246  28.455 0.0000000000
104691  45.778  3.728  28.991 0.0000000000
110859  44.860  10.178  38.117 0.0000000000
109987  45.436  9.955  37.118 0.0000000000
108087  47.591  7.712  49.088 0.0000000000
108104  45.755  7.287  46.682 0.0000000000
108103  46.600  7.529  46.363 0.0000000000
108120  46.118  7.047  44.894 0.0000000000
112783  54.771  12.099  41.770 0.0000000000
111766  54.229  11.721  39.465 0.0000000000
111796  52.565  11.460  37.347 0.0000000000
111782  52.044  11.689  38.600 0.0000000000
111811  50.802  11.279  36.340 0.0000000000
111838  50.379  11.456  34.266 0.0000000000
111853  49.537  11.553  33.390 0.0000000000
111874  47.931  12.160  32.103 0.0000000000
108152  50.840  7.378  40.354 0.0000000000
108165  50.765  7.622  38.308 0.0000000000
108170  51.322  8.156  36.967 0.0000000000
107282  50.230  7.259  35.961 0.0000000000
108255  50.227  7.056  27.243 0.0000000000
108256  49.348  7.509  26.936 0.0000000000
109222  48.861  8.297  27.346 0.0000000000
108257  48.659  7.541  26.711 0.0000000000
108258  47.990  7.643  26.719 0.0000000000
104720  48.220  4.091  26.505 0.0000000000
105590  47.913  4.986  26.516 0.0000000000
104721  47.392  4.194  26.780 0.0000000000
104710  47.295  3.490  27.145 0.0000000000
102880  47.963  2.017  28.031 0.0000000000
101873  48.981  0.881  28.723 0.0000000000
106349  43.014  5.240  46.913 0.0000000000
107216  43.618  6.057  46.774 0.0000000000
104543  45.001  3.785  45.931 0.0000000000
104542  45.542  3.396  45.722 0.0000000000
104541  46.588  2.840  45.837 0.0000000000
110828  56.524  10.440  39.917 0.0000000000
111753  56.393  11.177  40.356 0.0000000000
111779  55.501  10.781  38.225 0.0000000000
110846  55.564  10.464  37.711 0.0000000000
104627  47.827  2.864  34.551 0.0000000000
104638  47.927  3.164  33.977 0.0000000000
103774  49.898  2.860  31.689 0.0000000000
104651  49.290  2.822  32.155 0.0000000000
103771  53.055  2.913  31.464 0.0000000000
104665  53.598  3.949  31.060 0.0000000000
106453  53.837  5.496  29.708 0.0000000000
105548  53.569  4.935  30.348 0.0000000000
105549  52.536  5.038  29.807 0.0000000000
105550  51.354  4.653  29.792 0.0000000000
105561  52.373  5.676  29.328 0.0000000000
106466  52.141  6.084  28.830 0.0000000000
107327  53.278  6.196  28.698 0.0000000000
105577  53.708  4.646  27.873 0.0000000000
106487  53.450  5.317  27.799 0.0000000000
105578  52.981  4.638  27.559 0.0000000000
105579  52.139  4.674  27.280 0.0000000000
104707  52.379  3.813  27.545 0.0000000000
103812  51.746  3.000  27.685 0.0000000000
109015  51.057  8.787  48.239 0.0000000000
109039  51.679  8.645  46.221 0.0000000000
109030  48.769  8.376  47.094 0.0000000000
109017  49.101  8.452  48.005 0.0000000000
108116  49.484  7.392  44.144 0.0000000000
109062  49.936  7.775  44.601 0.0000000000
108115  50.362  7.480  43.866 0.0000000000
107227  50.090  6.730  42.643 0.0000000000
106367  49.203  5.495  40.948 0.0000000000
106386  48.621  5.018  39.499 0.0000000000
106352  44.406  5.529  45.457 0.0000000000
107225  44.913  5.943  44.887 0.0000000000
105448  45.527  4.354  43.577 0.0000000000
105447  45.984  4.763  43.315 0.0000000000
106359  46.440  5.231  43.245 0.0000000000
105452  46.317  4.303  43.025 0.0000000000
101694  47.163  0.787  42.381 0.0000000000
101685  46.374  1.390  42.988 0.0000000000
101695  46.594  1.281  42.440 0.0000000000
103674  46.576  2.308  41.135 0.0000000000
104564  46.781  3.059  41.495 0.0000000000
104563  47.123  3.631  41.809 0.0000000000
104570  47.233  3.488  40.998 0.0000000000
104579  47.209  3.468  40.087 0.0000000000
104605  46.758  2.683  38.351 0.0000000000
104592  47.097  3.485  39.129 0.0000000000
104604  46.888  3.274  38.035 0.0000000000
104612  47.190  3.457  36.867 0.0000000000
103723  47.353  2.655  36.320 0.0000000000
101791  49.173  0.791  35.864 0.0000000000
102783  48.239  1.581  35.678 0.0000000000
102791  49.695  0.994  34.484 0.0000000000
101804  50.497  0.577  34.806 0.0000000000
101752  51.490  0.251  37.148 0.0000000000
101773  51.695  0.051  36.340 0.0000000000
101787  52.833  -0.059  35.410 0.0000000000
106340  42.733  4.780  48.930 0.0000000000
104522  41.929  3.448  48.389 0.0000000000
105435  42.177  4.214  47.968 0.0000000000
104529  42.046  3.462  47.583 0.0000000000
104538  42.617  3.264  46.906 0.0000000000
103610  41.943  2.660  47.217 0.0000000000
112763  52.591  12.602  42.559 0.0000000000
112764  51.650  12.562  42.346 0.0000000000
112747  50.774  12.696  43.046 0.0000000000
112765  50.711  12.504  42.114 0.0000000000
111757  48.320  11.663  39.850 0.0000000000
111772  47.588  11.445  39.272 0.0000000000
111815  47.117  11.162  36.966 0.0000000000
110866  46.555  10.395  36.530 0.0000000000
111827  49.058  11.093  35.694 0.0000000000
111828  48.252  10.931  36.001 0.0000000000
110882  47.170  10.278  34.704 0.0000000000
110020  45.927  9.130  34.583 0.0000000000
109166  45.463  8.477  34.081 0.0000000000
108205  45.081  7.564  33.633 0.0000000000
107317  45.235  6.790  31.961 0.0000000000
109025  54.184  9.166  47.073 0.0000000000
109058  54.744  8.691  44.571 0.0000000000
109065  55.602  9.023  43.805 0.0000000000
109076  54.562  8.903  42.584 0.0000000000
108141  52.238  8.345  40.979 0.0000000000
109078  52.833  8.476  41.927 0.0000000000
109099  53.870  8.698  40.276 0.0000000000
109109  54.661  8.778  39.635 0.0000000000
109097  55.396  9.181  40.890 0.0000000000
109108  55.319  9.094  39.954 0.0000000000
109964  55.964  9.466  40.277 0.0000000000
109118  55.203  9.030  39.052 0.0000000000
109996  54.592  9.262  36.129 0.0000000000
109995  55.039  9.472  36.682 0.0000000000
110871  54.659  9.896  35.557 0.0000000000
110864  54.728  10.649  36.034 0.0000000000
110872  54.359  10.433  35.322 0.0000000000
105522  47.839  4.485  33.741 0.0000000000
106420  48.507  5.670  35.299 0.0000000000
106427  48.583  5.802  34.278 0.0000000000
107311  48.742  6.916  32.490 0.0000000000
107303  49.509  7.110  33.264 0.0000000000
108195  50.274  7.510  34.329 0.0000000000
108204  50.099  7.545  33.693 0.0000000000
108231  49.156  7.323  28.711 0.0000000000
107321  48.327  6.911  29.995 0.0000000000
108232  48.678  7.902  29.015 0.0000000000
110041  49.812  9.737  31.831 0.0000000000
109187  49.180  9.341  31.286 0.0000000000
109180  49.782  9.122  32.271 0.0000000000
109173  50.860  8.791  33.575 0.0000000000
110029  51.324  9.503  33.145 0.0000000000
109171  52.118  9.232  34.344 0.0000000000
110039  51.577  10.129  32.631 0.0000000000
111904  50.083  11.275  31.604 0.0000000000
110897  52.470  10.866  32.721 0.0000000000
111887  52.151  11.408  32.656 0.0000000000
111868  53.167  11.403  33.438 0.0000000000
111871  51.267  11.656  32.639 0.0000000000
112845  51.905  12.032  33.383 0.0000000000
112862  50.657  11.689  32.640 0.0000000000
111907  47.746  11.506  30.434 0.0000000000
112879  48.090  11.813  30.825 0.0000000000
111892  47.084  11.517  30.843 0.0000000000
110921  46.716  10.900  30.447 0.0000000000
108250  47.109  7.616  27.275 0.0000000000
110084  47.249  9.141  27.725 0.0000000000
108242  46.548  7.652  27.947 0.0000000000
107345  46.136  6.573  28.719 0.0000000000
108234  46.092  7.660  28.923 0.0000000000
109200  46.096  8.719  30.231 0.0000000000
104684  45.152  3.587  30.389 0.0000000000
105554  45.371  4.817  30.346 0.0000000000
101863  47.814  1.185  29.444 0.0000000000
101853  47.795  0.281  30.548 0.0000000000
110838  45.052  10.763  39.395 0.0000000000
110847  46.056  11.087  38.113 0.0000000000
108092  46.407  7.453  48.317 0.0000000000
108098  45.583  7.294  47.635 0.0000000000
111852  50.667  11.761  33.337 0.0000000000
107262  49.669  6.250  39.461 0.0000000000
107261  50.190  6.951  38.902 0.0000000000
107270  49.613  6.414  38.407 0.0000000000
107277  49.600  6.571  37.368 0.0000000000
107283  49.613  6.703  36.375 0.0000000000
107360  51.568  5.891  27.135 0.0000000000
107361  50.999  6.313  27.033 0.0000000000
106495  51.186  5.534  26.875 0.0000000000
106496  50.364  5.701  26.676 0.0000000000
106497  49.409  5.815  26.559 0.0000000000
106498  48.479  5.880  26.501 0.0000000000
103825  48.529  3.245  26.799 0.0000000000
103815  48.927  2.470  27.252 0.0000000000
101881  49.165  1.373  28.055 0.0000000000
105438  42.949  4.210  46.793 0.0000000000
104536  44.543  3.550  46.311 0.0000000000
110818  57.213  10.760  41.610 0.0000000000
109962  57.044  10.263  41.317 0.0000000000
109969  56.262  9.845  39.657 0.0000000000
103742  48.778  2.116  33.577 0.0000000000
103741  49.437  1.940  33.027 0.0000000000
103757  50.162  2.087  32.488 0.0000000000
103773  50.840  2.648  31.565 0.0000000000
105538  54.370  4.612  30.806 0.0000000000
105537  55.229  4.613  30.703 0.0000000000
106452  54.512  5.362  29.519 0.0000000000
106463  54.403  5.374  29.061 0.0000000000
107338  53.958  5.622  28.368 0.0000000000
106476  54.337  5.179  28.627 0.0000000000
105571  54.264  4.597  28.229 0.0000000000
109016  50.048  8.611  48.119 0.0000000000
108101  48.026  7.882  45.560 0.0000000000
109054  48.470  7.949  45.483 0.0000000000
108108  48.395  7.663  44.986 0.0000000000
108126  49.033  6.916  43.562 0.0000000000
107228  49.378  6.438  42.930 0.0000000000
107235  49.600  6.144  42.224 0.0000000000
106368  48.659  4.951  41.396 0.0000000000
106355  44.648  5.189  44.806 0.0000000000
104557  45.783  3.574  43.196 0.0000000000
101705  46.840  1.032  41.665 0.0000000000
102715  47.032  0.831  40.631 0.0000000000
103681  46.617  2.231  40.178 0.0000000000
104580  46.770  2.912  39.680 0.0000000000
103689  46.678  2.257  39.279 0.0000000000
102760  46.844  1.886  38.285 0.0000000000
103715  46.803  2.313  38.012 0.0000000000
102775  47.567  1.869  36.661 0.0000000000
101776  48.925  0.794  36.654 0.0000000000
101775  49.835  0.443  36.475 0.0000000000
101751  52.401  0.370  37.209 0.0000000000
101771  53.469  0.043  36.369 0.0000000000
112793  52.703  12.169  40.362 0.0000000000
112786  52.207  12.325  40.834 0.0000000000
112777  50.626  12.378  41.157 0.0000000000
112788  50.501  12.243  40.199 0.0000000000
112797  49.503  11.759  39.166 0.0000000000
112798  49.065  11.638  39.088 0.0000000000
111786  48.516  11.456  38.161 0.0000000000
111814  48.005  11.237  36.778 0.0000000000
110881  47.835  10.989  34.343 0.0000000000
109174  45.372  8.578  33.037 0.0000000000
109038  52.833  8.818  46.282 0.0000000000
109059  53.589  8.462  44.372 0.0000000000
109067  53.556  8.510  43.311 0.0000000000
109112  52.285  8.422  38.847 0.0000000000
109111  53.140  8.543  39.057 0.0000000000
109121  53.131  8.487  38.133 0.0000000000
109120  53.938  8.515  38.400 0.0000000000
109129  54.573  8.683  37.818 0.0000000000
109151  54.181  8.977  36.076 0.0000000000
110007  53.550  9.243  35.150 0.0000000000
106435  48.349  5.704  33.088 0.0000000000
106440  48.316  5.834  31.871 0.0000000000
109207  48.674  8.891  28.655 0.0000000000
109198  48.651  9.006  29.627 0.0000000000
110060  48.742  9.724  29.787 0.0000000000
110059  48.972  10.193  30.298 0.0000000000
110051  49.778  10.287  31.388 0.0000000000
110050  50.307  10.521  31.644 0.0000000000
110910  50.099  10.728  31.393 0.0000000000
110919  49.915  11.088  31.299 0.0000000000
111905  49.447  11.332  31.112 0.0000000000
112877  49.302  11.693  31.600 0.0000000000
111906  48.872  11.299  30.562 0.0000000000
111920  47.928  11.003  29.547 0.0000000000
110932  47.512  10.701  29.139 0.0000000000
106490  46.515  5.865  27.736 0.0000000000
107344  46.414  6.657  28.068 0.0000000000
105572  46.330  5.214  28.190 0.0000000000
106480  46.314  5.959  28.330 0.0000000000
106481  46.037  5.529  28.988 0.0000000000
106470  45.581  5.418  29.785 0.0000000000
105565  45.663  4.574  29.492 0.0000000000
103793  45.468  3.312  29.729 0.0000000000
109999  45.071  8.996  36.741 0.0000000000
109145  45.144  8.489  36.065 0.0000000000
109018  48.165  8.221  47.987 0.0000000000
109031  47.886  8.144  47.074 0.0000000000
108096  47.218  7.849  46.853 0.0000000000
109043  47.707  8.023  46.532 0.0000000000
108109  47.576  7.578  45.193 0.0000000000
107222  47.336  6.762  43.927 0.0000000000
102692  46.321  1.604  43.683 0.0000000000
102691  47.183  1.154  43.893 0.0000000000
101683  47.593  0.709  43.152 0.0000000000
101693  47.952  0.472  42.322 0.0000000000
101703  48.236  0.343  41.432 0.0000000000
101712  48.465  0.368  40.478 0.0000000000
101725  48.626  0.434  39.504 0.0000000000
101739  49.592  0.482  38.295 0.0000000000
112784  54.096  12.306  41.329 0.0000000000
111756  53.151  12.120  40.355 0.0000000000
111768  52.196  11.956  39.393 0.0000000000
111783  50.963  11.590  38.196 0.0000000000
111798  50.424  11.370  37.330 0.0000000000
111839  49.040  11.223  34.486 0.0000000000
111840  48.342  11.206  34.195 0.0000000000
108123  51.300  7.644  42.755 0.0000000000
108122  52.002  8.085  42.409 0.0000000000
108132  51.407  7.735  41.906 0.0000000000
108142  51.638  8.039  40.793 0.0000000000
108151  51.491  8.047  39.631 0.0000000000
108158  51.468  8.090  38.624 0.0000000000
108164  51.416  8.162  37.692 0.0000000000
108176  51.560  8.302  36.461 0.0000000000
108184  51.425  8.246  35.895 0.0000000000
106468  49.928  5.688  29.130 0.0000000000
106469  49.239  6.132  29.236 0.0000000000
107330  50.366  6.428  28.525 0.0000000000
107343  50.182  7.005  28.270 0.0000000000
108240  49.512  7.721  28.186 0.0000000000
109215  48.975  8.608  28.147 0.0000000000
109214  49.176  8.437  27.952 0.0000000000
110073  48.721  9.005  27.980 0.0000000000
110954  48.095  9.773  28.130 0.0000000000
110090  47.870  8.787  27.239 0.0000000000
108259  47.553  7.748  26.980 0.0000000000
107365  47.411  6.909  26.873 0.0000000000
106499  47.625  5.895  26.590 0.0000000000
106500  46.868  5.742  27.015 0.0000000000
105592  46.848  4.829  27.092 0.0000000000
104700  46.531  3.380  27.878 0.0000000000
103803  46.886  2.613  28.312 0.0000000000
102868  48.296  1.610  28.385 0.0000000000
101874  48.211  1.422  28.787 0.0000000000
101862  48.610  0.257  29.691 0.0000000000
107209  43.348  5.959  48.436 0.0000000000
107211  44.122  6.635  47.291 0.0000000000
105442  44.430  4.458  45.682 0.0000000000
104546  45.710  3.067  45.025 0.0000000000
111744  56.899  11.136  41.123 0.0000000000
111765  55.403  11.346  39.345 0.0000000000
111794  54.693  10.957  37.122 0.0000000000
111807  54.338  11.122  36.051 0.0000000000
105494  47.559  4.522  36.430 0.0000000000
105502  47.917  5.099  35.718 0.0000000000
105523  47.666  4.201  34.139 0.0000000000
104652  48.448  3.372  32.680 0.0000000000
104670  48.446  4.099  31.883 0.0000000000
105539  48.983  4.358  30.831 0.0000000000
105564  50.048  5.027  29.585 0.0000000000
103755  52.545  2.142  31.967 0.0000000000
103772  51.966  2.686  31.435 0.0000000000
104667  51.381  3.265  30.864 0.0000000000
104681  50.825  3.894  30.334 0.0000000000
105551  50.320  4.547  29.902 0.0000000000
105563  50.750  5.236  29.434 0.0000000000
106467  51.101  5.941  28.732 0.0000000000
106479  51.694  6.303  28.431 0.0000000000
107353  52.068  6.100  27.594 0.0000000000
107352  53.174  5.908  27.873 0.0000000000
106489  51.866  5.438  27.185 0.0000000000
103813  50.797  2.836  27.418 0.0000000000
102876  51.384  2.141  27.925 0.0000000000
108114  51.223  7.731  43.548 0.0000000000
109004  49.385  8.335  48.861 0.0000000000
109029  49.775  8.582  47.133 0.0000000000
109053  49.155  7.956  45.246 0.0000000000
109040  50.553  8.523  46.194 0.0000000000
109061  50.908  7.938  44.414 0.0000000000
108133  50.719  7.201  42.297 0.0000000000
107242  50.255  6.662  40.929 0.0000000000
107243  49.705  6.051  41.404 0.0000000000
107253  49.744  6.083  40.465 0.0000000000
106385  48.995  5.775  38.954 0.0000000000
106405  47.825  4.920  37.355 0.0000000000
107214  45.135  6.875  46.063 0.0000000000
107218  45.378  6.661  45.250 0.0000000000
107224  45.590  6.317  44.436 0.0000000000
107223  46.454  6.598  44.152 0.0000000000
107231  46.850  6.083  43.500 0.0000000000
106358  47.296  5.528  43.001 0.0000000000
102693  45.858  2.050  43.433 0.0000000000
102700  45.773  2.293  43.147 0.0000000000
103666  45.882  2.725  42.790 0.0000000000
102707  46.448  1.701  41.781 0.0000000000
103665  46.379  2.518  42.051 0.0000000000
104555  47.005  3.762  42.160 0.0000000000
105451  47.301  4.199  42.287 0.0000000000
106364  47.669  5.006  42.537 0.0000000000
105455  48.058  4.504  41.785 0.0000000000
105458  48.210  4.411  40.965 0.0000000000
105465  48.194  4.444  40.050 0.0000000000
105466  47.629  4.025  39.593 0.0000000000
105476  48.044  4.565  39.207 0.0000000000
106397  47.661  4.694  37.942 0.0000000000
104619  47.379  3.497  35.841 0.0000000000
103736  47.800  2.666  34.899 0.0000000000
102784  47.633  2.134  35.999 0.0000000000
103729  47.917  2.254  35.141 0.0000000000
102792  48.810  1.518  34.551 0.0000000000
102808  49.259  1.486  34.006 0.0000000000
101818  51.125  0.757  33.997 0.0000000000
101754  49.671  0.433  37.380 0.0000000000
101774  50.768  0.241  36.350 0.0000000000
101789  51.014  0.246  35.477 0.0000000000
101803  51.285  0.453  34.577 0.0000000000
101817  51.680  0.700  33.872 0.0000000000
107204  43.853  5.945  49.083 0.0000000000
106345  42.764  5.552  47.902 0.0000000000
106346  42.529  4.823  47.567 0.0000000000
105433  42.384  4.123  48.717 0.0000000000
103623  42.447  2.260  46.777 0.0000000000
103622  43.266  2.490  46.659 0.0000000000
112748  49.778  12.672  42.853 0.0000000000
112778  49.750  12.239  40.825 0.0000000000
112767  48.770  12.095  41.568 0.0000000000
111788  46.794  11.361  38.681 0.0000000000
111802  46.938  11.336  37.798 0.0000000000
110867  45.860  10.281  36.969 0.0000000000
109144  45.498  8.917  35.767 0.0000000000
111813  48.860  11.231  36.622 0.0000000000
110875  47.031  10.171  35.753 0.0000000000
110009  45.777  9.153  35.441 0.0000000000
109155  45.406  8.426  35.177 0.0000000000
107312  45.060  6.809  32.914 0.0000000000
109037  53.955  8.967  46.303 0.0000000000
109057  55.971  8.863  44.737 0.0000000000
109930  56.451  9.219  43.920 0.0000000000
109936  56.295  9.422  43.135 0.0000000000
109077  53.657  8.698  42.282 0.0000000000
109100  53.107  8.567  39.976 0.0000000000
109088  53.756  8.785  41.268 0.0000000000
109086  55.441  9.183  41.863 0.0000000000
109947  56.231  9.430  42.183 0.0000000000
109976  55.995  9.775  38.783 0.0000000000
109128  55.107  9.003  38.177 0.0000000000
109986  55.388  9.545  37.655 0.0000000000
110854  55.689  9.936  37.708 0.0000000000
110855  55.384  10.295  37.046 0.0000000000
110856  54.824  10.776  36.554 0.0000000000
111822  53.630  11.463  35.225 0.0000000000
106411  49.025  6.235  35.844 0.0000000000
107289  49.682  6.734  35.431 0.0000000000
107296  49.124  6.316  34.200 0.0000000000
106426  49.145  6.294  34.459 0.0000000000
107288  50.230  7.302  35.139 0.0000000000
108185  50.805  7.785  35.587 0.0000000000
108193  51.287  8.266  35.325 0.0000000000
108212  49.138  7.769  32.353 0.0000000000
109188  48.692  8.818  30.574 0.0000000000
108211  49.800  8.009  32.806 0.0000000000
108210  50.383  8.206  33.406 0.0000000000
109165  51.059  8.501  34.271 0.0000000000
109164  51.593  8.679  34.774 0.0000000000
109163  52.501  9.009  34.906 0.0000000000
110017  53.176  9.563  34.499 0.0000000000
110027  53.160  10.264  33.680 0.0000000000
110038  52.081  10.374  32.705 0.0000000000
110888  52.866  10.438  33.240 0.0000000000
110026  53.402  10.610  33.658 0.0000000000
111849  53.633  11.262  33.927 0.0000000000
112842  53.547  11.456  34.236 0.0000000000
112817  53.065  11.832  34.612 0.0000000000
112830  52.209  12.111  33.848 0.0000000000
111851  51.323  11.914  33.474 0.0000000000
111872  49.896  11.741  32.762 0.0000000000
112864  48.768  11.963  31.790 0.0000000000
110911  46.382  11.231  31.359 0.0000000000
110075  47.558  9.782  28.179 0.0000000000
110944  47.235  10.254  28.743 0.0000000000
110068  46.634  9.882  29.097 0.0000000000
108233  46.409  8.223  28.396 0.0000000000
109208  46.371  8.857  28.800 0.0000000000
110061  46.464  10.164  30.027 0.0000000000
109189  46.200  9.485  30.624 0.0000000000
109190  45.908  8.644  31.068 0.0000000000
107322  45.426  6.717  30.888 0.0000000000
102877  50.403  1.683  27.860 0.0000000000
101872  50.041  0.371  28.534 0.0000000000
100840  47.895  -0.246  31.073 0.0000000000
101714  47.010  0.758  41.061 0.0000000000
101741  47.898  0.655  38.793 0.0000000000
102824  52.121  1.593  32.579 0.0000000000
102866  51.191  1.241  28.300 0.0000000000
103636  46.610  2.562  45.424 0.0000000000
103701  46.722  2.277  38.576 0.0000000000
103826  47.792  3.478  26.843 0.0000000000
104628  47.603  3.398  34.820 0.0000000000
104679  52.818  4.317  30.527 0.0000000000
104683  49.272  4.217  30.723 0.0000000000
104705  53.953  4.065  28.013 0.0000000000
104709  50.658  3.607  27.084 0.0000000000
104711  46.750  4.071  27.362 0.0000000000
105450  47.873  4.690  42.221 0.0000000000
105493  47.943  5.128  36.274 0.0000000000
105512  47.645  4.233  34.496 0.0000000000
105552  49.286  4.892  30.133 0.0000000000
105560  55.487  4.442  29.275 0.0000000000
105566  45.339  4.187  30.152 0.0000000000
105581  46.563  4.928  27.561 0.0000000000
105591  47.216  5.005  26.747 0.0000000000
106360  45.753  5.136  43.521 0.0000000000
106451  54.769  5.131  29.429 0.0000000000
106454  53.270  5.391  29.802 0.0000000000
106465  53.025  5.899  29.292 0.0000000000
106475  54.878  4.777  28.981 0.0000000000
106477  54.057  5.654  28.652 0.0000000000
106478  52.062  6.301  28.471 0.0000000000
107205  43.353  5.640  48.899 0.0000000000
107294  50.221  7.379  34.675 0.0000000000
107328  52.627  6.263  28.618 0.0000000000
107329  52.272  6.303  28.516 0.0000000000
107331  49.611  6.744  28.683 0.0000000000
107339  53.676  6.020  28.379 0.0000000000
107341  51.982  6.398  28.219 0.0000000000
107350  54.033  5.418  28.249 0.0000000000
107351  53.801  5.687  28.111 0.0000000000
108094  44.788  6.805  48.388 0.0000000000
108110  46.772  7.428  45.486 0.0000000000
108117  48.669  7.309  44.250 0.0000000000
108186  45.199  7.999  35.056 0.0000000000
108194  50.748  7.921  34.789 0.0000000000
108218  48.715  8.063  31.489 0.0000000000
108239  50.251  7.178  28.066 0.0000000000
109063  49.406  7.688  44.668 0.0000000000
109087  54.605  8.968  41.569 0.0000000000
109090  52.415  8.426  40.509 0.0000000000
109139  54.984  9.049  37.412 0.0000000000
109143  52.130  8.533  36.128 0.0000000000
109152  53.549  8.904  35.722 0.0000000000
109179  50.362  8.896  32.922 0.0000000000
109199  46.297  9.287  29.693 0.0000000000
109225  47.066  8.364  27.502 0.0000000000
109231  48.858  7.957  26.949 0.0000000000
109232  48.369  8.088  26.937 0.0000000000
109233  47.843  8.260  27.004 0.0000000000
109234  47.437  8.166  27.186 0.0000000000
109970  55.753  9.411  39.369 0.0000000000
109985  55.734  9.770  38.149 0.0000000000
110005  54.766  9.613  35.891 0.0000000000
110016  53.559  10.327  34.186 0.0000000000
110018  52.565  9.404  34.331 0.0000000000
110030  50.802  9.279  32.989 0.0000000000
110076  46.893  9.532  28.321 0.0000000000
110081  48.734  8.703  27.663 0.0000000000
110082  48.449  9.023  27.664 0.0000000000
110083  47.864  9.290  27.620 0.0000000000
110089  48.135  8.688  27.218 0.0000000000
110845  55.845  10.225  38.132 0.0000000000
110879  53.840  10.652  34.478 0.0000000000
110880  48.395  11.086  34.536 0.0000000000
110886  53.547  10.924  33.626 0.0000000000
110887  53.179  10.735  33.296 0.0000000000
110889  47.632  11.212  33.787 0.0000000000
110895  53.318  11.150  33.394 0.0000000000
110898  51.633  10.671  32.304 0.0000000000
110899  51.155  10.441  32.190 0.0000000000
110907  51.991  11.241  32.463 0.0000000000
110908  51.542  11.128  32.234 0.0000000000
110920  49.575  10.847  30.954 0.0000000000
110931  48.444  10.497  29.459 0.0000000000
111752  56.874  11.008  40.688 0.0000000000
111770  49.106  11.556  38.679 0.0000000000
111778  56.002  10.519  38.624 0.0000000000
111821  54.134  11.068  35.331 0.0000000000
111834  53.679  11.351  34.817 0.0000000000
111835  52.890  11.930  34.514 0.0000000000
111850  53.374  11.388  33.677 0.0000000000
111867  53.431  11.222  33.587 0.0000000000
111869  52.611  11.501  33.015 0.0000000000
111870  51.923  11.713  32.785 0.0000000000
111875  46.938  11.928  31.730 0.0000000000
111888  51.599  11.465  32.494 0.0000000000
111890  49.879  11.521  31.743 0.0000000000
111908  47.371  11.035  30.060 0.0000000000
111921  47.480  10.871  29.508 0.0000000000
112790  49.033  11.807  39.538 0.0000000000
112794  52.052  12.132  39.977 0.0000000000
112804  50.631  11.737  38.642 0.0000000000
112816  53.092  11.768  34.821 0.0000000000
112827  53.589  11.411  34.506 0.0000000000
112828  53.351  11.650  34.496 0.0000000000
112829  52.886  11.999  34.162 0.0000000000
112831  51.663  12.019  33.553 0.0000000000
112843  53.226  11.683  33.827 0.0000000000
112846  51.191  11.872  33.152 0.0000000000
112847  50.436  11.736  32.784 0.0000000000
112859  52.790  11.719  33.408 0.0000000000
112860  52.247  11.884  33.173 0.0000000000
112861  51.514  11.875  33.001 0.0000000000
112865  48.182  12.056  31.371 0.0000000000
112876  50.006  11.665  32.161 0.0000000000
112878  48.592  11.811  31.153 0.0000000000
112889  48.929  11.584  30.944 0.0000000000
112891  48.067  11.579  30.473 0.0000000000
112900  48.188  11.161  30.042 0.0000000000
112901  48.061  11.360  30.179 0.0000000000
