#!ascii label  , from subject FTD-FPD109 vox2ras=TkReg
1535
39753  18.686  -54.704  69.217 0.0000000000
70388  50.024  -29.029  48.759 0.0000000000
47223  39.118  -48.842  60.573 0.0000000000
48368  49.779  -47.566  62.972 0.0000000000
43369  31.406  -51.217  61.190 0.0000000000
39735  28.073  -54.351  70.657 0.0000000000
78341  60.382  -22.889  45.382 0.0000000000
75885  56.766  -24.700  51.864 0.0000000000
62924  46.803  -35.668  56.755 0.0000000000
85652  65.375  -15.673  41.259 0.0000000000
44586  36.927  -50.348  66.661 0.0000000000
40969  22.442  -54.079  69.348 0.0000000000
77061  59.160  -23.499  49.748 0.0000000000
77115  53.303  -23.620  46.522 0.0000000000
67843  51.793  -32.288  53.859 0.0000000000
70282  54.967  -29.325  54.634 0.0000000000
65370  48.115  -34.427  52.621 0.0000000000
51937  45.753  -44.764  57.173 0.0000000000
47189  45.232  -49.276  60.884 0.0000000000
42183  33.627  -52.588  66.845 0.0000000000
37507  32.725  -57.039  71.182 0.0000000000
39828  30.044  -54.928  65.766 0.0000000000
41075  24.622  -53.801  64.759 0.0000000000
48356  34.285  -48.396  62.492 0.0000000000
79514  64.582  -21.392  47.369 0.0000000000
75894  63.636  -24.501  50.941 0.0000000000
73664  53.075  -26.624  50.016 0.0000000000
66490  48.714  -33.292  59.377 0.0000000000
55541  48.936  -41.286  59.711 0.0000000000
80663  63.838  -20.818  42.277 0.0000000000
82757  67.656  -18.932  43.799 0.0000000000
85656  68.565  -15.842  41.001 0.0000000000
43284  35.937  -51.501  70.491 0.0000000000
40971  20.582  -54.260  68.987 0.0000000000
40891  22.143  -53.835  73.601 0.0000000000
39708  19.807  -54.840  72.312 0.0000000000
78347  54.337  -22.965  45.063 0.0000000000
65257  52.969  -33.638  56.648 0.0000000000
67798  54.789  -32.276  57.541 0.0000000000
36340  14.109  -57.800  70.858 0.0000000000
65437  46.977  -33.945  49.365 0.0000000000
48459  39.455  -47.683  58.245 0.0000000000
48456  42.539  -47.413  58.631 0.0000000000
47220  41.718  -48.744  60.652 0.0000000000
42202  33.203  -52.458  64.422 0.0000000000
39812  32.846  -54.698  66.303 0.0000000000
41087  31.189  -53.670  63.144 0.0000000000
45891  32.811  -49.576  62.049 0.0000000000
44619  33.471  -50.318  64.563 0.0000000000
38616  30.218  -56.345  70.743 0.0000000000
78323  62.600  -22.335  46.621 0.0000000000
78289  64.473  -22.801  48.914 0.0000000000
77079  61.896  -23.385  48.254 0.0000000000
78264  58.022  -23.420  51.105 0.0000000000
77009  59.892  -23.792  52.093 0.0000000000
73713  49.289  -26.851  47.069 0.0000000000
74824  50.875  -25.512  47.998 0.0000000000
72618  51.525  -27.583  49.294 0.0000000000
65303  44.261  -33.933  55.622 0.0000000000
66546  46.366  -33.374  56.661 0.0000000000
65226  47.001  -34.080  59.024 0.0000000000
50774  47.585  -45.994  59.670 0.0000000000
54353  47.938  -42.699  58.390 0.0000000000
51883  48.882  -44.731  61.227 0.0000000000
79566  59.849  -22.080  43.221 0.0000000000
80666  61.012  -20.796  41.973 0.0000000000
78383  61.433  -22.653  43.821 0.0000000000
78361  64.148  -22.254  44.655 0.0000000000
87848  67.104  -13.697  40.823 0.0000000000
86728  67.580  -14.828  42.262 0.0000000000
85639  68.553  -16.565  43.383 0.0000000000
83726  66.799  -17.680  42.640 0.0000000000
45862  38.548  -50.258  63.760 0.0000000000
45860  40.868  -50.406  63.267 0.0000000000
44583  40.095  -50.438  67.204 0.0000000000
40966  25.311  -54.225  69.549 0.0000000000
40869  27.142  -54.308  73.539 0.0000000000
40888  25.152  -53.872  73.301 0.0000000000
78344  57.397  -23.055  44.840 0.0000000000
78316  59.441  -23.146  46.902 0.0000000000
77112  56.280  -23.320  46.249 0.0000000000
77084  56.335  -23.567  48.316 0.0000000000
77065  55.113  -23.809  49.612 0.0000000000
69119  50.539  -31.021  50.797 0.0000000000
70336  52.667  -29.699  51.373 0.0000000000
69070  53.027  -31.095  54.111 0.0000000000
60420  46.310  -37.074  54.716 0.0000000000
50722  51.113  -45.499  64.512 0.0000000000
38662  16.827  -56.119  68.053 0.0000000000
38610  17.864  -55.851  72.787 0.0000000000
37516  15.855  -56.828  71.828 0.0000000000
69181  48.289  -30.283  47.641 0.0000000000
67890  48.890  -32.304  50.074 0.0000000000
65345  49.897  -33.980  53.382 0.0000000000
64084  51.092  -34.835  56.343 0.0000000000
50835  42.741  -45.528  56.181 0.0000000000
49598  45.322  -46.908  58.406 0.0000000000
47186  48.232  -49.110  61.232 0.0000000000
45857  43.772  -49.741  63.497 0.0000000000
45854  46.742  -49.874  63.747 0.0000000000
40940  34.302  -53.558  70.410 0.0000000000
38615  34.479  -55.877  70.974 0.0000000000
38640  33.485  -55.508  68.808 0.0000000000
38642  31.465  -56.167  68.307 0.0000000000
39794  29.056  -54.801  67.895 0.0000000000
41112  28.581  -53.562  63.037 0.0000000000
41072  27.611  -54.102  64.823 0.0000000000
41011  26.696  -54.443  67.811 0.0000000000
41014  23.785  -54.211  67.504 0.0000000000
41037  21.308  -53.539  66.314 0.0000000000
41019  19.236  -53.751  66.995 0.0000000000
48462  36.674  -47.646  58.557 0.0000000000
49601  34.456  -46.268  59.146 0.0000000000
47198  36.226  -48.232  61.451 0.0000000000
45837  35.320  -48.948  64.611 0.0000000000
44572  34.518  -50.623  67.339 0.0000000000
74807  64.525  -24.730  48.511 0.0000000000
77037  61.269  -23.583  50.430 0.0000000000
77117  51.189  -24.431  46.605 0.0000000000
77087  52.967  -24.184  48.866 0.0000000000
75900  55.050  -24.925  51.536 0.0000000000
71511  54.548  -28.184  51.696 0.0000000000
73637  55.616  -26.465  52.839 0.0000000000
65373  45.033  -33.891  52.566 0.0000000000
65281  48.372  -33.946  56.370 0.0000000000
66474  51.066  -33.586  60.595 0.0000000000
56793  47.996  -40.798  56.364 0.0000000000
60389  49.285  -38.447  57.879 0.0000000000
54305  50.069  -42.373  62.930 0.0000000000
57896  50.269  -39.767  60.962 0.0000000000
61652  49.831  -36.952  60.062 0.0000000000
62856  49.801  -35.174  62.156 0.0000000000
65175  50.614  -33.689  63.342 0.0000000000
82786  65.104  -18.576  40.871 0.0000000000
81744  66.319  -20.076  43.127 0.0000000000
80629  66.767  -20.774  45.369 0.0000000000
42142  36.761  -52.637  71.102 0.0000000000
39752  19.355  -54.524  69.504 0.0000000000
39736  20.263  -54.543  71.015 0.0000000000
39724  19.023  -54.930  71.052 0.0000000000
65220  53.932  -33.733  58.970 0.0000000000
66506  54.868  -32.992  58.682 0.0000000000
35053  13.039  -59.214  69.102 0.0000000000
48414  38.964  -48.570  59.737 0.0000000000
48437  40.813  -48.061  59.189 0.0000000000
47222  40.099  -48.864  60.634 0.0000000000
43345  32.262  -51.921  62.514 0.0000000000
41086  32.064  -53.060  62.963 0.0000000000
42246  31.430  -52.450  62.132 0.0000000000
47200  32.230  -48.665  60.347 0.0000000000
44650  31.891  -50.464  61.231 0.0000000000
43344  32.587  -51.295  62.955 0.0000000000
39733  29.229  -55.330  71.152 0.0000000000
39720  28.769  -54.811  71.827 0.0000000000
78340  61.338  -22.744  45.492 0.0000000000
78313  62.033  -22.811  47.349 0.0000000000
78314  61.213  -22.902  47.060 0.0000000000
77012  57.102  -24.119  51.719 0.0000000000
75883  58.625  -24.516  51.892 0.0000000000
72633  49.771  -27.740  47.977 0.0000000000
72631  51.028  -27.283  48.879 0.0000000000
71541  51.060  -28.490  49.296 0.0000000000
62936  45.240  -35.374  55.376 0.0000000000
64072  45.661  -34.856  56.390 0.0000000000
65264  46.038  -33.912  57.411 0.0000000000
62900  47.338  -35.165  58.466 0.0000000000
49550  48.970  -46.822  61.597 0.0000000000
51894  48.372  -44.913  60.490 0.0000000000
50757  49.156  -45.728  61.795 0.0000000000
78385  59.439  -22.610  43.852 0.0000000000
79565  60.919  -22.150  43.132 0.0000000000
78364  60.903  -22.815  44.614 0.0000000000
78363  61.923  -22.725  44.691 0.0000000000
86729  66.551  -14.597  41.950 0.0000000000
85651  66.276  -15.930  41.869 0.0000000000
85646  67.005  -15.669  42.519 0.0000000000
84709  65.998  -16.641  41.418 0.0000000000
44604  37.566  -50.344  65.768 0.0000000000
44617  38.718  -50.595  64.809 0.0000000000
44585  38.056  -50.564  66.515 0.0000000000
40967  24.389  -54.110  69.492 0.0000000000
40927  25.106  -54.073  71.440 0.0000000000
40928  24.175  -53.971  71.453 0.0000000000
40875  21.799  -53.769  74.641 0.0000000000
40874  22.823  -53.680  74.588 0.0000000000
78369  56.615  -22.545  44.253 0.0000000000
78329  56.872  -23.238  45.898 0.0000000000
78346  55.327  -22.909  44.984 0.0000000000
77114  54.414  -23.424  46.140 0.0000000000
77102  55.428  -23.542  47.302 0.0000000000
77103  54.262  -23.622  47.472 0.0000000000
77064  56.139  -23.585  49.408 0.0000000000
77086  54.114  -23.841  48.663 0.0000000000
67865  51.081  -31.334  51.970 0.0000000000
69105  51.757  -30.956  52.471 0.0000000000
67842  52.497  -31.860  54.264 0.0000000000
79547  56.985  -21.975  43.725 0.0000000000
37542  16.264  -56.553  69.971 0.0000000000
37543  15.373  -57.297  69.644 0.0000000000
69166  47.748  -31.182  47.873 0.0000000000
69150  48.593  -31.164  48.886 0.0000000000
67919  47.539  -31.865  48.318 0.0000000000
64187  47.795  -34.352  51.001 0.0000000000
65417  48.831  -33.571  50.987 0.0000000000
65369  49.122  -34.073  52.507 0.0000000000
65298  50.553  -34.487  55.117 0.0000000000
65320  49.719  -34.415  54.294 0.0000000000
50836  41.466  -46.012  56.376 0.0000000000
48409  43.918  -48.084  59.458 0.0000000000
48433  44.214  -47.660  59.000 0.0000000000
47237  45.598  -48.626  59.624 0.0000000000
48408  46.634  -48.527  59.726 0.0000000000
47188  46.188  -49.431  60.891 0.0000000000
45807  41.964  -50.227  65.324 0.0000000000
45859  41.800  -50.149  63.421 0.0000000000
45806  43.219  -49.963  65.412 0.0000000000
45803  46.254  -49.827  65.513 0.0000000000
45827  47.799  -49.672  64.763 0.0000000000
42168  33.828  -53.035  68.967 0.0000000000
40941  33.933  -53.994  69.744 0.0000000000
40986  33.658  -53.832  68.055 0.0000000000
39827  31.031  -55.211  65.614 0.0000000000
38680  31.774  -55.568  66.884 0.0000000000
39814  30.805  -55.486  66.711 0.0000000000
39793  30.066  -55.404  67.859 0.0000000000
39815  29.626  -54.967  66.874 0.0000000000
43372  28.621  -52.409  61.047 0.0000000000
42233  24.408  -53.496  63.582 0.0000000000
42231  26.682  -53.602  63.319 0.0000000000
41074  25.631  -53.886  64.899 0.0000000000
41052  27.049  -54.309  65.820 0.0000000000
41054  25.035  -54.086  65.728 0.0000000000
41013  24.729  -54.318  67.583 0.0000000000
41055  24.116  -53.915  65.720 0.0000000000
41038  20.539  -53.431  66.450 0.0000000000
49637  37.096  -47.284  57.303 0.0000000000
49639  35.240  -46.247  57.412 0.0000000000
49566  33.424  -47.183  61.258 0.0000000000
49565  34.263  -47.256  61.509 0.0000000000
48418  35.746  -47.549  60.357 0.0000000000
48371  35.158  -47.994  61.992 0.0000000000
47148  36.078  -48.773  63.127 0.0000000000
47132  35.173  -48.759  63.766 0.0000000000
43319  33.616  -51.600  66.488 0.0000000000
44589  34.420  -50.111  66.330 0.0000000000
43313  33.829  -51.572  67.566 0.0000000000
43304  34.330  -51.433  68.485 0.0000000000
37506  33.680  -56.745  71.043 0.0000000000
38602  17.283  -56.180  73.986 0.0000000000
39689  18.285  -55.564  74.511 0.0000000000
78301  65.672  -22.090  48.560 0.0000000000
77034  64.109  -23.784  49.813 0.0000000000
75920  64.715  -24.035  49.362 0.0000000000
74780  64.226  -25.118  50.031 0.0000000000
74781  63.599  -25.612  50.359 0.0000000000
77099  59.013  -23.472  47.674 0.0000000000
77080  60.760  -23.630  48.530 0.0000000000
77060  60.414  -23.650  49.596 0.0000000000
74748  61.055  -25.274  52.191 0.0000000000
74795  52.181  -25.676  49.361 0.0000000000
75949  51.886  -24.590  48.462 0.0000000000
75924  52.705  -25.105  49.572 0.0000000000
75922  54.064  -24.691  50.331 0.0000000000
74784  54.206  -25.546  50.797 0.0000000000
70305  54.083  -29.467  53.527 0.0000000000
70335  53.579  -29.149  51.651 0.0000000000
71491  54.329  -28.776  52.858 0.0000000000
65374  43.856  -33.859  52.415 0.0000000000
66528  47.319  -33.402  57.524 0.0000000000
65282  47.599  -33.655  56.520 0.0000000000
65246  48.928  -33.664  58.227 0.0000000000
65245  49.845  -34.107  57.878 0.0000000000
66475  50.076  -33.453  60.248 0.0000000000
51978  44.450  -44.275  55.545 0.0000000000
53177  45.615  -43.759  55.800 0.0000000000
54352  48.278  -42.542  59.130 0.0000000000
55593  47.878  -41.683  56.945 0.0000000000
56751  48.500  -40.915  57.853 0.0000000000
57970  48.779  -39.784  57.104 0.0000000000
57952  49.457  -39.736  58.545 0.0000000000
51836  50.405  -44.460  63.844 0.0000000000
59080  50.749  -38.631  62.269 0.0000000000
59120  50.416  -38.583  60.273 0.0000000000
60345  50.372  -37.264  61.295 0.0000000000
61644  49.532  -36.041  60.894 0.0000000000
61629  50.436  -36.867  62.176 0.0000000000
80665  62.018  -20.843  41.998 0.0000000000
80677  64.267  -20.288  41.858 0.0000000000
81762  65.162  -19.451  41.505 0.0000000000
80662  64.780  -20.717  42.582 0.0000000000
79532  64.614  -21.802  45.514 0.0000000000
79531  65.579  -21.541  45.086 0.0000000000
80621  66.199  -20.821  46.210 0.0000000000
80620  66.964  -20.591  46.307 0.0000000000
86750  68.193  -14.928  40.732 0.0000000000
83719  68.156  -17.939  43.980 0.0000000000
83711  68.613  -18.362  43.907 0.0000000000
81727  68.340  -19.697  44.639 0.0000000000
44553  36.479  -50.656  68.374 0.0000000000
44551  38.368  -50.669  68.619 0.0000000000
44501  37.196  -51.502  70.526 0.0000000000
40970  21.464  -54.204  69.209 0.0000000000
40930  22.114  -53.992  71.455 0.0000000000
40931  21.020  -54.357  71.386 0.0000000000
39693  20.775  -54.369  73.080 0.0000000000
40893  20.367  -54.237  74.379 0.0000000000
78349  52.505  -23.007  44.931 0.0000000000
77129  52.435  -23.551  45.661 0.0000000000
66544  52.761  -33.102  55.832 0.0000000000
66559  53.086  -32.329  55.389 0.0000000000
66525  54.094  -32.567  56.917 0.0000000000
67783  55.464  -32.310  58.510 0.0000000000
36350  15.014  -57.625  69.450 0.0000000000
35041  14.053  -58.660  69.016 0.0000000000
36342  12.857  -58.656  71.129 0.0000000000
66676  46.597  -32.954  48.336 0.0000000000
64189  46.562  -34.650  50.630 0.0000000000
49633  41.043  -46.636  57.178 0.0000000000
48457  41.561  -47.601  58.519 0.0000000000
48411  42.269  -48.316  59.889 0.0000000000
47191  43.214  -48.913  61.240 0.0000000000
42190  33.584  -52.446  65.924 0.0000000000
39811  33.481  -54.149  66.677 0.0000000000
41049  33.413  -53.482  64.883 0.0000000000
39839  31.979  -54.508  64.467 0.0000000000
41088  30.211  -53.906  63.463 0.0000000000
42217  23.433  -53.473  64.266 0.0000000000
42235  21.903  -52.311  63.101 0.0000000000
48393  32.508  -47.952  60.690 0.0000000000
47173  33.335  -48.738  62.095 0.0000000000
47134  33.847  -49.112  63.248 0.0000000000
45840  33.186  -49.822  63.364 0.0000000000
43335  33.120  -51.369  64.351 0.0000000000
37509  30.827  -56.827  70.970 0.0000000000
79523  64.027  -21.678  46.725 0.0000000000
79502  64.314  -21.750  48.105 0.0000000000
78311  63.424  -22.137  47.834 0.0000000000
77078  62.913  -23.157  48.555 0.0000000000
77058  62.654  -23.571  49.257 0.0000000000
78291  58.330  -23.421  50.152 0.0000000000
77039  59.327  -23.319  50.481 0.0000000000
78262  59.248  -23.342  51.565 0.0000000000
74750  59.136  -25.133  51.720 0.0000000000
75961  50.440  -25.100  46.853 0.0000000000
74825  50.270  -25.819  47.492 0.0000000000
73677  51.436  -26.678  49.052 0.0000000000
73665  52.601  -27.131  49.777 0.0000000000
71448  55.992  -28.573  55.175 0.0000000000
66583  43.699  -33.596  54.648 0.0000000000
66603  45.027  -33.334  54.254 0.0000000000
66547  45.473  -33.632  56.598 0.0000000000
66529  46.359  -33.606  57.543 0.0000000000
66478  47.891  -33.548  59.815 0.0000000000
51906  46.872  -45.510  58.800 0.0000000000
53134  46.791  -44.144  57.721 0.0000000000
51916  47.335  -44.388  58.624 0.0000000000
53100  48.576  -43.649  60.362 0.0000000000
54330  48.981  -42.474  60.779 0.0000000000
79583  59.336  -21.304  42.703 0.0000000000
80667  59.961  -20.679  42.035 0.0000000000
79582  60.426  -21.410  42.618 0.0000000000
79581  61.464  -21.483  42.576 0.0000000000
79563  62.929  -22.087  43.189 0.0000000000
79562  63.791  -21.887  43.317 0.0000000000
78381  63.448  -22.436  43.872 0.0000000000
78338  63.593  -22.094  45.815 0.0000000000
87835  66.896  -13.981  41.650 0.0000000000
86741  67.711  -14.351  41.350 0.0000000000
86740  68.259  -15.125  41.737 0.0000000000
85650  68.685  -15.994  42.054 0.0000000000
85645  67.911  -15.601  43.040 0.0000000000
84699  67.828  -16.941  43.541 0.0000000000
83720  67.456  -17.797  43.363 0.0000000000
45889  38.348  -49.626  62.467 0.0000000000
45914  40.296  -49.713  61.914 0.0000000000
45861  39.836  -50.489  63.339 0.0000000000
44615  40.662  -50.595  64.765 0.0000000000
45782  41.266  -50.330  66.592 0.0000000000
40943  26.481  -54.185  70.520 0.0000000000
40905  27.725  -54.239  72.075 0.0000000000
40907  26.377  -54.020  72.261 0.0000000000
40887  25.997  -53.895  73.148 0.0000000000
40890  23.218  -53.780  73.518 0.0000000000
40857  24.509  -53.799  75.279 0.0000000000
78343  58.503  -23.099  45.069 0.0000000000
78326  59.886  -22.960  46.136 0.0000000000
78328  57.954  -23.109  45.880 0.0000000000
78318  57.583  -23.275  46.635 0.0000000000
77100  57.955  -23.477  47.503 0.0000000000
78331  55.128  -23.218  45.626 0.0000000000
77101  56.691  -23.441  47.074 0.0000000000
77083  57.440  -23.574  48.341 0.0000000000
77063  57.095  -23.542  49.263 0.0000000000
77041  56.109  -23.665  50.487 0.0000000000
77026  56.197  -24.095  51.447 0.0000000000
70355  50.749  -29.936  50.037 0.0000000000
70354  51.455  -29.530  50.201 0.0000000000
69117  52.031  -30.119  51.370 0.0000000000
69090  53.472  -30.145  53.563 0.0000000000
69068  54.435  -30.022  54.604 0.0000000000
67814  54.515  -31.568  56.219 0.0000000000
69035  55.138  -30.734  55.971 0.0000000000
70241  56.385  -29.632  56.294 0.0000000000
61698  46.962  -36.600  56.000 0.0000000000
49539  50.425  -46.171  63.715 0.0000000000
80669  57.638  -20.472  42.179 0.0000000000
79568  57.536  -21.421  43.118 0.0000000000
79545  58.212  -22.321  43.752 0.0000000000
86731  64.140  -14.361  41.449 0.0000000000
86742  64.534  -14.986  41.295 0.0000000000
38645  17.466  -55.514  68.483 0.0000000000
38626  17.903  -55.356  70.672 0.0000000000
38635  16.987  -55.905  70.308 0.0000000000
37515  16.592  -56.452  72.052 0.0000000000
37485  16.311  -56.640  73.619 0.0000000000
37531  14.836  -57.432  70.616 0.0000000000
71567  48.913  -28.552  47.344 0.0000000000
70415  48.165  -29.070  46.558 0.0000000000
70389  49.248  -29.612  48.437 0.0000000000
69149  49.206  -30.672  49.205 0.0000000000
67889  49.561  -31.720  50.341 0.0000000000
66626  50.368  -32.212  51.809 0.0000000000
66656  48.498  -32.911  49.881 0.0000000000
65394  49.796  -33.122  51.922 0.0000000000
65343  51.365  -33.084  53.880 0.0000000000
65297  51.575  -33.751  54.978 0.0000000000
65258  52.232  -34.395  56.907 0.0000000000
65222  52.305  -34.151  58.929 0.0000000000
50833  44.307  -45.283  56.621 0.0000000000
49631  42.724  -46.452  57.489 0.0000000000
50796  44.709  -46.160  57.717 0.0000000000
50795  45.316  -45.783  57.684 0.0000000000
49596  46.691  -46.897  59.028 0.0000000000
48406  48.238  -48.024  60.443 0.0000000000
47165  48.972  -48.945  62.242 0.0000000000
45886  41.546  -49.869  62.496 0.0000000000
47166  43.084  -49.245  62.051 0.0000000000
45883  44.599  -49.656  62.619 0.0000000000
45805  44.299  -49.933  65.441 0.0000000000
45856  44.785  -49.752  63.571 0.0000000000
45882  45.588  -49.767  62.684 0.0000000000
45880  47.510  -49.893  62.930 0.0000000000
45879  48.398  -49.665  63.096 0.0000000000
47145  49.721  -48.490  63.668 0.0000000000
40922  34.894  -53.943  71.006 0.0000000000
39718  34.445  -54.998  70.757 0.0000000000
38622  33.935  -55.872  70.521 0.0000000000
37534  32.903  -56.543  69.754 0.0000000000
39768  33.031  -55.147  67.646 0.0000000000
38641  32.687  -55.921  68.419 0.0000000000
37535  32.225  -56.633  69.382 0.0000000000
37537  30.632  -56.424  69.625 0.0000000000
39770  29.459  -55.166  68.973 0.0000000000
39771  28.437  -54.621  68.865 0.0000000000
42264  29.859  -52.459  61.415 0.0000000000
41111  29.460  -53.519  62.834 0.0000000000
41089  29.157  -53.908  63.729 0.0000000000
42251  26.289  -53.321  62.466 0.0000000000
41090  28.001  -53.815  63.759 0.0000000000
41071  28.697  -54.261  64.658 0.0000000000
39816  28.584  -54.653  66.913 0.0000000000
39795  27.967  -54.515  67.903 0.0000000000
40987  26.777  -54.384  68.795 0.0000000000
40988  25.945  -54.353  68.661 0.0000000000
40989  25.021  -54.300  68.572 0.0000000000
40991  23.120  -54.166  68.411 0.0000000000
41056  23.256  -53.782  65.701 0.0000000000
41015  22.850  -54.046  67.392 0.0000000000
40992  22.149  -54.129  68.279 0.0000000000
40993  21.192  -54.073  68.157 0.0000000000
40994  20.304  -53.960  68.075 0.0000000000
40996  18.829  -54.113  67.487 0.0000000000
39798  17.860  -54.958  67.294 0.0000000000
38661  17.447  -55.493  67.324 0.0000000000
49636  38.267  -47.064  57.162 0.0000000000
48460  38.344  -47.801  58.347 0.0000000000
48415  38.026  -48.471  59.686 0.0000000000
49600  35.367  -46.995  59.475 0.0000000000
48417  36.514  -47.894  60.061 0.0000000000
47196  38.193  -49.047  61.533 0.0000000000
45890  37.467  -49.301  62.726 0.0000000000
45864  36.537  -49.064  63.689 0.0000000000
45810  36.255  -49.629  65.544 0.0000000000
45812  34.560  -49.416  65.208 0.0000000000
45785  35.377  -49.688  66.068 0.0000000000
44587  36.077  -50.199  66.896 0.0000000000
44535  34.961  -50.954  68.753 0.0000000000
43285  35.189  -51.743  70.327 0.0000000000
38609  18.489  -55.491  72.370 0.0000000000
39687  19.728  -54.552  74.689 0.0000000000
77055  65.273  -23.351  48.890 0.0000000000
77097  60.964  -23.284  47.681 0.0000000000
77059  61.570  -23.697  49.388 0.0000000000
77020  63.012  -23.931  50.845 0.0000000000
77022  61.063  -23.526  51.363 0.0000000000
75879  61.881  -24.453  52.018 0.0000000000
74764  63.128  -25.392  51.107 0.0000000000
77130  51.471  -23.781  45.624 0.0000000000
77116  52.257  -23.908  46.649 0.0000000000
75960  51.036  -24.812  47.295 0.0000000000
77105  51.984  -24.199  47.834 0.0000000000
77104  53.121  -23.781  47.692 0.0000000000
77066  54.065  -24.285  49.770 0.0000000000
77042  55.109  -24.156  50.724 0.0000000000
75899  55.684  -24.735  51.741 0.0000000000
71526  52.224  -28.796  50.150 0.0000000000
71525  52.957  -28.443  50.389 0.0000000000
72605  54.408  -27.596  51.135 0.0000000000
71490  54.930  -28.266  53.550 0.0000000000
72592  54.892  -27.426  51.971 0.0000000000
73650  54.802  -26.632  51.574 0.0000000000
74755  55.116  -26.096  51.947 0.0000000000
74754  55.645  -25.649  52.283 0.0000000000
64174  45.328  -34.672  51.136 0.0000000000
65371  47.116  -34.423  52.763 0.0000000000
65324  45.862  -33.501  54.439 0.0000000000
65348  46.841  -33.983  53.652 0.0000000000
65321  48.685  -34.459  54.421 0.0000000000
65260  50.210  -34.775  57.021 0.0000000000
65223  51.255  -34.093  58.930 0.0000000000
66473  52.048  -33.627  60.680 0.0000000000
54390  46.900  -42.894  56.406 0.0000000000
59182  47.858  -39.002  55.519 0.0000000000
59170  48.120  -38.422  56.252 0.0000000000
60391  48.094  -37.237  57.101 0.0000000000
50749  50.005  -45.393  63.235 0.0000000000
53073  49.711  -43.463  62.594 0.0000000000
54329  49.440  -42.360  61.516 0.0000000000
55517  50.133  -41.040  62.132 0.0000000000
56712  49.643  -40.466  60.075 0.0000000000
59139  50.159  -38.736  59.516 0.0000000000
60378  49.553  -37.720  58.525 0.0000000000
61672  48.469  -36.527  58.094 0.0000000000
62890  48.683  -35.534  59.733 0.0000000000
64022  48.430  -34.698  60.293 0.0000000000
65186  49.035  -34.145  61.465 0.0000000000
62842  50.903  -35.669  63.565 0.0000000000
65176  49.963  -34.037  62.818 0.0000000000
66450  49.950  -33.204  61.949 0.0000000000
66449  50.689  -32.991  62.366 0.0000000000
84715  64.447  -16.749  40.642 0.0000000000
83734  65.655  -17.536  41.023 0.0000000000
82785  65.864  -18.285  41.435 0.0000000000
82772  66.324  -18.677  42.199 0.0000000000
81743  66.957  -19.738  43.632 0.0000000000
79560  65.421  -21.235  43.490 0.0000000000
80639  66.236  -20.878  43.892 0.0000000000
81729  67.282  -20.008  44.298 0.0000000000
81712  67.983  -20.067  45.270 0.0000000000
40903  35.960  -53.689  71.129 0.0000000000
42132  36.377  -53.234  71.195 0.0000000000
39773  19.190  -54.402  68.749 0.0000000000
39738  18.729  -54.819  70.222 0.0000000000
65201  54.080  -33.666  59.547 0.0000000000
48413  39.988  -48.525  59.856 0.0000000000
43358  31.799  -51.578  61.900 0.0000000000
42229  31.968  -52.372  62.475 0.0000000000
43359  31.145  -52.130  61.667 0.0000000000
44640  32.068  -50.867  61.948 0.0000000000
39734  28.711  -54.778  70.869 0.0000000000
39721  28.189  -54.418  71.545 0.0000000000
78325  60.801  -22.828  46.246 0.0000000000
75884  57.675  -24.560  51.763 0.0000000000
74752  57.159  -25.149  51.849 0.0000000000
71556  49.886  -28.498  48.414 0.0000000000
72632  50.438  -27.623  48.495 0.0000000000
71555  50.476  -28.506  48.866 0.0000000000
62925  46.219  -35.400  56.309 0.0000000000
64086  45.364  -35.174  55.782 0.0000000000
64071  46.272  -35.174  56.699 0.0000000000
64061  46.431  -34.863  57.275 0.0000000000
62913  47.334  -35.580  57.869 0.0000000000
49549  49.513  -46.662  62.330 0.0000000000
78365  59.938  -22.861  44.549 0.0000000000
85647  66.190  -15.212  41.827 0.0000000000
40968  23.430  -54.014  69.428 0.0000000000
40946  23.781  -53.917  70.450 0.0000000000
78370  55.657  -22.422  44.361 0.0000000000
77085  55.228  -23.660  48.471 0.0000000000
67858  51.496  -31.829  53.083 0.0000000000
67857  52.179  -31.396  53.438 0.0000000000
37552  16.235  -56.687  68.836 0.0000000000
69183  46.817  -31.072  46.890 0.0000000000
67935  47.410  -31.404  47.678 0.0000000000
64171  47.560  -34.453  51.298 0.0000000000
65396  48.263  -34.218  51.537 0.0000000000
65346  48.919  -34.425  53.457 0.0000000000
47218  44.008  -48.602  60.042 0.0000000000
47239  44.475  -48.105  59.296 0.0000000000
47217  45.040  -48.859  60.127 0.0000000000
47216  45.987  -48.898  60.032 0.0000000000
45781  42.538  -50.204  66.437 0.0000000000
42176  33.628  -52.774  67.846 0.0000000000
39841  30.526  -54.933  65.161 0.0000000000
41093  25.303  -53.720  64.117 0.0000000000
49552  33.719  -47.607  61.699 0.0000000000
48372  34.394  -47.887  62.106 0.0000000000
48390  34.794  -47.606  61.703 0.0000000000
48355  34.771  -48.287  62.356 0.0000000000
47149  34.970  -48.618  62.807 0.0000000000
43305  33.797  -52.118  68.424 0.0000000000
37457  16.522  -56.407  75.096 0.0000000000
38597  17.164  -56.154  74.757 0.0000000000
79513  65.620  -20.959  47.099 0.0000000000
79500  66.384  -21.211  48.012 0.0000000000
79501  65.207  -21.447  48.098 0.0000000000
75906  63.763  -23.991  50.470 0.0000000000
75905  64.253  -24.370  50.145 0.0000000000
75893  63.991  -24.595  50.641 0.0000000000
74763  63.989  -24.992  50.706 0.0000000000
77082  58.540  -23.599  48.541 0.0000000000
77081  59.650  -23.655  48.634 0.0000000000
73675  52.584  -26.160  49.692 0.0000000000
74794  52.913  -25.685  49.841 0.0000000000
74785  53.613  -25.720  50.304 0.0000000000
70283  54.377  -29.696  54.225 0.0000000000
70304  54.675  -29.085  54.026 0.0000000000
65351  43.495  -33.588  53.340 0.0000000000
66510  48.115  -33.275  58.466 0.0000000000
65247  48.287  -33.440  57.979 0.0000000000
66509  48.738  -33.359  58.781 0.0000000000
65225  49.189  -33.419  58.990 0.0000000000
66489  49.442  -33.415  59.578 0.0000000000
51953  45.519  -44.319  56.442 0.0000000000
53178  44.857  -44.024  55.518 0.0000000000
55556  48.614  -41.480  59.019 0.0000000000
55575  48.467  -41.306  58.318 0.0000000000
56750  48.850  -40.577  58.325 0.0000000000
56732  49.142  -40.575  59.128 0.0000000000
57879  50.995  -39.430  63.532 0.0000000000
60344  50.585  -37.772  61.671 0.0000000000
60326  50.795  -37.902  62.411 0.0000000000
60309  50.979  -37.692  63.029 0.0000000000
80664  62.967  -20.846  42.097 0.0000000000
80679  62.598  -20.290  41.376 0.0000000000
80678  63.539  -20.282  41.552 0.0000000000
79522  64.727  -21.415  46.471 0.0000000000
79521  65.440  -21.220  45.972 0.0000000000
79512  66.359  -20.825  47.366 0.0000000000
85660  68.281  -15.702  39.854 0.0000000000
84713  68.566  -16.752  40.174 0.0000000000
83712  68.405  -18.552  44.049 0.0000000000
82738  68.523  -19.044  44.131 0.0000000000
82739  68.205  -18.976  44.157 0.0000000000
44514  36.103  -51.046  69.838 0.0000000000
44533  36.675  -50.781  69.260 0.0000000000
44513  36.830  -51.057  70.161 0.0000000000
40948  21.741  -54.117  70.326 0.0000000000
40949  20.680  -54.343  70.133 0.0000000000
39722  20.271  -54.634  71.711 0.0000000000
39707  20.568  -54.537  72.433 0.0000000000
40892  21.035  -54.051  73.787 0.0000000000
39694  20.009  -54.575  73.471 0.0000000000
65276  52.851  -33.278  56.126 0.0000000000
66543  53.311  -32.685  56.108 0.0000000000
66526  53.631  -33.365  57.217 0.0000000000
36361  14.693  -58.212  68.539 0.0000000000
35033  13.225  -58.895  70.051 0.0000000000
35034  12.607  -58.970  70.628 0.0000000000
49617  39.583  -47.169  57.613 0.0000000000
49616  40.341  -47.201  57.735 0.0000000000
48458  40.554  -47.713  58.389 0.0000000000
48412  41.091  -48.421  60.070 0.0000000000
48436  41.869  -47.977  59.234 0.0000000000
47219  42.775  -48.642  60.462 0.0000000000
42201  33.417  -52.468  65.175 0.0000000000
41048  33.559  -53.000  65.504 0.0000000000
41068  32.004  -53.852  63.721 0.0000000000
41069  31.081  -54.350  63.942 0.0000000000
47199  32.660  -48.745  61.057 0.0000000000
48392  32.982  -47.980  61.506 0.0000000000
47174  32.980  -48.853  61.783 0.0000000000
47152  33.155  -49.134  62.269 0.0000000000
45866  33.017  -49.605  62.738 0.0000000000
43326  33.258  -51.942  64.869 0.0000000000
38607  30.250  -56.487  71.559 0.0000000000
78322  63.337  -21.986  47.012 0.0000000000
78305  62.557  -22.902  47.976 0.0000000000
78277  57.785  -23.411  50.587 0.0000000000
78276  58.456  -23.300  50.790 0.0000000000
78263  58.558  -23.375  51.380 0.0000000000
74837  49.328  -25.939  46.575 0.0000000000
74836  49.863  -25.596  46.883 0.0000000000
73712  49.812  -26.364  47.416 0.0000000000
73693  50.842  -26.690  48.528 0.0000000000
73676  52.183  -26.697  49.505 0.0000000000
72617  52.229  -27.607  49.701 0.0000000000
66584  43.067  -33.661  54.153 0.0000000000
66565  44.497  -33.679  55.589 0.0000000000
66582  44.719  -33.250  54.924 0.0000000000
66548  44.901  -33.818  56.195 0.0000000000
65249  46.462  -34.155  57.898 0.0000000000
65248  46.798  -33.810  58.424 0.0000000000
66511  47.073  -33.390  58.567 0.0000000000
65207  47.719  -33.982  59.812 0.0000000000
50784  47.035  -46.061  59.150 0.0000000000
51905  47.306  -45.086  59.105 0.0000000000
53101  48.161  -44.336  60.013 0.0000000000
53088  49.231  -43.551  61.597 0.0000000000
79564  61.949  -22.147  43.146 0.0000000000
79580  62.452  -21.493  42.608 0.0000000000
78382  62.466  -22.580  43.866 0.0000000000
78339  62.357  -22.526  45.627 0.0000000000
78362  63.013  -22.566  44.759 0.0000000000
86727  68.258  -15.459  42.501 0.0000000000
84708  66.600  -16.679  42.240 0.0000000000
84704  67.170  -16.772  43.041 0.0000000000
45888  39.481  -50.028  62.611 0.0000000000
44602  39.031  -50.603  65.730 0.0000000000
44616  39.728  -50.665  64.882 0.0000000000
44601  40.271  -50.527  65.866 0.0000000000
45808  41.156  -50.429  65.760 0.0000000000
40965  26.188  -54.304  69.614 0.0000000000
40925  26.801  -54.090  71.387 0.0000000000
40926  25.982  -54.103  71.415 0.0000000000
40909  24.640  -53.954  72.417 0.0000000000
40908  25.542  -53.974  72.344 0.0000000000
40871  25.613  -53.912  74.020 0.0000000000
40911  22.621  -53.911  72.517 0.0000000000
77113  55.643  -23.374  46.343 0.0000000000
69131  50.918  -30.164  50.391 0.0000000000
69118  51.230  -30.599  51.190 0.0000000000
69091  52.710  -30.698  53.291 0.0000000000
69069  53.757  -30.565  54.330 0.0000000000
66542  53.921  -32.196  56.331 0.0000000000
67815  53.804  -32.012  55.998 0.0000000000
67813  55.273  -31.025  56.426 0.0000000000
69034  55.809  -30.384  56.362 0.0000000000
69050  55.407  -30.138  55.660 0.0000000000
61709  45.887  -36.438  54.830 0.0000000000
61708  46.531  -36.761  55.184 0.0000000000
80652  56.938  -20.805  42.749 0.0000000000
79585  57.729  -20.962  42.684 0.0000000000
78368  57.398  -22.548  44.090 0.0000000000
79546  57.826  -22.165  43.725 0.0000000000
78367  58.220  -22.665  44.122 0.0000000000
38634  17.570  -55.454  69.541 0.0000000000
38646  16.852  -55.987  69.198 0.0000000000
37529  16.427  -56.458  71.052 0.0000000000
37501  16.064  -56.778  72.787 0.0000000000
36351  14.532  -57.910  69.751 0.0000000000
37544  14.900  -57.514  69.993 0.0000000000
72650  48.843  -27.791  46.989 0.0000000000
71581  48.517  -28.564  46.740 0.0000000000
70403  47.801  -30.036  46.812 0.0000000000
70416  47.572  -29.528  46.303 0.0000000000
70402  48.428  -29.577  47.225 0.0000000000
70401  49.027  -29.082  47.699 0.0000000000
70390  48.580  -30.038  47.908 0.0000000000
70374  49.661  -29.962  49.155 0.0000000000
69164  48.931  -30.317  48.664 0.0000000000
67904  48.506  -31.865  49.339 0.0000000000
67903  49.191  -31.324  49.694 0.0000000000
67876  49.844  -32.059  50.991 0.0000000000
66641  49.606  -32.309  50.843 0.0000000000
66658  47.047  -33.301  48.850 0.0000000000
66657  47.754  -33.027  49.230 0.0000000000
65436  47.866  -33.791  49.960 0.0000000000
65395  49.336  -33.495  51.701 0.0000000000
65368  50.036  -33.377  52.475 0.0000000000
65367  50.580  -33.013  52.770 0.0000000000
65344  50.799  -33.299  53.415 0.0000000000
65318  51.281  -33.419  54.169 0.0000000000
65319  50.656  -33.929  54.220 0.0000000000
65278  51.309  -34.646  56.102 0.0000000000
65243  51.843  -34.514  58.025 0.0000000000
51956  42.888  -45.087  55.715 0.0000000000
51955  43.462  -44.986  55.862 0.0000000000
50834  43.821  -45.379  56.489 0.0000000000
49614  42.175  -46.935  58.055 0.0000000000
49632  41.876  -46.611  57.411 0.0000000000
49613  43.113  -46.755  58.118 0.0000000000
48432  45.117  -47.594  58.748 0.0000000000
49612  44.125  -46.562  57.964 0.0000000000
49611  44.945  -46.590  58.109 0.0000000000
49610  45.511  -46.397  58.209 0.0000000000
50794  45.985  -45.877  58.202 0.0000000000
49597  45.950  -46.845  58.581 0.0000000000
47214  47.644  -48.788  60.430 0.0000000000
48407  47.300  -48.009  59.744 0.0000000000
48386  48.884  -47.978  61.302 0.0000000000
45887  40.515  -50.104  62.565 0.0000000000
45913  41.031  -49.681  62.028 0.0000000000
45858  42.781  -49.869  63.433 0.0000000000
45885  42.531  -49.704  62.622 0.0000000000
45884  43.571  -49.546  62.523 0.0000000000
45829  45.999  -49.847  64.602 0.0000000000
45830  45.017  -49.833  64.535 0.0000000000
45855  45.780  -49.824  63.647 0.0000000000
45881  46.568  -49.879  62.779 0.0000000000
45852  48.459  -49.604  64.066 0.0000000000
47146  49.105  -49.153  63.376 0.0000000000
39748  33.780  -54.945  69.208 0.0000000000
39732  33.936  -54.995  70.097 0.0000000000
38629  33.505  -55.936  69.515 0.0000000000
39791  33.353  -54.492  67.299 0.0000000000
39792  32.914  -54.903  67.123 0.0000000000
38659  31.813  -55.845  67.568 0.0000000000
37547  31.805  -56.428  68.791 0.0000000000
37536  31.194  -56.571  69.317 0.0000000000
38631  31.005  -56.267  68.794 0.0000000000
38644  30.118  -55.636  68.974 0.0000000000
42266  28.037  -52.775  61.450 0.0000000000
42249  28.726  -53.133  62.265 0.0000000000
42268  25.783  -52.921  61.598 0.0000000000
41091  27.064  -53.837  64.041 0.0000000000
41051  28.242  -54.487  65.790 0.0000000000
41031  26.381  -54.416  66.769 0.0000000000
41030  27.468  -54.468  66.948 0.0000000000
41010  27.350  -54.472  67.706 0.0000000000
39796  27.268  -54.457  68.204 0.0000000000
41012  25.691  -54.391  67.670 0.0000000000
40990  24.074  -54.244  68.501 0.0000000000
42218  22.289  -53.036  64.526 0.0000000000
41077  23.018  -53.587  64.981 0.0000000000
41036  22.004  -53.660  66.255 0.0000000000
41016  21.850  -53.924  67.145 0.0000000000
41017  20.852  -53.819  67.210 0.0000000000
41039  19.699  -53.275  66.154 0.0000000000
41018  20.006  -53.665  67.164 0.0000000000
40995  19.407  -54.001  67.969 0.0000000000
39797  18.302  -54.543  67.257 0.0000000000
39818  17.835  -54.937  66.658 0.0000000000
49618  36.896  -47.602  58.026 0.0000000000
48470  37.881  -47.555  57.756 0.0000000000
48461  37.387  -47.792  58.384 0.0000000000
48440  37.757  -48.096  59.050 0.0000000000
49621  34.469  -46.010  58.544 0.0000000000
49620  35.093  -46.372  58.191 0.0000000000
48388  36.230  -47.974  60.926 0.0000000000
48387  36.866  -48.263  60.438 0.0000000000
47197  36.997  -48.531  61.187 0.0000000000
47169  37.759  -49.233  62.244 0.0000000000
47170  37.068  -48.859  62.310 0.0000000000
47131  35.909  -48.881  63.983 0.0000000000
45836  36.345  -49.262  64.552 0.0000000000
45839  33.661  -49.517  63.901 0.0000000000
45838  34.459  -49.088  64.350 0.0000000000
45813  33.942  -49.649  64.746 0.0000000000
44588  35.292  -50.043  66.808 0.0000000000
44571  35.422  -50.425  67.510 0.0000000000
44554  35.604  -50.697  68.240 0.0000000000
44555  34.842  -50.845  68.049 0.0000000000
42167  34.163  -52.414  69.662 0.0000000000
43295  34.747  -51.602  69.535 0.0000000000
42155  34.657  -52.581  70.498 0.0000000000
38614  34.872  -55.276  71.044 0.0000000000
40885  27.519  -54.220  72.783 0.0000000000
39706  28.166  -54.487  72.404 0.0000000000
39692  27.937  -54.617  73.257 0.0000000000
38619  17.839  -55.654  71.841 0.0000000000
38618  18.480  -55.284  71.449 0.0000000000
39683  18.148  -55.448  75.274 0.0000000000
39688  18.890  -55.168  74.231 0.0000000000
39682  19.119  -54.667  75.590 0.0000000000
39681  19.739  -54.375  75.324 0.0000000000
40863  19.284  -54.158  76.293 0.0000000000
78302  64.794  -22.160  48.620 0.0000000000
78288  65.167  -22.751  48.902 0.0000000000
74791  64.709  -24.358  48.996 0.0000000000
78315  60.372  -23.028  46.982 0.0000000000
77098  60.031  -23.416  47.726 0.0000000000
77036  62.340  -23.707  50.218 0.0000000000
78274  59.702  -23.222  51.358 0.0000000000
77038  60.075  -23.254  50.696 0.0000000000
77008  60.826  -23.817  52.077 0.0000000000
74765  62.192  -25.555  51.683 0.0000000000
75895  62.528  -24.512  51.615 0.0000000000
73642  62.957  -26.043  50.564 0.0000000000
77131  50.426  -23.973  45.459 0.0000000000
78351  50.663  -23.081  44.862 0.0000000000
75951  50.798  -25.205  47.535 0.0000000000
75950  51.325  -24.872  48.037 0.0000000000
75938  52.267  -24.790  49.045 0.0000000000
77088  52.260  -24.395  48.569 0.0000000000
77067  53.332  -24.475  49.513 0.0000000000
75908  54.543  -24.829  50.944 0.0000000000
77043  54.436  -24.453  50.451 0.0000000000
75907  55.162  -24.532  51.308 0.0000000000
77027  55.538  -24.335  51.346 0.0000000000
70337  51.996  -29.884  50.913 0.0000000000
70353  52.453  -29.288  50.597 0.0000000000
71502  54.215  -28.732  52.115 0.0000000000
71524  53.813  -28.449  50.942 0.0000000000
72606  53.608  -27.555  50.436 0.0000000000
71523  54.277  -28.245  51.269 0.0000000000
72582  55.616  -26.926  53.281 0.0000000000
72577  55.420  -27.440  53.481 0.0000000000
72583  55.236  -27.313  52.846 0.0000000000
73638  55.259  -26.584  52.248 0.0000000000
65400  44.484  -34.410  51.482 0.0000000000
65399  45.574  -34.392  51.854 0.0000000000
65372  46.126  -34.086  52.732 0.0000000000
66581  45.755  -33.310  54.927 0.0000000000
65301  47.396  -33.687  55.581 0.0000000000
65322  47.672  -33.982  54.526 0.0000000000
65300  48.493  -34.233  55.397 0.0000000000
65280  49.313  -34.526  56.234 0.0000000000
65205  50.825  -33.792  59.738 0.0000000000
65244  50.733  -34.442  58.045 0.0000000000
65204  51.697  -33.903  59.810 0.0000000000
53133  47.327  -43.680  58.008 0.0000000000
53158  46.718  -43.654  57.082 0.0000000000
53157  47.306  -43.138  57.346 0.0000000000
55614  47.484  -41.646  56.093 0.0000000000
56808  47.753  -40.795  55.707 0.0000000000
57992  47.823  -40.170  55.296 0.0000000000
57991  48.068  -40.027  55.865 0.0000000000
59161  49.043  -38.941  57.363 0.0000000000
59169  48.506  -38.908  56.528 0.0000000000
60404  48.310  -38.160  56.599 0.0000000000
60405  47.842  -37.653  56.364 0.0000000000
60390  48.709  -37.731  57.332 0.0000000000
49530  50.840  -46.256  64.273 0.0000000000
50748  50.316  -45.480  63.634 0.0000000000
53062  50.331  -43.417  63.656 0.0000000000
51853  49.988  -44.392  63.310 0.0000000000
53087  49.516  -42.935  61.988 0.0000000000
54317  49.758  -42.373  62.186 0.0000000000
56691  50.358  -40.282  62.045 0.0000000000
55506  50.436  -41.162  62.861 0.0000000000
56692  50.094  -40.672  61.654 0.0000000000
56702  49.945  -40.488  60.977 0.0000000000
57931  49.820  -39.613  59.290 0.0000000000
57911  50.140  -39.558  60.251 0.0000000000
60369  50.022  -37.754  59.582 0.0000000000
60370  49.653  -37.269  59.163 0.0000000000
61671  49.088  -36.980  58.436 0.0000000000
61661  49.212  -36.585  59.147 0.0000000000
62898  48.617  -35.930  59.139 0.0000000000
62869  49.775  -35.655  61.661 0.0000000000
62882  49.148  -35.498  60.872 0.0000000000
62870  49.270  -35.138  61.420 0.0000000000
64012  48.909  -34.683  61.163 0.0000000000
64011  49.388  -34.743  61.825 0.0000000000
61604  51.447  -36.619  64.047 0.0000000000
63994  50.969  -34.711  63.942 0.0000000000
65184  50.056  -33.455  62.584 0.0000000000
85658  64.343  -16.279  40.867 0.0000000000
80681  60.580  -20.184  41.316 0.0000000000
83740  64.880  -17.502  40.518 0.0000000000
81753  65.687  -19.893  42.386 0.0000000000
82773  65.668  -18.999  41.632 0.0000000000
81752  66.507  -19.448  42.838 0.0000000000
78380  64.095  -22.198  43.791 0.0000000000
79561  64.757  -21.647  43.551 0.0000000000
79530  66.244  -21.153  44.764 0.0000000000
79542  66.252  -21.027  44.256 0.0000000000
80638  66.738  -20.596  44.316 0.0000000000
80637  67.306  -20.367  44.814 0.0000000000
81728  67.798  -19.760  44.586 0.0000000000
80628  67.521  -20.407  45.494 0.0000000000
80619  67.745  -20.547  46.312 0.0000000000
87860  66.566  -13.155  40.216 0.0000000000
87859  67.208  -13.672  39.776 0.0000000000
84703  69.132  -16.917  42.426 0.0000000000
42143  36.290  -52.869  71.315 0.0000000000
40950  20.027  -54.412  69.568 0.0000000000
39737  19.673  -54.599  70.421 0.0000000000
39723  19.685  -54.775  71.408 0.0000000000
66508  53.684  -33.627  57.874 0.0000000000
66507  54.287  -33.230  58.083 0.0000000000
66488  54.488  -33.471  59.169 0.0000000000
48438  39.765  -48.174  59.042 0.0000000000
47221  40.852  -48.903  60.808 0.0000000000
42215  32.855  -52.241  63.589 0.0000000000
41085  32.655  -52.742  63.230 0.0000000000
42228  32.460  -52.303  62.908 0.0000000000
41108  31.693  -52.760  62.505 0.0000000000
41109  31.258  -53.047  62.490 0.0000000000
45918  32.178  -49.459  60.708 0.0000000000
44649  32.495  -50.009  61.735 0.0000000000
44639  32.518  -50.406  62.250 0.0000000000
38624  29.743  -55.794  70.503 0.0000000000
38617  29.736  -55.933  71.432 0.0000000000
39719  29.246  -55.426  72.135 0.0000000000
39704  29.079  -55.549  73.039 0.0000000000
78324  61.696  -22.617  46.404 0.0000000000
77096  61.522  -23.112  47.583 0.0000000000
77025  57.276  -23.574  51.177 0.0000000000
77011  58.147  -23.829  51.740 0.0000000000
75896  58.223  -24.909  51.639 0.0000000000
73695  49.593  -27.275  47.623 0.0000000000
73694  50.064  -26.784  47.876 0.0000000000
72619  50.933  -27.900  48.938 0.0000000000
64073  45.038  -34.586  56.134 0.0000000000
65266  45.236  -34.418  56.359 0.0000000000
65283  45.123  -33.921  56.460 0.0000000000
64062  45.917  -34.555  57.004 0.0000000000
65250  46.093  -34.402  57.293 0.0000000000
64049  47.249  -34.788  58.831 0.0000000000
49563  48.487  -46.937  60.780 0.0000000000
50773  48.114  -45.943  60.346 0.0000000000
50765  48.644  -45.844  61.060 0.0000000000
78384  60.408  -22.657  43.803 0.0000000000
45834  38.150  -50.354  64.616 0.0000000000
44618  38.000  -50.420  65.108 0.0000000000
44584  39.140  -50.567  66.792 0.0000000000
40945  24.729  -54.041  70.477 0.0000000000
78345  56.288  -22.981  44.967 0.0000000000
78330  55.921  -23.196  45.675 0.0000000000
77127  53.861  -23.196  45.391 0.0000000000
67874  50.893  -31.154  51.501 0.0000000000
67841  53.221  -31.315  54.474 0.0000000000
67797  55.576  -31.338  57.195 0.0000000000
37530  15.616  -56.916  70.792 0.0000000000
69182  47.614  -30.715  47.231 0.0000000000
69165  48.404  -30.724  48.287 0.0000000000
67918  48.271  -31.412  48.698 0.0000000000
64209  47.649  -34.254  50.493 0.0000000000
65418  48.183  -34.005  50.696 0.0000000000
64085  50.853  -34.868  56.319 0.0000000000
48434  43.575  -47.822  59.220 0.0000000000
48455  43.575  -47.299  58.680 0.0000000000
48431  46.198  -48.002  59.228 0.0000000000
47215  46.873  -48.951  60.210 0.0000000000
47187  47.167  -49.432  61.007 0.0000000000
44614  41.435  -50.420  64.589 0.0000000000
45833  42.083  -50.136  64.193 0.0000000000
45832  42.955  -49.921  64.385 0.0000000000
45828  46.934  -49.790  64.679 0.0000000000
42156  34.048  -53.078  69.931 0.0000000000
40963  33.777  -54.151  68.848 0.0000000000
39767  33.542  -54.926  68.271 0.0000000000
39826  31.960  -54.923  65.370 0.0000000000
38679  32.256  -55.267  66.631 0.0000000000
39813  31.812  -55.301  66.205 0.0000000000
38681  31.346  -55.699  67.190 0.0000000000
38660  30.988  -55.844  67.644 0.0000000000
38643  30.581  -55.883  68.463 0.0000000000
42252  25.142  -53.218  62.442 0.0000000000
42232  25.666  -53.560  63.316 0.0000000000
41092  26.162  -53.763  64.090 0.0000000000
41073  26.597  -53.968  64.912 0.0000000000
41053  26.014  -54.191  65.785 0.0000000000
41032  25.378  -54.328  66.676 0.0000000000
41033  24.429  -54.179  66.618 0.0000000000
42191  20.906  -53.236  66.013 0.0000000000
49638  35.916  -46.604  57.143 0.0000000000
49619  36.184  -47.138  58.250 0.0000000000
49584  34.091  -46.562  60.335 0.0000000000
49583  34.987  -47.121  60.777 0.0000000000
48389  35.354  -47.649  61.259 0.0000000000
48370  35.779  -48.015  61.571 0.0000000000
47171  35.933  -48.364  62.123 0.0000000000
43334  33.449  -50.838  64.975 0.0000000000
44606  33.824  -50.224  65.453 0.0000000000
44590  33.728  -50.788  66.157 0.0000000000
44573  33.869  -50.835  66.851 0.0000000000
43312  34.359  -51.103  67.873 0.0000000000
43296  33.992  -52.020  69.092 0.0000000000
38611  17.330  -56.207  73.209 0.0000000000
38601  17.829  -55.911  73.635 0.0000000000
38596  17.801  -55.862  74.479 0.0000000000
39684  17.592  -55.745  75.529 0.0000000000
77056  64.622  -23.360  49.219 0.0000000000
77033  64.635  -23.877  49.576 0.0000000000
75921  64.483  -24.595  49.621 0.0000000000
74792  64.346  -25.056  49.271 0.0000000000
74793  63.731  -25.594  49.552 0.0000000000
74749  60.077  -25.480  51.999 0.0000000000
75881  60.465  -24.541  52.229 0.0000000000
74811  51.403  -25.751  48.678 0.0000000000
75939  51.717  -25.003  48.676 0.0000000000
74810  51.865  -25.267  48.978 0.0000000000
75937  52.909  -24.639  49.429 0.0000000000
75923  53.408  -24.920  49.954 0.0000000000
75909  53.946  -25.121  50.483 0.0000000000
74773  54.819  -25.640  51.498 0.0000000000
70321  53.014  -29.793  52.352 0.0000000000
70320  53.747  -29.285  52.601 0.0000000000
66545  47.075  -33.439  56.614 0.0000000000
65263  47.520  -33.558  57.019 0.0000000000
65262  48.144  -33.635  57.346 0.0000000000
65261  49.164  -34.073  57.173 0.0000000000
65224  50.064  -33.726  58.948 0.0000000000
54371  47.702  -42.591  57.540 0.0000000000
55576  48.126  -41.672  57.834 0.0000000000
56773  48.406  -40.754  57.142 0.0000000000
57981  48.442  -39.966  56.441 0.0000000000
56772  48.762  -40.364  57.623 0.0000000000
57969  49.065  -39.750  57.797 0.0000000000
59160  49.358  -39.132  57.943 0.0000000000
50736  50.585  -45.350  63.993 0.0000000000
51835  50.835  -44.578  64.284 0.0000000000
53048  50.612  -44.004  64.080 0.0000000000
53061  50.711  -42.876  64.092 0.0000000000
57891  50.600  -39.426  62.140 0.0000000000
57910  50.440  -39.203  60.766 0.0000000000
59097  50.634  -38.675  61.626 0.0000000000
60359  50.422  -37.670  60.758 0.0000000000
61653  49.442  -36.158  60.304 0.0000000000
61643  49.986  -36.587  61.174 0.0000000000
61630  50.113  -36.286  61.761 0.0000000000
62868  50.195  -36.096  62.025 0.0000000000
80680  61.607  -20.262  41.296 0.0000000000
81763  64.294  -19.591  41.084 0.0000000000
81754  64.861  -20.018  41.846 0.0000000000
80661  65.386  -20.584  42.855 0.0000000000
79544  65.006  -21.821  44.569 0.0000000000
80630  66.048  -21.101  45.488 0.0000000000
80609  66.429  -20.705  46.894 0.0000000000
86751  67.733  -14.234  40.334 0.0000000000
86759  68.021  -14.850  39.879 0.0000000000
85661  68.028  -15.172  39.213 0.0000000000
84698  68.434  -16.992  43.668 0.0000000000
83718  68.763  -17.668  43.671 0.0000000000
82756  69.186  -18.773  43.308 0.0000000000
44569  37.234  -50.579  67.526 0.0000000000
44552  37.427  -50.671  68.470 0.0000000000
44532  37.596  -50.770  69.397 0.0000000000
43271  36.933  -52.154  70.905 0.0000000000
40947  22.770  -53.929  70.409 0.0000000000
40912  21.475  -54.196  72.613 0.0000000000
40876  20.925  -53.932  74.851 0.0000000000
40861  20.695  -53.795  75.681 0.0000000000
78348  53.370  -22.913  44.883 0.0000000000
77128  53.320  -23.342  45.555 0.0000000000
66578  52.331  -32.514  54.598 0.0000000000
67784  54.864  -32.712  58.210 0.0000000000
36360  15.119  -57.700  68.964 0.0000000000
36352  13.768  -58.601  69.789 0.0000000000
35042  13.377  -58.965  69.364 0.0000000000
36341  13.472  -58.422  70.701 0.0000000000
36332  12.906  -58.399  71.645 0.0000000000
64210  47.131  -34.391  50.134 0.0000000000
64188  47.260  -34.514  50.793 0.0000000000
65397  47.397  -34.500  51.913 0.0000000000
49615  41.271  -47.128  57.874 0.0000000000
48435  42.857  -47.851  59.224 0.0000000000
48410  43.245  -48.225  59.714 0.0000000000
47190  44.312  -48.973  60.985 0.0000000000
41009  33.612  -53.579  67.131 0.0000000000
41028  33.614  -53.565  66.078 0.0000000000
41029  33.345  -54.172  65.530 0.0000000000
39825  32.783  -54.395  65.089 0.0000000000
41067  32.867  -53.204  63.754 0.0000000000
39838  32.692  -53.979  64.311 0.0000000000
39840  31.093  -54.868  64.791 0.0000000000
41070  29.981  -54.567  64.560 0.0000000000
42253  23.977  -52.907  62.330 0.0000000000
42216  24.060  -53.648  64.381 0.0000000000
49567  32.755  -47.218  60.836 0.0000000000
48391  33.430  -47.758  61.622 0.0000000000
48373  33.656  -48.214  62.055 0.0000000000
47150  34.140  -48.766  62.889 0.0000000000
47151  33.589  -48.984  62.611 0.0000000000
45865  33.472  -49.404  63.195 0.0000000000
44631  32.836  -50.293  63.047 0.0000000000
44620  33.083  -50.416  63.743 0.0000000000
43325  33.451  -51.453  65.449 0.0000000000
79515  63.878  -21.752  47.534 0.0000000000
79503  63.815  -21.936  48.046 0.0000000000
78303  63.881  -22.434  48.465 0.0000000000
78312  62.827  -22.451  47.508 0.0000000000
78304  63.151  -22.650  48.181 0.0000000000
77077  63.422  -22.899  48.585 0.0000000000
77057  63.722  -23.307  49.079 0.0000000000
77035  63.311  -23.718  50.003 0.0000000000
77062  58.034  -23.539  49.336 0.0000000000
78290  58.890  -23.326  50.437 0.0000000000
78275  59.168  -23.097  50.959 0.0000000000
78255  59.682  -23.637  51.946 0.0000000000
78257  58.896  -23.556  51.791 0.0000000000
77010  59.075  -23.892  52.103 0.0000000000
75882  59.549  -24.536  52.078 0.0000000000
75962  49.649  -25.176  46.274 0.0000000000
74812  50.685  -26.092  48.129 0.0000000000
74796  51.772  -26.178  49.196 0.0000000000
70281  55.583  -28.969  55.046 0.0000000000
66605  43.350  -33.484  53.985 0.0000000000
66604  44.087  -33.285  54.108 0.0000000000
66564  45.523  -33.278  55.785 0.0000000000
66491  47.919  -33.286  59.326 0.0000000000
66477  48.450  -33.432  60.105 0.0000000000
51918  45.939  -45.340  57.807 0.0000000000
51936  46.488  -44.371  57.543 0.0000000000
51917  46.632  -44.908  58.184 0.0000000000
51895  47.873  -45.003  59.851 0.0000000000
53116  47.927  -43.830  59.237 0.0000000000
53115  48.341  -43.071  59.663 0.0000000000
54341  48.646  -42.301  59.866 0.0000000000
55529  48.997  -41.696  60.282 0.0000000000
80668  58.863  -20.612  42.044 0.0000000000
79579  63.358  -21.443  42.702 0.0000000000
79578  64.118  -21.335  42.862 0.0000000000
78337  64.129  -22.092  45.336 0.0000000000
79533  64.225  -21.725  46.132 0.0000000000
87849  66.197  -13.293  41.131 0.0000000000
87836  65.919  -13.808  41.575 0.0000000000
85644  68.626  -16.143  42.988 0.0000000000
85641  67.639  -16.241  43.160 0.0000000000
85640  68.178  -16.347  43.403 0.0000000000
45916  38.804  -49.395  61.748 0.0000000000
47195  39.307  -49.165  61.266 0.0000000000
45915  39.398  -49.593  61.842 0.0000000000
44630  39.411  -50.616  64.142 0.0000000000
44629  40.275  -50.622  64.047 0.0000000000
44600  41.105  -50.492  65.257 0.0000000000
44568  38.231  -50.663  67.623 0.0000000000
44567  39.172  -50.616  67.861 0.0000000000
44566  39.925  -50.537  68.147 0.0000000000
43370  30.596  -51.656  60.948 0.0000000000
40942  27.299  -54.187  70.554 0.0000000000
40924  27.547  -54.173  71.399 0.0000000000
40906  27.128  -54.130  72.166 0.0000000000
40886  26.805  -53.952  72.990 0.0000000000
40870  26.365  -53.969  73.649 0.0000000000
40929  23.180  -53.905  71.460 0.0000000000
40910  23.666  -53.919  72.470 0.0000000000
40889  24.228  -53.843  73.430 0.0000000000
40873  23.865  -53.728  74.495 0.0000000000
40872  24.803  -53.823  74.279 0.0000000000
78342  59.449  -22.990  45.263 0.0000000000
78327  58.943  -23.072  46.009 0.0000000000
78317  58.473  -23.218  46.780 0.0000000000
78292  57.646  -23.474  49.921 0.0000000000
77040  57.000  -23.490  50.175 0.0000000000
77013  56.606  -24.367  51.682 0.0000000000
70373  50.406  -29.485  49.392 0.0000000000
70372  51.190  -29.002  49.628 0.0000000000
69104  52.215  -30.286  52.021 0.0000000000
70306  53.368  -29.849  53.088 0.0000000000
67829  52.919  -32.161  55.022 0.0000000000
67828  53.544  -31.677  55.228 0.0000000000
67827  54.210  -31.202  55.415 0.0000000000
69052  54.026  -30.974  55.066 0.0000000000
69051  54.648  -30.476  55.231 0.0000000000
70261  55.315  -29.644  55.242 0.0000000000
70260  55.994  -29.305  55.643 0.0000000000
62947  45.400  -35.808  55.050 0.0000000000
61699  46.379  -36.206  55.514 0.0000000000
62934  46.469  -35.856  56.034 0.0000000000
48354  50.338  -47.465  63.892 0.0000000000
49540  49.982  -46.479  63.087 0.0000000000
48353  50.637  -46.771  64.095 0.0000000000
79584  58.284  -21.126  42.702 0.0000000000
79567  58.613  -22.033  43.471 0.0000000000
78386  58.824  -22.605  43.938 0.0000000000
78366  59.058  -22.871  44.446 0.0000000000
39754  18.049  -54.987  68.857 0.0000000000
39739  18.150  -54.999  69.714 0.0000000000
38627  17.157  -55.977  71.382 0.0000000000
38620  17.250  -56.102  72.364 0.0000000000
37500  16.753  -56.472  72.930 0.0000000000
37517  15.084  -57.212  71.677 0.0000000000
37502  15.334  -57.138  72.638 0.0000000000
37486  15.477  -56.974  73.689 0.0000000000
37473  15.166  -56.875  74.809 0.0000000000
72649  49.282  -27.778  47.503 0.0000000000
71566  49.371  -28.543  47.888 0.0000000000
69148  49.875  -30.176  49.475 0.0000000000
69132  50.253  -30.630  50.103 0.0000000000
69133  49.554  -31.087  49.834 0.0000000000
67888  50.217  -31.256  50.617 0.0000000000
67875  50.432  -31.594  51.290 0.0000000000
67866  50.762  -31.962  52.200 0.0000000000
67859  50.889  -32.253  52.652 0.0000000000
66675  47.356  -32.723  48.696 0.0000000000
67905  47.779  -32.369  48.897 0.0000000000
65435  48.535  -33.454  50.392 0.0000000000
66628  49.301  -33.144  51.176 0.0000000000
66642  49.153  -32.780  50.619 0.0000000000
66627  49.819  -32.631  51.471 0.0000000000
66601  50.917  -32.612  52.983 0.0000000000
66600  51.394  -32.675  53.593 0.0000000000
66579  51.890  -32.857  54.379 0.0000000000
65296  52.152  -33.371  55.234 0.0000000000
65277  52.370  -33.689  55.838 0.0000000000
65242  53.012  -34.030  57.858 0.0000000000
65221  53.210  -33.919  58.949 0.0000000000
65202  53.553  -33.773  59.714 0.0000000000
51979  43.866  -44.418  55.436 0.0000000000
51954  44.672  -44.773  56.239 0.0000000000
51938  45.005  -45.153  56.938 0.0000000000
50816  41.682  -46.361  56.962 0.0000000000
50815  42.306  -46.171  56.881 0.0000000000
50814  43.261  -45.911  56.957 0.0000000000
49630  43.539  -46.292  57.519 0.0000000000
50813  44.393  -45.655  57.150 0.0000000000
50812  45.139  -45.363  57.216 0.0000000000
50785  46.544  -46.019  58.656 0.0000000000
49582  47.313  -46.916  59.415 0.0000000000
48430  46.911  -47.472  59.317 0.0000000000
49581  47.933  -46.980  59.994 0.0000000000
48369  49.346  -47.757  62.169 0.0000000000
47194  40.187  -49.286  61.279 0.0000000000
47193  41.136  -49.284  61.370 0.0000000000
47168  41.651  -49.446  61.806 0.0000000000
47167  42.363  -49.343  61.922 0.0000000000
45912  43.745  -49.170  61.729 0.0000000000
45911  44.480  -49.396  61.740 0.0000000000
45831  43.995  -49.811  64.473 0.0000000000
45910  45.410  -49.618  61.748 0.0000000000
45909  46.390  -49.745  61.809 0.0000000000
45908  47.380  -49.764  61.946 0.0000000000
45853  47.656  -49.828  63.879 0.0000000000
45907  48.174  -49.608  62.239 0.0000000000
47164  49.458  -48.429  62.853 0.0000000000
40904  35.432  -54.076  71.034 0.0000000000
39717  34.834  -54.984  71.070 0.0000000000
40923  34.286  -54.284  70.465 0.0000000000
37520  33.258  -56.572  70.400 0.0000000000
37521  32.417  -56.907  70.329 0.0000000000
38658  32.487  -55.348  67.216 0.0000000000
38630  32.882  -56.330  69.232 0.0000000000
37522  31.490  -56.955  70.166 0.0000000000
37523  30.696  -56.670  70.094 0.0000000000
38623  30.257  -56.186  69.959 0.0000000000
38632  30.527  -56.084  69.247 0.0000000000
38633  29.897  -55.671  69.630 0.0000000000
39749  29.288  -55.219  70.164 0.0000000000
39750  28.660  -54.699  69.873 0.0000000000
39751  27.852  -54.375  69.736 0.0000000000
42247  30.628  -52.606  61.894 0.0000000000
41110  30.413  -53.375  62.586 0.0000000000
42248  29.686  -52.959  62.087 0.0000000000
42267  26.878  -52.949  61.623 0.0000000000
42250  27.567  -53.383  62.649 0.0000000000
42230  27.330  -53.670  63.429 0.0000000000
41050  29.208  -54.639  65.360 0.0000000000
39829  29.134  -54.750  66.128 0.0000000000
39772  27.554  -54.424  68.854 0.0000000000
40964  27.022  -54.306  69.673 0.0000000000
41076  23.755  -53.734  64.958 0.0000000000
41034  23.526  -53.976  66.566 0.0000000000
41057  22.413  -53.569  65.556 0.0000000000
41035  22.655  -53.839  66.438 0.0000000000
40972  19.819  -54.276  68.807 0.0000000000
39774  18.637  -54.530  68.213 0.0000000000
41020  18.685  -54.042  66.867 0.0000000000
39775  17.919  -54.951  67.917 0.0000000000
38683  16.692  -56.276  66.770 0.0000000000
37561  16.232  -56.770  67.719 0.0000000000
49635  39.211  -46.880  57.150 0.0000000000
48469  38.798  -47.351  57.720 0.0000000000
48439  38.725  -48.198  58.983 0.0000000000
47224  38.114  -48.735  60.479 0.0000000000
49599  36.199  -47.507  59.005 0.0000000000
48442  36.116  -47.585  59.620 0.0000000000
48441  36.832  -47.854  59.203 0.0000000000
48416  37.228  -48.222  59.775 0.0000000000
47225  37.432  -48.504  60.293 0.0000000000
47147  36.935  -49.039  63.114 0.0000000000
45863  37.354  -49.527  63.587 0.0000000000
45835  37.388  -49.964  64.863 0.0000000000
45809  36.808  -49.988  65.960 0.0000000000
47133  34.358  -48.933  63.521 0.0000000000
44605  34.387  -49.799  65.724 0.0000000000
45786  34.821  -49.596  65.784 0.0000000000
45811  35.453  -49.310  65.356 0.0000000000
45784  36.058  -49.885  66.320 0.0000000000
45783  36.471  -50.107  66.462 0.0000000000
44570  36.289  -50.472  67.542 0.0000000000
44534  35.684  -50.899  69.170 0.0000000000
43294  35.497  -51.304  69.910 0.0000000000
42144  35.445  -52.793  71.213 0.0000000000
39705  28.658  -54.962  72.759 0.0000000000
38625  18.517  -55.072  70.856 0.0000000000
39709  19.128  -55.152  71.911 0.0000000000
39695  19.144  -55.185  72.937 0.0000000000
38600  18.429  -55.590  73.331 0.0000000000
40862  19.858  -54.012  75.860 0.0000000000
78287  65.799  -22.740  48.646 0.0000000000
75880  61.323  -24.474  52.203 0.0000000000
77007  61.700  -23.958  51.896 0.0000000000
77021  62.036  -23.786  51.132 0.0000000000
78350  51.647  -23.134  44.986 0.0000000000
77106  51.398  -24.568  47.439 0.0000000000
75898  56.307  -24.555  51.778 0.0000000000
71540  51.749  -28.464  49.722 0.0000000000
71539  52.398  -28.177  50.003 0.0000000000
70352  53.169  -29.091  50.902 0.0000000000
72607  52.817  -27.588  50.047 0.0000000000
73663  54.129  -26.474  50.762 0.0000000000
71471  55.029  -28.655  54.203 0.0000000000
71501  54.734  -28.143  52.491 0.0000000000
71489  55.442  -27.681  53.863 0.0000000000
74742  55.855  -26.099  52.845 0.0000000000
74772  55.303  -25.195  51.804 0.0000000000
75886  56.185  -24.942  52.081 0.0000000000
64173  46.082  -34.686  51.242 0.0000000000
65398  46.510  -34.493  51.969 0.0000000000
65350  44.505  -33.556  53.413 0.0000000000
65349  45.671  -33.658  53.760 0.0000000000
65302  46.708  -33.489  55.299 0.0000000000
65323  46.529  -33.614  54.669 0.0000000000
65347  47.874  -34.386  53.584 0.0000000000
65299  49.504  -34.628  55.246 0.0000000000
64070  50.577  -34.888  56.511 0.0000000000
65259  51.242  -34.801  57.148 0.0000000000
65203  52.661  -33.875  59.806 0.0000000000
53159  45.981  -43.935  56.566 0.0000000000
53176  46.406  -43.322  56.192 0.0000000000
54389  47.363  -42.591  56.775 0.0000000000
55615  47.095  -42.030  55.880 0.0000000000
60419  46.892  -37.683  55.012 0.0000000000
59181  48.210  -39.459  56.082 0.0000000000
61686  47.708  -36.528  57.178 0.0000000000
50756  49.633  -45.597  62.505 0.0000000000
51870  49.299  -44.715  62.027 0.0000000000
51869  49.679  -44.608  62.653 0.0000000000
53074  49.451  -44.083  62.236 0.0000000000
54304  50.617  -42.244  63.625 0.0000000000
55496  50.938  -41.272  63.784 0.0000000000
55507  50.038  -41.677  62.364 0.0000000000
55518  49.822  -41.430  61.670 0.0000000000
55528  49.424  -41.422  60.787 0.0000000000
55540  49.243  -41.110  60.123 0.0000000000
56731  49.514  -40.304  59.441 0.0000000000
59152  49.655  -38.817  58.350 0.0000000000
60377  49.948  -38.210  59.100 0.0000000000
60379  48.970  -37.221  58.083 0.0000000000
61673  47.827  -36.151  57.853 0.0000000000
62912  47.873  -35.962  58.195 0.0000000000
62899  47.979  -35.551  58.854 0.0000000000
64036  47.830  -34.675  59.545 0.0000000000
64035  48.247  -35.014  59.805 0.0000000000
64023  47.988  -34.344  60.021 0.0000000000
65194  48.119  -34.120  60.275 0.0000000000
65193  48.575  -33.947  60.755 0.0000000000
66463  48.922  -33.459  60.757 0.0000000000
61617  50.904  -36.679  63.201 0.0000000000
62855  50.306  -35.669  62.546 0.0000000000
62841  51.535  -35.646  64.392 0.0000000000
64002  50.353  -34.733  63.182 0.0000000000
64003  49.841  -34.681  62.470 0.0000000000
65185  49.480  -33.840  62.044 0.0000000000
65192  49.069  -33.687  61.281 0.0000000000
66462  49.549  -33.344  61.158 0.0000000000
66461  50.439  -33.222  61.321 0.0000000000
66460  51.386  -33.192  61.486 0.0000000000
66448  51.720  -32.951  62.405 0.0000000000
85657  64.733  -16.182  40.864 0.0000000000
84714  65.243  -16.669  40.835 0.0000000000
83733  66.289  -17.577  41.765 0.0000000000
82758  66.954  -18.699  43.093 0.0000000000
80650  65.239  -20.992  43.154 0.0000000000
80649  65.822  -20.704  43.315 0.0000000000
79543  65.741  -21.382  44.072 0.0000000000
80648  66.458  -20.442  43.623 0.0000000000
81742  67.468  -19.602  44.084 0.0000000000
81694  68.267  -20.419  45.869 0.0000000000
35052  13.396  -59.140  68.541 0.0000000000
37471  16.698  -56.442  74.255 0.0000000000
37484  16.874  -56.401  73.595 0.0000000000
37548  31.370  -56.373  68.789 0.0000000000
38585  17.567  -55.874  75.132 0.0000000000
38586  17.078  -55.989  75.582 0.0000000000
38595  18.253  -55.646  74.037 0.0000000000
39676  18.880  -54.419  76.348 0.0000000000
39769  30.053  -55.520  68.559 0.0000000000
40877  20.214  -54.155  75.128 0.0000000000
40944  25.624  -54.181  70.503 0.0000000000
42131  36.808  -52.942  71.101 0.0000000000
43262  36.987  -52.527  70.942 0.0000000000
43273  35.400  -52.057  70.859 0.0000000000
43357  32.221  -51.039  62.284 0.0000000000
44549  40.234  -50.645  68.864 0.0000000000
44603  38.273  -50.536  65.575 0.0000000000
44627  41.619  -50.333  64.041 0.0000000000
44628  41.128  -50.509  64.003 0.0000000000
44651  31.196  -50.986  60.828 0.0000000000
45777  46.528  -49.844  66.305 0.0000000000
45917  32.588  -49.538  61.412 0.0000000000
47172  35.166  -48.349  62.322 0.0000000000
47192  42.142  -48.989  61.277 0.0000000000
47238  45.081  -48.395  59.417 0.0000000000
48357  33.915  -48.622  62.507 0.0000000000
48374  33.253  -48.455  61.844 0.0000000000
48453  44.993  -47.073  58.418 0.0000000000
48454  44.511  -47.133  58.487 0.0000000000
48471  37.318  -47.606  57.847 0.0000000000
49551  33.958  -47.671  61.948 0.0000000000
49564  34.845  -47.359  61.367 0.0000000000
50737  50.232  -45.017  63.620 0.0000000000
51822  51.355  -44.601  64.742 0.0000000000
54414  47.131  -42.334  56.194 0.0000000000
55557  48.259  -41.923  58.551 0.0000000000
55630  47.459  -41.246  55.574 0.0000000000
56681  50.581  -40.113  62.642 0.0000000000
56701  50.245  -40.135  61.411 0.0000000000
56713  49.299  -40.746  59.696 0.0000000000
56809  47.494  -40.876  55.157 0.0000000000
57895  50.475  -39.446  61.419 0.0000000000
57932  49.511  -40.064  59.085 0.0000000000
57951  49.767  -39.222  58.732 0.0000000000
58000  47.334  -40.125  54.584 0.0000000000
59119  50.578  -38.621  61.003 0.0000000000
59151  49.897  -38.708  58.877 0.0000000000
60358  50.621  -38.171  61.257 0.0000000000
61642  50.353  -37.111  61.585 0.0000000000
61660  49.710  -37.115  59.473 0.0000000000
61662  48.588  -36.116  58.800 0.0000000000
61685  48.252  -36.990  57.420 0.0000000000
62881  49.609  -35.934  61.162 0.0000000000
62891  48.168  -35.178  59.506 0.0000000000
62935  45.852  -35.592  55.646 0.0000000000
64050  46.884  -34.826  58.197 0.0000000000
64069  50.900  -34.903  56.588 0.0000000000
64170  47.855  -34.354  51.274 0.0000000000
64172  46.882  -34.615  51.304 0.0000000000
64190  45.752  -34.735  50.522 0.0000000000
65206  48.112  -33.753  60.203 0.0000000000
65227  46.882  -34.427  58.513 0.0000000000
65241  53.657  -33.742  58.350 0.0000000000
65265  45.631  -34.162  56.880 0.0000000000
65279  50.329  -34.826  56.067 0.0000000000
65284  44.655  -34.196  55.956 0.0000000000
66476  49.182  -33.319  60.229 0.0000000000
66492  47.509  -33.619  59.343 0.0000000000
66512  46.679  -33.727  58.129 0.0000000000
66527  47.973  -33.350  57.830 0.0000000000
66530  45.854  -33.809  57.136 0.0000000000
66560  52.550  -32.786  55.165 0.0000000000
66561  52.048  -33.197  54.947 0.0000000000
66562  47.155  -33.487  56.126 0.0000000000
66563  46.540  -33.354  55.777 0.0000000000
66580  46.371  -33.417  55.174 0.0000000000
66602  45.552  -33.448  54.363 0.0000000000
66613  50.440  -32.642  52.288 0.0000000000
66614  50.007  -32.941  52.048 0.0000000000
69092  52.014  -31.200  53.094 0.0000000000
70240  57.000  -29.332  56.728 0.0000000000
71512  54.103  -28.577  51.514 0.0000000000
74747  61.804  -24.976  52.050 0.0000000000
74826  49.680  -26.081  47.126 0.0000000000
75904  64.546  -24.120  49.735 0.0000000000
77023  60.238  -23.425  51.612 0.0000000000
77024  58.019  -23.560  51.363 0.0000000000
78256  59.428  -23.590  51.906 0.0000000000
78261  59.707  -23.482  51.765 0.0000000000
80651  57.460  -20.899  42.692 0.0000000000
81693  68.469  -20.507  45.986 0.0000000000
84697  68.993  -16.949  43.297 0.0000000000
