#!ascii label  , from subject FTD-FPD109 vox2ras=TkReg
778
39702  35.404  -54.532  70.924 0.0000000000
66471  54.228  -33.488  60.275 0.0000000000
69012  60.828  -30.468  57.630 0.0000000000
55515  54.106  -41.510  63.343 0.0000000000
45781  42.538  -50.204  66.437 0.0000000000
40961  39.475  -52.842  69.000 0.0000000000
70168  58.147  -30.214  60.373 0.0000000000
65158  58.483  -33.384  64.253 0.0000000000
51820  52.526  -44.648  64.839 0.0000000000
44564  48.042  -50.534  66.865 0.0000000000
72601  59.717  -27.241  50.883 0.0000000000
72574  57.795  -27.496  54.097 0.0000000000
60309  50.979  -37.692  63.029 0.0000000000
62812  53.765  -35.264  66.414 0.0000000000
44511  38.622  -51.190  70.059 0.0000000000
39715  36.995  -54.021  70.584 0.0000000000
67763  55.871  -32.371  60.476 0.0000000000
68920  58.737  -30.956  63.212 0.0000000000
67719  56.196  -31.695  63.395 0.0000000000
45906  52.647  -49.115  61.964 0.0000000000
42162  44.122  -52.061  68.331 0.0000000000
45754  44.987  -50.250  66.972 0.0000000000
41002  45.932  -52.600  66.875 0.0000000000
74769  58.433  -25.615  51.236 0.0000000000
70349  57.435  -28.701  50.266 0.0000000000
72591  56.424  -27.262  51.355 0.0000000000
71426  58.637  -28.165  56.624 0.0000000000
71469  56.478  -27.539  54.662 0.0000000000
70279  59.677  -28.858  55.217 0.0000000000
67855  57.639  -30.997  53.843 0.0000000000
66540  58.327  -32.371  56.518 0.0000000000
54290  53.750  -42.809  64.396 0.0000000000
55495  51.479  -41.259  64.398 0.0000000000
56655  53.083  -39.868  65.813 0.0000000000
61603  51.916  -36.623  64.877 0.0000000000
60269  53.925  -37.538  65.610 0.0000000000
61602  54.524  -36.356  64.064 0.0000000000
57890  53.698  -39.271  61.963 0.0000000000
44508  41.344  -51.382  69.349 0.0000000000
69033  56.431  -30.095  56.779 0.0000000000
71373  60.369  -29.242  58.999 0.0000000000
68953  61.089  -30.876  61.229 0.0000000000
65191  59.876  -34.071  61.933 0.0000000000
48310  51.425  -48.365  65.347 0.0000000000
48321  52.989  -47.354  64.416 0.0000000000
49548  53.984  -46.338  63.090 0.0000000000
51892  53.063  -44.092  60.924 0.0000000000
54351  52.778  -42.096  59.786 0.0000000000
47116  49.009  -49.292  65.496 0.0000000000
43316  50.087  -50.858  65.564 0.0000000000
72627  59.131  -27.407  48.883 0.0000000000
74741  56.137  -26.056  52.712 0.0000000000
70318  56.753  -29.302  52.990 0.0000000000
66597  56.205  -32.128  53.321 0.0000000000
66415  53.272  -32.743  64.161 0.0000000000
65127  55.972  -33.626  65.515 0.0000000000
61614  56.373  -35.926  62.939 0.0000000000
38603  35.974  -55.067  70.637 0.0000000000
39700  36.582  -53.738  70.805 0.0000000000
38612  36.873  -54.886  70.251 0.0000000000
66470  55.125  -32.891  60.448 0.0000000000
67738  55.840  -32.027  62.472 0.0000000000
66445  54.849  -32.554  62.436 0.0000000000
42174  44.837  -52.140  67.905 0.0000000000
75897  57.769  -25.107  51.551 0.0000000000
73648  57.410  -26.202  51.041 0.0000000000
74771  56.831  -25.724  51.783 0.0000000000
71425  60.100  -28.592  56.963 0.0000000000
72545  58.998  -27.707  55.816 0.0000000000
69048  60.381  -29.907  56.116 0.0000000000
67825  59.588  -30.642  55.504 0.0000000000
55505  53.968  -41.867  64.145 0.0000000000
55494  53.515  -41.773  64.713 0.0000000000
56669  53.755  -40.658  64.727 0.0000000000
59036  53.676  -38.486  65.713 0.0000000000
57877  54.052  -39.557  64.648 0.0000000000
59066  54.105  -38.351  63.516 0.0000000000
56690  53.866  -40.309  62.246 0.0000000000
44529  40.325  -50.900  69.547 0.0000000000
42153  40.574  -52.038  69.598 0.0000000000
42165  41.936  -52.199  69.024 0.0000000000
67782  56.222  -31.307  58.117 0.0000000000
67796  56.171  -30.927  57.476 0.0000000000
68997  57.563  -30.362  59.196 0.0000000000
70216  58.609  -29.266  58.238 0.0000000000
70185  59.150  -29.480  59.673 0.0000000000
70141  61.024  -30.008  60.678 0.0000000000
70143  59.539  -29.819  61.277 0.0000000000
67694  58.700  -32.279  64.157 0.0000000000
67714  59.999  -32.167  63.009 0.0000000000
65183  59.241  -34.149  63.058 0.0000000000
61623  59.413  -36.108  61.938 0.0000000000
62850  58.563  -35.033  63.119 0.0000000000
45799  51.294  -49.395  65.273 0.0000000000
47095  51.897  -48.385  65.141 0.0000000000
45824  52.342  -48.961  64.467 0.0000000000
47184  53.277  -47.786  62.526 0.0000000000
50764  53.581  -45.327  61.912 0.0000000000
45726  46.870  -50.393  66.990 0.0000000000
45776  47.422  -49.718  66.305 0.0000000000
47100  48.550  -49.723  66.295 0.0000000000
45773  49.490  -49.823  66.094 0.0000000000
44563  48.749  -50.426  66.592 0.0000000000
74767  59.929  -26.022  51.632 0.0000000000
71535  59.802  -27.431  50.410 0.0000000000
69115  56.003  -29.937  50.942 0.0000000000
72563  57.099  -27.220  54.458 0.0000000000
72576  55.816  -27.145  53.797 0.0000000000
73621  56.250  -26.797  53.675 0.0000000000
74742  55.855  -26.099  52.845 0.0000000000
73627  56.356  -26.737  53.099 0.0000000000
72581  56.289  -27.413  52.371 0.0000000000
71488  57.049  -28.464  53.180 0.0000000000
65314  56.710  -32.727  54.472 0.0000000000
66596  57.013  -31.606  53.677 0.0000000000
51822  51.355  -44.601  64.742 0.0000000000
53047  50.958  -43.559  64.445 0.0000000000
57878  51.389  -39.432  64.243 0.0000000000
56671  50.792  -40.287  63.295 0.0000000000
62813  52.915  -35.645  66.281 0.0000000000
63994  50.969  -34.711  63.942 0.0000000000
63979  52.183  -34.504  65.334 0.0000000000
66432  52.019  -32.899  63.435 0.0000000000
65147  53.333  -33.428  65.758 0.0000000000
66397  54.158  -32.714  65.198 0.0000000000
63961  54.762  -34.362  65.900 0.0000000000
61628  54.690  -36.516  62.661 0.0000000000
61615  55.364  -35.936  63.191 0.0000000000
61640  55.741  -36.735  61.740 0.0000000000
60354  57.194  -37.963  60.718 0.0000000000
42141  37.948  -52.483  70.277 0.0000000000
40919  38.258  -52.699  70.114 0.0000000000
39765  38.205  -53.899  68.493 0.0000000000
39731  37.528  -54.370  69.985 0.0000000000
68974  57.209  -31.111  60.786 0.0000000000
68955  58.467  -30.359  62.011 0.0000000000
68939  57.530  -30.913  62.262 0.0000000000
67718  57.129  -31.334  63.511 0.0000000000
67695  57.830  -32.108  64.556 0.0000000000
45709  43.294  -50.642  68.516 0.0000000000
45755  44.083  -50.222  67.155 0.0000000000
44546  44.579  -50.844  67.755 0.0000000000
43302  45.695  -51.572  67.469 0.0000000000
43301  46.636  -51.334  67.205 0.0000000000
42188  47.880  -51.963  66.221 0.0000000000
41026  46.818  -52.622  66.043 0.0000000000
73647  59.133  -26.437  51.142 0.0000000000
71520  58.596  -27.795  50.359 0.0000000000
72603  58.111  -27.215  50.582 0.0000000000
71522  56.852  -28.166  50.725 0.0000000000
71509  56.305  -28.524  51.517 0.0000000000
70259  56.625  -28.978  56.056 0.0000000000
71446  57.622  -27.786  55.633 0.0000000000
72562  58.038  -27.307  54.811 0.0000000000
71486  58.343  -28.117  54.039 0.0000000000
70302  58.097  -28.988  53.785 0.0000000000
69067  59.043  -29.767  54.509 0.0000000000
66557  58.227  -32.012  55.188 0.0000000000
53033  53.217  -43.655  64.671 0.0000000000
54280  51.890  -42.498  65.008 0.0000000000
55483  52.963  -41.673  65.191 0.0000000000
56662  52.297  -40.372  65.236 0.0000000000
59057  51.585  -38.500  64.436 0.0000000000
60296  51.772  -37.552  64.608 0.0000000000
59039  52.350  -38.123  65.651 0.0000000000
60271  52.938  -37.485  66.181 0.0000000000
61578  53.902  -36.810  65.942 0.0000000000
62828  54.578  -35.691  65.306 0.0000000000
60295  54.195  -37.385  64.199 0.0000000000
60308  54.241  -37.203  63.195 0.0000000000
60325  53.698  -37.859  61.363 0.0000000000
44550  39.277  -50.625  68.795 0.0000000000
45733  40.905  -50.604  68.663 0.0000000000
45732  41.628  -50.593  68.655 0.0000000000
44506  42.642  -51.362  68.941 0.0000000000
40980  43.110  -52.733  68.074 0.0000000000
70239  57.687  -29.101  57.068 0.0000000000
71389  59.770  -28.908  58.249 0.0000000000
70199  61.109  -29.552  58.288 0.0000000000
68984  61.135  -30.367  59.411 0.0000000000
66484  60.840  -32.412  60.299 0.0000000000
65217  60.680  -33.443  60.554 0.0000000000
68935  60.457  -30.980  62.267 0.0000000000
66455  60.898  -32.597  61.579 0.0000000000
48340  50.552  -48.084  64.865 0.0000000000
48323  51.833  -47.540  65.322 0.0000000000
49522  52.419  -46.769  64.863 0.0000000000
49521  52.891  -46.539  64.557 0.0000000000
45877  52.911  -48.590  63.361 0.0000000000
48337  53.722  -46.829  63.986 0.0000000000
50735  53.484  -45.520  64.206 0.0000000000
51852  53.987  -44.595  63.711 0.0000000000
53072  54.021  -43.531  62.820 0.0000000000
54328  53.730  -42.349  62.025 0.0000000000
55527  53.628  -41.257  61.680 0.0000000000
53098  53.031  -43.114  60.681 0.0000000000
47115  50.038  -48.844  65.469 0.0000000000
45772  50.205  -49.645  65.862 0.0000000000
43322  50.908  -50.684  64.728 0.0000000000
42199  48.804  -51.883  65.237 0.0000000000
42213  49.689  -51.656  64.172 0.0000000000
73691  60.152  -26.796  48.596 0.0000000000
74753  56.451  -25.446  52.157 0.0000000000
73636  56.435  -26.356  52.140 0.0000000000
71499  56.458  -28.496  52.566 0.0000000000
70319  56.261  -29.511  52.390 0.0000000000
69089  57.080  -30.093  53.426 0.0000000000
69102  56.425  -30.219  52.881 0.0000000000
67864  55.501  -31.075  52.078 0.0000000000
54292  51.188  -42.323  64.397 0.0000000000
66447  52.714  -32.942  62.425 0.0000000000
66446  53.731  -32.844  62.403 0.0000000000
66429  54.710  -32.371  63.497 0.0000000000
66395  56.036  -32.664  65.252 0.0000000000
65142  57.437  -33.507  64.997 0.0000000000
62827  55.063  -35.165  64.980 0.0000000000
62837  56.605  -34.910  64.050 0.0000000000
62836  57.443  -34.791  63.912 0.0000000000
61625  57.772  -36.534  62.392 0.0000000000
56711  53.256  -40.099  60.524 0.0000000000
57909  53.139  -39.054  60.228 0.0000000000
38604  35.470  -55.207  70.817 0.0000000000
37487  35.609  -55.726  70.691 0.0000000000
39701  36.100  -54.243  70.809 0.0000000000
66456  55.327  -32.611  61.360 0.0000000000
66457  54.454  -32.948  61.404 0.0000000000
74770  57.435  -25.664  51.349 0.0000000000
74752  57.159  -25.149  51.849 0.0000000000
70237  60.820  -29.488  57.064 0.0000000000
70238  60.550  -29.387  56.551 0.0000000000
69032  60.693  -30.133  56.839 0.0000000000
67810  60.174  -30.629  56.290 0.0000000000
67794  60.356  -31.014  57.162 0.0000000000
56680  54.102  -40.592  64.023 0.0000000000
57883  54.166  -39.463  63.801 0.0000000000
56689  54.119  -40.431  63.137 0.0000000000
40938  39.417  -52.332  69.680 0.0000000000
43267  39.859  -51.914  69.903 0.0000000000
40937  40.153  -52.192  69.607 0.0000000000
40983  40.256  -53.016  68.345 0.0000000000
68986  56.983  -31.033  59.809 0.0000000000
68998  56.852  -30.814  58.714 0.0000000000
70186  58.294  -29.937  59.678 0.0000000000
70166  59.782  -29.545  60.217 0.0000000000
70167  58.747  -29.910  60.680 0.0000000000
66409  58.826  -32.877  64.078 0.0000000000
66428  59.323  -32.784  63.635 0.0000000000
65173  59.111  -33.545  63.641 0.0000000000
64010  59.000  -34.726  62.924 0.0000000000
64000  58.780  -34.373  63.477 0.0000000000
44597  51.619  -49.752  64.777 0.0000000000
45798  51.752  -49.114  64.904 0.0000000000
44612  51.823  -49.797  64.260 0.0000000000
45752  46.788  -50.029  66.838 0.0000000000
45751  47.809  -49.990  66.787 0.0000000000
45775  48.077  -49.648  66.256 0.0000000000
45750  48.651  -50.047  66.576 0.0000000000
72589  60.094  -26.886  51.215 0.0000000000
73645  60.401  -26.295  51.601 0.0000000000
72600  60.292  -27.222  50.769 0.0000000000
73620  56.619  -26.964  53.782 0.0000000000
72575  56.919  -27.514  53.408 0.0000000000
71487  57.630  -28.197  53.625 0.0000000000
65293  56.861  -33.113  55.084 0.0000000000
51821  51.980  -44.658  65.026 0.0000000000
53036  51.639  -43.661  64.922 0.0000000000
59058  51.216  -38.543  63.672 0.0000000000
59067  50.944  -38.603  62.954 0.0000000000
62829  52.464  -35.058  65.780 0.0000000000
63978  52.713  -34.439  65.947 0.0000000000
65148  52.518  -33.758  65.375 0.0000000000
63963  53.438  -34.486  66.336 0.0000000000
65130  53.960  -33.837  66.232 0.0000000000
63962  54.173  -34.517  66.292 0.0000000000
60342  54.778  -36.942  61.148 0.0000000000
61641  54.893  -36.613  61.941 0.0000000000
60356  55.219  -37.398  60.405 0.0000000000
40901  36.938  -53.333  70.853 0.0000000000
43261  37.162  -52.673  70.843 0.0000000000
40920  37.526  -53.121  70.575 0.0000000000
39714  37.654  -53.353  70.414 0.0000000000
39730  37.913  -53.592  70.159 0.0000000000
67773  55.639  -32.576  59.650 0.0000000000
66506  54.868  -32.992  58.682 0.0000000000
67772  56.252  -31.768  59.401 0.0000000000
67762  56.552  -31.750  60.569 0.0000000000
68957  57.350  -31.019  61.662 0.0000000000
67753  56.671  -31.626  61.575 0.0000000000
67737  56.886  -31.367  62.532 0.0000000000
67696  57.099  -31.759  64.390 0.0000000000
44525  43.978  -50.986  68.441 0.0000000000
45708  43.919  -50.591  68.197 0.0000000000
43292  44.287  -51.611  68.276 0.0000000000
40977  45.680  -52.442  67.316 0.0000000000
43303  45.379  -51.926  67.772 0.0000000000
42172  46.265  -51.776  67.337 0.0000000000
42181  46.768  -52.020  66.864 0.0000000000
42189  47.167  -52.214  66.395 0.0000000000
74751  58.602  -25.024  51.670 0.0000000000
74750  59.136  -25.133  51.720 0.0000000000
74768  59.451  -25.825  51.455 0.0000000000
73660  58.440  -26.537  50.871 0.0000000000
73662  57.257  -26.534  50.896 0.0000000000
72604  57.151  -27.113  50.670 0.0000000000
71427  57.842  -28.327  56.415 0.0000000000
71447  56.790  -28.119  55.400 0.0000000000
72531  58.586  -27.865  56.199 0.0000000000
71467  59.461  -28.201  55.222 0.0000000000
72561  58.879  -27.521  55.092 0.0000000000
72573  58.391  -27.660  54.537 0.0000000000
71468  58.895  -28.133  54.590 0.0000000000
70301  58.735  -28.923  54.217 0.0000000000
70280  59.263  -28.893  54.764 0.0000000000
67826  58.914  -31.611  55.755 0.0000000000
66558  57.604  -32.719  55.653 0.0000000000
66541  57.707  -32.949  56.321 0.0000000000
53032  53.572  -43.690  64.437 0.0000000000
54278  53.058  -42.699  64.911 0.0000000000
54277  53.386  -42.757  64.692 0.0000000000
56660  53.292  -40.593  65.293 0.0000000000
56661  52.850  -40.659  65.448 0.0000000000
56656  52.691  -39.905  65.648 0.0000000000
57873  51.831  -39.421  64.957 0.0000000000
57872  52.329  -39.360  65.507 0.0000000000
59048  51.989  -38.456  65.238 0.0000000000
57865  52.725  -39.234  65.885 0.0000000000
59037  53.271  -38.395  66.075 0.0000000000
60270  53.508  -37.396  66.039 0.0000000000
60252  53.370  -36.859  66.207 0.0000000000
61577  54.172  -36.486  65.557 0.0000000000
60282  54.122  -37.486  65.011 0.0000000000
59078  53.874  -38.286  62.534 0.0000000000
59079  53.620  -38.345  61.644 0.0000000000
44531  38.523  -50.785  69.506 0.0000000000
44551  38.368  -50.669  68.619 0.0000000000
44530  39.431  -50.829  69.566 0.0000000000
44509  40.471  -51.334  69.677 0.0000000000
44528  41.243  -50.982  69.315 0.0000000000
45711  41.857  -50.868  69.091 0.0000000000
45710  42.427  -50.748  68.853 0.0000000000
44507  42.126  -51.308  69.149 0.0000000000
69015  56.150  -30.640  57.062 0.0000000000
70218  57.384  -29.649  57.444 0.0000000000
71390  59.147  -29.081  58.537 0.0000000000
71388  60.406  -28.947  58.055 0.0000000000
71372  60.842  -29.276  58.592 0.0000000000
68995  61.170  -30.131  58.648 0.0000000000
70183  60.809  -29.535  59.262 0.0000000000
68971  61.203  -30.634  60.258 0.0000000000
67761  61.170  -31.579  60.626 0.0000000000
66469  61.073  -32.556  60.905 0.0000000000
68937  58.704  -30.496  62.533 0.0000000000
70122  59.273  -30.165  62.034 0.0000000000
68936  59.476  -30.573  62.556 0.0000000000
65181  60.278  -33.003  62.368 0.0000000000
66442  60.567  -32.561  62.181 0.0000000000
65190  60.379  -33.348  61.869 0.0000000000
64020  60.232  -34.385  61.281 0.0000000000
48325  50.678  -48.399  65.310 0.0000000000
48339  50.863  -47.176  64.530 0.0000000000
48324  51.258  -47.857  65.256 0.0000000000
48307  52.577  -47.750  64.714 0.0000000000
49514  52.108  -47.365  65.196 0.0000000000
48322  52.684  -47.261  64.681 0.0000000000
45851  52.626  -49.120  63.514 0.0000000000
45878  52.639  -49.189  62.918 0.0000000000
48367  53.625  -47.156  62.759 0.0000000000
48352  53.737  -47.148  63.580 0.0000000000
49538  53.950  -46.550  63.625 0.0000000000
49529  53.631  -46.291  64.083 0.0000000000
50747  53.835  -45.568  63.884 0.0000000000
51834  53.699  -44.616  64.153 0.0000000000
50754  54.045  -45.434  63.335 0.0000000000
51882  53.519  -44.300  61.753 0.0000000000
51868  53.853  -44.748  62.288 0.0000000000
51881  53.877  -44.103  62.375 0.0000000000
53085  53.776  -43.398  62.152 0.0000000000
53086  53.380  -43.247  61.441 0.0000000000
45779  44.662  -50.058  66.327 0.0000000000
45826  48.424  -49.472  64.799 0.0000000000
47130  49.065  -49.180  64.459 0.0000000000
47129  49.854  -48.617  64.646 0.0000000000
44582  49.458  -50.261  66.223 0.0000000000
44581  50.360  -50.254  65.770 0.0000000000
44580  50.955  -50.112  65.507 0.0000000000
44599  50.492  -50.576  65.462 0.0000000000
42187  48.720  -51.593  65.975 0.0000000000
42212  50.456  -51.261  64.035 0.0000000000
73674  60.371  -27.130  49.366 0.0000000000
73692  59.252  -26.813  48.332 0.0000000000
71521  57.707  -27.958  50.447 0.0000000000
71470  55.698  -28.070  54.498 0.0000000000
71489  55.442  -27.681  53.863 0.0000000000
71500  56.097  -29.055  51.964 0.0000000000
69088  57.801  -29.917  53.751 0.0000000000
67856  56.769  -31.040  53.277 0.0000000000
67863  56.123  -31.085  52.694 0.0000000000
66609  55.701  -31.563  52.599 0.0000000000
54291  51.654  -41.864  64.694 0.0000000000
61604  51.447  -36.619  64.047 0.0000000000
65163  51.228  -33.951  64.121 0.0000000000
66416  52.547  -32.899  64.115 0.0000000000
66431  53.019  -32.767  63.318 0.0000000000
66430  53.931  -32.642  63.353 0.0000000000
66414  54.051  -32.543  64.278 0.0000000000
66381  55.463  -33.089  65.622 0.0000000000
66396  55.081  -32.722  65.374 0.0000000000
66380  55.966  -33.206  65.558 0.0000000000
66394  56.676  -32.922  65.386 0.0000000000
65143  56.657  -33.492  65.346 0.0000000000
62840  54.700  -35.842  64.722 0.0000000000
62839  55.078  -35.489  64.295 0.0000000000
62838  55.790  -35.071  64.137 0.0000000000
62852  56.984  -35.397  63.439 0.0000000000
61612  58.047  -35.985  62.697 0.0000000000
61613  57.338  -35.949  62.800 0.0000000000
59095  57.687  -38.042  60.729 0.0000000000
54350  53.139  -41.790  60.418 0.0000000000
55539  53.371  -41.108  60.836 0.0000000000
55554  53.095  -41.052  60.039 0.0000000000
40902  36.420  -53.480  70.986 0.0000000000
39716  36.335  -54.540  70.622 0.0000000000
38613  36.425  -54.939  70.467 0.0000000000
66487  55.034  -33.035  59.458 0.0000000000
67754  55.989  -32.174  61.404 0.0000000000
66444  55.527  -32.398  61.932 0.0000000000
67739  55.198  -32.267  62.978 0.0000000000
40979  44.160  -52.562  67.819 0.0000000000
42175  44.389  -52.246  68.068 0.0000000000
41004  44.433  -52.830  67.395 0.0000000000
41003  44.892  -52.831  67.239 0.0000000000
75896  58.223  -24.909  51.639 0.0000000000
74783  57.809  -25.982  50.971 0.0000000000
73649  56.893  -26.349  51.271 0.0000000000
72518  59.563  -28.347  56.958 0.0000000000
72543  60.016  -28.233  56.308 0.0000000000
71444  60.000  -28.330  55.771 0.0000000000
70258  59.927  -29.243  55.429 0.0000000000
69066  59.593  -29.654  55.063 0.0000000000
67824  60.084  -30.276  55.837 0.0000000000
67811  59.503  -31.466  56.571 0.0000000000
54303  54.032  -42.957  63.971 0.0000000000
55482  53.201  -41.896  64.941 0.0000000000
56654  53.276  -39.957  65.645 0.0000000000
57863  53.376  -39.430  65.764 0.0000000000
57871  53.744  -39.557  65.303 0.0000000000
59046  54.022  -38.532  65.194 0.0000000000
59056  54.142  -38.466  64.436 0.0000000000
57889  54.029  -39.345  62.853 0.0000000000
44510  39.289  -50.872  69.894 0.0000000000
43282  39.814  -51.616  69.832 0.0000000000
43281  40.515  -51.706  69.665 0.0000000000
43280  41.611  -51.603  69.277 0.0000000000
42166  41.222  -52.176  69.183 0.0000000000
69014  56.728  -30.381  57.547 0.0000000000
70201  58.110  -29.727  58.669 0.0000000000
70200  58.740  -29.438  58.989 0.0000000000
71359  59.870  -29.339  59.701 0.0000000000
70165  60.545  -29.610  59.940 0.0000000000
70142  60.354  -29.752  60.966 0.0000000000
68954  60.658  -30.263  61.438 0.0000000000
67716  58.712  -31.595  63.802 0.0000000000
68919  59.485  -31.240  63.086 0.0000000000
67715  59.430  -32.060  63.524 0.0000000000
65172  59.532  -33.127  63.320 0.0000000000
64009  59.459  -34.586  62.388 0.0000000000
62865  59.621  -35.423  61.910 0.0000000000
62866  59.055  -35.455  62.511 0.0000000000
61624  58.636  -36.354  62.259 0.0000000000
47096  51.408  -48.659  65.313 0.0000000000
47113  52.149  -48.452  64.880 0.0000000000
47112  52.513  -48.197  64.662 0.0000000000
45905  52.996  -48.468  62.661 0.0000000000
49561  53.572  -46.308  62.220 0.0000000000
50755  53.916  -45.457  62.611 0.0000000000
49578  53.210  -45.930  61.589 0.0000000000
50771  53.110  -45.145  61.235 0.0000000000
45753  45.897  -50.220  66.811 0.0000000000
45778  45.614  -49.976  66.304 0.0000000000
45777  46.528  -49.844  66.305 0.0000000000
45828  46.934  -49.790  64.679 0.0000000000
45802  47.174  -49.697  65.554 0.0000000000
45801  48.128  -49.545  65.561 0.0000000000
47117  48.447  -49.556  65.941 0.0000000000
47099  49.233  -49.639  66.116 0.0000000000
47080  48.720  -49.859  66.443 0.0000000000
45749  49.076  -50.114  66.422 0.0000000000
72599  61.018  -26.969  51.076 0.0000000000
72615  60.188  -27.392  49.952 0.0000000000
72616  59.507  -27.563  49.556 0.0000000000
70350  56.561  -29.315  50.499 0.0000000000
72564  56.333  -27.168  54.179 0.0000000000
73628  55.974  -26.494  53.274 0.0000000000
66576  57.325  -32.146  54.390 0.0000000000
66577  56.588  -32.540  54.110 0.0000000000
50721  51.700  -45.656  64.864 0.0000000000
56670  51.170  -40.339  64.028 0.0000000000
57884  50.778  -39.415  62.813 0.0000000000
62814  52.533  -36.341  65.941 0.0000000000
62841  51.535  -35.646  64.392 0.0000000000
62830  52.146  -35.654  65.394 0.0000000000
63993  51.639  -34.659  64.648 0.0000000000
65174  51.326  -33.324  63.793 0.0000000000
65162  51.925  -33.548  64.562 0.0000000000
65161  52.771  -33.096  64.888 0.0000000000
66398  53.463  -32.799  64.918 0.0000000000
65146  54.329  -33.235  65.854 0.0000000000
65129  54.580  -33.799  66.026 0.0000000000
63960  55.313  -34.121  65.615 0.0000000000
61616  54.663  -36.336  63.369 0.0000000000
61601  54.938  -35.879  63.732 0.0000000000
61627  55.625  -36.340  62.437 0.0000000000
61626  56.785  -36.617  62.202 0.0000000000
60341  56.001  -37.089  61.057 0.0000000000
44512  37.782  -51.035  70.177 0.0000000000
44500  37.785  -51.683  70.358 0.0000000000
44499  38.579  -51.724  70.116 0.0000000000
43269  38.567  -52.023  70.129 0.0000000000
40918  38.928  -52.103  70.001 0.0000000000
40939  38.610  -53.053  69.596 0.0000000000
40962  38.720  -53.336  68.831 0.0000000000
39746  38.143  -53.822  69.438 0.0000000000
68985  57.687  -30.542  60.134 0.0000000000
68973  57.912  -30.514  60.986 0.0000000000
68956  57.916  -30.574  61.815 0.0000000000
68938  58.000  -30.628  62.460 0.0000000000
68922  57.512  -31.011  62.795 0.0000000000
68921  58.004  -30.889  63.115 0.0000000000
67717  57.935  -31.348  63.852 0.0000000000
66410  58.095  -32.878  64.646 0.0000000000
43331  51.512  -50.285  63.568 0.0000000000
45756  43.113  -50.261  67.315 0.0000000000
45730  43.615  -50.334  67.935 0.0000000000
45729  44.353  -50.517  67.644 0.0000000000
45728  45.184  -50.596  67.188 0.0000000000
43291  44.973  -51.741  67.832 0.0000000000
44523  45.176  -51.479  67.598 0.0000000000
44544  46.330  -50.909  67.153 0.0000000000
44565  47.206  -50.682  67.057 0.0000000000
43310  48.239  -51.118  66.726 0.0000000000
42180  47.605  -51.569  66.765 0.0000000000
41025  47.602  -52.441  65.735 0.0000000000
73646  59.776  -26.418  51.364 0.0000000000
72590  59.564  -26.893  51.120 0.0000000000
72602  59.001  -27.194  50.877 0.0000000000
73661  57.740  -26.532  50.782 0.0000000000
70333  56.254  -29.384  51.262 0.0000000000
70334  56.006  -29.695  51.695 0.0000000000
71448  55.992  -28.573  55.175 0.0000000000
72547  57.570  -27.449  55.189 0.0000000000
72546  58.230  -27.576  55.591 0.0000000000
69087  58.465  -29.844  54.040 0.0000000000
67854  58.159  -30.447  53.992 0.0000000000
67838  59.247  -30.277  54.864 0.0000000000
67839  58.586  -30.925  54.596 0.0000000000
66575  58.023  -31.653  54.621 0.0000000000
53034  52.818  -43.635  64.872 0.0000000000
53035  52.289  -43.625  65.054 0.0000000000
54279  52.636  -42.614  65.071 0.0000000000
55484  52.496  -41.529  65.151 0.0000000000
56663  51.700  -40.362  64.653 0.0000000000
60297  51.349  -37.596  63.819 0.0000000000
60283  52.130  -37.511  65.312 0.0000000000
60272  52.513  -37.540  65.810 0.0000000000
61580  52.635  -36.962  65.961 0.0000000000
61579  52.881  -36.665  66.205 0.0000000000
62796  53.329  -36.149  66.360 0.0000000000
62794  53.968  -35.652  66.287 0.0000000000
62811  54.331  -35.367  65.996 0.0000000000
61591  54.339  -36.525  64.837 0.0000000000
60324  54.075  -37.330  61.938 0.0000000000
45757  42.020  -50.306  67.563 0.0000000000
45758  40.860  -50.386  67.981 0.0000000000
45731  42.702  -50.383  68.221 0.0000000000
44526  42.880  -51.080  68.937 0.0000000000
43293  43.361  -51.563  68.692 0.0000000000
42151  42.140  -52.112  69.084 0.0000000000
42164  42.658  -52.126  68.795 0.0000000000
40957  43.266  -52.365  68.429 0.0000000000
71407  58.120  -28.835  57.134 0.0000000000
70217  58.047  -29.336  57.717 0.0000000000
71406  58.887  -28.622  57.385 0.0000000000
71405  59.876  -28.604  57.297 0.0000000000
71403  60.686  -29.093  57.221 0.0000000000
69011  61.174  -30.010  57.950 0.0000000000
67780  60.416  -31.130  58.258 0.0000000000
68996  60.976  -30.514  58.272 0.0000000000
67779  60.922  -30.781  58.924 0.0000000000
67770  60.991  -31.328  59.760 0.0000000000
70164  61.097  -29.875  59.788 0.0000000000
70144  58.884  -30.068  61.622 0.0000000000
70121  60.044  -30.072  61.887 0.0000000000
68918  60.004  -31.624  62.939 0.0000000000
67735  60.859  -31.845  61.993 0.0000000000
65200  60.756  -33.469  61.130 0.0000000000
48354  50.338  -47.465  63.892 0.0000000000
49524  51.349  -46.567  64.751 0.0000000000
49523  51.921  -46.876  65.140 0.0000000000
50720  52.243  -45.722  64.880 0.0000000000
50719  52.694  -45.658  64.655 0.0000000000
44611  52.380  -49.307  64.002 0.0000000000
45850  52.740  -48.800  63.918 0.0000000000
47128  52.872  -48.118  64.245 0.0000000000
47163  53.314  -47.875  63.142 0.0000000000
47144  53.159  -47.976  63.775 0.0000000000
48338  53.405  -47.404  64.086 0.0000000000
49520  53.284  -46.398  64.312 0.0000000000
50718  53.118  -45.569  64.439 0.0000000000
51819  52.976  -44.622  64.645 0.0000000000
51818  53.345  -44.603  64.410 0.0000000000
53046  53.914  -43.730  64.105 0.0000000000
51867  54.052  -44.513  62.954 0.0000000000
53060  54.072  -43.670  63.522 0.0000000000
54315  54.090  -42.649  63.332 0.0000000000
54316  54.027  -42.139  62.757 0.0000000000
55516  53.957  -41.339  62.523 0.0000000000
54339  53.341  -42.197  61.060 0.0000000000
53099  52.747  -42.915  60.092 0.0000000000
51893  52.627  -43.743  60.190 0.0000000000
53113  52.277  -43.140  59.395 0.0000000000
45780  43.654  -50.103  66.369 0.0000000000
45804  45.302  -49.915  65.472 0.0000000000
47114  50.645  -48.682  65.519 0.0000000000
47098  49.902  -49.083  65.851 0.0000000000
47097  50.897  -48.870  65.571 0.0000000000
45771  50.961  -49.491  65.541 0.0000000000
44598  51.028  -50.066  65.235 0.0000000000
44613  51.322  -50.229  64.656 0.0000000000
43318  48.655  -51.310  66.312 0.0000000000
43309  48.918  -50.806  66.434 0.0000000000
43317  49.387  -51.061  65.943 0.0000000000
42198  49.670  -51.521  64.982 0.0000000000
43324  49.680  -51.282  65.370 0.0000000000
43323  50.332  -51.037  65.046 0.0000000000
70303  57.403  -29.135  53.446 0.0000000000
69103  55.916  -30.323  52.231 0.0000000000
66472  53.071  -33.627  60.617 0.0000000000
54281  51.396  -43.012  64.769 0.0000000000
53061  50.711  -42.876  64.092 0.0000000000
66433  51.187  -32.966  63.141 0.0000000000
66459  52.396  -33.276  61.536 0.0000000000
66458  53.444  -33.237  61.468 0.0000000000
67720  55.405  -32.058  63.482 0.0000000000
66413  54.941  -32.275  64.423 0.0000000000
67676  56.428  -32.142  64.742 0.0000000000
67675  56.894  -32.345  64.936 0.0000000000
66393  57.421  -33.023  65.162 0.0000000000
65159  57.918  -33.588  64.666 0.0000000000
62810  54.934  -34.817  65.530 0.0000000000
63977  55.680  -34.330  65.181 0.0000000000
62854  55.430  -35.535  63.784 0.0000000000
63991  56.191  -34.573  64.623 0.0000000000
63976  56.475  -34.034  65.040 0.0000000000
63990  57.032  -34.321  64.569 0.0000000000
63989  57.775  -34.214  64.335 0.0000000000
64001  58.168  -34.624  63.719 0.0000000000
62867  58.454  -35.646  62.766 0.0000000000
60339  58.424  -37.404  61.403 0.0000000000
60340  57.299  -37.424  61.370 0.0000000000
59094  58.267  -37.896  60.910 0.0000000000
56700  53.576  -40.204  61.375 0.0000000000
55555  52.657  -41.126  59.250 0.0000000000
57894  53.375  -39.191  61.120 0.0000000000
37505  35.497  -56.288  70.614 0.0000000000
40956  43.732  -52.252  68.356 0.0000000000
40959  41.684  -52.576  68.791 0.0000000000
40978  45.237  -52.475  67.483 0.0000000000
42130  37.336  -52.825  70.747 0.0000000000
42138  40.113  -51.844  69.815 0.0000000000
42139  39.499  -52.043  69.895 0.0000000000
42150  42.773  -51.794  68.848 0.0000000000
42152  41.325  -51.894  69.334 0.0000000000
42154  39.979  -52.061  69.802 0.0000000000
42161  44.567  -51.909  68.146 0.0000000000
42163  43.341  -52.032  68.628 0.0000000000
42173  45.817  -52.166  67.437 0.0000000000
42182  46.191  -52.276  67.103 0.0000000000
43268  39.467  -51.813  69.908 0.0000000000
43270  37.641  -52.304  70.503 0.0000000000
43278  42.794  -51.548  68.870 0.0000000000
43279  42.310  -51.549  69.041 0.0000000000
43290  45.300  -51.674  67.622 0.0000000000
43311  47.447  -51.191  67.016 0.0000000000
44524  44.663  -51.305  67.844 0.0000000000
44527  41.979  -50.871  69.213 0.0000000000
44545  45.368  -51.038  67.371 0.0000000000
44547  44.199  -50.704  68.062 0.0000000000
44548  40.877  -50.794  69.042 0.0000000000
44625  52.507  -49.223  63.750 0.0000000000
45727  46.096  -50.541  66.973 0.0000000000
45770  51.437  -48.988  65.243 0.0000000000
45774  49.110  -49.927  66.309 0.0000000000
45797  52.214  -48.675  64.715 0.0000000000
45800  48.650  -49.339  65.102 0.0000000000
45825  51.915  -49.424  64.627 0.0000000000
47081  48.440  -49.902  66.578 0.0000000000
47094  52.325  -48.082  64.946 0.0000000000
48308  52.295  -47.668  65.041 0.0000000000
48309  51.839  -47.912  65.345 0.0000000000
48320  53.454  -46.892  64.186 0.0000000000
48351  53.865  -46.735  63.804 0.0000000000
49515  51.987  -47.427  65.359 0.0000000000
49537  53.855  -46.362  63.859 0.0000000000
49547  53.999  -46.070  63.598 0.0000000000
54327  53.963  -42.818  62.607 0.0000000000
54340  53.027  -42.436  60.398 0.0000000000
55485  51.928  -41.322  64.922 0.0000000000
57864  53.069  -39.088  66.074 0.0000000000
59038  52.742  -38.376  66.001 0.0000000000
59047  52.423  -38.717  65.708 0.0000000000
59096  53.464  -38.302  60.904 0.0000000000
60253  53.178  -37.009  66.255 0.0000000000
60321  58.688  -36.928  61.689 0.0000000000
60322  58.100  -37.019  61.961 0.0000000000
60323  57.520  -36.918  62.020 0.0000000000
61558  53.988  -36.101  66.095 0.0000000000
61559  53.578  -36.523  66.192 0.0000000000
61560  53.213  -36.495  66.322 0.0000000000
61592  52.314  -36.772  65.563 0.0000000000
61639  56.463  -36.955  61.611 0.0000000000
62795  53.610  -35.888  66.337 0.0000000000
62851  57.896  -35.364  63.244 0.0000000000
62853  56.084  -35.412  63.561 0.0000000000
63975  57.032  -33.836  64.973 0.0000000000
63988  58.417  -33.990  64.085 0.0000000000
63992  55.545  -34.913  64.666 0.0000000000
64021  59.811  -34.784  61.723 0.0000000000
65126  56.293  -33.426  65.459 0.0000000000
65128  55.268  -33.621  65.690 0.0000000000
65141  57.712  -33.455  64.883 0.0000000000
65144  56.207  -33.840  65.343 0.0000000000
65145  54.941  -33.294  65.753 0.0000000000
65160  57.471  -33.906  64.758 0.0000000000
65182  59.788  -33.464  62.725 0.0000000000
66379  56.318  -33.240  65.507 0.0000000000
66392  57.736  -33.250  64.920 0.0000000000
66411  57.649  -32.646  64.846 0.0000000000
66412  55.750  -32.218  64.735 0.0000000000
66427  59.764  -32.699  63.190 0.0000000000
66443  60.180  -32.636  62.684 0.0000000000
67674  57.293  -32.605  64.997 0.0000000000
67693  59.103  -32.469  63.895 0.0000000000
67697  56.366  -31.773  64.196 0.0000000000
67698  55.697  -31.922  64.081 0.0000000000
67736  60.383  -31.943  62.526 0.0000000000
67752  61.095  -31.780  61.339 0.0000000000
67840  57.898  -31.444  54.356 0.0000000000
68934  60.945  -31.331  61.724 0.0000000000
68972  58.386  -30.272  61.433 0.0000000000
69013  57.479  -30.091  58.190 0.0000000000
69031  61.027  -29.914  57.380 0.0000000000
69049  60.035  -29.823  55.580 0.0000000000
70123  58.855  -30.251  62.077 0.0000000000
70182  61.104  -29.727  59.002 0.0000000000
70184  59.638  -29.377  59.707 0.0000000000
70215  61.032  -29.467  57.611 0.0000000000
70257  60.263  -29.132  55.887 0.0000000000
70278  59.951  -28.786  55.524 0.0000000000
71358  60.079  -29.353  59.641 0.0000000000
71374  59.678  -29.212  59.214 0.0000000000
71375  59.177  -29.264  59.114 0.0000000000
71387  60.849  -29.088  57.853 0.0000000000
71404  60.364  -28.864  57.322 0.0000000000
71423  60.595  -29.140  56.874 0.0000000000
71424  60.256  -28.708  56.607 0.0000000000
71428  57.058  -28.658  56.149 0.0000000000
71445  59.625  -28.022  55.626 0.0000000000
71466  59.756  -28.513  55.443 0.0000000000
71510  56.197  -29.194  51.621 0.0000000000
71518  59.814  -27.342  50.647 0.0000000000
72517  59.803  -28.412  56.951 0.0000000000
72528  60.035  -28.388  56.481 0.0000000000
72529  59.853  -28.323  56.662 0.0000000000
72530  59.199  -28.024  56.544 0.0000000000
72544  59.653  -27.910  56.039 0.0000000000
72560  59.319  -27.857  55.547 0.0000000000
72626  59.894  -27.314  49.273 0.0000000000
74782  58.116  -26.147  50.880 0.0000000000
