#!ascii label  , from subject FTD-FPD109 vox2ras=TkReg
1104
54495  39.955  -41.973  52.234 0.0000000000
81738  49.888  -20.093  44.189 0.0000000000
65461  41.772  -32.909  48.257 0.0000000000
45926  20.577  -48.941  61.207 0.0000000000
56777  33.810  -40.261  57.456 0.0000000000
71568  42.471  -27.611  47.924 0.0000000000
49625  27.497  -46.854  57.954 0.0000000000
43387  25.797  -52.149  60.095 0.0000000000
51922  30.656  -44.722  57.918 0.0000000000
79549  55.042  -21.722  43.853 0.0000000000
59184  40.411  -38.358  54.997 0.0000000000
62987  39.572  -35.861  53.256 0.0000000000
58012  45.632  -39.697  53.173 0.0000000000
82748  55.121  -18.188  44.297 0.0000000000
80683  58.475  -19.970  41.450 0.0000000000
80604  45.594  -20.257  48.088 0.0000000000
75973  49.169  -24.857  45.818 0.0000000000
73736  45.277  -26.475  45.498 0.0000000000
67936  46.641  -31.751  47.393 0.0000000000
50837  40.337  -46.018  56.084 0.0000000000
42220  20.067  -52.201  64.309 0.0000000000
41081  15.807  -53.728  64.616 0.0000000000
39820  13.148  -54.753  66.669 0.0000000000
54459  36.263  -42.288  54.336 0.0000000000
50819  34.262  -45.444  57.068 0.0000000000
67868  36.945  -31.648  52.583 0.0000000000
65351  43.495  -33.588  53.340 0.0000000000
83736  62.417  -17.857  41.530 0.0000000000
80640  52.475  -20.641  43.460 0.0000000000
78374  51.659  -22.492  44.456 0.0000000000
58032  40.490  -39.232  52.228 0.0000000000
59225  42.221  -38.492  51.728 0.0000000000
55692  43.191  -41.087  52.442 0.0000000000
82706  50.447  -18.379  46.548 0.0000000000
82716  53.279  -17.943  46.084 0.0000000000
82751  52.082  -18.648  44.115 0.0000000000
80655  53.850  -20.169  43.027 0.0000000000
35061  14.128  -58.595  66.982 0.0000000000
78334  44.482  -22.541  46.721 0.0000000000
75942  43.779  -24.028  48.645 0.0000000000
69186  42.136  -29.953  47.378 0.0000000000
69202  43.778  -29.683  46.418 0.0000000000
66697  44.464  -32.293  47.191 0.0000000000
65439  45.055  -34.404  49.076 0.0000000000
43390  23.358  -51.212  60.100 0.0000000000
42252  25.142  -53.218  62.442 0.0000000000
42255  22.140  -52.018  62.352 0.0000000000
42218  22.289  -53.036  64.526 0.0000000000
43348  20.270  -51.246  62.698 0.0000000000
43340  16.620  -51.487  64.380 0.0000000000
39833  14.506  -54.855  65.372 0.0000000000
55619  35.302  -41.342  56.207 0.0000000000
52011  34.918  -44.242  54.538 0.0000000000
54444  32.607  -42.461  55.772 0.0000000000
48444  30.985  -47.321  58.504 0.0000000000
50777  32.557  -46.082  60.004 0.0000000000
62949  44.174  -35.284  54.599 0.0000000000
65353  41.408  -34.232  53.386 0.0000000000
73698  43.015  -25.723  49.262 0.0000000000
70378  42.167  -28.448  49.924 0.0000000000
69151  40.698  -29.977  49.429 0.0000000000
45959  29.739  -49.198  58.230 0.0000000000
43371  29.269  -52.096  60.884 0.0000000000
45962  26.725  -49.422  58.454 0.0000000000
45949  24.007  -49.805  59.431 0.0000000000
47205  22.981  -48.217  61.023 0.0000000000
56780  31.079  -40.951  57.558 0.0000000000
55563  29.223  -41.550  58.998 0.0000000000
51943  29.120  -45.081  57.652 0.0000000000
61690  38.717  -36.449  57.635 0.0000000000
62939  36.259  -35.505  55.901 0.0000000000
61752  38.930  -36.867  53.933 0.0000000000
60462  42.699  -36.790  52.549 0.0000000000
82778  57.999  -18.506  42.521 0.0000000000
81756  56.139  -19.421  42.420 0.0000000000
79569  56.491  -21.324  43.241 0.0000000000
81705  47.338  -19.683  45.692 0.0000000000
79555  48.759  -21.776  44.594 0.0000000000
79538  46.191  -21.713  45.478 0.0000000000
75975  47.284  -24.667  45.262 0.0000000000
72663  47.996  -27.603  45.841 0.0000000000
72666  43.460  -26.981  46.696 0.0000000000
70417  46.399  -29.232  45.601 0.0000000000
53216  39.496  -43.684  53.798 0.0000000000
53212  43.170  -43.475  54.286 0.0000000000
81666  48.587  -18.962  48.034 0.0000000000
47181  18.282  -47.802  62.753 0.0000000000
44635  17.423  -50.625  63.314 0.0000000000
41095  17.869  -52.957  63.766 0.0000000000
39831  17.808  -54.812  65.647 0.0000000000
38698  16.387  -55.991  65.354 0.0000000000
37592  14.255  -56.655  65.451 0.0000000000
36399  12.710  -57.415  65.778 0.0000000000
37578  11.185  -56.455  66.128 0.0000000000
53247  37.888  -42.370  52.832 0.0000000000
52008  37.973  -44.375  54.129 0.0000000000
50840  37.347  -46.342  55.739 0.0000000000
53140  32.484  -44.230  58.035 0.0000000000
66643  39.421  -32.421  49.855 0.0000000000
65356  36.914  -34.017  52.637 0.0000000000
65405  38.458  -33.759  51.062 0.0000000000
65421  41.784  -34.310  49.719 0.0000000000
54454  46.041  -42.341  54.558 0.0000000000
84716  63.781  -16.936  40.746 0.0000000000
81779  59.946  -18.865  40.905 0.0000000000
81776  62.844  -19.020  40.398 0.0000000000
81737  50.517  -19.635  44.147 0.0000000000
79552  51.616  -21.537  44.046 0.0000000000
80642  50.563  -20.708  44.016 0.0000000000
56859  40.302  -40.230  51.890 0.0000000000
56858  41.529  -40.350  51.639 0.0000000000
55693  41.924  -41.500  52.266 0.0000000000
82720  49.584  -18.854  45.372 0.0000000000
82732  51.260  -18.458  44.848 0.0000000000
82753  50.945  -19.168  44.196 0.0000000000
81749  51.919  -19.403  43.640 0.0000000000
33852  13.019  -59.387  67.187 0.0000000000
77090  44.507  -23.360  49.126 0.0000000000
75941  44.467  -24.296  49.448 0.0000000000
67921  42.009  -31.430  47.664 0.0000000000
66699  42.695  -31.555  47.223 0.0000000000
66680  42.419  -32.370  47.638 0.0000000000
65458  44.723  -33.843  48.414 0.0000000000
65459  43.613  -33.710  48.272 0.0000000000
44652  22.117  -50.089  60.627 0.0000000000
43360  22.629  -51.842  61.375 0.0000000000
43376  21.833  -51.118  61.460 0.0000000000
43347  21.147  -51.604  62.769 0.0000000000
44642  20.451  -50.575  61.805 0.0000000000
56798  34.482  -40.823  56.535 0.0000000000
55640  33.602  -41.635  55.340 0.0000000000
56799  33.425  -40.641  56.561 0.0000000000
45934  31.263  -49.764  59.887 0.0000000000
66533  36.391  -33.025  57.415 0.0000000000
64088  44.353  -34.499  55.471 0.0000000000
70379  41.188  -29.311  50.050 0.0000000000
70362  40.731  -29.203  50.797 0.0000000000
47264  28.085  -48.433  57.513 0.0000000000
44683  28.493  -49.876  58.516 0.0000000000
47255  27.259  -48.252  57.819 0.0000000000
47243  25.358  -48.813  59.300 0.0000000000
45937  24.552  -49.032  60.140 0.0000000000
45938  23.570  -49.327  60.176 0.0000000000
56738  30.778  -39.970  59.305 0.0000000000
50790  28.131  -45.097  58.791 0.0000000000
51924  28.702  -44.347  58.191 0.0000000000
49642  28.301  -46.555  57.459 0.0000000000
48473  29.055  -47.383  57.134 0.0000000000
60424  38.576  -37.187  55.433 0.0000000000
60442  39.328  -37.569  54.767 0.0000000000
59223  43.834  -38.987  52.259 0.0000000000
60473  42.102  -37.455  52.134 0.0000000000
59211  43.966  -37.875  52.544 0.0000000000
60440  45.153  -36.929  53.768 0.0000000000
59195  46.172  -38.792  53.744 0.0000000000
82729  54.212  -17.871  45.195 0.0000000000
82765  56.001  -18.496  43.418 0.0000000000
82781  55.280  -18.908  42.921 0.0000000000
79571  54.447  -20.983  43.341 0.0000000000
80654  54.972  -20.277  42.920 0.0000000000
79570  55.489  -21.153  43.307 0.0000000000
81668  46.761  -19.196  47.269 0.0000000000
80622  46.758  -20.091  45.747 0.0000000000
80624  45.189  -21.025  46.478 0.0000000000
75964  44.688  -24.553  46.026 0.0000000000
77135  45.892  -23.533  45.487 0.0000000000
74852  46.597  -25.520  45.254 0.0000000000
73724  47.866  -26.751  45.580 0.0000000000
72673  46.401  -27.298  45.362 0.0000000000
72636  42.523  -26.450  48.489 0.0000000000
73715  43.063  -26.207  47.581 0.0000000000
72651  43.034  -26.962  47.351 0.0000000000
67956  45.519  -30.973  46.354 0.0000000000
69201  44.514  -29.807  46.052 0.0000000000
69199  46.688  -30.458  46.339 0.0000000000
69198  47.459  -30.228  46.616 0.0000000000
51983  39.448  -44.927  54.871 0.0000000000
51981  41.501  -44.772  55.084 0.0000000000
79505  47.078  -20.222  49.266 0.0000000000
80602  47.700  -19.519  48.666 0.0000000000
81667  47.558  -18.967  47.674 0.0000000000
43406  27.270  -51.551  59.521 0.0000000000
42287  27.252  -52.564  60.843 0.0000000000
42219  21.056  -52.259  64.152 0.0000000000
41058  21.791  -53.425  65.772 0.0000000000
42192  20.474  -53.035  65.804 0.0000000000
41059  19.560  -52.960  65.512 0.0000000000
47157  17.721  -48.255  63.670 0.0000000000
45872  17.597  -49.525  63.000 0.0000000000
45873  17.067  -49.288  63.865 0.0000000000
42223  16.128  -52.521  64.761 0.0000000000
42240  16.824  -52.472  63.975 0.0000000000
41080  16.693  -53.524  64.019 0.0000000000
39842  17.976  -53.848  64.514 0.0000000000
39843  17.441  -54.452  64.559 0.0000000000
38682  17.283  -55.518  66.127 0.0000000000
38710  15.959  -55.232  64.613 0.0000000000
39819  13.913  -54.555  66.134 0.0000000000
38700  13.926  -55.618  65.587 0.0000000000
38701  13.324  -55.780  65.909 0.0000000000
37593  13.113  -56.468  65.806 0.0000000000
37576  12.689  -56.192  66.087 0.0000000000
55655  37.428  -41.849  54.243 0.0000000000
55676  37.673  -41.663  53.560 0.0000000000
54481  37.359  -42.053  53.237 0.0000000000
53218  37.531  -43.629  53.595 0.0000000000
53219  36.459  -43.566  53.756 0.0000000000
51988  34.365  -44.507  55.290 0.0000000000
50869  36.040  -45.657  55.209 0.0000000000
50817  35.776  -46.247  56.405 0.0000000000
54400  30.752  -42.205  57.814 0.0000000000
54399  31.630  -42.730  57.474 0.0000000000
53141  31.883  -43.852  58.057 0.0000000000
50776  33.217  -45.905  59.912 0.0000000000
78353  48.545  -22.983  45.049 0.0000000000
78352  49.627  -23.159  45.017 0.0000000000
77118  50.132  -24.653  45.992 0.0000000000
69111  38.482  -30.211  52.123 0.0000000000
69139  39.111  -30.761  50.670 0.0000000000
67878  37.983  -31.515  51.181 0.0000000000
62988  38.195  -35.911  53.544 0.0000000000
62967  36.335  -34.997  54.269 0.0000000000
64134  38.176  -34.915  53.182 0.0000000000
65352  42.611  -33.774  53.503 0.0000000000
65377  40.470  -34.201  52.399 0.0000000000
65403  40.999  -34.283  51.677 0.0000000000
64195  40.395  -34.258  50.400 0.0000000000
64176  42.220  -34.499  51.136 0.0000000000
65400  44.484  -34.410  51.482 0.0000000000
53210  44.676  -43.224  54.455 0.0000000000
83742  63.129  -17.554  40.830 0.0000000000
81769  58.220  -19.219  41.452 0.0000000000
82803  59.347  -18.695  41.342 0.0000000000
81768  59.183  -19.282  41.054 0.0000000000
80680  61.607  -20.262  41.296 0.0000000000
80678  63.539  -20.282  41.552 0.0000000000
48445  27.454  -46.627  59.585 0.0000000000
48464  26.986  -47.519  58.549 0.0000000000
79550  53.979  -21.601  43.812 0.0000000000
78371  54.653  -22.345  44.382 0.0000000000
78372  53.608  -22.284  44.325 0.0000000000
59213  40.580  -38.662  53.644 0.0000000000
59227  40.635  -38.515  52.643 0.0000000000
58031  41.330  -39.329  51.650 0.0000000000
58030  42.343  -39.319  51.636 0.0000000000
56856  43.809  -40.350  52.389 0.0000000000
81683  52.501  -18.715  47.870 0.0000000000
82705  51.394  -18.331  46.752 0.0000000000
82731  52.127  -18.134  44.935 0.0000000000
82750  52.937  -18.257  44.165 0.0000000000
82767  53.713  -18.695  43.511 0.0000000000
81747  53.264  -19.345  43.252 0.0000000000
80656  52.682  -20.115  43.262 0.0000000000
36370  14.721  -58.233  67.483 0.0000000000
79496  45.478  -21.563  49.565 0.0000000000
79516  44.680  -21.312  47.120 0.0000000000
79508  44.311  -22.058  47.999 0.0000000000
77107  44.104  -23.286  47.158 0.0000000000
74841  43.885  -25.169  46.721 0.0000000000
71569  41.989  -28.424  48.054 0.0000000000
70404  42.565  -28.903  47.316 0.0000000000
69185  43.050  -30.007  46.838 0.0000000000
67938  44.403  -31.338  46.653 0.0000000000
66696  45.492  -32.491  47.441 0.0000000000
66677  45.549  -33.152  48.027 0.0000000000
65438  46.008  -34.263  49.190 0.0000000000
49634  40.080  -46.786  57.164 0.0000000000
43388  24.784  -51.968  60.209 0.0000000000
42289  25.319  -52.552  60.794 0.0000000000
42291  24.119  -52.109  60.537 0.0000000000
42253  23.977  -52.907  62.330 0.0000000000
42234  23.139  -52.934  63.313 0.0000000000
43336  20.784  -51.776  63.350 0.0000000000
43337  20.222  -51.832  63.594 0.0000000000
44622  16.263  -50.495  64.954 0.0000000000
43328  15.592  -51.477  65.712 0.0000000000
42224  15.679  -53.059  65.079 0.0000000000
39832  15.200  -54.477  64.981 0.0000000000
41041  14.891  -53.142  66.054 0.0000000000
41042  14.237  -53.391  66.695 0.0000000000
39799  13.508  -53.922  66.973 0.0000000000
54441  35.551  -42.108  55.042 0.0000000000
53239  35.692  -42.831  53.959 0.0000000000
54461  34.527  -42.653  54.508 0.0000000000
53222  33.448  -43.121  54.949 0.0000000000
53197  33.114  -43.516  55.720 0.0000000000
49622  30.915  -46.089  58.387 0.0000000000
50789  31.935  -45.841  59.391 0.0000000000
49587  31.869  -46.806  59.845 0.0000000000
75963  48.968  -25.419  46.022 0.0000000000
67844  36.429  -31.177  54.554 0.0000000000
62963  42.186  -35.220  53.744 0.0000000000
64132  40.638  -34.893  53.445 0.0000000000
64114  42.932  -34.639  54.303 0.0000000000
65326  42.711  -34.034  54.329 0.0000000000
83729  61.626  -18.241  42.333 0.0000000000
33854  11.435  -59.438  66.357 0.0000000000
72623  44.262  -26.677  50.119 0.0000000000
71558  42.855  -27.110  49.323 0.0000000000
71559  42.105  -27.878  48.939 0.0000000000
70391  41.577  -28.716  48.656 0.0000000000
69167  40.917  -30.172  48.628 0.0000000000
66682  40.859  -31.537  48.668 0.0000000000
44668  30.372  -49.988  59.314 0.0000000000
43383  30.173  -51.061  60.226 0.0000000000
43404  28.885  -50.832  59.440 0.0000000000
44671  27.454  -50.750  59.091 0.0000000000
44672  26.562  -50.956  59.077 0.0000000000
47257  25.940  -48.921  58.663 0.0000000000
45964  25.394  -49.984  58.939 0.0000000000
44674  24.819  -50.575  59.129 0.0000000000
44675  23.877  -50.785  59.496 0.0000000000
45939  22.795  -49.684  60.308 0.0000000000
47206  22.126  -48.055  60.980 0.0000000000
56778  32.782  -40.235  57.337 0.0000000000
57957  31.751  -39.821  58.465 0.0000000000
56759  30.359  -40.987  58.055 0.0000000000
54380  30.092  -42.428  58.134 0.0000000000
54360  28.860  -42.396  59.561 0.0000000000
53144  29.334  -43.313  58.270 0.0000000000
51942  29.891  -45.101  57.701 0.0000000000
49640  30.011  -46.392  57.527 0.0000000000
45958  30.523  -48.699  58.382 0.0000000000
62917  38.370  -35.419  58.502 0.0000000000
64075  36.555  -34.723  57.303 0.0000000000
61703  37.604  -36.534  56.447 0.0000000000
61727  37.312  -36.449  54.832 0.0000000000
61771  40.402  -37.283  52.783 0.0000000000
61750  41.039  -36.441  52.687 0.0000000000
62985  41.655  -35.782  53.193 0.0000000000
61724  43.970  -36.007  53.683 0.0000000000
61710  45.249  -36.125  54.541 0.0000000000
82763  58.252  -18.313  43.510 0.0000000000
82793  57.370  -18.873  41.969 0.0000000000
81755  57.004  -19.614  41.993 0.0000000000
81757  55.210  -19.231  42.805 0.0000000000
80670  56.512  -20.182  42.354 0.0000000000
81721  48.293  -19.819  45.108 0.0000000000
80643  49.361  -20.719  44.311 0.0000000000
80632  48.228  -20.595  44.751 0.0000000000
79536  48.050  -21.741  44.883 0.0000000000
77133  47.948  -23.828  45.238 0.0000000000
78332  45.639  -22.144  45.725 0.0000000000
77134  46.791  -23.598  45.248 0.0000000000
75974  48.406  -24.895  45.548 0.0000000000
74839  48.341  -26.235  45.746 0.0000000000
73714  48.824  -27.329  46.662 0.0000000000
74815  43.504  -24.786  49.411 0.0000000000
74842  43.419  -25.944  47.032 0.0000000000
73725  44.520  -26.164  45.968 0.0000000000
70419  44.092  -28.943  46.228 0.0000000000
71585  44.435  -28.077  46.003 0.0000000000
72674  45.667  -27.113  45.417 0.0000000000
71583  47.266  -28.768  45.731 0.0000000000
53234  39.978  -43.080  53.325 0.0000000000
53232  41.751  -42.971  53.651 0.0000000000
53214  41.378  -43.547  54.100 0.0000000000
51980  42.711  -44.604  55.190 0.0000000000
81686  49.527  -18.542  47.301 0.0000000000
82708  49.025  -18.717  45.946 0.0000000000
48399  20.714  -47.188  61.403 0.0000000000
48363  19.610  -46.440  63.137 0.0000000000
47209  19.558  -47.974  61.513 0.0000000000
44644  18.816  -50.028  61.795 0.0000000000
44634  18.282  -50.579  62.437 0.0000000000
42237  18.757  -52.161  63.452 0.0000000000
43339  17.108  -51.214  63.839 0.0000000000
42238  18.113  -52.382  63.482 0.0000000000
42222  18.658  -52.634  63.933 0.0000000000
41060  19.007  -53.150  65.325 0.0000000000
39817  18.319  -54.342  66.310 0.0000000000
37574  16.087  -56.869  66.876 0.0000000000
38699  15.092  -55.651  65.007 0.0000000000
37591  15.365  -56.910  65.539 0.0000000000
36396  15.110  -57.573  66.176 0.0000000000
36381  14.055  -58.126  65.998 0.0000000000
35086  13.138  -58.012  65.720 0.0000000000
35073  12.186  -58.396  65.865 0.0000000000
37563  11.672  -55.571  66.612 0.0000000000
36383  11.569  -57.468  65.870 0.0000000000
35074  11.167  -58.553  65.731 0.0000000000
56860  39.333  -40.636  52.483 0.0000000000
55696  38.551  -41.307  52.574 0.0000000000
54496  38.760  -42.133  52.501 0.0000000000
53235  39.096  -43.105  53.220 0.0000000000
52007  38.981  -44.345  54.242 0.0000000000
51984  38.448  -45.018  54.721 0.0000000000
52010  35.856  -44.336  54.243 0.0000000000
51985  37.434  -45.055  54.662 0.0000000000
50839  38.351  -46.160  55.888 0.0000000000
55599  31.746  -41.495  56.961 0.0000000000
53180  32.458  -43.189  56.739 0.0000000000
51940  33.470  -44.827  57.382 0.0000000000
51910  32.465  -45.084  58.937 0.0000000000
50787  33.173  -45.370  59.011 0.0000000000
50798  34.290  -45.760  57.992 0.0000000000
79553  50.515  -21.928  44.406 0.0000000000
70363  40.051  -29.808  50.736 0.0000000000
67891  39.810  -31.116  49.782 0.0000000000
66660  40.623  -32.287  49.002 0.0000000000
65286  35.847  -33.540  56.332 0.0000000000
65328  35.786  -33.607  54.188 0.0000000000
66616  36.428  -32.672  52.779 0.0000000000
64154  38.168  -34.419  52.695 0.0000000000
65380  37.380  -33.669  51.869 0.0000000000
65406  37.610  -33.040  51.258 0.0000000000
65424  38.824  -32.961  50.289 0.0000000000
65443  40.599  -33.238  49.239 0.0000000000
65442  41.557  -33.634  48.876 0.0000000000
65419  43.911  -34.576  50.418 0.0000000000
54475  43.614  -42.242  53.348 0.0000000000
54474  44.269  -41.984  53.325 0.0000000000
56835  45.777  -40.881  53.390 0.0000000000
55631  47.041  -41.677  55.375 0.0000000000
58000  47.334  -40.125  54.584 0.0000000000
84710  63.989  -16.434  40.866 0.0000000000
82801  60.516  -18.515  41.216 0.0000000000
82800  61.688  -18.296  41.025 0.0000000000
80681  60.580  -20.184  41.316 0.0000000000
81777  61.875  -18.918  40.500 0.0000000000
82799  62.585  -18.308  40.572 0.0000000000
82798  63.552  -18.324  40.352 0.0000000000
82797  64.400  -18.134  40.363 0.0000000000
55694  40.666  -41.226  51.833 0.0000000000
54494  40.992  -41.930  52.333 0.0000000000
82734  49.848  -19.132  44.859 0.0000000000
82733  50.463  -18.920  44.689 0.0000000000
81719  50.032  -19.287  44.608 0.0000000000
33853  12.368  -59.422  66.672 0.0000000000
66681  41.422  -32.076  48.264 0.0000000000
65460  42.531  -33.367  48.156 0.0000000000
45925  21.453  -49.374  61.051 0.0000000000
44653  21.629  -50.554  61.182 0.0000000000
44641  21.094  -50.288  61.443 0.0000000000
45897  20.706  -49.775  61.327 0.0000000000
44659  31.594  -49.914  60.358 0.0000000000
65252  37.135  -33.491  58.222 0.0000000000
48475  27.558  -47.619  57.624 0.0000000000
49624  27.732  -46.017  58.325 0.0000000000
49643  27.881  -47.139  57.525 0.0000000000
48474  28.268  -47.573  57.326 0.0000000000
60423  39.142  -37.455  55.872 0.0000000000
60441  40.063  -37.977  54.553 0.0000000000
58013  44.801  -39.472  52.761 0.0000000000
59210  44.428  -38.515  52.639 0.0000000000
60459  45.087  -37.985  53.187 0.0000000000
59209  45.369  -38.645  53.181 0.0000000000
79548  56.047  -21.850  43.814 0.0000000000
37553  15.695  -57.287  68.422 0.0000000000
80614  45.993  -19.733  47.242 0.0000000000
80615  45.223  -20.529  47.234 0.0000000000
74853  45.345  -25.366  45.451 0.0000000000
73735  46.037  -26.386  45.302 0.0000000000
67955  46.252  -31.259  46.708 0.0000000000
50865  39.920  -45.520  55.443 0.0000000000
50864  40.964  -45.472  55.552 0.0000000000
79506  45.929  -20.589  49.020 0.0000000000
80603  46.563  -19.602  48.285 0.0000000000
43386  26.850  -52.218  60.094 0.0000000000
42205  20.414  -52.635  65.054 0.0000000000
42193  19.946  -52.856  65.533 0.0000000000
42206  19.610  -52.650  64.932 0.0000000000
47158  17.271  -48.666  63.990 0.0000000000
39844  16.387  -54.492  64.371 0.0000000000
38709  16.728  -55.190  64.668 0.0000000000
38684  13.419  -55.283  66.079 0.0000000000
38685  12.817  -55.681  66.255 0.0000000000
38663  12.486  -54.986  66.899 0.0000000000
54440  36.542  -42.148  55.096 0.0000000000
55636  37.121  -42.107  54.803 0.0000000000
55656  36.841  -42.126  54.491 0.0000000000
55677  36.975  -42.008  53.879 0.0000000000
54482  36.650  -42.444  53.721 0.0000000000
53237  37.180  -42.751  53.275 0.0000000000
53238  36.146  -42.889  53.660 0.0000000000
51958  34.203  -44.866  56.220 0.0000000000
51957  34.829  -45.102  55.769 0.0000000000
50843  34.738  -45.477  56.325 0.0000000000
49638  35.916  -46.604  57.143 0.0000000000
49639  35.240  -46.247  57.412 0.0000000000
54379  30.893  -42.967  57.920 0.0000000000
54378  31.365  -43.333  57.796 0.0000000000
53142  31.162  -43.848  57.904 0.0000000000
77132  49.247  -24.162  45.407 0.0000000000
77119  49.565  -24.727  45.831 0.0000000000
69113  37.172  -30.899  53.238 0.0000000000
69099  37.656  -30.210  53.461 0.0000000000
69112  37.703  -30.693  52.548 0.0000000000
69126  38.096  -30.883  51.821 0.0000000000
67867  37.601  -31.314  51.956 0.0000000000
62989  37.449  -35.259  53.466 0.0000000000
64133  39.202  -34.950  53.227 0.0000000000
65376  41.660  -33.964  52.563 0.0000000000
65375  42.737  -33.866  52.486 0.0000000000
65402  41.987  -34.204  51.723 0.0000000000
65374  43.856  -33.859  52.415 0.0000000000
83735  63.001  -17.347  41.457 0.0000000000
49588  28.164  -45.992  60.696 0.0000000000
48420  27.659  -46.767  60.260 0.0000000000
49604  27.718  -45.968  59.522 0.0000000000
79551  52.756  -21.328  43.718 0.0000000000
78373  52.580  -22.305  44.335 0.0000000000
58015  40.528  -39.434  53.396 0.0000000000
56857  42.718  -40.381  51.950 0.0000000000
55691  43.761  -40.924  52.578 0.0000000000
82730  53.122  -17.924  45.051 0.0000000000
82768  52.748  -18.782  43.687 0.0000000000
82769  52.349  -18.854  43.785 0.0000000000
80641  51.706  -20.384  43.589 0.0000000000
79573  52.817  -20.735  43.408 0.0000000000
79572  53.409  -20.840  43.372 0.0000000000
79497  44.914  -21.911  49.289 0.0000000000
79507  44.747  -21.364  48.411 0.0000000000
78306  44.686  -22.416  49.109 0.0000000000
77091  43.975  -23.285  48.087 0.0000000000
75952  43.849  -24.087  47.500 0.0000000000
75965  44.284  -23.973  46.660 0.0000000000
70405  41.709  -29.219  47.831 0.0000000000
66698  43.445  -31.948  47.140 0.0000000000
67939  43.306  -31.051  46.833 0.0000000000
66678  44.548  -33.124  47.749 0.0000000000
64212  45.428  -34.673  49.787 0.0000000000
43389  24.020  -51.661  60.100 0.0000000000
43373  23.628  -51.863  60.519 0.0000000000
42271  23.017  -52.140  61.335 0.0000000000
42254  22.765  -52.397  62.047 0.0000000000
43363  20.811  -51.097  62.349 0.0000000000
43320  15.203  -51.508  66.345 0.0000000000
42209  15.415  -52.439  65.664 0.0000000000
41061  15.258  -53.472  65.308 0.0000000000
55638  35.345  -41.725  55.576 0.0000000000
54423  35.895  -41.921  55.769 0.0000000000
54442  34.910  -42.181  54.772 0.0000000000
55639  34.631  -41.613  55.387 0.0000000000
55641  32.905  -41.813  55.541 0.0000000000
54462  33.793  -42.793  54.712 0.0000000000
54443  33.223  -42.474  55.105 0.0000000000
53196  33.763  -44.029  55.320 0.0000000000
49603  30.872  -46.633  58.307 0.0000000000
49602  31.337  -46.525  58.911 0.0000000000
48443  31.522  -47.530  59.210 0.0000000000
67845  36.087  -31.886  55.150 0.0000000000
62962  42.924  -35.248  53.915 0.0000000000
64115  41.755  -34.712  53.883 0.0000000000
64113  43.311  -35.000  54.331 0.0000000000
65285  44.148  -34.338  55.388 0.0000000000
65305  43.221  -34.235  54.647 0.0000000000
65325  43.504  -33.834  54.808 0.0000000000
33855  10.664  -59.492  66.166 0.0000000000
71557  43.752  -26.906  49.957 0.0000000000
70392  41.140  -29.272  49.137 0.0000000000
67923  40.734  -30.935  48.720 0.0000000000
69168  40.512  -30.596  49.087 0.0000000000
45946  30.182  -49.759  58.916 0.0000000000
44669  29.539  -50.279  59.157 0.0000000000
44684  27.561  -50.009  58.617 0.0000000000
44670  28.366  -50.504  59.054 0.0000000000
44685  26.705  -50.212  58.791 0.0000000000
48447  26.779  -47.787  59.654 0.0000000000
48465  26.563  -47.933  58.925 0.0000000000
47242  26.130  -48.272  59.304 0.0000000000
47244  24.914  -48.997  59.603 0.0000000000
45947  25.433  -49.339  58.863 0.0000000000
45948  24.813  -49.436  59.198 0.0000000000
44687  25.467  -50.481  59.007 0.0000000000
45923  23.224  -48.935  60.798 0.0000000000
45924  22.425  -49.082  60.777 0.0000000000
57956  32.218  -39.638  58.693 0.0000000000
57936  32.108  -39.519  59.420 0.0000000000
56720  29.490  -40.842  59.197 0.0000000000
56739  30.126  -40.433  58.803 0.0000000000
56740  29.713  -41.066  58.552 0.0000000000
55582  30.187  -41.640  58.149 0.0000000000
55583  29.712  -41.700  58.438 0.0000000000
53145  28.777  -43.589  58.757 0.0000000000
51923  29.604  -44.273  57.763 0.0000000000
50821  30.162  -45.704  57.743 0.0000000000
50822  29.547  -45.751  57.511 0.0000000000
45971  29.321  -48.654  57.630 0.0000000000
47262  29.742  -48.133  57.598 0.0000000000
62928  37.924  -35.830  57.808 0.0000000000
62929  37.155  -35.627  57.339 0.0000000000
61702  38.261  -36.638  56.967 0.0000000000
61725  38.788  -37.186  54.636 0.0000000000
61726  38.158  -36.940  54.845 0.0000000000
61753  38.181  -36.625  54.076 0.0000000000
59226  41.301  -38.459  51.896 0.0000000000
60475  40.465  -37.738  52.881 0.0000000000
60474  41.021  -37.695  52.275 0.0000000000
60461  43.379  -37.263  52.494 0.0000000000
61769  41.361  -37.003  52.362 0.0000000000
61749  42.079  -36.420  52.684 0.0000000000
62984  42.514  -35.708  53.360 0.0000000000
61748  43.179  -36.189  53.168 0.0000000000
60439  45.806  -37.525  53.930 0.0000000000
61722  45.395  -36.632  54.166 0.0000000000
82703  53.397  -18.199  47.094 0.0000000000
82764  57.132  -18.367  43.468 0.0000000000
82779  56.916  -18.812  42.389 0.0000000000
81770  57.464  -19.127  41.802 0.0000000000
81746  54.504  -19.359  42.962 0.0000000000
81745  54.855  -19.045  42.939 0.0000000000
80653  55.998  -20.605  42.862 0.0000000000
80652  56.938  -20.805  42.749 0.0000000000
81704  48.494  -19.106  45.713 0.0000000000
81722  47.709  -20.142  45.177 0.0000000000
80634  46.300  -21.153  45.493 0.0000000000
80633  47.100  -20.632  45.291 0.0000000000
79537  46.830  -21.717  45.255 0.0000000000
78354  47.370  -22.711  45.157 0.0000000000
79526  44.537  -21.849  46.902 0.0000000000
79525  44.908  -21.757  46.461 0.0000000000
78333  45.303  -22.419  46.007 0.0000000000
75976  46.199  -24.458  45.292 0.0000000000
74850  48.471  -25.671  45.732 0.0000000000
74851  47.726  -25.748  45.428 0.0000000000
73723  48.623  -26.894  46.201 0.0000000000
72662  48.502  -27.793  46.397 0.0000000000
73727  43.314  -26.491  46.980 0.0000000000
74828  43.259  -25.525  47.651 0.0000000000
73726  43.754  -26.322  46.557 0.0000000000
72665  44.070  -27.146  46.250 0.0000000000
70420  43.358  -29.113  46.683 0.0000000000
70418  45.156  -28.913  45.630 0.0000000000
71584  45.053  -28.102  45.648 0.0000000000
71599  45.739  -28.045  45.464 0.0000000000
71598  46.690  -28.233  45.444 0.0000000000
70434  46.178  -28.574  45.443 0.0000000000
53215  40.437  -43.618  53.959 0.0000000000
53233  40.918  -43.004  53.456 0.0000000000
50863  42.016  -45.317  55.625 0.0000000000
81665  49.596  -19.144  48.264 0.0000000000
81688  47.505  -19.048  46.585 0.0000000000
81687  48.552  -18.611  46.800 0.0000000000
43384  29.368  -51.296  60.016 0.0000000000
42264  29.859  -52.459  61.415 0.0000000000
42268  25.783  -52.921  61.598 0.0000000000
41057  22.413  -53.569  65.556 0.0000000000
49571  21.000  -46.610  61.697 0.0000000000
48364  18.674  -47.191  63.517 0.0000000000
48382  18.874  -47.157  62.642 0.0000000000
48381  19.535  -46.888  61.996 0.0000000000
47180  18.820  -47.927  62.011 0.0000000000
45899  19.188  -49.070  61.542 0.0000000000
45900  18.248  -49.004  62.340 0.0000000000
43349  19.312  -51.662  63.069 0.0000000000
43350  18.207  -51.587  63.052 0.0000000000
44621  16.789  -50.400  64.186 0.0000000000
41096  17.270  -53.020  63.750 0.0000000000
42239  17.443  -52.407  63.668 0.0000000000
41094  18.269  -52.824  63.860 0.0000000000
42207  18.981  -52.764  64.541 0.0000000000
41078  18.373  -53.248  64.372 0.0000000000
39830  18.292  -53.963  65.255 0.0000000000
38683  16.692  -56.276  66.770 0.0000000000
37590  16.116  -56.749  66.123 0.0000000000
36397  14.512  -57.548  65.761 0.0000000000
36380  14.575  -58.067  66.500 0.0000000000
37594  12.644  -56.770  65.904 0.0000000000
35087  12.841  -58.174  65.792 0.0000000000
36382  12.132  -57.430  65.906 0.0000000000
38664  11.928  -55.251  66.831 0.0000000000
38665  11.435  -55.047  66.924 0.0000000000
37564  11.343  -55.625  66.575 0.0000000000
36384  10.919  -57.492  65.599 0.0000000000
55697  37.885  -41.576  52.985 0.0000000000
55675  38.255  -41.223  53.214 0.0000000000
54480  38.882  -42.691  52.839 0.0000000000
53236  38.240  -42.925  53.051 0.0000000000
53217  38.544  -43.682  53.649 0.0000000000
53220  35.317  -43.340  54.079 0.0000000000
51986  36.437  -44.997  54.775 0.0000000000
50868  36.902  -45.815  55.067 0.0000000000
50867  37.919  -45.756  55.142 0.0000000000
49653  38.789  -46.586  56.531 0.0000000000
49654  37.779  -46.754  56.474 0.0000000000
56779  31.848  -40.515  57.380 0.0000000000
56800  32.488  -40.831  56.610 0.0000000000
53165  32.358  -43.709  57.506 0.0000000000
53179  33.012  -43.941  56.956 0.0000000000
53164  32.857  -44.277  57.667 0.0000000000
51911  32.191  -45.321  59.127 0.0000000000
50788  32.579  -45.533  59.489 0.0000000000
50775  33.789  -45.935  59.477 0.0000000000
50786  33.989  -45.722  58.766 0.0000000000
50799  33.598  -45.333  58.182 0.0000000000
80644  48.709  -21.302  44.509 0.0000000000
79554  49.349  -21.747  44.473 0.0000000000
79534  49.827  -22.464  44.634 0.0000000000
70345  39.951  -29.253  51.555 0.0000000000
67892  39.193  -31.454  50.197 0.0000000000
67907  39.722  -31.695  49.676 0.0000000000
67906  40.272  -31.357  49.212 0.0000000000
66661  39.991  -32.114  49.413 0.0000000000
64089  36.285  -35.246  56.474 0.0000000000
64076  36.066  -34.138  56.716 0.0000000000
64090  35.858  -34.636  56.026 0.0000000000
64118  36.185  -34.362  53.832 0.0000000000
65357  36.274  -33.610  53.195 0.0000000000
66606  35.950  -32.756  53.659 0.0000000000
65381  36.717  -33.353  52.416 0.0000000000
64131  41.444  -34.520  53.625 0.0000000000
65355  39.228  -34.477  52.928 0.0000000000
65354  39.979  -34.422  53.020 0.0000000000
65404  39.879  -34.370  51.211 0.0000000000
65378  39.100  -34.334  52.300 0.0000000000
66629  38.147  -32.533  50.730 0.0000000000
64194  41.155  -34.433  50.367 0.0000000000
65423  39.708  -33.573  50.058 0.0000000000
65422  40.786  -34.044  49.670 0.0000000000
65441  42.658  -34.091  49.004 0.0000000000
65420  42.790  -34.473  50.151 0.0000000000
54458  42.892  -43.099  53.987 0.0000000000
54476  42.595  -42.617  53.462 0.0000000000
54457  43.447  -42.893  53.884 0.0000000000
54455  45.352  -42.700  54.306 0.0000000000
54456  44.460  -42.575  53.800 0.0000000000
55651  45.193  -42.211  53.783 0.0000000000
55670  45.573  -41.459  53.487 0.0000000000
55650  45.817  -41.776  53.879 0.0000000000
56820  47.051  -41.080  54.721 0.0000000000
59194  46.931  -38.923  54.436 0.0000000000
84711  63.356  -16.663  41.402 0.0000000000
84715  64.447  -16.749  40.642 0.0000000000
82777  59.077  -18.422  42.587 0.0000000000
82790  59.882  -18.354  41.820 0.0000000000
81765  62.223  -19.643  40.781 0.0000000000
81766  61.222  -19.560  40.840 0.0000000000
82719  50.420  -18.469  45.571 0.0000000000
82752  51.329  -18.883  44.235 0.0000000000
81735  51.784  -18.994  43.915 0.0000000000
81736  51.533  -19.385  43.814 0.0000000000
35062  13.573  -59.062  67.477 0.0000000000
77072  44.967  -22.957  49.448 0.0000000000
77089  44.986  -23.945  49.531 0.0000000000
67941  41.861  -30.666  47.648 0.0000000000
67940  42.471  -30.799  47.196 0.0000000000
66679  43.472  -32.891  47.563 0.0000000000
65440  43.879  -34.372  49.245 0.0000000000
44663  22.721  -50.615  60.321 0.0000000000
43391  22.812  -51.211  60.496 0.0000000000
43375  22.297  -51.150  60.949 0.0000000000
43361  22.111  -51.626  61.796 0.0000000000
43346  21.713  -51.757  62.389 0.0000000000
43362  21.334  -51.091  61.911 0.0000000000
44632  19.935  -50.782  62.070 0.0000000000
42194  14.686  -52.276  66.821 0.0000000000
55620  34.717  -41.208  55.994 0.0000000000
56814  33.942  -41.085  55.875 0.0000000000
55621  33.079  -41.156  55.897 0.0000000000
45944  31.590  -48.966  59.536 0.0000000000
47240  31.570  -48.450  59.364 0.0000000000
45933  31.716  -49.283  59.954 0.0000000000
66550  36.220  -32.596  56.846 0.0000000000
62948  44.779  -35.550  54.786 0.0000000000
64101  43.870  -34.736  54.897 0.0000000000
64087  44.777  -34.898  55.587 0.0000000000
70361  41.787  -28.536  50.904 0.0000000000
69137  40.482  -29.968  50.173 0.0000000000
45972  28.850  -48.889  57.624 0.0000000000
45960  28.702  -49.370  58.025 0.0000000000
45973  28.315  -49.009  57.719 0.0000000000
45961  27.679  -49.169  58.003 0.0000000000
47229  25.676  -48.527  60.031 0.0000000000
47230  25.113  -48.779  59.910 0.0000000000
55548  29.158  -41.319  59.956 0.0000000000
51900  28.716  -43.969  59.927 0.0000000000
51912  28.514  -44.187  59.161 0.0000000000
50802  28.379  -45.433  57.859 0.0000000000
50823  28.870  -45.826  57.428 0.0000000000
49641  29.273  -46.494  57.263 0.0000000000
47263  28.888  -48.235  57.310 0.0000000000
60464  39.655  -37.494  53.921 0.0000000000
60472  42.761  -37.908  52.080 0.0000000000
61747  44.019  -36.558  53.199 0.0000000000
60460  44.622  -37.328  53.135 0.0000000000
60438  46.491  -38.205  54.248 0.0000000000
82715  54.354  -17.898  46.293 0.0000000000
82780  55.736  -18.882  42.820 0.0000000000
81689  46.655  -19.545  46.461 0.0000000000
81706  46.687  -19.890  46.013 0.0000000000
80623  46.071  -20.366  46.123 0.0000000000
77120  44.948  -23.440  46.155 0.0000000000
77136  45.427  -23.535  45.738 0.0000000000
75977  45.387  -24.135  45.628 0.0000000000
73734  46.996  -26.526  45.315 0.0000000000
72672  47.263  -27.437  45.455 0.0000000000
72635  43.594  -26.440  49.597 0.0000000000
67957  44.757  -30.581  46.181 0.0000000000
69200  45.501  -30.088  45.825 0.0000000000
52006  39.964  -44.291  54.385 0.0000000000
52005  40.940  -44.209  54.525 0.0000000000
51982  40.455  -44.847  55.008 0.0000000000
79494  47.915  -20.733  50.084 0.0000000000
79504  47.845  -20.044  49.287 0.0000000000
43385  28.145  -52.118  60.343 0.0000000000
43372  28.621  -52.409  61.047 0.0000000000
42266  28.037  -52.775  61.450 0.0000000000
42203  21.940  -53.291  65.307 0.0000000000
42204  21.286  -53.023  65.397 0.0000000000
41038  20.539  -53.431  66.450 0.0000000000
41039  19.699  -53.275  66.154 0.0000000000
41079  17.643  -53.584  64.033 0.0000000000
38697  17.231  -55.307  65.180 0.0000000000
36398  13.593  -57.582  65.698 0.0000000000
37579  10.701  -56.360  65.824 0.0000000000
53248  37.538  -42.241  52.937 0.0000000000
51987  35.410  -44.932  55.106 0.0000000000
50842  35.418  -45.735  55.876 0.0000000000
50841  36.326  -46.203  55.848 0.0000000000
49655  36.748  -46.742  56.422 0.0000000000
49656  36.167  -46.508  56.429 0.0000000000
55600  31.059  -41.678  57.546 0.0000000000
49585  33.034  -46.439  60.637 0.0000000000
79535  49.006  -22.332  44.685 0.0000000000
77131  50.426  -23.973  45.459 0.0000000000
70331  38.248  -29.938  52.857 0.0000000000
70346  39.156  -29.933  51.727 0.0000000000
69125  38.662  -30.622  51.285 0.0000000000
67877  38.662  -31.200  50.740 0.0000000000
67893  38.505  -31.771  50.562 0.0000000000
62966  36.940  -35.793  54.193 0.0000000000
62951  36.209  -35.304  55.062 0.0000000000
64117  36.761  -34.931  53.623 0.0000000000
64135  37.370  -34.583  53.046 0.0000000000
64178  40.732  -34.479  50.938 0.0000000000
64177  41.480  -34.512  51.086 0.0000000000
64193  41.965  -34.496  50.549 0.0000000000
65401  42.983  -34.357  51.329 0.0000000000
53194  43.486  -43.943  54.814 0.0000000000
53211  43.946  -43.361  54.343 0.0000000000
53193  44.354  -43.820  55.016 0.0000000000
53192  45.147  -43.458  54.990 0.0000000000
54435  45.811  -42.940  55.066 0.0000000000
82792  57.788  -18.796  41.878 0.0000000000
82791  58.929  -18.669  41.607 0.0000000000
80679  62.598  -20.290  41.376 0.0000000000
81764  63.202  -19.693  40.861 0.0000000000
81775  63.650  -19.127  40.482 0.0000000000
49605  27.335  -46.646  58.911 0.0000000000
48446  27.230  -47.151  59.589 0.0000000000
51890  28.610  -43.995  60.701 0.0000000000
50779  28.405  -44.925  59.975 0.0000000000
59197  40.493  -38.462  54.444 0.0000000000
58047  41.904  -39.042  51.524 0.0000000000
58046  42.173  -38.958  51.569 0.0000000000
58029  43.382  -39.501  52.053 0.0000000000
58028  44.126  -39.468  52.407 0.0000000000
56855  44.384  -39.966  52.557 0.0000000000
82704  52.384  -18.299  46.917 0.0000000000
82717  52.262  -18.098  45.915 0.0000000000
82718  51.309  -18.255  45.762 0.0000000000
82749  54.003  -18.133  44.178 0.0000000000
81748  52.242  -19.206  43.610 0.0000000000
36369  15.241  -57.781  67.962 0.0000000000
79517  44.393  -21.914  47.450 0.0000000000
78307  44.300  -22.494  48.429 0.0000000000
78319  44.193  -22.588  47.631 0.0000000000
77121  44.427  -23.305  46.643 0.0000000000
74840  44.540  -25.308  45.940 0.0000000000
69184  43.945  -30.443  46.440 0.0000000000
67937  45.467  -31.730  46.906 0.0000000000
66676  46.597  -32.954  48.336 0.0000000000
65456  46.479  -33.691  48.822 0.0000000000
65457  45.741  -33.785  48.578 0.0000000000
65437  46.977  -33.945  49.365 0.0000000000
49652  39.727  -46.484  56.581 0.0000000000
49651  40.541  -46.407  56.666 0.0000000000
43408  25.271  -51.545  59.476 0.0000000000
42290  24.510  -52.469  60.781 0.0000000000
42269  24.729  -52.814  61.493 0.0000000000
43374  23.039  -51.732  60.820 0.0000000000
42270  23.673  -52.446  61.158 0.0000000000
42235  21.903  -52.311  63.101 0.0000000000
42236  21.220  -51.986  63.366 0.0000000000
43338  19.760  -52.000  63.756 0.0000000000
43327  16.058  -51.415  65.164 0.0000000000
42208  15.831  -51.975  65.334 0.0000000000
41062  14.627  -53.970  65.693 0.0000000000
39800  12.636  -53.892  67.511 0.0000000000
54483  36.021  -42.611  53.982 0.0000000000
54460  35.436  -42.549  54.327 0.0000000000
55658  34.003  -42.152  54.861 0.0000000000
53221  34.053  -43.586  54.729 0.0000000000
51989  33.742  -44.323  55.766 0.0000000000
51921  31.768  -44.860  58.541 0.0000000000
50800  31.257  -45.589  58.523 0.0000000000
50778  32.204  -46.319  59.933 0.0000000000
48419  31.958  -47.888  59.999 0.0000000000
49568  32.310  -47.283  60.362 0.0000000000
49586  32.462  -46.669  60.288 0.0000000000
69100  37.024  -30.648  54.040 0.0000000000
67860  36.597  -31.350  53.614 0.0000000000
62964  41.474  -35.293  53.553 0.0000000000
64116  41.125  -35.133  53.607 0.0000000000
65327  41.819  -34.334  53.835 0.0000000000
64102  43.448  -34.368  54.754 0.0000000000
66584  43.067  -33.661  54.153 0.0000000000
82788  61.789  -18.177  41.560 0.0000000000
80668  58.863  -20.612  42.044 0.0000000000
73681  44.781  -26.232  50.205 0.0000000000
71546  42.761  -27.673  49.819 0.0000000000
70406  41.296  -29.479  48.388 0.0000000000
69187  41.451  -30.082  47.923 0.0000000000
67922  41.333  -30.993  48.226 0.0000000000
44660  30.765  -50.449  60.084 0.0000000000
43405  28.262  -51.217  59.534 0.0000000000
43407  26.247  -51.645  59.466 0.0000000000
47256  26.648  -48.456  58.382 0.0000000000
45963  26.012  -49.700  58.760 0.0000000000
44686  25.965  -50.390  58.909 0.0000000000
44673  25.710  -50.979  59.070 0.0000000000
43409  24.401  -51.389  59.583 0.0000000000
43410  23.882  -51.295  59.771 0.0000000000
44662  23.246  -50.227  59.788 0.0000000000
56756  33.045  -39.765  58.303 0.0000000000
56757  32.121  -39.949  58.032 0.0000000000
56758  31.136  -40.167  58.241 0.0000000000
56781  30.746  -41.270  57.740 0.0000000000
55601  30.571  -41.597  57.883 0.0000000000
53143  30.261  -43.523  57.837 0.0000000000
53123  28.949  -42.968  58.918 0.0000000000
54381  29.299  -42.359  58.675 0.0000000000
51941  30.322  -45.252  57.878 0.0000000000
49623  30.523  -46.232  57.963 0.0000000000
48472  29.828  -47.187  57.408 0.0000000000
47253  30.471  -47.955  58.078 0.0000000000
47241  31.065  -48.239  58.734 0.0000000000
45945  30.940  -49.340  59.174 0.0000000000
64065  36.968  -34.105  57.945 0.0000000000
64074  37.279  -35.222  57.774 0.0000000000
62938  36.821  -35.915  56.495 0.0000000000
61713  37.408  -36.581  55.658 0.0000000000
62950  36.738  -36.010  55.352 0.0000000000
62965  37.675  -36.452  54.228 0.0000000000
60463  40.170  -37.902  53.692 0.0000000000
61770  40.675  -37.175  52.569 0.0000000000
61751  40.032  -36.949  53.001 0.0000000000
62986  40.757  -35.732  53.211 0.0000000000
62983  43.071  -35.590  53.583 0.0000000000
62961  43.610  -35.420  54.027 0.0000000000
61723  44.719  -36.304  53.893 0.0000000000
62960  44.261  -35.686  54.192 0.0000000000
80684  57.708  -19.693  41.645 0.0000000000
82766  54.923  -18.714  43.267 0.0000000000
80672  55.029  -19.628  42.792 0.0000000000
80671  55.603  -19.911  42.576 0.0000000000
80669  57.638  -20.472  42.179 0.0000000000
81720  49.347  -19.525  44.770 0.0000000000
80631  48.771  -20.117  44.665 0.0000000000
79524  45.644  -21.592  45.833 0.0000000000
78355  46.100  -22.480  45.488 0.0000000000
78356  45.525  -23.071  45.763 0.0000000000
74838  48.797  -26.089  46.126 0.0000000000
73722  49.003  -26.431  46.506 0.0000000000
74827  43.439  -24.765  48.007 0.0000000000
74816  42.847  -25.153  48.529 0.0000000000
71586  43.317  -27.963  46.655 0.0000000000
72664  44.932  -27.314  45.673 0.0000000000
71597  47.475  -28.134  45.646 0.0000000000
70416  47.572  -29.528  46.303 0.0000000000
70415  48.165  -29.070  46.558 0.0000000000
71582  47.952  -28.507  46.147 0.0000000000
54478  40.472  -42.504  52.784 0.0000000000
53213  42.371  -43.474  54.187 0.0000000000
52004  41.898  -44.136  54.603 0.0000000000
52003  42.459  -44.052  54.642 0.0000000000
53195  42.844  -43.931  54.612 0.0000000000
81685  50.500  -18.619  47.560 0.0000000000
82707  49.575  -18.492  46.261 0.0000000000
81703  49.110  -19.084  45.373 0.0000000000
42265  29.033  -52.644  61.521 0.0000000000
42288  26.318  -52.567  60.833 0.0000000000
48397  22.377  -47.331  61.441 0.0000000000
47207  21.128  -48.093  61.137 0.0000000000
48400  20.024  -47.353  61.509 0.0000000000
45898  20.048  -49.583  61.381 0.0000000000
44643  19.611  -50.221  61.678 0.0000000000
44633  19.371  -50.851  62.200 0.0000000000
42221  19.342  -52.333  63.984 0.0000000000
43352  17.107  -51.860  63.847 0.0000000000
43351  17.538  -51.692  63.469 0.0000000000
41040  18.852  -53.706  66.177 0.0000000000
37562  15.722  -57.308  67.393 0.0000000000
39845  15.748  -54.601  64.580 0.0000000000
38711  15.493  -55.009  64.746 0.0000000000
37575  15.662  -57.258  66.464 0.0000000000
36379  15.206  -57.733  66.978 0.0000000000
35071  14.047  -58.387  66.396 0.0000000000
35072  13.353  -58.655  66.240 0.0000000000
38686  12.309  -55.560  66.521 0.0000000000
37577  12.144  -56.354  66.195 0.0000000000
62927  38.864  -35.994  58.202 0.0000000000
56838  39.953  -40.021  52.819 0.0000000000
55695  39.526  -41.227  52.083 0.0000000000
56861  38.771  -40.859  52.931 0.0000000000
54479  39.508  -42.596  52.760 0.0000000000
50866  38.919  -45.614  55.308 0.0000000000
52009  36.930  -44.367  54.126 0.0000000000
50838  39.342  -46.044  55.993 0.0000000000
55622  32.444  -41.648  56.159 0.0000000000
54424  32.204  -42.393  56.535 0.0000000000
53198  32.484  -42.926  56.141 0.0000000000
51959  33.517  -44.435  56.456 0.0000000000
51939  33.874  -44.880  56.795 0.0000000000
51920  32.370  -44.631  58.443 0.0000000000
51909  32.716  -44.981  58.675 0.0000000000
51919  32.947  -44.789  58.238 0.0000000000
50820  33.899  -45.350  57.663 0.0000000000
50797  34.816  -45.957  57.503 0.0000000000
78375  51.116  -22.715  44.578 0.0000000000
78351  50.663  -23.081  44.862 0.0000000000
70344  41.087  -28.379  51.639 0.0000000000
69124  39.433  -30.138  51.022 0.0000000000
69138  39.725  -30.521  50.278 0.0000000000
69152  40.212  -30.578  49.630 0.0000000000
66659  41.165  -32.859  48.693 0.0000000000
65267  36.613  -33.570  57.697 0.0000000000
65268  36.193  -33.602  57.104 0.0000000000
66567  35.849  -32.672  55.768 0.0000000000
64103  35.873  -34.462  54.754 0.0000000000
65306  35.647  -33.615  55.293 0.0000000000
66585  35.746  -32.720  54.682 0.0000000000
67861  36.077  -31.946  54.136 0.0000000000
67869  36.327  -32.049  53.318 0.0000000000
64153  38.760  -34.521  52.944 0.0000000000
65379  38.104  -34.122  52.055 0.0000000000
64155  37.569  -34.179  52.457 0.0000000000
66615  37.016  -32.657  51.893 0.0000000000
67879  37.359  -31.874  51.731 0.0000000000
66630  37.556  -32.322  51.295 0.0000000000
66644  38.801  -32.240  50.302 0.0000000000
64213  44.607  -34.646  49.779 0.0000000000
54477  41.540  -42.323  52.892 0.0000000000
55674  42.239  -42.072  52.863 0.0000000000
55673  42.917  -41.828  52.870 0.0000000000
55672  43.945  -41.387  52.923 0.0000000000
56837  44.068  -40.815  52.656 0.0000000000
56836  44.714  -40.547  52.830 0.0000000000
54415  46.771  -42.527  55.817 0.0000000000
55649  46.554  -41.727  54.585 0.0000000000
56821  46.596  -40.940  54.072 0.0000000000
58001  46.518  -39.883  53.779 0.0000000000
82776  60.133  -18.347  42.720 0.0000000000
82789  61.085  -18.248  41.897 0.0000000000
80682  59.524  -20.100  41.342 0.0000000000
81767  60.208  -19.483  40.925 0.0000000000
81778  60.872  -18.876  40.700 0.0000000000
83743  62.451  -17.955  40.916 0.0000000000
83741  64.025  -17.484  40.407 0.0000000000
44661  29.968  -50.793  59.858 0.0000000000
44682  29.124  -49.712  58.456 0.0000000000
45927  19.909  -48.723  61.327 0.0000000000
47208  20.293  -48.037  61.288 0.0000000000
47226  31.855  -48.652  59.838 0.0000000000
47254  30.133  -48.519  58.043 0.0000000000
47261  30.157  -47.597  57.689 0.0000000000
48380  20.235  -46.826  61.683 0.0000000000
48398  21.724  -47.014  61.467 0.0000000000
48463  30.480  -47.051  57.841 0.0000000000
49557  19.930  -46.382  62.509 0.0000000000
49572  20.599  -46.690  61.698 0.0000000000
49620  35.093  -46.372  58.191 0.0000000000
50801  30.641  -45.576  58.072 0.0000000000
50818  35.171  -45.962  56.821 0.0000000000
50862  42.599  -45.156  55.665 0.0000000000
54401  30.415  -41.944  58.030 0.0000000000
54416  46.214  -42.984  55.607 0.0000000000
54434  46.439  -42.385  55.148 0.0000000000
54493  41.475  -41.919  52.469 0.0000000000
54497  37.893  -41.905  52.672 0.0000000000
55637  36.816  -42.163  54.774 0.0000000000
55657  34.499  -42.134  54.844 0.0000000000
55671  45.013  -41.653  53.332 0.0000000000
56760  29.977  -41.323  58.291 0.0000000000
56813  34.438  -41.172  55.938 0.0000000000
57937  31.542  -39.684  58.957 0.0000000000
59224  43.314  -38.470  52.113 0.0000000000
59238  41.989  -38.803  51.564 0.0000000000
59239  41.730  -38.806  51.619 0.0000000000
60443  38.785  -37.301  55.094 0.0000000000
61712  38.261  -36.960  55.961 0.0000000000
62937  37.514  -36.164  57.043 0.0000000000
64100  44.379  -35.110  55.003 0.0000000000
64136  36.646  -34.335  53.229 0.0000000000
64175  42.547  -34.491  51.117 0.0000000000
64191  44.889  -34.722  50.520 0.0000000000
64192  42.487  -34.522  50.862 0.0000000000
65304  43.784  -34.073  55.145 0.0000000000
65444  40.013  -32.764  49.443 0.0000000000
66515  37.327  -32.862  58.379 0.0000000000
66532  36.970  -32.441  57.690 0.0000000000
66549  36.681  -32.065  57.035 0.0000000000
66566  43.832  -33.734  55.079 0.0000000000
69183  46.817  -31.072  46.890 0.0000000000
70435  45.865  -28.716  45.465 0.0000000000
72634  44.397  -26.370  50.077 0.0000000000
73699  42.766  -25.776  48.250 0.0000000000
80657  51.989  -19.669  43.512 0.0000000000
81758  54.914  -19.397  42.855 0.0000000000
81780  59.426  -18.828  41.154 0.0000000000
82721  49.053  -18.933  45.625 0.0000000000
82802  59.673  -18.636  41.306 0.0000000000
83737  61.865  -18.161  41.955 0.0000000000
