#!ascii label  , from subject FTD-FPD109 vox2ras=TkReg
1004
118518  49.116  20.124  39.433 0.0000000000
122461  53.647  24.837  47.017 0.0000000000
114580  53.526  14.623  49.950 0.0000000000
116965  43.965  17.310  40.581 0.0000000000
115432  46.417  15.722  45.100 0.0000000000
121848  52.712  23.479  39.200 0.0000000000
123784  47.609  26.370  46.948 0.0000000000
125831  48.930  29.318  49.760 0.0000000000
111683  57.475  10.938  50.557 0.0000000000
112742  55.561  12.416  43.847 0.0000000000
119270  54.756  21.178  43.071 0.0000000000
117682  51.334  17.972  46.570 0.0000000000
119227  54.328  20.721  49.363 0.0000000000
116114  53.409  16.361  53.562 0.0000000000
125919  47.846  29.670  44.016 0.0000000000
125210  52.132  28.595  44.157 0.0000000000
112710  49.941  12.831  45.650 0.0000000000
117719  45.747  19.041  40.268 0.0000000000
116961  45.265  17.826  42.818 0.0000000000
118467  47.428  18.888  43.025 0.0000000000
119334  50.760  20.819  37.246 0.0000000000
118565  47.329  19.494  36.537 0.0000000000
124447  44.685  27.718  48.814 0.0000000000
108975  58.063  8.668  50.839 0.0000000000
110779  58.689  9.966  46.776 0.0000000000
109035  55.971  8.884  46.690 0.0000000000
128468  48.372  33.076  40.282 0.0000000000
121781  54.344  23.497  45.671 0.0000000000
119246  54.798  21.179  46.857 0.0000000000
120930  54.732  22.257  48.063 0.0000000000
117642  49.038  18.164  50.196 0.0000000000
117627  51.887  19.144  51.982 0.0000000000
115371  51.142  15.714  52.809 0.0000000000
113642  53.658  13.744  53.594 0.0000000000
124466  52.641  27.702  48.110 0.0000000000
125860  51.906  30.001  47.853 0.0000000000
123794  53.845  26.606  45.861 0.0000000000
122520  52.856  24.193  43.657 0.0000000000
116175  52.257  16.179  48.412 0.0000000000
115419  49.973  15.289  47.357 0.0000000000
113708  51.522  13.529  48.606 0.0000000000
113726  45.556  14.466  43.907 0.0000000000
113738  47.534  12.989  43.612 0.0000000000
124536  52.437  27.610  39.461 0.0000000000
122557  50.571  24.714  40.210 0.0000000000
123780  51.391  26.056  46.722 0.0000000000
121738  52.376  22.779  47.987 0.0000000000
128388  44.281  33.491  48.044 0.0000000000
127148  46.961  31.689  48.668 0.0000000000
124443  48.407  27.450  49.409 0.0000000000
113700  55.438  13.111  50.484 0.0000000000
112698  54.178  12.062  47.719 0.0000000000
112703  56.655  11.713  47.171 0.0000000000
111722  57.072  11.538  43.234 0.0000000000
118501  51.538  20.410  40.435 0.0000000000
118464  50.205  19.763  43.383 0.0000000000
118449  52.990  20.141  45.016 0.0000000000
118428  53.183  19.205  47.399 0.0000000000
116916  53.557  17.514  49.948 0.0000000000
120008  53.110  21.294  50.686 0.0000000000
117626  53.792  18.755  51.482 0.0000000000
115391  54.657  15.751  51.595 0.0000000000
113656  55.435  13.639  52.766 0.0000000000
110720  56.136  10.350  53.067 0.0000000000
127230  45.926  31.383  41.952 0.0000000000
127824  49.870  32.551  42.873 0.0000000000
127181  51.404  31.419  45.388 0.0000000000
125924  52.078  29.892  42.124 0.0000000000
123806  52.082  26.110  41.690 0.0000000000
120111  53.891  22.041  40.077 0.0000000000
116948  48.703  17.367  45.678 0.0000000000
113716  48.060  13.878  45.862 0.0000000000
113736  49.106  12.716  43.072 0.0000000000
112726  52.786  12.560  44.310 0.0000000000
118505  47.061  19.532  40.284 0.0000000000
118490  46.912  19.278  41.496 0.0000000000
118489  47.860  19.567  41.382 0.0000000000
118532  49.729  20.283  38.711 0.0000000000
118575  48.963  20.215  36.514 0.0000000000
118534  47.746  19.722  38.236 0.0000000000
118535  46.821  19.422  38.024 0.0000000000
108986  56.868  8.254  50.709 0.0000000000
109009  57.277  8.728  49.089 0.0000000000
109010  56.058  8.932  48.873 0.0000000000
111749  46.782  11.025  41.733 0.0000000000
122475  54.163  24.682  46.445 0.0000000000
121769  54.795  22.819  46.891 0.0000000000
121755  54.070  23.584  47.017 0.0000000000
116907  48.733  17.312  50.345 0.0000000000
116891  49.892  17.173  51.438 0.0000000000
123756  53.362  26.952  47.250 0.0000000000
124493  53.561  27.827  47.228 0.0000000000
123755  53.805  26.166  46.671 0.0000000000
122496  54.043  25.123  45.450 0.0000000000
115402  53.115  15.486  49.516 0.0000000000
114588  51.912  14.446  48.858 0.0000000000
113707  52.375  13.460  49.167 0.0000000000
116205  43.691  16.888  41.285 0.0000000000
116201  43.835  16.494  42.158 0.0000000000
116955  46.045  17.146  44.287 0.0000000000
115437  45.244  15.699  43.876 0.0000000000
115433  45.848  15.686  44.544 0.0000000000
113739  46.493  13.339  43.780 0.0000000000
114605  46.443  14.788  44.831 0.0000000000
123851  52.959  25.815  39.381 0.0000000000
123221  52.035  25.579  39.254 0.0000000000
121849  51.717  23.529  39.365 0.0000000000
116976  44.416  17.892  39.385 0.0000000000
116218  43.237  16.996  39.273 0.0000000000
123782  49.755  26.335  46.664 0.0000000000
122479  49.979  24.365  46.162 0.0000000000
122480  48.929  24.261  45.873 0.0000000000
123762  47.099  27.180  47.829 0.0000000000
124445  46.457  27.614  49.218 0.0000000000
123761  48.244  26.853  47.736 0.0000000000
123737  49.929  27.207  48.432 0.0000000000
112681  56.545  11.963  49.934 0.0000000000
112688  55.986  12.156  49.033 0.0000000000
111699  57.238  11.421  48.443 0.0000000000
109928  57.986  9.607  44.990 0.0000000000
110786  57.969  10.439  44.616 0.0000000000
109945  57.313  10.233  43.028 0.0000000000
118483  53.097  20.570  41.362 0.0000000000
118462  52.354  20.353  43.004 0.0000000000
119272  53.770  20.579  43.335 0.0000000000
119239  54.587  20.659  48.458 0.0000000000
118427  54.118  20.301  46.891 0.0000000000
118418  54.250  19.893  48.019 0.0000000000
117653  53.482  18.422  49.426 0.0000000000
118409  53.876  19.296  49.743 0.0000000000
120935  50.816  21.934  48.972 0.0000000000
120910  52.632  22.005  49.696 0.0000000000
120035  51.711  21.580  49.994 0.0000000000
116879  51.857  17.710  52.916 0.0000000000
118373  52.718  19.074  52.213 0.0000000000
116877  53.754  17.430  52.851 0.0000000000
116903  54.360  17.209  51.793 0.0000000000
116876  54.396  16.768  52.968 0.0000000000
115375  55.023  15.018  52.518 0.0000000000
115353  54.369  15.295  53.414 0.0000000000
111650  53.790  11.700  53.485 0.0000000000
112628  54.172  12.764  53.590 0.0000000000
126600  46.339  30.756  42.673 0.0000000000
127228  48.575  31.717  42.275 0.0000000000
127211  48.981  31.170  43.057 0.0000000000
125849  47.419  29.837  49.144 0.0000000000
125864  47.308  29.410  47.940 0.0000000000
125149  48.640  29.012  48.405 0.0000000000
125877  52.994  29.728  46.554 0.0000000000
126545  51.569  30.919  46.180 0.0000000000
126572  52.859  30.725  44.587 0.0000000000
127192  52.682  31.579  44.046 0.0000000000
125917  52.018  29.215  43.255 0.0000000000
124518  51.798  27.585  41.430 0.0000000000
123803  51.477  26.849  43.189 0.0000000000
120989  54.202  22.559  43.312 0.0000000000
121802  53.418  23.431  41.911 0.0000000000
120100  54.139  21.554  41.592 0.0000000000
118513  52.871  20.555  39.683 0.0000000000
118451  50.661  19.076  45.175 0.0000000000
118458  49.822  19.252  44.489 0.0000000000
117687  50.129  18.369  45.639 0.0000000000
113711  49.769  13.365  47.101 0.0000000000
114595  48.783  14.457  46.734 0.0000000000
113715  48.885  13.398  46.027 0.0000000000
113718  48.923  13.103  44.616 0.0000000000
112729  49.855  12.719  43.824 0.0000000000
112714  54.906  12.284  45.586 0.0000000000
112715  53.901  12.406  45.444 0.0000000000
112725  53.803  12.580  44.457 0.0000000000
117710  44.980  18.330  40.725 0.0000000000
116962  44.748  17.615  42.218 0.0000000000
117705  45.547  18.346  42.168 0.0000000000
117700  46.470  18.241  43.415 0.0000000000
116954  46.815  17.362  44.640 0.0000000000
121068  51.954  21.855  38.032 0.0000000000
117739  45.535  18.963  38.254 0.0000000000
109903  58.162  9.607  50.827 0.0000000000
110774  58.415  10.397  48.211 0.0000000000
109913  58.826  9.164  48.192 0.0000000000
109921  58.315  9.053  46.802 0.0000000000
120987  54.908  21.905  44.164 0.0000000000
119263  54.579  21.240  44.765 0.0000000000
120973  54.965  22.124  45.516 0.0000000000
120057  55.229  21.844  47.163 0.0000000000
119226  54.630  21.324  48.646 0.0000000000
118410  49.768  19.762  49.830 0.0000000000
119215  50.844  20.454  50.448 0.0000000000
117629  50.483  18.466  51.327 0.0000000000
116880  51.189  17.333  52.615 0.0000000000
116131  51.545  16.717  53.002 0.0000000000
115355  52.914  15.636  53.707 0.0000000000
114530  52.433  14.839  53.543 0.0000000000
113657  52.183  13.436  53.053 0.0000000000
111663  52.262  12.124  52.946 0.0000000000
126576  46.060  29.897  44.976 0.0000000000
125133  50.836  28.904  50.117 0.0000000000
125845  50.829  29.521  48.848 0.0000000000
125146  52.508  28.965  48.645 0.0000000000
125181  53.480  28.555  46.959 0.0000000000
124505  53.001  27.822  45.430 0.0000000000
123174  52.486  26.010  44.457 0.0000000000
123173  53.257  25.592  44.771 0.0000000000
121793  53.615  23.606  44.344 0.0000000000
116938  51.740  17.094  47.546 0.0000000000
116942  50.612  17.200  46.700 0.0000000000
115417  51.284  15.775  47.865 0.0000000000
114590  50.656  14.548  48.149 0.0000000000
112701  50.893  12.659  47.268 0.0000000000
111746  55.457  11.856  41.986 0.0000000000
112773  54.212  12.412  42.210 0.0000000000
113741  44.079  13.733  43.656 0.0000000000
116200  44.397  16.703  42.684 0.0000000000
114609  45.102  14.874  43.691 0.0000000000
112753  44.839  12.688  43.685 0.0000000000
112752  45.930  12.615  43.578 0.0000000000
111724  47.140  11.799  42.831 0.0000000000
111739  47.503  11.550  42.102 0.0000000000
124553  52.117  27.718  38.799 0.0000000000
123853  51.487  26.501  39.042 0.0000000000
123148  52.590  25.408  47.041 0.0000000000
121756  53.437  23.749  47.200 0.0000000000
121771  52.122  24.207  46.816 0.0000000000
121759  51.069  22.756  47.243 0.0000000000
120953  49.691  21.938  48.051 0.0000000000
120051  49.565  21.282  48.853 0.0000000000
119230  48.685  19.682  49.158 0.0000000000
127759  45.602  32.695  48.595 0.0000000000
127141  46.241  30.860  49.681 0.0000000000
125818  47.879  29.395  50.602 0.0000000000
124407  49.217  28.377  50.482 0.0000000000
124441  50.714  27.629  49.207 0.0000000000
123758  51.507  26.657  47.242 0.0000000000
113691  54.639  14.035  50.696 0.0000000000
112685  53.997  12.904  49.520 0.0000000000
112689  55.326  12.289  48.862 0.0000000000
112704  55.907  11.960  46.897 0.0000000000
112723  55.744  12.241  44.709 0.0000000000
111701  57.937  11.001  46.869 0.0000000000
111711  57.283  11.374  44.746 0.0000000000
111723  56.476  11.916  43.265 0.0000000000
118502  50.582  20.338  40.409 0.0000000000
118487  50.039  20.224  41.356 0.0000000000
118471  51.682  20.343  42.161 0.0000000000
118456  52.130  20.068  44.160 0.0000000000
118450  51.922  19.322  45.412 0.0000000000
119264  54.228  20.881  45.217 0.0000000000
118439  53.097  19.730  46.166 0.0000000000
118429  52.531  18.653  47.100 0.0000000000
117661  52.647  17.655  48.156 0.0000000000
116917  53.154  16.995  49.250 0.0000000000
116163  53.405  16.424  49.713 0.0000000000
120932  53.710  22.513  48.456 0.0000000000
120909  53.541  22.076  49.456 0.0000000000
119211  54.098  20.989  50.241 0.0000000000
119205  51.999  20.177  51.487 0.0000000000
118381  53.354  19.803  51.609 0.0000000000
117625  54.040  19.548  50.998 0.0000000000
116904  54.046  17.655  51.080 0.0000000000
116162  53.903  16.601  50.517 0.0000000000
115392  54.312  15.692  50.883 0.0000000000
114570  54.749  14.705  51.243 0.0000000000
113689  55.617  13.292  51.068 0.0000000000
112661  56.098  12.414  51.541 0.0000000000
113641  54.461  13.720  53.518 0.0000000000
111662  55.896  11.854  52.571 0.0000000000
110760  56.816  11.033  51.700 0.0000000000
110737  57.210  9.698  52.075 0.0000000000
127848  47.729  32.608  41.059 0.0000000000
127846  49.042  32.952  41.363 0.0000000000
128456  51.668  33.245  41.059 0.0000000000
125880  50.269  29.586  47.218 0.0000000000
126575  49.448  30.380  44.402 0.0000000000
127209  50.512  32.110  43.913 0.0000000000
127835  52.261  32.386  42.628 0.0000000000
127241  52.242  31.355  41.003 0.0000000000
125224  51.978  28.518  40.512 0.0000000000
123811  52.438  26.751  40.804 0.0000000000
122555  53.415  24.398  39.940 0.0000000000
123183  52.192  25.150  42.661 0.0000000000
122533  53.266  24.255  40.841 0.0000000000
121038  53.242  22.865  39.124 0.0000000000
120155  52.495  20.808  38.320 0.0000000000
118530  51.454  20.410  39.073 0.0000000000
118465  48.992  19.286  43.518 0.0000000000
117693  48.303  18.295  44.653 0.0000000000
116949  47.903  17.112  45.440 0.0000000000
116943  49.747  16.999  46.409 0.0000000000
116188  48.532  16.012  46.205 0.0000000000
114600  47.260  14.680  45.518 0.0000000000
113720  47.232  14.087  45.088 0.0000000000
113737  48.493  12.745  43.287 0.0000000000
112699  53.063  12.143  47.573 0.0000000000
112708  51.813  12.321  46.267 0.0000000000
112717  51.764  12.406  45.152 0.0000000000
112762  53.523  12.624  42.766 0.0000000000
112728  50.799  12.665  43.994 0.0000000000
109036  54.991  8.949  46.404 0.0000000000
109057  55.971  8.863  44.737 0.0000000000
118504  48.439  19.862  40.348 0.0000000000
118533  48.737  20.114  38.492 0.0000000000
118519  48.035  19.834  39.276 0.0000000000
108997  56.531  8.558  49.882 0.0000000000
122460  53.952  25.085  46.708 0.0000000000
123134  53.705  25.808  46.863 0.0000000000
123133  53.890  25.686  46.666 0.0000000000
123147  54.032  25.581  46.487 0.0000000000
114581  52.726  14.509  49.404 0.0000000000
116204  44.193  17.068  41.925 0.0000000000
116195  46.192  16.504  44.717 0.0000000000
122565  53.032  24.466  39.451 0.0000000000
122566  52.393  24.552  39.326 0.0000000000
121857  51.945  23.001  39.050 0.0000000000
116967  44.439  17.814  40.254 0.0000000000
116977  43.889  17.498  39.063 0.0000000000
116968  43.903  17.372  39.812 0.0000000000
116209  43.366  16.940  40.321 0.0000000000
123783  48.678  26.319  46.818 0.0000000000
123152  49.176  25.430  46.053 0.0000000000
123153  48.077  25.650  46.259 0.0000000000
111693  56.983  11.559  50.248 0.0000000000
112687  56.558  11.856  49.180 0.0000000000
111696  57.138  11.470  49.364 0.0000000000
109934  57.573  9.986  44.008 0.0000000000
119275  54.217  21.079  42.214 0.0000000000
119276  53.712  20.639  42.404 0.0000000000
119271  54.335  20.784  43.142 0.0000000000
118408  54.238  19.941  49.124 0.0000000000
120911  51.761  21.899  49.527 0.0000000000
120036  50.754  21.223  49.742 0.0000000000
116129  52.965  16.922  53.463 0.0000000000
116878  52.847  17.669  53.055 0.0000000000
116864  53.401  17.050  53.312 0.0000000000
116863  53.958  16.711  53.296 0.0000000000
116112  54.614  15.778  53.191 0.0000000000
116113  54.133  16.054  53.488 0.0000000000
111651  52.749  11.587  53.202 0.0000000000
126585  46.707  29.929  43.717 0.0000000000
126586  45.545  30.572  43.377 0.0000000000
126599  47.538  30.693  42.722 0.0000000000
126584  48.010  30.187  43.410 0.0000000000
125832  48.101  29.574  49.913 0.0000000000
125848  48.153  29.275  48.909 0.0000000000
125847  49.132  29.234  49.065 0.0000000000
125209  52.689  28.742  44.946 0.0000000000
125897  52.943  29.790  45.283 0.0000000000
125908  52.509  29.593  44.063 0.0000000000
125909  52.109  29.003  43.731 0.0000000000
125213  51.745  28.577  43.419 0.0000000000
124509  51.673  27.761  43.816 0.0000000000
120992  54.629  22.124  42.923 0.0000000000
121002  54.256  22.073  42.032 0.0000000000
120090  54.493  21.603  42.430 0.0000000000
119285  53.441  20.694  41.387 0.0000000000
117686  51.100  18.534  45.849 0.0000000000
117683  50.655  17.970  46.219 0.0000000000
113714  49.763  13.013  46.253 0.0000000000
113712  49.130  13.869  46.851 0.0000000000
112719  49.828  12.787  44.847 0.0000000000
112724  54.792  12.498  44.590 0.0000000000
112743  54.646  12.605  43.721 0.0000000000
117709  45.614  18.674  41.248 0.0000000000
118475  47.344  19.138  42.390 0.0000000000
117704  46.443  18.684  42.542 0.0000000000
117703  47.007  18.747  43.004 0.0000000000
116957  46.344  17.668  44.016 0.0000000000
117699  47.371  18.526  43.532 0.0000000000
120172  51.341  20.972  37.261 0.0000000000
120157  51.271  21.379  37.498 0.0000000000
119345  50.162  20.757  36.756 0.0000000000
118564  48.278  19.762  36.827 0.0000000000
119347  48.770  20.560  36.066 0.0000000000
118506  46.278  19.384  39.471 0.0000000000
117730  45.536  19.023  39.206 0.0000000000
117720  44.962  18.455  39.787 0.0000000000
109902  58.326  9.000  50.632 0.0000000000
110770  58.645  9.655  49.555 0.0000000000
109007  58.533  8.928  49.560 0.0000000000
109022  57.049  8.857  48.068 0.0000000000
109033  57.829  8.807  47.384 0.0000000000
109045  57.700  8.862  46.609 0.0000000000
109925  57.485  9.081  45.289 0.0000000000
109056  56.763  8.919  45.234 0.0000000000
128469  47.844  32.905  40.231 0.0000000000
128479  47.582  32.934  39.584 0.0000000000
120985  54.702  22.300  44.781 0.0000000000
120984  54.922  21.883  44.821 0.0000000000
120974  54.609  22.733  45.565 0.0000000000
120950  54.573  22.670  47.499 0.0000000000
120949  54.986  22.461  47.379 0.0000000000
120049  54.993  21.873  48.043 0.0000000000
120031  54.542  21.863  48.805 0.0000000000
118397  49.568  18.749  50.319 0.0000000000
118396  50.326  19.392  50.588 0.0000000000
117641  49.791  18.338  50.769 0.0000000000
116139  50.058  16.532  51.840 0.0000000000
116890  50.603  17.572  51.951 0.0000000000
116138  50.771  16.604  52.455 0.0000000000
115370  52.079  15.879  53.436 0.0000000000
113658  51.435  13.653  52.760 0.0000000000
112642  51.892  12.664  52.825 0.0000000000
112643  51.058  12.479  52.493 0.0000000000
124440  51.825  28.320  49.111 0.0000000000
125147  51.980  28.887  49.233 0.0000000000
124439  52.751  28.367  48.364 0.0000000000
125158  53.249  28.687  47.682 0.0000000000
124501  53.635  27.665  46.554 0.0000000000
125201  53.436  28.329  46.427 0.0000000000
123795  53.391  27.229  45.611 0.0000000000
123799  53.028  26.741  45.088 0.0000000000
123798  53.615  26.168  45.243 0.0000000000
122495  54.199  24.587  45.780 0.0000000000
122511  54.091  23.946  45.275 0.0000000000
121792  54.048  23.121  44.693 0.0000000000
116928  52.135  16.800  48.079 0.0000000000
116181  51.699  16.226  47.914 0.0000000000
114589  51.156  14.403  48.445 0.0000000000
113709  50.622  13.607  48.087 0.0000000000
114610  44.361  14.686  43.392 0.0000000000
116959  44.893  17.287  43.019 0.0000000000
116198  44.957  16.568  43.462 0.0000000000
113740  45.308  13.827  43.745 0.0000000000
112751  46.952  12.431  43.355 0.0000000000
112750  47.965  12.271  42.659 0.0000000000
125227  52.163  28.573  39.765 0.0000000000
122568  51.183  24.845  39.764 0.0000000000
123222  51.041  25.657  39.620 0.0000000000
123209  50.364  25.578  40.183 0.0000000000
123149  51.916  25.612  46.838 0.0000000000
122476  52.368  24.715  46.885 0.0000000000
123150  51.197  25.451  46.559 0.0000000000
121773  50.755  23.302  46.722 0.0000000000
120963  50.132  22.582  47.084 0.0000000000
120059  48.896  21.477  48.152 0.0000000000
119240  48.916  20.722  48.847 0.0000000000
128368  46.071  33.795  48.499 0.0000000000
126525  45.355  31.003  49.272 0.0000000000
126517  45.717  30.553  49.856 0.0000000000
126516  46.532  30.447  50.122 0.0000000000
124444  47.372  27.497  49.267 0.0000000000
124422  47.848  27.817  50.097 0.0000000000
124408  48.259  28.369  50.546 0.0000000000
124421  48.882  27.792  50.176 0.0000000000
124420  49.937  27.896  50.172 0.0000000000
124442  49.485  27.463  49.421 0.0000000000
123759  50.343  26.815  47.431 0.0000000000
124468  50.831  27.300  48.080 0.0000000000
123136  52.366  26.106  47.128 0.0000000000
113701  54.945  13.326  50.339 0.0000000000
112684  54.758  12.833  49.629 0.0000000000
112683  55.441  12.707  49.771 0.0000000000
112696  55.976  12.009  47.985 0.0000000000
112713  55.833  12.022  45.763 0.0000000000
112712  56.618  11.674  46.079 0.0000000000
110776  58.795  9.861  47.695 0.0000000000
110777  58.423  10.466  47.262 0.0000000000
110780  58.353  10.488  46.362 0.0000000000
110794  57.626  10.730  43.552 0.0000000000
111707  57.725  10.978  45.051 0.0000000000
111710  57.494  11.229  44.191 0.0000000000
112740  57.048  11.707  44.061 0.0000000000
111736  56.173  11.843  42.639 0.0000000000
111735  56.921  11.300  42.085 0.0000000000
118486  51.099  20.370  41.298 0.0000000000
118455  53.235  20.441  43.856 0.0000000000
119253  54.610  21.324  45.778 0.0000000000
119254  54.331  20.877  46.247 0.0000000000
118440  52.435  18.966  46.519 0.0000000000
117672  52.501  18.077  47.620 0.0000000000
117671  53.115  18.599  48.023 0.0000000000
116926  53.195  17.630  49.124 0.0000000000
121757  52.548  23.662  47.151 0.0000000000
121737  53.182  22.942  47.836 0.0000000000
120891  53.179  21.879  49.960 0.0000000000
120015  54.028  21.549  49.758 0.0000000000
120016  53.478  21.529  50.271 0.0000000000
118383  51.445  19.597  51.426 0.0000000000
119214  51.578  20.588  50.995 0.0000000000
118372  52.935  19.308  52.063 0.0000000000
118380  54.007  20.439  50.970 0.0000000000
116151  54.642  16.529  52.016 0.0000000000
116152  54.357  16.605  51.313 0.0000000000
114556  54.852  15.162  51.776 0.0000000000
114542  55.249  14.428  52.574 0.0000000000
114555  55.164  14.491  51.868 0.0000000000
113676  55.545  13.413  51.958 0.0000000000
113688  55.831  12.910  51.379 0.0000000000
112662  55.774  12.766  51.893 0.0000000000
114529  53.226  14.707  53.702 0.0000000000
114528  54.021  14.607  53.572 0.0000000000
111648  55.562  11.800  53.086 0.0000000000
112627  54.974  12.813  53.474 0.0000000000
110738  56.695  10.572  52.233 0.0000000000
126601  45.328  30.954  42.580 0.0000000000
126602  44.569  31.034  42.500 0.0000000000
127231  44.920  31.293  41.865 0.0000000000
127244  46.524  31.881  41.395 0.0000000000
127227  49.423  32.213  42.686 0.0000000000
127839  48.744  32.561  41.665 0.0000000000
127838  49.436  32.817  42.081 0.0000000000
128451  50.184  33.353  41.732 0.0000000000
128450  50.982  33.383  41.785 0.0000000000
125844  51.571  29.624  48.581 0.0000000000
125862  50.250  29.386  48.202 0.0000000000
125861  51.075  29.686  47.903 0.0000000000
126561  51.785  31.238  45.832 0.0000000000
125898  50.661  30.465  45.943 0.0000000000
126563  50.484  30.589  45.494 0.0000000000
126574  50.116  30.683  44.835 0.0000000000
127195  50.105  31.256  44.294 0.0000000000
127194  50.833  31.692  44.701 0.0000000000
126597  52.526  30.685  42.499 0.0000000000
127821  52.259  32.270  43.255 0.0000000000
127226  52.520  31.524  41.969 0.0000000000
126613  52.206  30.550  41.561 0.0000000000
126620  51.973  30.418  40.682 0.0000000000
125933  51.895  29.419  41.253 0.0000000000
123812  51.997  26.817  41.421 0.0000000000
123208  53.046  26.029  40.353 0.0000000000
123207  53.243  25.175  40.291 0.0000000000
123178  52.448  25.163  44.079 0.0000000000
121798  53.023  23.699  42.957 0.0000000000
121019  53.796  22.489  40.601 0.0000000000
121812  53.578  23.239  40.992 0.0000000000
121832  53.572  23.442  40.239 0.0000000000
121037  53.630  22.590  39.708 0.0000000000
120138  53.010  21.319  38.595 0.0000000000
120123  53.693  21.547  39.627 0.0000000000
118500  52.315  20.484  40.488 0.0000000000
118529  52.188  20.434  39.191 0.0000000000
118515  51.910  20.406  39.766 0.0000000000
118516  51.069  20.380  39.642 0.0000000000
118473  49.518  19.891  42.401 0.0000000000
117688  49.266  18.239  45.455 0.0000000000
117697  48.745  18.819  44.205 0.0000000000
117689  48.676  18.159  45.226 0.0000000000
116953  47.675  17.634  44.934 0.0000000000
116185  50.662  16.487  47.104 0.0000000000
116186  49.979  16.219  46.906 0.0000000000
114596  48.057  14.525  46.159 0.0000000000
115423  48.607  15.350  46.484 0.0000000000
115424  48.069  15.492  46.117 0.0000000000
115427  47.557  15.618  45.798 0.0000000000
114597  47.681  15.069  45.967 0.0000000000
113719  47.814  13.663  45.250 0.0000000000
113722  49.066  12.885  43.620 0.0000000000
112768  48.121  11.885  41.984 0.0000000000
112749  49.003  12.539  42.529 0.0000000000
112690  54.475  12.339  48.782 0.0000000000
112691  53.303  12.501  48.855 0.0000000000
112716  52.850  12.415  45.305 0.0000000000
112707  52.935  12.276  46.401 0.0000000000
112784  54.096  12.306  41.329 0.0000000000
112774  53.348  12.461  41.930 0.0000000000
117718  46.289  19.144  41.023 0.0000000000
118548  50.244  20.435  38.199 0.0000000000
118574  49.663  20.481  36.877 0.0000000000
118549  49.345  20.336  37.919 0.0000000000
118550  48.438  19.920  37.605 0.0000000000
118551  47.339  19.421  37.267 0.0000000000
117751  47.056  19.306  37.099 0.0000000000
118520  47.023  19.568  38.970 0.0000000000
108985  57.471  8.330  50.847 0.0000000000
109008  58.115  8.761  49.336 0.0000000000
109023  55.901  8.999  47.723 0.0000000000
120961  54.621  23.051  46.073 0.0000000000
121770  54.426  23.437  46.456 0.0000000000
121754  54.598  22.931  47.075 0.0000000000
120931  54.273  22.511  47.968 0.0000000000
116906  49.397  17.404  50.849 0.0000000000
115377  50.312  15.677  52.214 0.0000000000
124465  53.250  28.080  47.973 0.0000000000
123779  53.708  26.884  46.653 0.0000000000
123165  54.149  25.611  45.778 0.0000000000
123164  54.207  25.487  46.157 0.0000000000
116174  52.862  16.267  49.020 0.0000000000
115412  52.401  15.382  48.909 0.0000000000
116958  45.593  17.487  43.586 0.0000000000
116197  45.569  16.528  44.147 0.0000000000
114606  45.683  14.939  44.185 0.0000000000
113725  46.109  14.219  44.106 0.0000000000
113724  47.063  13.806  44.489 0.0000000000
123831  52.781  26.800  39.902 0.0000000000
123852  52.427  26.596  39.120 0.0000000000
123220  52.754  25.394  39.314 0.0000000000
122567  51.662  24.743  39.488 0.0000000000
121834  50.997  23.853  39.845 0.0000000000
116991  43.582  17.384  38.317 0.0000000000
116206  42.823  16.490  40.975 0.0000000000
123781  50.773  26.250  46.664 0.0000000000
123151  50.330  25.438  46.288 0.0000000000
124470  46.203  27.426  48.405 0.0000000000
124446  45.600  27.698  48.998 0.0000000000
124469  46.897  27.421  48.670 0.0000000000
123740  47.327  27.361  48.588 0.0000000000
123738  48.883  27.165  48.569 0.0000000000
123760  49.298  26.776  47.628 0.0000000000
112682  55.980  12.547  50.124 0.0000000000
112695  56.625  11.743  48.202 0.0000000000
111702  57.315  11.406  47.477 0.0000000000
109927  58.381  9.669  45.683 0.0000000000
110783  58.201  10.467  45.517 0.0000000000
110808  57.429  10.839  42.540 0.0000000000
118484  52.761  20.547  41.139 0.0000000000
118485  52.031  20.436  41.225 0.0000000000
118469  53.136  20.516  41.801 0.0000000000
118461  53.147  20.480  42.706 0.0000000000
119247  54.508  20.799  46.800 0.0000000000
118417  54.638  20.683  47.548 0.0000000000
118419  53.584  19.094  48.632 0.0000000000
120951  51.606  22.567  48.025 0.0000000000
120933  52.917  22.457  48.741 0.0000000000
120934  51.875  22.364  48.665 0.0000000000
120034  52.173  21.767  49.974 0.0000000000
120017  52.540  21.465  50.487 0.0000000000
117619  51.684  18.269  52.526 0.0000000000
117618  52.257  18.655  52.463 0.0000000000
117617  53.214  18.626  52.308 0.0000000000
116888  53.936  17.836  52.043 0.0000000000
116887  54.369  17.107  52.439 0.0000000000
116137  54.643  16.488  52.578 0.0000000000
115376  54.829  15.655  52.301 0.0000000000
116128  54.700  16.137  52.909 0.0000000000
115368  55.045  14.984  52.802 0.0000000000
114526  55.162  14.404  53.040 0.0000000000
112629  53.299  12.743  53.420 0.0000000000
111649  54.697  11.748  53.493 0.0000000000
127229  47.070  31.396  42.051 0.0000000000
126524  46.841  30.449  49.285 0.0000000000
126531  47.003  30.574  48.378 0.0000000000
125863  47.872  29.094  48.279 0.0000000000
125878  52.359  30.359  47.074 0.0000000000
126543  52.598  30.577  46.488 0.0000000000
126560  52.613  30.912  45.718 0.0000000000
127180  51.872  31.652  45.260 0.0000000000
127193  51.931  32.103  44.442 0.0000000000
126581  52.792  30.685  43.511 0.0000000000
125916  52.291  29.914  43.002 0.0000000000
125934  51.852  29.344  41.937 0.0000000000
125217  51.662  28.781  42.741 0.0000000000
124513  51.407  27.896  42.620 0.0000000000
121797  53.520  23.233  43.417 0.0000000000
121803  53.185  23.574  42.593 0.0000000000
120993  53.983  22.607  42.517 0.0000000000
121018  54.046  22.040  41.248 0.0000000000
120110  53.990  21.580  40.537 0.0000000000
119302  53.811  20.992  39.804 0.0000000000
119294  53.422  20.710  40.533 0.0000000000
119295  53.017  20.601  40.698 0.0000000000
118457  50.999  19.658  44.328 0.0000000000
118452  50.053  18.933  45.135 0.0000000000
117691  49.642  18.789  45.144 0.0000000000
116947  49.510  17.631  45.949 0.0000000000
114593  49.417  14.445  47.224 0.0000000000
115422  49.287  15.342  46.901 0.0000000000
112748  49.778  12.672  42.853 0.0000000000
112705  55.020  12.102  46.694 0.0000000000
112706  54.009  12.186  46.540 0.0000000000
116964  44.410  17.608  41.221 0.0000000000
117706  45.008  18.160  41.528 0.0000000000
117708  46.240  18.896  41.763 0.0000000000
117701  45.800  18.210  42.960 0.0000000000
121056  52.680  22.404  38.598 0.0000000000
121057  51.713  22.647  38.733 0.0000000000
120158  50.425  21.603  37.203 0.0000000000
119346  49.526  20.657  36.349 0.0000000000
118553  46.130  19.079  37.473 0.0000000000
117753  45.891  18.868  37.314 0.0000000000
117731  44.915  18.466  38.845 0.0000000000
124471  45.245  27.384  48.217 0.0000000000
123763  45.886  27.048  47.525 0.0000000000
123785  46.507  26.399  46.886 0.0000000000
110768  58.174  10.213  50.235 0.0000000000
111692  57.669  10.911  49.717 0.0000000000
110771  58.327  10.314  49.186 0.0000000000
110773  58.773  9.748  48.659 0.0000000000
109920  58.670  9.407  47.212 0.0000000000
109021  58.105  8.814  48.347 0.0000000000
109914  58.464  8.969  47.557 0.0000000000
109923  58.518  9.537  46.363 0.0000000000
109924  58.048  9.145  45.912 0.0000000000
109929  57.124  9.266  44.486 0.0000000000
120991  54.880  21.889  43.516 0.0000000000
119266  54.663  21.164  43.852 0.0000000000
120083  54.810  21.574  44.408 0.0000000000
120076  54.827  21.660  45.252 0.0000000000
120065  55.037  21.752  46.185 0.0000000000
120960  54.925  22.524  46.447 0.0000000000
119238  54.879  21.293  47.818 0.0000000000
120037  49.957  20.811  49.443 0.0000000000
119228  50.187  20.329  49.866 0.0000000000
118384  50.896  19.029  51.342 0.0000000000
116905  50.019  17.796  51.272 0.0000000000
117628  51.333  18.599  51.961 0.0000000000
116130  52.342  16.920  53.342 0.0000000000
116115  52.748  16.373  53.563 0.0000000000
115354  53.677  15.482  53.629 0.0000000000
113644  52.099  14.129  53.223 0.0000000000
113643  52.762  13.786  53.458 0.0000000000
112641  52.563  12.752  53.110 0.0000000000
125815  50.193  29.100  50.154 0.0000000000
125830  49.669  29.323  49.639 0.0000000000
125829  50.519  29.270  49.795 0.0000000000
125827  51.793  29.491  48.906 0.0000000000
125843  52.150  29.559  48.553 0.0000000000
125145  53.009  28.583  48.192 0.0000000000
125159  52.959  28.959  48.127 0.0000000000
125859  52.773  29.510  47.777 0.0000000000
125182  53.310  28.917  46.555 0.0000000000
125202  53.195  28.759  45.885 0.0000000000
124506  52.347  27.747  44.714 0.0000000000
123800  52.006  26.802  44.278 0.0000000000
122513  53.078  24.837  44.385 0.0000000000
123172  53.870  25.624  45.326 0.0000000000
122512  53.693  24.464  44.816 0.0000000000
122519  53.353  23.807  44.145 0.0000000000
121796  54.091  22.735  43.840 0.0000000000
120988  54.560  22.339  43.886 0.0000000000
117673  51.797  17.763  47.106 0.0000000000
116941  51.313  17.383  47.013 0.0000000000
116182  51.122  16.226  47.493 0.0000000000
116183  50.503  15.902  47.315 0.0000000000
115413  51.538  15.347  48.321 0.0000000000
115418  50.742  15.324  47.838 0.0000000000
114592  50.087  14.432  47.754 0.0000000000
112709  50.613  12.604  46.114 0.0000000000
112760  55.381  12.351  43.061 0.0000000000
112761  54.437  12.562  42.954 0.0000000000
112772  54.973  12.225  42.454 0.0000000000
115438  44.441  15.686  43.154 0.0000000000
111726  45.468  11.692  43.378 0.0000000000
111725  46.388  11.787  43.187 0.0000000000
123860  51.877  27.359  38.719 0.0000000000
121040  51.143  22.877  39.215 0.0000000000
121850  50.745  23.299  39.671 0.0000000000
123135  53.111  25.843  47.149 0.0000000000
122462  53.013  24.713  47.093 0.0000000000
122478  50.956  24.513  46.483 0.0000000000
121772  51.675  23.829  46.764 0.0000000000
121758  51.654  22.915  47.429 0.0000000000
120952  50.956  22.440  47.845 0.0000000000
119229  49.322  20.253  49.286 0.0000000000
118411  49.108  19.087  49.740 0.0000000000
127150  45.119  31.716  48.799 0.0000000000
127149  46.053  31.535  49.214 0.0000000000
127140  46.506  30.918  49.354 0.0000000000
125833  47.352  30.029  50.096 0.0000000000
124424  45.925  27.919  49.743 0.0000000000
125122  47.559  28.883  50.943 0.0000000000
125121  48.551  28.858  50.736 0.0000000000
125120  49.463  28.813  50.514 0.0000000000
124406  50.062  28.468  50.410 0.0000000000
124419  50.842  28.415  50.053 0.0000000000
124467  51.689  27.492  48.201 0.0000000000
123757  52.501  26.869  47.460 0.0000000000
113702  54.179  13.695  50.150 0.0000000000
113703  53.289  13.572  49.653 0.0000000000
112697  55.171  12.074  47.818 0.0000000000
111695  57.782  10.905  48.764 0.0000000000
111698  57.885  10.951  47.810 0.0000000000
111705  57.319  11.385  46.487 0.0000000000
111708  57.274  11.362  45.494 0.0000000000
112722  56.673  11.724  44.835 0.0000000000
112741  56.456  12.073  43.862 0.0000000000
112759  56.049  12.154  43.327 0.0000000000
118503  49.543  20.165  40.390 0.0000000000
118472  50.634  20.187  42.309 0.0000000000
118463  51.327  20.117  43.231 0.0000000000
117685  51.797  18.590  46.213 0.0000000000
119267  54.176  20.756  44.118 0.0000000000
118454  53.780  20.560  44.124 0.0000000000
118448  53.749  20.530  44.674 0.0000000000
118438  53.770  20.456  45.720 0.0000000000
117681  52.079  18.319  46.838 0.0000000000
116937  52.335  17.353  47.989 0.0000000000
117660  53.034  18.088  48.502 0.0000000000
116927  52.680  17.129  48.570 0.0000000000
115401  53.753  15.614  50.176 0.0000000000
121736  53.792  22.967  47.644 0.0000000000
120908  54.187  22.185  48.809 0.0000000000
120014  54.223  21.663  49.312 0.0000000000
119210  54.289  21.355  49.353 0.0000000000
120019  51.213  20.909  50.440 0.0000000000
119213  52.074  21.074  50.892 0.0000000000
118382  52.424  19.585  51.863 0.0000000000
119204  52.560  20.654  51.222 0.0000000000
120009  52.926  21.124  50.874 0.0000000000
119202  53.840  20.881  50.729 0.0000000000
118393  54.208  19.976  50.233 0.0000000000
117639  54.020  19.449  50.558 0.0000000000
117640  53.841  18.777  50.477 0.0000000000
114571  54.188  14.740  50.552 0.0000000000
113690  55.084  13.723  50.926 0.0000000000
114569  55.134  14.028  51.339 0.0000000000
112673  55.958  12.786  50.660 0.0000000000
112672  56.261  12.428  50.766 0.0000000000
111684  56.811  11.529  51.182 0.0000000000
114527  54.703  14.505  53.354 0.0000000000
113640  55.107  13.720  53.300 0.0000000000
112626  55.412  12.952  53.069 0.0000000000
112640  55.708  12.594  52.431 0.0000000000
112639  55.929  12.389  51.965 0.0000000000
111661  56.218  11.702  52.022 0.0000000000
110759  57.485  10.346  51.340 0.0000000000
109900  57.826  9.107  51.580 0.0000000000
108976  57.632  8.377  51.390 0.0000000000
127856  47.952  32.869  40.630 0.0000000000
127243  47.519  32.062  41.524 0.0000000000
127847  48.422  32.844  41.078 0.0000000000
128459  48.960  33.089  40.803 0.0000000000
128458  49.648  33.306  41.069 0.0000000000
128457  50.642  33.483  40.987 0.0000000000
128455  52.174  32.684  40.721 0.0000000000
125913  46.904  29.418  44.768 0.0000000000
125920  47.291  29.539  44.278 0.0000000000
125846  49.984  29.359  49.036 0.0000000000
125160  49.696  29.192  47.696 0.0000000000
125879  51.197  30.399  46.731 0.0000000000
125911  48.835  29.739  44.550 0.0000000000
125918  48.434  29.989  43.875 0.0000000000
126583  48.978  30.572  43.695 0.0000000000
127210  49.747  31.704  43.508 0.0000000000
127823  50.599  32.554  43.312 0.0000000000
127804  51.318  32.253  44.249 0.0000000000
127822  51.630  32.474  43.537 0.0000000000
127836  51.453  32.984  42.406 0.0000000000
127844  52.294  32.518  41.465 0.0000000000
127253  51.998  31.226  40.180 0.0000000000
125220  51.837  28.390  41.114 0.0000000000
124517  52.101  27.769  40.738 0.0000000000
123830  53.088  25.975  39.721 0.0000000000
123219  53.151  25.229  39.639 0.0000000000
123184  51.744  26.119  42.600 0.0000000000
123188  52.812  25.208  41.134 0.0000000000
122526  52.820  24.123  42.160 0.0000000000
122534  52.984  24.396  41.338 0.0000000000
123187  53.135  24.891  40.692 0.0000000000
121847  53.316  23.557  39.573 0.0000000000
120139  52.544  21.681  38.118 0.0000000000
120156  52.164  21.105  37.752 0.0000000000
119333  51.421  20.790  37.738 0.0000000000
119312  52.574  20.613  38.803 0.0000000000
118546  51.725  20.489  38.651 0.0000000000
118547  51.042  20.507  38.462 0.0000000000
118531  50.637  20.381  38.902 0.0000000000
118517  50.133  20.288  39.540 0.0000000000
118488  48.961  19.911  41.375 0.0000000000
118474  48.430  19.516  42.377 0.0000000000
118466  47.964  19.019  43.123 0.0000000000
118459  49.144  19.068  44.251 0.0000000000
117698  48.184  18.645  43.861 0.0000000000
117694  47.540  18.107  44.289 0.0000000000
116950  47.299  17.024  45.205 0.0000000000
116194  46.805  16.473  45.192 0.0000000000
116946  50.120  17.657  46.210 0.0000000000
116944  49.174  16.964  46.107 0.0000000000
116187  49.146  16.220  46.450 0.0000000000
116190  48.740  16.589  46.059 0.0000000000
116191  48.134  16.371  45.840 0.0000000000
116192  47.432  16.390  45.529 0.0000000000
115428  46.986  15.683  45.478 0.0000000000
114604  46.955  14.313  45.002 0.0000000000
113723  48.161  13.255  44.122 0.0000000000
112692  52.166  12.632  48.417 0.0000000000
112700  51.979  12.336  47.376 0.0000000000
112718  50.770  12.564  44.966 0.0000000000
112744  53.679  12.666  43.581 0.0000000000
112745  52.707  12.663  43.416 0.0000000000
112775  52.424  12.454  41.687 0.0000000000
112763  52.591  12.602  42.559 0.0000000000
112727  51.775  12.606  44.154 0.0000000000
109915  55.008  9.161  47.861 0.0000000000
109048  54.898  8.741  45.524 0.0000000000
109047  55.946  8.832  45.757 0.0000000000
108983  58.241  8.747  50.439 0.0000000000
108984  57.917  8.551  50.619 0.0000000000
108994  58.450  8.871  50.098 0.0000000000
108995  58.209  8.701  50.024 0.0000000000
108996  57.542  8.502  50.070 0.0000000000
109020  58.566  8.957  48.914 0.0000000000
109024  55.054  9.095  47.218 0.0000000000
109034  56.936  8.848  47.071 0.0000000000
109046  57.024  8.869  46.051 0.0000000000
109899  58.014  8.744  51.105 0.0000000000
109905  58.593  9.153  49.855 0.0000000000
109907  58.755  9.221  49.120 0.0000000000
110767  58.476  9.491  50.227 0.0000000000
110782  58.593  10.028  45.951 0.0000000000
110785  58.386  10.031  45.302 0.0000000000
111647  56.085  11.253  52.619 0.0000000000
111704  57.852  10.958  45.943 0.0000000000
111737  55.512  12.071  42.570 0.0000000000
112693  51.315  12.817  48.092 0.0000000000
112721  57.150  11.535  44.401 0.0000000000
112783  54.771  12.099  41.770 0.0000000000
113675  55.764  12.901  51.658 0.0000000000
114599  47.745  14.151  45.737 0.0000000000
114601  46.728  15.205  45.282 0.0000000000
115351  55.117  14.761  52.889 0.0000000000
115352  54.889  15.071  53.088 0.0000000000
115369  54.883  15.471  52.842 0.0000000000
115414  50.990  14.922  48.227 0.0000000000
116862  54.411  16.337  53.217 0.0000000000
116889  51.316  17.930  52.450 0.0000000000
116939  51.094  16.875  47.154 0.0000000000
116952  48.238  17.755  45.223 0.0000000000
117692  49.041  18.768  44.819 0.0000000000
117695  46.898  18.012  44.009 0.0000000000
117752  46.713  19.175  37.068 0.0000000000
117763  46.969  19.282  36.866 0.0000000000
118394  53.983  19.395  50.311 0.0000000000
118395  51.022  20.052  50.919 0.0000000000
118426  54.571  20.767  47.062 0.0000000000
118470  52.548  20.423  41.979 0.0000000000
118476  46.729  19.035  42.056 0.0000000000
118499  52.717  20.556  40.557 0.0000000000
118514  52.679  20.514  39.959 0.0000000000
118521  46.186  19.339  38.605 0.0000000000
118528  52.705  20.542  39.453 0.0000000000
118536  46.121  19.197  37.820 0.0000000000
118552  46.499  19.200  37.446 0.0000000000
118560  51.401  20.610  38.188 0.0000000000
118561  50.723  20.617  37.785 0.0000000000
118562  49.890  20.471  37.510 0.0000000000
118563  49.101  20.207  37.166 0.0000000000
118573  50.249  20.628  37.208 0.0000000000
118576  48.120  20.014  36.250 0.0000000000
119203  53.402  20.891  50.919 0.0000000000
119212  53.739  21.104  50.591 0.0000000000
119268  53.782  20.567  43.854 0.0000000000
119274  54.646  21.341  42.688 0.0000000000
119284  53.810  21.095  41.076 0.0000000000
119286  53.067  20.598  41.137 0.0000000000
119293  53.800  20.948  40.260 0.0000000000
119303  53.255  20.688  39.636 0.0000000000
119304  53.092  20.589  40.205 0.0000000000
119313  52.146  20.500  38.729 0.0000000000
119323  52.376  20.650  38.469 0.0000000000
119324  52.054  20.652  38.308 0.0000000000
120018  51.651  21.195  50.465 0.0000000000
120032  54.087  21.868  49.358 0.0000000000
120033  53.813  21.773  49.756 0.0000000000
120086  54.881  21.542  43.661 0.0000000000
120089  54.869  21.595  43.021 0.0000000000
120122  53.977  21.209  40.020 0.0000000000
120173  50.592  21.115  36.886 0.0000000000
120186  50.027  20.966  36.298 0.0000000000
120892  52.975  21.768  50.168 0.0000000000
120907  54.514  22.188  48.452 0.0000000000
120912  51.282  21.685  49.582 0.0000000000
120962  50.751  22.683  47.168 0.0000000000
121003  53.881  22.629  41.534 0.0000000000
121039  51.611  22.958  39.148 0.0000000000
121055  53.416  22.157  38.986 0.0000000000
121070  50.116  22.092  37.712 0.0000000000
121739  51.889  22.648  48.063 0.0000000000
121833  51.365  23.882  39.638 0.0000000000
121851  50.309  23.213  39.807 0.0000000000
121856  52.217  22.982  38.990 0.0000000000
122477  51.726  24.717  46.686 0.0000000000
122525  53.096  24.021  41.493 0.0000000000
122556  51.282  24.259  39.716 0.0000000000
123166  48.380  24.969  45.801 0.0000000000
123179  51.843  25.913  43.621 0.0000000000
123739  47.903  27.281  48.571 0.0000000000
123778  54.015  26.113  46.309 0.0000000000
123793  54.212  26.005  46.014 0.0000000000
123807  51.599  26.855  42.061 0.0000000000
124405  50.427  28.557  50.357 0.0000000000
124418  51.375  28.564  49.674 0.0000000000
124438  53.054  28.363  48.188 0.0000000000
124502  53.438  27.730  46.005 0.0000000000
124521  52.458  27.693  40.187 0.0000000000
125119  50.282  28.829  50.269 0.0000000000
125131  51.924  29.259  49.117 0.0000000000
125132  51.413  28.914  49.676 0.0000000000
125148  49.449  29.173  48.374 0.0000000000
125150  48.147  29.021  48.370 0.0000000000
125221  51.686  28.694  41.908 0.0000000000
125237  52.187  28.285  39.141 0.0000000000
125816  49.721  29.176  50.187 0.0000000000
125817  48.789  29.202  50.398 0.0000000000
125828  51.384  29.407  49.224 0.0000000000
125858  53.180  29.131  47.191 0.0000000000
125876  53.245  29.093  46.839 0.0000000000
125912  47.764  29.274  44.711 0.0000000000
125925  51.886  29.328  42.498 0.0000000000
126508  45.981  30.165  50.356 0.0000000000
126544  52.067  30.903  46.424 0.0000000000
126562  51.105  30.974  45.680 0.0000000000
126573  50.661  30.982  45.172 0.0000000000
126582  49.692  30.910  44.134 0.0000000000
126598  48.446  30.815  42.961 0.0000000000
127179  52.568  31.570  44.891 0.0000000000
127207  52.635  31.659  43.061 0.0000000000
127208  52.298  32.137  43.703 0.0000000000
127242  48.202  32.381  41.521 0.0000000000
127805  50.944  32.328  44.013 0.0000000000
127837  50.380  33.070  42.450 0.0000000000
127845  51.792  33.055  41.705 0.0000000000
127849  46.991  32.367  40.948 0.0000000000
127855  52.260  32.049  40.481 0.0000000000
128449  51.473  33.214  41.756 0.0000000000
128467  49.221  33.284  40.166 0.0000000000
